Jobs = 20
Machines = 10
Scenarios = 10

Ready Times (rj) = [
0.00, 0.00, 0.00, 0.00, 0.00, 0.00, 0.00, 0.00, 0.00, 0.00, 0.00, 0.00, 0.00, 0.00, 0.00, 0.00, 0.00, 0.00, 0.00, 0.00
]

Transportation Times (tjk^s) = [
  tjk_11 = [3.86, 4.08, 4.19, 3.82, 3.17, 4.93, 1.28, 3.64, 4.17, 4.23],
  tjk_12 = [2.44, 3.76, 1.21, 4.52, 4.73, 1.44, 3.57, 1.32, 3.71, 4.19],
  tjk_13 = [4.42, 3.33, 3.75, 4.10, 2.09, 4.81, 3.34, 4.96, 4.58, 3.45],
  tjk_14 = [2.97, 3.13, 1.25, 3.18, 2.56, 3.33, 2.71, 2.38, 1.96, 3.07],
  tjk_15 = [5.25, 5.29, 4.64, 1.30, 4.13, 6.04, 4.87, 4.82, 4.66, 4.96],
  tjk_16 = [2.37, 2.14, 4.14, 1.97, 2.91, 1.73, 2.26, 2.17, 4.03, 1.82],
  tjk_17 = [3.27, 2.87, 3.73, 4.37, 4.61, 4.18, 3.94, 1.48, 3.66, 2.62],
  tjk_18 = [3.91, 1.17, 3.92, 4.25, 1.19, 3.31, 3.20, 3.82, 3.80, 3.84],
  tjk_19 = [2.09, 1.85, 2.32, 1.95, 2.64, 1.23, 2.27, 3.22, 2.00, 2.84],
  tjk_110 = [1.87, 3.48, 1.49, 4.03, 1.45, 3.55, 3.83, 4.34, 3.98, 3.29],
  tjk_21 = [3.11, 2.00, 1.06, 3.12, 3.97, 3.56, 0.92, 1.02, 0.99, 3.59],
  tjk_22 = [1.91, 1.84, 3.01, 4.22, 1.77, 1.86, 2.31, 2.99, 4.25, 2.09],
  tjk_23 = [1.01, 0.83, 4.69, 4.87, 0.89, 0.81, 1.76, 0.96, 1.12, 0.87],
  tjk_24 = [0.96, 3.14, 2.23, 2.76, 1.01, 1.09, 0.98, 1.01, 1.00, 0.95],
  tjk_25 = [4.50, 3.69, 4.27, 4.00, 4.27, 4.16, 3.93, 3.53, 4.00, 4.26],
  tjk_26 = [2.35, 1.93, 2.10, 3.92, 2.10, 1.87, 2.25, 2.21, 3.56, 3.95],
  tjk_27 = [2.48, 2.62, 2.97, 4.21, 2.88, 3.67, 3.07, 2.61, 3.13, 3.58],
  tjk_28 = [4.35, 3.99, 3.52, 4.40, 3.79, 4.05, 1.02, 3.93, 2.60, 3.93],
  tjk_29 = [4.03, 4.11, 4.06, 3.75, 1.85, 4.29, 3.90, 4.42, 1.49, 4.27],
  tjk_210 = [4.82, 4.58, 3.10, 5.32, 4.41, 3.58, 4.75, 4.51, 4.96, 4.90],
  tjk_31 = [5.86, 4.36, 5.13, 3.22, 3.07, 5.02, 2.26, 4.96, 5.04, 2.11],
  tjk_32 = [4.51, 3.87, 4.36, 3.48, 3.86, 4.62, 3.75, 3.76, 3.97, 4.33],
  tjk_33 = [3.94, 3.93, 3.96, 1.68, 3.68, 2.10, 3.95, 4.70, 4.02, 2.43],
  tjk_34 = [4.03, 3.31, 1.36, 1.70, 1.68, 4.52, 4.89, 3.75, 4.77, 4.52],
  tjk_35 = [2.55, 4.34, 3.05, 1.22, 4.39, 2.97, 2.58, 3.04, 2.87, 2.66],
  tjk_36 = [2.01, 2.21, 1.97, 4.15, 1.79, 2.09, 2.02, 1.86, 1.85, 2.05],
  tjk_37 = [3.46, 5.04, 4.34, 1.39, 5.15, 2.82, 5.04, 5.16, 1.43, 6.18],
  tjk_38 = [4.11, 2.11, 1.35, 4.62, 1.47, 2.73, 3.72, 3.50, 4.05, 4.32],
  tjk_39 = [2.70, 5.01, 4.32, 1.33, 1.81, 3.63, 3.61, 3.88, 1.20, 4.22],
  tjk_310 = [0.82, 3.28, 1.03, 4.33, 0.91, 0.97, 2.05, 0.92, 0.80, 0.87],
  tjk_41 = [4.15, 3.51, 3.76, 4.57, 4.62, 4.11, 1.03, 3.24, 4.07, 3.88],
  tjk_42 = [2.81, 3.64, 2.84, 2.94, 2.38, 3.69, 2.70, 4.09, 3.00, 2.97],
  tjk_43 = [1.10, 3.26, 4.84, 3.01, 2.91, 2.92, 2.85, 3.00, 1.74, 1.86],
  tjk_44 = [1.81, 1.87, 2.30, 4.02, 4.86, 2.21, 2.09, 2.06, 1.94, 2.07],
  tjk_45 = [1.69, 2.19, 2.02, 2.11, 1.85, 2.00, 1.66, 1.96, 1.83, 2.44],
  tjk_46 = [2.01, 1.11, 0.96, 1.02, 1.00, 0.97, 0.96, 1.59, 4.42, 1.17],
  tjk_47 = [1.33, 1.02, 0.87, 2.28, 1.09, 1.03, 1.39, 1.09, 1.00, 1.10],
  tjk_48 = [4.65, 4.57, 4.93, 5.48, 4.79, 4.52, 5.71, 4.95, 5.00, 5.28],
  tjk_49 = [5.23, 4.97, 2.40, 4.87, 6.50, 5.36, 1.90, 5.39, 4.20, 1.04],
  tjk_410 = [2.99, 2.98, 2.67, 2.86, 3.15, 3.04, 3.08, 2.94, 3.29, 2.88],
  tjk_51 = [1.61, 1.77, 3.51, 1.85, 1.14, 4.55, 2.12, 2.00, 2.06, 1.63],
  tjk_52 = [2.97, 3.78, 4.60, 4.48, 3.62, 4.89, 2.64, 4.49, 3.22, 3.02],
  tjk_53 = [1.57, 1.53, 3.89, 4.26, 4.68, 4.08, 3.52, 3.99, 4.63, 3.82],
  tjk_54 = [0.90, 1.00, 1.00, 1.03, 1.10, 0.97, 1.10, 0.81, 0.91, 4.40],
  tjk_55 = [4.59, 5.21, 4.68, 4.81, 4.30, 4.74, 5.06, 3.92, 4.33, 5.15],
  tjk_56 = [2.88, 2.88, 2.94, 1.77, 1.18, 3.18, 4.91, 2.85, 3.38, 3.22],
  tjk_57 = [4.11, 3.09, 3.53, 4.00, 4.22, 3.74, 3.72, 4.27, 3.90, 3.26],
  tjk_58 = [4.01, 4.66, 4.93, 3.96, 2.08, 3.58, 5.27, 5.69, 1.72, 4.86],
  tjk_59 = [1.94, 2.07, 2.18, 4.36, 2.21, 2.12, 4.16, 2.35, 4.05, 2.05],
  tjk_510 = [2.42, 3.78, 1.36, 4.92, 4.41, 5.84, 2.23, 4.97, 4.96, 4.57],
  tjk_61 = [4.84, 5.62, 5.10, 3.72, 5.12, 4.92, 4.92, 3.91, 5.65, 5.68],
  tjk_62 = [4.24, 5.64, 3.45, 4.76, 4.81, 1.58, 6.15, 5.15, 3.29, 2.93],
  tjk_63 = [2.25, 3.57, 3.87, 1.56, 3.88, 4.66, 3.31, 3.48, 3.73, 4.02],
  tjk_64 = [3.42, 4.92, 3.23, 2.72, 2.76, 3.18, 2.04, 2.46, 1.41, 2.77],
  tjk_65 = [2.70, 3.73, 4.28, 3.72, 3.82, 4.21, 3.99, 2.38, 1.67, 4.61],
  tjk_66 = [3.00, 0.78, 1.05, 1.02, 1.16, 1.08, 0.90, 3.29, 4.44, 0.90],
  tjk_67 = [3.06, 2.75, 4.56, 2.99, 2.74, 3.21, 4.59, 3.30, 2.62, 2.75],
  tjk_68 = [2.74, 3.08, 2.52, 3.18, 4.86, 3.15, 4.55, 3.05, 3.12, 1.11],
  tjk_69 = [3.91, 4.86, 5.46, 5.01, 5.59, 1.52, 1.61, 5.09, 5.22, 6.12],
  tjk_610 = [2.20, 1.15, 3.68, 2.47, 4.86, 2.33, 1.58, 2.11, 2.27, 1.69],
  tjk_71 = [4.50, 4.82, 4.92, 4.51, 4.78, 3.48, 3.20, 5.17, 5.61, 5.25],
  tjk_72 = [5.50, 4.74, 1.72, 5.09, 4.46, 4.07, 5.06, 5.14, 4.59, 1.68],
  tjk_73 = [3.27, 4.16, 1.49, 2.76, 3.16, 3.09, 1.88, 1.93, 1.90, 1.89],
  tjk_74 = [3.22, 2.05, 1.20, 3.91, 2.88, 3.29, 3.12, 2.93, 3.10, 2.99],
  tjk_75 = [2.20, 1.79, 1.80, 4.92, 4.48, 3.21, 1.67, 2.18, 1.63, 2.04],
  tjk_76 = [2.50, 3.37, 2.72, 2.87, 3.23, 2.58, 2.32, 2.42, 4.91, 2.95],
  tjk_77 = [2.02, 3.91, 2.25, 2.41, 2.11, 1.88, 2.22, 2.78, 2.17, 1.97],
  tjk_78 = [1.77, 1.91, 1.00, 2.18, 1.93, 2.16, 3.00, 2.95, 2.04, 3.44],
  tjk_79 = [4.82, 5.33, 5.09, 5.96, 4.40, 5.20, 4.83, 5.11, 4.94, 5.03],
  tjk_710 = [2.59, 2.90, 2.72, 4.05, 4.57, 3.34, 3.66, 2.84, 2.69, 2.78],
  tjk_81 = [4.82, 4.94, 4.38, 4.99, 4.45, 5.31, 5.15, 5.43, 4.89, 5.01],
  tjk_82 = [1.02, 0.92, 0.95, 0.82, 1.07, 0.89, 1.16, 3.94, 0.98, 2.68],
  tjk_83 = [2.51, 2.52, 3.16, 2.36, 3.15, 1.37, 2.75, 3.08, 3.19, 2.83],
  tjk_84 = [2.81, 2.78, 2.40, 3.18, 3.13, 2.58, 2.37, 3.58, 3.04, 2.17],
  tjk_85 = [2.06, 5.32, 5.73, 5.04, 3.48, 5.05, 4.42, 5.70, 5.55, 4.80],
  tjk_86 = [5.02, 4.20, 3.65, 4.90, 1.19, 5.17, 4.93, 4.19, 2.94, 4.45],
  tjk_87 = [2.02, 1.90, 1.95, 3.16, 3.95, 1.82, 1.93, 1.72, 2.03, 2.15],
  tjk_88 = [3.49, 4.69, 3.81, 5.25, 5.01, 5.91, 5.60, 5.39, 3.17, 4.78],
  tjk_89 = [1.25, 3.66, 3.71, 3.51, 2.82, 4.59, 4.31, 3.94, 3.42, 4.72],
  tjk_810 = [3.57, 4.08, 2.83, 3.65, 3.22, 2.77, 3.20, 4.13, 3.55, 3.48],
  tjk_91 = [1.99, 2.34, 1.88, 1.80, 4.91, 1.96, 1.94, 2.06, 1.92, 2.15],
  tjk_92 = [4.74, 4.93, 4.37, 4.81, 1.76, 3.99, 5.17, 5.70, 4.78, 2.76],
  tjk_93 = [4.77, 4.45, 5.31, 5.35, 4.79, 5.36, 2.85, 2.20, 4.53, 2.55],
  tjk_94 = [4.30, 4.55, 4.28, 3.82, 4.28, 4.21, 1.06, 1.59, 1.98, 4.75],
  tjk_95 = [4.77, 4.57, 4.97, 4.21, 2.44, 1.86, 2.16, 4.33, 4.45, 3.25],
  tjk_96 = [4.88, 2.82, 2.77, 2.88, 1.50, 3.05, 3.24, 4.65, 2.95, 2.84],
  tjk_97 = [1.00, 1.79, 3.78, 1.05, 1.02, 0.88, 0.92, 1.16, 0.99, 0.99],
  tjk_98 = [2.79, 6.13, 5.06, 4.01, 5.12, 4.00, 4.79, 4.00, 4.98, 5.43],
  tjk_99 = [1.96, 2.87, 2.47, 2.09, 1.97, 1.92, 1.95, 1.93, 2.02, 2.97],
  tjk_910 = [2.23, 4.12, 1.86, 2.13, 1.86, 4.37, 2.17, 2.15, 4.66, 4.40],
  tjk_101 = [4.34, 3.20, 3.74, 4.33, 3.89, 1.96, 4.73, 3.62, 3.46, 3.63],
  tjk_102 = [4.58, 4.64, 3.65, 3.80, 4.77, 3.93, 3.69, 3.31, 3.80, 4.47],
  tjk_103 = [3.38, 1.06, 0.92, 4.64, 4.54, 1.01, 0.90, 4.24, 2.96, 4.61],
  tjk_104 = [3.60, 3.42, 4.30, 3.39, 4.19, 3.52, 1.65, 2.78, 4.16, 4.65],
  tjk_105 = [3.51, 3.22, 2.90, 3.18, 3.03, 3.60, 2.90, 4.72, 3.12, 2.27],
  tjk_106 = [2.81, 2.42, 2.94, 3.15, 3.08, 3.20, 3.33, 2.52, 2.17, 2.83],
  tjk_107 = [3.98, 2.39, 3.70, 4.06, 3.42, 3.96, 1.12, 3.57, 3.45, 2.26],
  tjk_108 = [3.00, 3.25, 3.63, 2.70, 2.95, 4.52, 2.52, 4.18, 3.40, 3.10],
  tjk_109 = [1.88, 1.99, 1.96, 2.16, 1.82, 2.48, 2.08, 1.56, 4.98, 2.07],
  tjk_1010 = [3.51, 4.18, 2.18, 3.94, 1.19, 1.43, 1.27, 4.15, 1.42, 3.87],
  tjk_111 = [0.99, 1.03, 0.98, 0.98, 0.98, 0.99, 1.02, 1.22, 1.07, 0.98],
  tjk_112 = [2.79, 2.47, 1.87, 2.09, 2.10, 1.96, 4.94, 2.07, 2.29, 1.97],
  tjk_113 = [1.67, 4.89, 3.19, 3.74, 4.55, 1.79, 3.25, 3.76, 5.08, 3.39],
  tjk_114 = [5.16, 5.15, 4.91, 5.42, 4.71, 5.64, 4.71, 4.95, 4.31, 4.83],
  tjk_115 = [1.75, 1.85, 2.07, 2.01, 2.23, 2.68, 4.76, 3.01, 2.23, 3.16],
  tjk_116 = [4.51, 4.63, 3.77, 1.87, 4.36, 0.95, 1.17, 0.90, 2.77, 1.71],
  tjk_117 = [3.03, 4.96, 3.58, 3.26, 1.74, 4.79, 3.11, 2.65, 3.03, 2.94],
  tjk_118 = [3.85, 4.94, 3.99, 3.70, 4.36, 3.04, 3.86, 3.25, 2.05, 4.01],
  tjk_119 = [5.36, 4.01, 2.16, 5.72, 4.85, 5.44, 4.31, 1.30, 4.23, 5.08],
  tjk_1110 = [3.63, 4.08, 4.53, 1.51, 3.45, 4.51, 3.81, 3.77, 1.36, 3.85],
  tjk_121 = [5.54, 5.04, 2.56, 4.56, 4.71, 2.06, 4.77, 5.26, 5.15, 4.45],
  tjk_122 = [2.16, 3.66, 1.99, 2.14, 1.79, 2.35, 1.99, 2.16, 2.39, 1.93],
  tjk_123 = [1.97, 1.86, 1.99, 2.47, 2.05, 2.22, 2.10, 1.94, 1.79, 2.16],
  tjk_124 = [1.24, 0.98, 0.94, 1.23, 1.03, 1.12, 1.13, 4.05, 1.19, 4.85],
  tjk_125 = [5.34, 5.73, 4.60, 2.60, 4.65, 4.59, 4.74, 5.36, 5.21, 5.06],
  tjk_126 = [4.34, 1.44, 4.61, 4.55, 2.57, 4.03, 3.41, 1.25, 3.37, 3.92],
  tjk_127 = [1.86, 1.95, 1.62, 1.88, 2.07, 1.66, 4.52, 1.77, 3.79, 1.84],
  tjk_128 = [4.03, 2.60, 2.98, 2.35, 3.26, 2.90, 1.66, 4.93, 1.52, 2.82],
  tjk_129 = [4.61, 4.25, 4.52, 1.19, 5.32, 4.31, 3.42, 5.03, 5.28, 5.30],
  tjk_1210 = [1.03, 1.05, 1.00, 3.20, 2.99, 1.08, 1.01, 2.63, 1.01, 3.33],
  tjk_131 = [1.94, 2.30, 2.19, 1.87, 1.91, 2.01, 1.95, 2.22, 2.30, 2.93],
  tjk_132 = [1.97, 1.86, 3.66, 1.78, 1.77, 1.67, 2.03, 4.57, 2.01, 2.07],
  tjk_133 = [1.12, 0.91, 1.07, 2.42, 1.09, 0.80, 1.15, 4.13, 4.26, 1.00],
  tjk_134 = [3.72, 3.88, 4.62, 4.00, 3.62, 1.45, 4.02, 1.58, 4.08, 4.38],
  tjk_135 = [3.28, 3.17, 1.35, 2.74, 1.89, 3.50, 2.80, 3.30, 1.52, 3.30],
  tjk_136 = [2.47, 4.61, 1.88, 1.85, 1.62, 2.12, 3.99, 1.77, 1.90, 1.67],
  tjk_137 = [4.29, 4.66, 3.41, 4.43, 4.47, 4.47, 2.06, 4.54, 3.56, 3.82],
  tjk_138 = [1.01, 0.99, 1.04, 1.11, 4.44, 1.02, 0.95, 1.01, 1.06, 1.08],
  tjk_139 = [2.63, 1.64, 5.00, 2.24, 1.04, 5.29, 5.04, 4.68, 4.68, 5.11],
  tjk_1310 = [4.87, 1.12, 0.90, 1.07, 3.81, 0.98, 1.01, 0.93, 1.02, 0.91],
  tjk_141 = [1.39, 4.14, 1.90, 4.43, 2.05, 2.10, 1.87, 2.28, 3.72, 2.10],
  tjk_142 = [4.50, 1.07, 2.95, 1.98, 3.66, 3.19, 4.97, 2.83, 2.10, 3.13],
  tjk_143 = [2.53, 2.62, 3.79, 3.18, 2.70, 2.71, 3.14, 2.98, 3.67, 3.08],
  tjk_144 = [4.80, 4.68, 0.83, 1.08, 1.59, 2.88, 0.95, 1.07, 1.13, 1.14],
  tjk_145 = [1.97, 3.08, 5.08, 4.79, 5.32, 4.28, 5.07, 4.93, 3.24, 4.42],
  tjk_146 = [0.94, 4.93, 4.59, 0.90, 2.33, 1.00, 1.04, 0.94, 0.96, 0.90],
  tjk_147 = [4.62, 4.64, 4.10, 3.81, 4.58, 3.40, 3.96, 1.85, 2.15, 4.01],
  tjk_148 = [1.20, 0.99, 3.34, 1.03, 1.09, 1.72, 1.08, 3.28, 1.21, 3.64],
  tjk_149 = [2.09, 4.77, 2.12, 2.82, 4.01, 3.89, 4.68, 3.85, 3.63, 2.87],
  tjk_1410 = [4.48, 4.16, 4.26, 3.22, 4.20, 4.04, 3.67, 4.39, 3.84, 4.29],
  tjk_151 = [2.76, 2.89, 2.51, 3.01, 2.82, 4.71, 3.51, 2.10, 3.55, 2.61],
  tjk_152 = [3.22, 2.56, 3.09, 2.07, 3.13, 3.40, 4.18, 2.66, 4.13, 2.41],
  tjk_153 = [2.71, 3.14, 3.12, 3.08, 2.35, 1.86, 3.21, 2.88, 2.91, 2.84],
  tjk_154 = [3.25, 2.72, 2.77, 2.83, 3.05, 4.65, 3.28, 3.13, 2.82, 3.13],
  tjk_155 = [0.99, 1.08, 0.90, 0.95, 1.30, 0.95, 0.83, 1.10, 0.95, 3.10],
  tjk_156 = [2.93, 3.03, 2.55, 2.73, 3.20, 1.55, 3.07, 2.86, 2.89, 3.05],
  tjk_157 = [2.64, 3.39, 2.82, 2.87, 2.76, 3.11, 3.34, 3.32, 3.34, 3.17],
  tjk_158 = [1.17, 3.87, 1.21, 1.09, 0.96, 1.13, 0.97, 1.82, 3.26, 1.49],
  tjk_159 = [1.86, 2.09, 1.58, 3.64, 1.67, 2.03, 2.17, 1.89, 3.16, 2.02],
  tjk_1510 = [1.72, 2.98, 1.96, 3.13, 3.33, 2.66, 2.85, 2.78, 2.74, 3.04],
  tjk_161 = [3.02, 3.26, 3.20, 3.12, 2.12, 2.73, 2.81, 3.86, 4.30, 2.78],
  tjk_162 = [3.32, 2.80, 4.08, 3.89, 3.85, 3.40, 4.57, 3.82, 3.86, 4.29],
  tjk_163 = [5.28, 4.98, 5.27, 5.76, 5.16, 4.20, 4.27, 4.84, 5.17, 5.84],
  tjk_164 = [3.44, 3.47, 3.85, 3.55, 3.14, 4.04, 1.81, 4.17, 3.89, 3.49],
  tjk_165 = [3.09, 3.07, 4.96, 3.44, 2.62, 3.40, 2.61, 1.14, 3.19, 3.14],
  tjk_166 = [1.95, 1.84, 1.86, 1.90, 2.16, 2.58, 2.35, 1.29, 2.30, 1.89],
  tjk_167 = [1.18, 1.12, 0.91, 2.57, 1.06, 0.91, 1.14, 1.05, 3.59, 1.15],
  tjk_168 = [4.26, 2.18, 4.48, 4.07, 1.96, 3.66, 4.48, 3.88, 4.07, 4.31],
  tjk_169 = [2.85, 3.71, 3.53, 4.22, 3.35, 4.54, 3.35, 3.51, 3.06, 4.32],
  tjk_1610 = [2.86, 2.48, 3.09, 2.80, 2.89, 2.87, 1.91, 2.60, 3.22, 2.67],
  tjk_171 = [3.58, 3.97, 1.89, 1.92, 2.07, 1.49, 2.15, 2.11, 1.84, 3.91],
  tjk_172 = [1.06, 0.93, 1.02, 0.94, 1.08, 1.29, 0.93, 0.92, 0.84, 1.02],
  tjk_173 = [3.59, 3.90, 3.79, 3.90, 3.96, 4.43, 4.05, 3.58, 3.86, 3.72],
  tjk_174 = [5.56, 4.40, 3.19, 5.83, 5.97, 5.26, 5.67, 5.68, 4.35, 4.43],
  tjk_175 = [1.80, 2.40, 3.43, 4.54, 2.65, 1.96, 3.40, 1.60, 4.50, 2.02],
  tjk_176 = [4.85, 6.08, 5.31, 5.70, 4.79, 2.21, 5.63, 2.97, 3.94, 4.46],
  tjk_177 = [3.35, 4.81, 3.24, 4.27, 4.41, 4.31, 1.89, 5.09, 4.95, 3.42],
  tjk_178 = [1.16, 1.10, 3.91, 4.46, 1.08, 1.07, 1.06, 1.10, 2.11, 4.34],
  tjk_179 = [0.90, 4.85, 1.20, 2.03, 0.91, 1.01, 1.02, 1.05, 3.53, 1.27],
  tjk_1710 = [4.97, 4.87, 5.08, 3.34, 5.64, 4.30, 4.59, 1.36, 1.82, 2.83],
  tjk_181 = [0.92, 1.01, 1.01, 0.82, 4.48, 1.74, 1.06, 2.87, 1.20, 0.96],
  tjk_182 = [1.19, 1.01, 1.66, 1.04, 3.37, 4.44, 1.05, 1.05, 0.96, 4.55],
  tjk_183 = [1.63, 2.70, 2.71, 3.04, 2.92, 3.26, 3.98, 3.03, 2.91, 3.39],
  tjk_184 = [1.06, 4.48, 2.91, 3.15, 3.18, 2.73, 3.15, 3.19, 3.79, 3.02],
  tjk_185 = [1.12, 0.92, 4.96, 1.03, 1.03, 1.06, 1.02, 1.07, 0.99, 1.03],
  tjk_186 = [3.10, 1.06, 3.07, 1.51, 3.21, 2.92, 3.52, 3.65, 3.24, 2.90],
  tjk_187 = [4.13, 4.00, 3.11, 1.55, 2.72, 3.11, 2.82, 3.28, 3.15, 3.17],
  tjk_188 = [5.73, 4.83, 4.45, 5.34, 4.45, 5.20, 3.90, 3.13, 4.31, 3.92],
  tjk_189 = [4.93, 1.59, 3.77, 2.34, 2.00, 2.11, 1.03, 3.14, 2.16, 2.10],
  tjk_1810 = [2.30, 2.12, 2.05, 1.99, 1.77, 4.38, 2.15, 3.41, 1.88, 2.04],
  tjk_191 = [0.98, 4.93, 1.02, 1.01, 0.97, 1.12, 1.15, 0.97, 0.90, 0.98],
  tjk_192 = [2.94, 3.73, 3.30, 4.82, 3.60, 3.88, 3.87, 4.52, 3.66, 1.20],
  tjk_193 = [3.42, 1.87, 1.95, 2.24, 1.65, 1.79, 3.91, 3.32, 2.05, 1.76],
  tjk_194 = [5.02, 3.84, 4.46, 4.76, 1.42, 3.64, 5.41, 4.99, 4.56, 3.36],
  tjk_195 = [4.25, 1.65, 2.23, 1.89, 1.73, 2.10, 1.94, 1.40, 4.99, 1.98],
  tjk_196 = [0.96, 1.08, 0.99, 1.00, 0.89, 1.05, 4.20, 1.04, 4.83, 0.94],
  tjk_197 = [4.77, 0.92, 2.14, 0.98, 0.84, 2.07, 1.07, 3.68, 1.04, 0.92],
  tjk_198 = [0.97, 3.98, 0.77, 1.05, 1.13, 0.98, 1.13, 1.36, 1.05, 1.12],
  tjk_199 = [1.85, 1.88, 3.00, 2.29, 2.83, 2.38, 2.62, 3.12, 3.15, 2.92],
  tjk_1910 = [3.25, 2.71, 3.41, 3.30, 3.20, 2.58, 2.64, 2.50, 4.22, 4.46],
  tjk_201 = [3.05, 4.86, 1.19, 3.60, 4.64, 4.03, 4.12, 2.23, 4.51, 3.49],
  tjk_202 = [2.09, 3.78, 1.15, 4.74, 1.02, 1.13, 3.61, 1.08, 0.89, 0.95],
  tjk_203 = [1.18, 4.99, 0.96, 1.90, 0.92, 2.60, 1.79, 0.82, 0.98, 0.94],
  tjk_204 = [0.96, 1.02, 0.96, 0.97, 3.35, 2.95, 1.15, 1.12, 1.13, 4.74],
  tjk_205 = [2.27, 2.14, 2.14, 3.08, 1.98, 2.03, 1.96, 2.94, 3.99, 1.69],
  tjk_206 = [5.06, 2.81, 5.62, 4.29, 4.63, 4.66, 2.73, 4.45, 2.97, 5.12],
  tjk_207 = [1.01, 0.86, 4.70, 0.99, 1.20, 3.58, 0.94, 1.05, 0.82, 2.59],
  tjk_208 = [4.10, 4.72, 4.92, 1.38, 4.51, 5.48, 4.51, 5.11, 4.19, 5.68],
  tjk_209 = [5.64, 4.88, 4.76, 3.98, 4.52, 3.00, 5.18, 4.33, 5.57, 4.86],
  tjk_2010 = [3.23, 4.84, 3.77, 2.48, 3.34, 2.98, 2.67, 2.58, 3.52, 3.11],
]

Service Times (¦Î_{jk}^s) = [
  xi_11 = [4.21, 4.63, 4.43, 7.67, 5.46, 4.25, 3.56, 3.57, 4.03, 2.96],
  xi_12 = [5.11, 6.45, 2.19, 5.55, 7.13, 4.28, 7.18, 2.78, 9.86, 5.66],
  xi_13 = [1.00, 0.96, 2.61, 1.02, 1.08, 6.09, 2.85, 4.23, 9.56, 0.93],
  xi_14 = [2.02, 1.75, 2.20, 8.00, 5.84, 2.30, 1.97, 4.81, 8.74, 1.94],
  xi_15 = [8.20, 6.53, 8.86, 2.96, 9.76, 1.86, 2.34, 2.17, 1.80, 2.25],
  xi_16 = [2.20, 2.03, 1.94, 1.93, 2.29, 4.67, 6.54, 1.87, 7.60, 2.02],
  xi_17 = [7.11, 7.48, 7.88, 8.20, 3.30, 7.79, 8.38, 7.55, 8.01, 3.52],
  xi_18 = [7.40, 10.18, 9.81, 10.02, 12.46, 7.97, 11.94, 10.90, 9.95, 8.91],
  xi_19 = [0.94, 0.88, 0.94, 0.81, 3.56, 0.98, 0.95, 1.15, 1.07, 8.00],
  xi_110 = [6.61, 7.26, 7.29, 2.79, 7.55, 6.98, 6.40, 2.96, 7.95, 7.06],
  xi_21 = [3.08, 4.69, 2.88, 4.17, 4.25, 3.86, 3.76, 3.64, 6.36, 5.29],
  xi_22 = [1.93, 4.65, 3.40, 3.65, 4.48, 4.28, 5.60, 4.72, 5.35, 3.51],
  xi_23 = [4.57, 4.96, 7.97, 5.81, 5.15, 2.30, 2.01, 4.07, 5.20, 6.05],
  xi_24 = [8.62, 9.81, 9.42, 1.49, 5.88, 7.01, 5.32, 6.14, 6.16, 2.53],
  xi_25 = [8.00, 10.28, 8.34, 10.06, 10.00, 6.93, 9.50, 8.81, 7.43, 9.07],
  xi_26 = [9.06, 10.22, 1.62, 8.53, 10.32, 8.74, 10.12, 1.24, 9.81, 1.57],
  xi_27 = [7.96, 4.60, 9.92, 7.61, 8.78, 8.80, 9.63, 6.26, 9.76, 9.22],
  xi_28 = [6.61, 6.99, 7.59, 6.71, 7.39, 5.93, 3.23, 1.95, 5.65, 4.78],
  xi_29 = [4.80, 3.25, 2.99, 7.73, 5.34, 5.63, 3.76, 3.06, 8.91, 4.87],
  xi_210 = [7.13, 9.78, 7.60, 8.96, 7.44, 7.63, 3.36, 7.25, 2.82, 7.18],
  xi_31 = [2.18, 2.29, 1.94, 1.68, 1.92, 1.91, 2.05, 9.62, 1.93, 2.31],
  xi_32 = [5.42, 6.60, 6.72, 5.19, 5.63, 5.84, 6.20, 4.00, 6.07, 5.98],
  xi_33 = [6.99, 1.86, 1.09, 4.13, 3.92, 2.29, 7.60, 8.52, 8.82, 9.69],
  xi_34 = [6.68, 6.55, 5.37, 4.91, 5.52, 5.50, 6.40, 5.53, 5.44, 6.31],
  xi_35 = [5.88, 6.35, 5.00, 6.09, 5.15, 5.90, 5.06, 5.58, 5.91, 5.72],
  xi_36 = [8.49, 1.35, 7.92, 5.65, 8.83, 6.73, 3.53, 7.38, 7.28, 7.81],
  xi_37 = [1.17, 3.37, 0.96, 0.97, 1.02, 0.91, 4.43, 1.12, 1.05, 1.00],
  xi_38 = [8.71, 6.64, 6.30, 7.18, 9.29, 4.29, 2.08, 6.30, 5.06, 8.01],
  xi_39 = [4.20, 4.50, 3.64, 3.35, 3.97, 4.54, 4.32, 4.78, 3.73, 8.60],
  xi_310 = [9.76, 8.66, 7.04, 9.94, 6.20, 8.76, 9.58, 3.83, 9.56, 9.84],
  xi_41 = [9.60, 8.65, 10.20, 9.29, 6.82, 2.19, 5.11, 10.84, 9.49, 7.05],
  xi_42 = [3.47, 3.95, 7.60, 3.90, 4.81, 4.08, 3.90, 3.52, 3.96, 4.54],
  xi_43 = [4.43, 4.74, 4.88, 3.77, 5.35, 6.04, 5.40, 4.50, 4.66, 5.04],
  xi_44 = [12.09, 9.20, 10.48, 9.64, 9.67, 9.65, 6.17, 10.10, 11.71, 1.59],
  xi_45 = [8.57, 7.64, 7.16, 6.62, 7.42, 6.75, 8.53, 8.59, 7.35, 6.73],
  xi_46 = [6.75, 5.70, 6.35, 9.40, 6.50, 6.47, 4.99, 5.65, 6.15, 6.74],
  xi_47 = [6.47, 1.28, 5.88, 5.87, 6.75, 6.54, 4.43, 6.34, 4.83, 9.82],
  xi_48 = [11.94, 10.63, 5.91, 4.55, 9.23, 9.28, 9.46, 9.17, 2.03, 12.22],
  xi_49 = [5.97, 2.61, 9.73, 4.78, 7.92, 8.93, 4.09, 6.18, 6.18, 1.52],
  xi_410 = [6.09, 8.40, 8.44, 3.74, 7.98, 8.06, 8.66, 7.99, 7.53, 8.00],
  xi_51 = [9.31, 9.25, 6.62, 9.32, 4.05, 8.85, 9.41, 8.49, 9.14, 1.54],
  xi_52 = [10.01, 10.51, 9.81, 2.48, 9.56, 8.73, 4.64, 8.64, 8.58, 8.99],
  xi_53 = [10.90, 8.44, 4.07, 10.20, 8.10, 8.92, 9.55, 9.71, 4.92, 8.82],
  xi_54 = [7.01, 5.10, 6.40, 9.19, 6.55, 8.38, 7.50, 5.36, 5.20, 6.64],
  xi_55 = [6.23, 5.36, 4.99, 5.19, 4.45, 1.55, 5.78, 5.20, 4.86, 8.19],
  xi_56 = [5.29, 6.16, 6.69, 4.14, 6.26, 6.32, 7.17, 1.49, 5.27, 6.90],
  xi_57 = [6.75, 7.18, 4.50, 7.40, 6.85, 6.63, 5.89, 8.68, 6.79, 6.40],
  xi_58 = [6.74, 1.11, 4.17, 8.72, 1.11, 1.01, 4.99, 0.95, 0.93, 0.92],
  xi_59 = [7.14, 7.34, 1.58, 4.01, 1.94, 2.12, 1.85, 9.67, 2.83, 2.00],
  xi_510 = [3.10, 3.69, 2.77, 3.06, 3.04, 2.33, 9.57, 3.53, 9.60, 8.13],
  xi_61 = [3.69, 4.50, 4.12, 3.79, 3.49, 3.89, 4.49, 4.35, 4.09, 4.05],
  xi_62 = [9.24, 2.11, 1.83, 1.41, 1.97, 6.05, 2.19, 1.97, 1.72, 5.97],
  xi_63 = [10.88, 5.87, 9.21, 10.35, 10.83, 8.74, 1.78, 10.14, 9.69, 10.69],
  xi_64 = [8.78, 3.62, 4.69, 9.68, 4.77, 3.64, 2.12, 8.30, 3.86, 4.67],
  xi_65 = [4.59, 8.29, 6.23, 3.95, 6.63, 6.69, 4.20, 6.49, 6.94, 7.34],
  xi_66 = [4.21, 4.50, 3.99, 5.30, 3.84, 3.96, 4.46, 4.69, 3.67, 3.96],
  xi_67 = [3.07, 8.42, 7.97, 3.63, 8.59, 8.56, 6.11, 9.92, 1.10, 8.56],
  xi_68 = [1.11, 0.82, 9.49, 1.15, 1.04, 0.93, 1.02, 1.19, 1.01, 0.90],
  xi_69 = [9.36, 10.75, 4.56, 9.95, 10.56, 5.90, 11.43, 8.89, 6.86, 3.09],
  xi_610 = [7.00, 7.95, 7.94, 7.26, 9.40, 7.14, 4.17, 5.38, 7.81, 9.01],
  xi_71 = [9.66, 10.23, 10.33, 4.27, 9.52, 10.52, 3.35, 1.35, 10.85, 10.74],
  xi_72 = [1.07, 7.94, 3.14, 8.53, 8.29, 6.47, 8.08, 8.13, 6.92, 8.85],
  xi_73 = [3.08, 3.40, 1.02, 3.11, 2.46, 3.00, 7.58, 6.31, 3.10, 2.97],
  xi_74 = [2.36, 6.57, 7.20, 9.07, 7.38, 8.75, 7.21, 1.86, 9.19, 5.41],
  xi_75 = [3.25, 2.77, 2.70, 2.61, 2.71, 2.98, 2.94, 2.98, 7.08, 3.14],
  xi_76 = [2.11, 1.79, 8.00, 1.80, 7.29, 1.84, 9.75, 1.94, 2.20, 1.90],
  xi_77 = [8.01, 9.92, 2.83, 11.11, 8.68, 11.41, 4.91, 11.28, 9.76, 9.36],
  xi_78 = [3.55, 3.37, 9.88, 7.31, 3.64, 3.99, 3.63, 1.15, 4.34, 3.95],
  xi_79 = [7.45, 10.60, 1.35, 9.33, 9.89, 9.25, 10.48, 8.29, 9.19, 10.12],
  xi_710 = [2.10, 2.97, 3.01, 2.94, 3.40, 6.88, 3.40, 2.96, 5.72, 9.85],
  xi_81 = [7.27, 7.64, 6.91, 9.08, 7.01, 7.92, 7.72, 7.33, 2.07, 1.86],
  xi_82 = [0.97, 0.98, 0.94, 1.18, 4.70, 0.99, 4.20, 0.93, 0.84, 0.98],
  xi_83 = [10.52, 1.14, 6.58, 8.62, 8.19, 9.83, 8.76, 10.60, 8.29, 4.90],
  xi_84 = [10.63, 10.00, 9.72, 8.84, 7.85, 10.26, 8.31, 9.28, 8.72, 8.52],
  xi_85 = [6.34, 8.60, 7.95, 6.73, 7.60, 8.24, 8.01, 8.68, 7.27, 7.35],
  xi_86 = [7.34, 7.08, 4.06, 9.27, 8.09, 7.76, 8.29, 8.59, 7.32, 7.05],
  xi_87 = [1.81, 6.68, 1.86, 2.27, 2.19, 5.98, 2.01, 2.41, 1.86, 2.24],
  xi_88 = [3.92, 7.81, 8.93, 7.40, 4.41, 9.13, 7.56, 9.45, 9.01, 9.30],
  xi_89 = [3.76, 8.42, 3.85, 8.75, 3.71, 2.34, 4.12, 3.50, 1.46, 3.42],
  xi_810 = [2.25, 5.24, 2.04, 1.86, 2.41, 1.71, 1.99, 1.96, 1.62, 9.41],
  xi_91 = [8.32, 8.06, 2.08, 6.84, 9.74, 8.44, 8.79, 4.27, 7.42, 1.50],
  xi_92 = [6.39, 6.85, 7.69, 3.35, 7.10, 6.80, 8.86, 5.62, 6.51, 8.65],
  xi_93 = [3.84, 11.57, 8.67, 10.36, 9.76, 8.72, 9.82, 8.73, 7.84, 5.62],
  xi_94 = [8.08, 6.73, 7.60, 8.90, 4.67, 6.95, 7.64, 9.44, 2.97, 8.17],
  xi_95 = [4.89, 5.60, 5.84, 8.92, 7.16, 6.04, 5.97, 7.38, 5.09, 6.68],
  xi_96 = [9.18, 8.74, 8.55, 8.40, 9.32, 7.20, 7.84, 8.45, 7.43, 8.19],
  xi_97 = [3.86, 4.06, 4.63, 8.06, 6.43, 3.95, 4.55, 2.18, 1.51, 3.17],
  xi_98 = [7.62, 0.99, 1.11, 0.96, 1.08, 1.02, 0.94, 0.99, 1.15, 1.09],
  xi_99 = [9.28, 9.09, 4.62, 10.01, 8.85, 7.83, 9.93, 9.53, 8.20, 5.77],
  xi_910 = [1.90, 9.99, 9.75, 8.59, 8.85, 3.36, 9.15, 9.21, 6.31, 8.66],
  xi_101 = [7.91, 7.48, 6.33, 8.27, 2.72, 4.02, 2.59, 8.07, 9.48, 6.18],
  xi_102 = [4.29, 3.82, 5.71, 5.41, 3.69, 4.13, 4.79, 4.67, 8.17, 4.09],
  xi_103 = [8.54, 9.19, 6.42, 7.30, 7.21, 8.85, 8.92, 7.61, 7.29, 7.77],
  xi_104 = [7.36, 7.53, 5.60, 6.94, 7.12, 6.79, 2.87, 6.59, 5.70, 6.54],
  xi_105 = [3.14, 1.12, 2.49, 0.84, 0.97, 1.04, 1.02, 1.06, 0.88, 1.02],
  xi_106 = [8.98, 8.96, 8.72, 6.32, 7.65, 7.25, 8.77, 9.74, 8.91, 8.46],
  xi_107 = [7.20, 5.91, 4.72, 5.66, 3.48, 4.10, 3.92, 4.56, 4.46, 2.19],
  xi_108 = [1.97, 1.81, 8.55, 1.73, 1.81, 3.56, 2.23, 1.63, 2.04, 2.00],
  xi_109 = [1.83, 1.95, 2.02, 1.77, 1.74, 2.89, 1.92, 3.75, 3.40, 2.01],
  xi_1010 = [6.83, 6.92, 6.89, 7.55, 7.47, 8.07, 7.54, 7.07, 6.41, 6.51],
  xi_111 = [3.06, 4.17, 3.07, 7.43, 9.77, 6.62, 2.81, 2.87, 5.93, 8.96],
  xi_112 = [4.76, 7.04, 6.84, 8.03, 9.34, 7.18, 9.57, 9.99, 3.13, 5.82],
  xi_113 = [7.34, 8.15, 3.87, 1.34, 2.16, 1.39, 3.04, 3.69, 9.48, 6.08],
  xi_114 = [4.85, 5.04, 4.88, 4.95, 5.11, 5.35, 4.69, 4.06, 5.47, 5.38],
  xi_115 = [1.94, 1.87, 1.78, 1.97, 6.05, 1.99, 2.23, 2.10, 3.54, 1.98],
  xi_116 = [1.04, 1.19, 1.52, 0.87, 0.89, 0.94, 3.36, 1.18, 9.95, 1.11],
  xi_117 = [8.11, 8.42, 9.10, 9.65, 7.61, 8.98, 7.71, 7.75, 9.04, 7.84],
  xi_118 = [9.17, 11.27, 9.43, 9.57, 10.50, 7.50, 9.56, 11.26, 9.84, 8.01],
  xi_119 = [4.76, 5.17, 4.96, 4.85, 7.53, 3.47, 5.88, 5.62, 4.76, 4.93],
  xi_1110 = [2.79, 3.34, 2.91, 3.19, 2.30, 3.46, 3.17, 2.88, 8.49, 2.91],
  xi_121 = [8.13, 1.62, 2.00, 2.47, 2.30, 1.97, 2.04, 3.22, 1.66, 3.94],
  xi_122 = [7.69, 6.43, 3.80, 4.10, 2.71, 3.82, 4.85, 4.26, 4.04, 3.80],
  xi_123 = [7.45, 3.54, 6.84, 8.79, 6.29, 1.99, 8.34, 8.01, 7.47, 8.89],
  xi_124 = [3.29, 9.72, 3.02, 3.07, 2.53, 3.31, 9.42, 5.43, 3.51, 2.97],
  xi_125 = [4.71, 4.79, 5.24, 5.00, 9.83, 7.98, 5.13, 9.63, 4.93, 4.59],
  xi_126 = [5.05, 6.80, 2.41, 1.98, 2.10, 2.39, 2.16, 2.21, 2.30, 9.65],
  xi_127 = [2.07, 4.68, 2.47, 3.41, 1.31, 1.85, 2.07, 2.16, 2.04, 1.91],
  xi_128 = [0.89, 1.81, 4.97, 4.18, 0.97, 0.96, 9.80, 1.00, 0.95, 0.90],
  xi_129 = [2.18, 4.90, 2.46, 1.98, 2.26, 1.91, 4.95, 1.80, 2.29, 1.79],
  xi_1210 = [8.08, 6.26, 4.74, 8.91, 4.69, 9.66, 7.48, 7.64, 8.19, 9.84],
  xi_131 = [4.06, 3.30, 8.14, 3.37, 2.96, 3.16, 2.70, 9.79, 2.88, 6.53],
  xi_132 = [1.48, 7.91, 7.29, 8.75, 6.52, 6.91, 6.16, 6.82, 6.35, 7.73],
  xi_133 = [5.02, 5.11, 4.02, 2.21, 1.66, 5.39, 1.94, 8.84, 5.35, 4.40],
  xi_134 = [7.57, 6.84, 5.56, 8.09, 1.46, 7.37, 1.26, 2.72, 6.55, 6.63],
  xi_135 = [7.36, 6.01, 7.74, 9.21, 8.87, 8.52, 3.33, 8.24, 8.12, 8.06],
  xi_136 = [1.18, 0.87, 0.90, 1.12, 0.91, 0.97, 1.06, 8.93, 1.13, 0.97],
  xi_137 = [1.12, 7.82, 5.44, 5.90, 8.82, 8.36, 7.92, 7.49, 5.06, 6.06],
  xi_138 = [10.34, 12.01, 7.83, 11.07, 1.13, 6.18, 11.55, 9.77, 8.84, 1.10],
  xi_139 = [1.99, 5.75, 1.65, 1.93, 3.26, 2.17, 1.89, 3.73, 4.50, 2.17],
  xi_1310 = [2.74, 3.56, 4.59, 3.38, 3.13, 2.92, 6.80, 5.80, 2.89, 5.01],
  xi_141 = [1.00, 1.06, 5.41, 0.97, 0.98, 4.70, 0.96, 0.91, 1.96, 1.03],
  xi_142 = [1.10, 3.05, 6.76, 1.02, 8.03, 1.07, 0.99, 1.01, 0.79, 2.30],
  xi_143 = [8.87, 10.09, 8.92, 9.28, 7.60, 8.47, 7.94, 8.41, 9.97, 1.68],
  xi_144 = [9.87, 11.77, 9.33, 8.56, 10.44, 6.61, 4.08, 10.99, 8.89, 11.09],
  xi_145 = [11.09, 10.22, 10.39, 7.12, 6.21, 9.66, 8.94, 9.93, 10.51, 9.55],
  xi_146 = [4.66, 4.38, 5.78, 4.86, 4.64, 8.36, 2.61, 5.06, 5.41, 5.56],
  xi_147 = [2.21, 1.80, 3.00, 1.90, 2.37, 1.37, 8.13, 2.11, 4.70, 2.07],
  xi_148 = [5.83, 5.19, 5.69, 6.12, 5.44, 6.58, 5.89, 5.42, 6.09, 5.78],
  xi_149 = [7.94, 8.56, 9.31, 2.26, 9.94, 10.23, 9.73, 9.57, 7.38, 5.28],
  xi_1410 = [6.97, 8.82, 4.84, 8.58, 9.54, 10.77, 6.54, 5.08, 9.49, 8.33],
  xi_151 = [4.09, 4.80, 6.36, 5.32, 4.28, 5.28, 5.08, 9.76, 5.60, 7.18],
  xi_152 = [6.72, 7.03, 1.41, 8.28, 5.59, 6.77, 6.50, 8.09, 6.00, 6.29],
  xi_153 = [9.52, 9.87, 9.22, 9.51, 6.68, 10.53, 10.78, 4.01, 4.06, 10.75],
  xi_154 = [6.25, 7.23, 3.12, 7.58, 6.95, 7.21, 8.53, 8.77, 8.21, 8.33],
  xi_155 = [7.63, 7.61, 8.89, 7.79, 8.23, 9.21, 8.54, 7.39, 7.67, 6.98],
  xi_156 = [3.51, 4.65, 4.02, 3.84, 3.78, 4.21, 3.79, 4.09, 3.62, 4.51],
  xi_157 = [7.04, 4.12, 4.31, 4.85, 3.56, 4.45, 3.60, 3.25, 1.08, 3.97],
  xi_158 = [3.76, 7.61, 7.59, 7.85, 8.77, 7.12, 8.60, 7.54, 8.62, 10.07],
  xi_159 = [8.68, 9.61, 9.79, 9.11, 8.35, 2.13, 9.02, 4.74, 9.95, 11.17],
  xi_1510 = [10.68, 9.17, 4.66, 8.97, 10.42, 10.15, 3.22, 11.79, 11.28, 10.64],
  xi_161 = [2.10, 7.14, 2.23, 2.40, 1.89, 1.91, 7.58, 2.26, 9.57, 1.97],
  xi_162 = [7.62, 4.20, 3.64, 3.83, 3.56, 3.56, 4.51, 3.30, 3.36, 3.30],
  xi_163 = [2.30, 4.79, 3.87, 4.49, 5.37, 2.17, 3.23, 5.63, 6.17, 4.60],
  xi_164 = [1.10, 1.04, 5.28, 8.40, 9.65, 1.01, 4.14, 2.93, 0.97, 0.87],
  xi_165 = [5.22, 6.92, 6.88, 5.64, 6.43, 6.29, 6.89, 5.63, 6.88, 5.12],
  xi_166 = [5.03, 9.45, 7.80, 4.68, 4.14, 5.43, 4.38, 8.05, 4.99, 2.86],
  xi_167 = [2.72, 3.95, 2.92, 7.40, 9.70, 8.15, 2.95, 6.34, 2.85, 6.84],
  xi_168 = [2.22, 1.91, 2.30, 2.05, 2.20, 4.37, 5.79, 2.04, 9.25, 1.82],
  xi_169 = [2.42, 8.34, 3.26, 7.11, 7.50, 2.89, 3.68, 3.04, 2.98, 3.03],
  xi_1610 = [2.80, 2.98, 2.76, 2.85, 3.89, 2.98, 3.07, 3.40, 2.82, 2.65],
  xi_171 = [4.06, 3.88, 7.79, 4.12, 3.47, 3.96, 3.45, 1.01, 3.78, 4.76],
  xi_172 = [4.22, 3.64, 6.90, 6.64, 2.99, 8.45, 8.50, 3.70, 3.79, 5.19],
  xi_173 = [1.75, 4.29, 1.90, 2.08, 9.76, 7.07, 1.87, 1.75, 1.60, 1.75],
  xi_174 = [5.38, 6.50, 9.90, 6.20, 6.68, 7.85, 9.42, 6.89, 6.20, 6.49],
  xi_175 = [2.82, 8.24, 8.30, 7.29, 8.80, 2.33, 7.96, 6.65, 8.26, 6.95],
  xi_176 = [9.91, 5.21, 9.86, 3.34, 10.49, 10.40, 7.88, 7.92, 6.30, 8.72],
  xi_177 = [8.84, 2.02, 6.41, 6.93, 7.56, 5.42, 7.10, 4.51, 6.67, 7.51],
  xi_178 = [4.77, 2.65, 2.62, 2.92, 5.13, 3.01, 4.65, 3.09, 3.34, 6.77],
  xi_179 = [1.01, 0.94, 0.87, 1.03, 5.50, 1.57, 0.96, 1.19, 4.92, 8.50],
  xi_1710 = [3.89, 4.08, 3.42, 4.09, 4.66, 3.48, 4.54, 4.80, 4.31, 4.00],
  xi_181 = [8.47, 8.64, 7.79, 7.19, 8.28, 9.16, 8.27, 7.40, 7.61, 8.72],
  xi_182 = [2.01, 2.35, 1.94, 2.28, 9.84, 1.85, 5.32, 7.72, 2.09, 4.14],
  xi_183 = [0.97, 7.14, 1.04, 1.07, 0.87, 8.06, 0.95, 0.91, 3.45, 2.55],
  xi_184 = [4.56, 4.73, 5.37, 9.36, 5.73, 5.08, 7.66, 4.68, 8.46, 5.15],
  xi_185 = [1.18, 9.93, 9.93, 6.05, 2.02, 6.88, 8.95, 9.15, 8.29, 3.14],
  xi_186 = [4.59, 11.53, 4.42, 10.27, 8.30, 9.66, 10.62, 4.60, 8.55, 10.23],
  xi_187 = [4.44, 5.03, 3.23, 4.96, 4.94, 6.69, 5.21, 8.10, 7.47, 5.70],
  xi_188 = [4.88, 5.85, 6.01, 1.22, 5.99, 6.34, 6.24, 5.32, 6.55, 5.95],
  xi_189 = [1.92, 3.19, 3.09, 2.81, 2.92, 2.58, 1.62, 7.03, 7.38, 2.95],
  xi_1810 = [7.13, 6.67, 1.58, 6.53, 3.26, 5.87, 7.66, 6.63, 7.64, 5.90],
  xi_191 = [10.55, 9.57, 8.51, 4.99, 8.33, 7.62, 9.08, 8.41, 8.71, 10.71],
  xi_192 = [0.96, 1.11, 1.76, 1.13, 2.71, 0.96, 0.99, 2.93, 1.08, 0.95],
  xi_193 = [5.01, 3.97, 6.59, 8.07, 4.95, 4.62, 4.40, 5.03, 4.92, 5.81],
  xi_194 = [1.85, 1.86, 2.07, 1.95, 2.22, 3.82, 5.85, 2.11, 7.54, 5.33],
  xi_195 = [4.87, 4.86, 6.18, 4.94, 4.16, 1.09, 4.39, 9.63, 2.50, 6.48],
  xi_196 = [7.25, 7.63, 6.49, 7.63, 1.86, 6.61, 3.16, 7.62, 6.91, 6.54],
  xi_197 = [6.62, 6.54, 7.23, 6.60, 6.71, 6.93, 1.22, 6.46, 7.77, 8.49],
  xi_198 = [1.07, 3.92, 5.93, 6.07, 9.73, 6.51, 6.88, 8.51, 8.29, 5.20],
  xi_199 = [1.56, 1.99, 2.09, 1.86, 1.55, 1.92, 1.75, 2.36, 1.82, 1.68],
  xi_1910 = [7.49, 7.60, 8.06, 7.70, 3.17, 9.65, 7.61, 10.62, 3.07, 9.76],
  xi_201 = [2.82, 2.93, 3.12, 2.87, 5.23, 3.06, 2.91, 9.49, 3.21, 3.03],
  xi_202 = [11.49, 10.16, 11.46, 7.73, 6.45, 8.73, 8.88, 8.00, 10.55, 10.43],
  xi_203 = [9.74, 6.95, 9.12, 3.71, 8.24, 10.69, 2.68, 11.04, 10.00, 7.74],
  xi_204 = [1.03, 4.81, 3.92, 3.50, 4.19, 4.35, 4.14, 3.25, 3.76, 3.68],
  xi_205 = [9.62, 9.40, 7.97, 7.76, 7.68, 6.90, 6.01, 8.13, 8.54, 10.30],
  xi_206 = [2.69, 2.88, 7.57, 5.65, 6.07, 6.31, 6.69, 6.18, 6.24, 6.23],
  xi_207 = [8.16, 9.90, 7.99, 7.06, 8.94, 9.66, 8.15, 11.71, 8.18, 1.75],
  xi_208 = [6.06, 3.36, 5.20, 5.96, 6.12, 8.15, 2.51, 1.59, 6.68, 6.24],
  xi_209 = [8.96, 8.94, 9.27, 9.28, 8.01, 9.59, 9.11, 7.90, 2.45, 8.16],
  xi_2010 = [2.14, 7.78, 2.01, 2.23, 1.44, 2.20, 2.90, 2.05, 6.40, 9.03],
]

Transportation Costs (cjk) = [
  [6.56, 9.48, 3.88, 5.92, 3.22, 6.95, 4.70, 5.73, 8.61, 3.07],
  [7.05, 4.16, 1.14, 7.38, 5.90, 5.22, 6.22, 8.94, 3.97, 2.23],
  [9.71, 2.33, 4.61, 6.36, 3.70, 0.88, 9.91, 8.66, 6.59, 5.05],
  [2.16, 2.15, 1.56, 2.07, 3.27, 0.91, 1.00, 3.21, 3.07, 10.30],
  [0.89, 3.07, 2.78, 0.84, 4.32, 4.52, 3.23, 1.09, 1.98, 9.47],
  [5.12, 7.32, 9.35, 3.30, 7.78, 0.92, 7.88, 5.61, 3.90, 5.30],
  [4.39, 4.63, 8.72, 7.14, 7.85, 3.22, 9.89, 1.16, 6.92, 8.93],
  [4.42, 1.86, 1.11, 4.97, 4.90, 5.99, 4.38, 6.76, 1.75, 6.95],
  [5.39, 1.00, 8.62, 0.96, 5.25, 0.95, 3.16, 8.11, 4.22, 0.77],
  [4.47, 3.08, 3.59, 1.67, 8.12, 7.11, 8.56, 6.23, 8.38, 9.17],
  [1.91, 0.94, 0.92, 5.79, 6.83, 7.71, 7.56, 2.55, 7.67, 4.75],
  [1.77, 6.92, 3.26, 6.46, 8.23, 5.28, 3.14, 8.10, 2.14, 3.57],
  [3.22, 0.93, 8.11, 6.71, 2.00, 4.62, 4.39, 4.13, 1.09, 3.80],
  [4.07, 4.77, 5.35, 5.99, 9.45, 2.20, 5.16, 1.08, 0.83, 0.78],
  [6.29, 3.18, 5.40, 7.64, 4.27, 3.12, 9.70, 0.93, 8.25, 6.60],
  [6.86, 5.12, 8.52, 3.46, 3.78, 2.14, 6.77, 2.18, 4.98, 2.77],
  [7.76, 7.32, 2.25, 1.91, 7.03, 6.96, 4.81, 6.16, 5.73, 7.75],
  [7.91, 0.97, 1.99, 2.45, 9.14, 3.05, 1.11, 4.41, 6.68, 8.19],
  [7.35, 9.55, 1.62, 7.28, 5.70, 0.93, 4.54, 6.02, 5.04, 7.13],
  [2.95, 7.74, 1.72, 2.96, 8.15, 2.49, 1.00, 4.91, 5.67, 6.41],
]

Mean Service Times (¦Ì_{jk}) = [
  mu_11 = [4.48],
  mu_12 = [5.62],
  mu_13 = [3.03],
  mu_14 = [3.96],
  mu_15 = [4.67],
  mu_16 = [3.31],
  mu_17 = [6.92],
  mu_18 = [9.95],
  mu_19 = [1.93],
  mu_110 = [6.28],
  mu_21 = [4.20],
  mu_22 = [4.16],
  mu_23 = [4.81],
  mu_24 = [6.24],
  mu_25 = [8.84],
  mu_26 = [7.12],
  mu_27 = [8.25],
  mu_28 = [5.68],
  mu_29 = [5.03],
  mu_210 = [6.91],
  mu_31 = [2.78],
  mu_32 = [5.77],
  mu_33 = [5.49],
  mu_34 = [5.82],
  mu_35 = [5.66],
  mu_36 = [6.50],
  mu_37 = [1.60],
  mu_38 = [6.39],
  mu_39 = [4.56],
  mu_310 = [8.32],
  mu_41 = [7.92],
  mu_42 = [4.37],
  mu_43 = [4.88],
  mu_44 = [9.03],
  mu_45 = [7.54],
  mu_46 = [6.47],
  mu_47 = [5.82],
  mu_48 = [8.44],
  mu_49 = [5.79],
  mu_410 = [7.49],
  mu_51 = [7.60],
  mu_52 = [8.20],
  mu_53 = [8.36],
  mu_54 = [6.73],
  mu_55 = [5.18],
  mu_56 = [5.57],
  mu_57 = [6.71],
  mu_58 = [3.07],
  mu_59 = [4.05],
  mu_510 = [4.88],
  mu_61 = [4.05],
  mu_62 = [3.45],
  mu_63 = [8.82],
  mu_64 = [5.42],
  mu_65 = [6.13],
  mu_66 = [4.26],
  mu_67 = [6.59],
  mu_68 = [1.87],
  mu_69 = [8.13],
  mu_610 = [7.31],
  mu_71 = [8.08],
  mu_72 = [6.74],
  mu_73 = [3.60],
  mu_74 = [6.50],
  mu_75 = [3.32],
  mu_76 = [3.86],
  mu_77 = [8.73],
  mu_78 = [4.48],
  mu_79 = [8.60],
  mu_710 = [4.32],
  mu_81 = [6.48],
  mu_82 = [1.67],
  mu_83 = [7.74],
  mu_84 = [9.21],
  mu_85 = [7.68],
  mu_86 = [7.49],
  mu_87 = [2.93],
  mu_88 = [7.69],
  mu_89 = [4.33],
  mu_810 = [3.05],
  mu_91 = [6.54],
  mu_92 = [6.78],
  mu_93 = [8.49],
  mu_94 = [7.12],
  mu_95 = [6.36],
  mu_96 = [8.33],
  mu_97 = [4.24],
  mu_98 = [1.70],
  mu_99 = [8.31],
  mu_910 = [7.58],
  mu_101 = [6.31],
  mu_102 = [4.88],
  mu_103 = [7.91],
  mu_104 = [6.30],
  mu_105 = [1.36],
  mu_106 = [8.38],
  mu_107 = [4.62],
  mu_108 = [2.73],
  mu_109 = [2.33],
  mu_1010 = [7.13],
  mu_111 = [5.47],
  mu_112 = [7.17],
  mu_113 = [4.65],
  mu_114 = [4.98],
  mu_115 = [2.55],
  mu_116 = [2.21],
  mu_117 = [8.42],
  mu_118 = [9.61],
  mu_119 = [5.19],
  mu_1110 = [3.54],
  mu_121 = [2.93],
  mu_122 = [4.55],
  mu_123 = [6.76],
  mu_124 = [4.63],
  mu_125 = [6.18],
  mu_126 = [3.70],
  mu_127 = [2.40],
  mu_128 = [2.64],
  mu_129 = [2.65],
  mu_1210 = [7.55],
  mu_131 = [4.69],
  mu_132 = [6.59],
  mu_133 = [4.39],
  mu_134 = [5.41],
  mu_135 = [7.55],
  mu_136 = [1.80],
  mu_137 = [6.40],
  mu_138 = [7.98],
  mu_139 = [2.90],
  mu_1310 = [4.08],
  mu_141 = [1.90],
  mu_142 = [2.61],
  mu_143 = [8.12],
  mu_144 = [9.16],
  mu_145 = [9.36],
  mu_146 = [5.13],
  mu_147 = [2.96],
  mu_148 = [5.80],
  mu_149 = [8.02],
  mu_1410 = [7.90],
  mu_151 = [5.77],
  mu_152 = [6.27],
  mu_153 = [8.49],
  mu_154 = [7.22],
  mu_155 = [7.99],
  mu_156 = [4.00],
  mu_157 = [4.02],
  mu_158 = [7.75],
  mu_159 = [8.26],
  mu_1510 = [9.10],
  mu_161 = [3.90],
  mu_162 = [4.09],
  mu_163 = [4.26],
  mu_164 = [3.54],
  mu_165 = [6.19],
  mu_166 = [5.68],
  mu_167 = [5.38],
  mu_168 = [3.40],
  mu_169 = [4.42],
  mu_1610 = [3.02],
  mu_171 = [4.03],
  mu_172 = [5.40],
  mu_173 = [3.38],
  mu_174 = [7.15],
  mu_175 = [6.76],
  mu_176 = [8.00],
  mu_177 = [6.30],
  mu_178 = [3.89],
  mu_179 = [2.65],
  mu_1710 = [4.12],
  mu_181 = [8.15],
  mu_182 = [3.95],
  mu_183 = [2.70],
  mu_184 = [6.08],
  mu_185 = [6.55],
  mu_186 = [8.28],
  mu_187 = [5.58],
  mu_188 = [5.43],
  mu_189 = [3.55],
  mu_1810 = [5.89],
  mu_191 = [8.65],
  mu_192 = [1.46],
  mu_193 = [5.34],
  mu_194 = [3.46],
  mu_195 = [4.91],
  mu_196 = [6.17],
  mu_197 = [6.46],
  mu_198 = [6.21],
  mu_199 = [1.86],
  mu_1910 = [7.47],
  mu_201 = [3.87],
  mu_202 = [9.39],
  mu_203 = [7.99],
  mu_204 = [3.66],
  mu_205 = [8.23],
  mu_206 = [5.65],
  mu_207 = [8.15],
  mu_208 = [5.19],
  mu_209 = [8.17],
  mu_2010 = [3.82],
]

Mean Transportation Times (¦Ó_{jk}) = [
  tau_11 = [3.74],
  tau_12 = [3.09],
  tau_13 = [3.88],
  tau_14 = [2.65],
  tau_15 = [4.60],
  tau_16 = [2.55],
  tau_17 = [3.47],
  tau_18 = [3.24],
  tau_19 = [2.24],
  tau_110 = [3.13],
  tau_21 = [2.33],
  tau_22 = [2.62],
  tau_23 = [1.78],
  tau_24 = [1.51],
  tau_25 = [4.06],
  tau_26 = [2.62],
  tau_27 = [3.12],
  tau_28 = [3.56],
  tau_29 = [3.62],
  tau_210 = [4.49],
  tau_31 = [4.10],
  tau_32 = [4.05],
  tau_33 = [3.44],
  tau_34 = [3.45],
  tau_35 = [2.97],
  tau_36 = [2.20],
  tau_37 = [4.00],
  tau_38 = [3.20],
  tau_39 = [3.17],
  tau_310 = [1.60],
  tau_41 = [3.69],
  tau_42 = [3.11],
  tau_43 = [2.75],
  tau_44 = [2.52],
  tau_45 = [1.97],
  tau_46 = [1.52],
  tau_47 = [1.22],
  tau_48 = [4.99],
  tau_49 = [4.19],
  tau_410 = [2.99],
  tau_51 = [2.22],
  tau_52 = [3.77],
  tau_53 = [3.60],
  tau_54 = [1.32],
  tau_55 = [4.68],
  tau_56 = [2.92],
  tau_57 = [3.78],
  tau_58 = [4.08],
  tau_59 = [2.75],
  tau_510 = [3.95],
  tau_61 = [4.95],
  tau_62 = [4.20],
  tau_63 = [3.43],
  tau_64 = [2.89],
  tau_65 = [3.51],
  tau_66 = [1.76],
  tau_67 = [3.26],
  tau_68 = [3.14],
  tau_69 = [4.44],
  tau_610 = [2.44],
  tau_71 = [4.62],
  tau_72 = [4.20],
  tau_73 = [2.55],
  tau_74 = [2.87],
  tau_75 = [2.59],
  tau_76 = [2.99],
  tau_77 = [2.37],
  tau_78 = [2.24],
  tau_79 = [5.07],
  tau_710 = [3.21],
  tau_81 = [4.94],
  tau_82 = [1.44],
  tau_83 = [2.69],
  tau_84 = [2.80],
  tau_85 = [4.71],
  tau_86 = [4.06],
  tau_87 = [2.26],
  tau_88 = [4.71],
  tau_89 = [3.59],
  tau_810 = [3.45],
  tau_91 = [2.29],
  tau_92 = [4.30],
  tau_93 = [4.22],
  tau_94 = [3.48],
  tau_95 = [3.70],
  tau_96 = [3.16],
  tau_97 = [1.36],
  tau_98 = [4.63],
  tau_99 = [2.21],
  tau_910 = [3.00],
  tau_101 = [3.69],
  tau_102 = [4.06],
  tau_103 = [2.83],
  tau_104 = [3.57],
  tau_105 = [3.25],
  tau_106 = [2.85],
  tau_107 = [3.19],
  tau_108 = [3.33],
  tau_109 = [2.30],
  tau_1010 = [2.71],
  tau_111 = [1.02],
  tau_112 = [2.45],
  tau_113 = [3.53],
  tau_114 = [4.98],
  tau_115 = [2.57],
  tau_116 = [2.66],
  tau_117 = [3.31],
  tau_118 = [3.71],
  tau_119 = [4.25],
  tau_1110 = [3.45],
  tau_121 = [4.41],
  tau_122 = [2.26],
  tau_123 = [2.06],
  tau_124 = [1.78],
  tau_125 = [4.79],
  tau_126 = [3.35],
  tau_127 = [2.29],
  tau_128 = [2.91],
  tau_129 = [4.32],
  tau_1210 = [1.83],
  tau_131 = [2.16],
  tau_132 = [2.34],
  tau_133 = [1.80],
  tau_134 = [3.53],
  tau_135 = [2.68],
  tau_136 = [2.39],
  tau_137 = [3.97],
  tau_138 = [1.37],
  tau_139 = [3.73],
  tau_1310 = [1.66],
  tau_141 = [2.60],
  tau_142 = [3.04],
  tau_143 = [3.04],
  tau_144 = [2.01],
  tau_145 = [4.22],
  tau_146 = [1.85],
  tau_147 = [3.71],
  tau_148 = [1.86],
  tau_149 = [3.47],
  tau_1410 = [4.05],
  tau_151 = [3.05],
  tau_152 = [3.08],
  tau_153 = [2.81],
  tau_154 = [3.16],
  tau_155 = [1.21],
  tau_156 = [2.79],
  tau_157 = [3.07],
  tau_158 = [1.70],
  tau_159 = [2.21],
  tau_1510 = [2.72],
  tau_161 = [3.12],
  tau_162 = [3.79],
  tau_163 = [5.08],
  tau_164 = [3.49],
  tau_165 = [3.07],
  tau_166 = [2.01],
  tau_167 = [1.47],
  tau_168 = [3.73],
  tau_169 = [3.64],
  tau_1610 = [2.74],
  tau_171 = [2.49],
  tau_172 = [1.00],
  tau_173 = [3.88],
  tau_174 = [5.03],
  tau_175 = [2.83],
  tau_176 = [4.59],
  tau_177 = [3.97],
  tau_178 = [2.14],
  tau_179 = [1.78],
  tau_1710 = [3.88],
  tau_181 = [1.61],
  tau_182 = [2.03],
  tau_183 = [2.96],
  tau_184 = [3.07],
  tau_185 = [1.42],
  tau_186 = [2.82],
  tau_187 = [3.10],
  tau_188 = [4.53],
  tau_189 = [2.52],
  tau_1810 = [2.41],
  tau_191 = [1.40],
  tau_192 = [3.55],
  tau_193 = [2.40],
  tau_194 = [4.15],
  tau_195 = [2.41],
  tau_196 = [1.70],
  tau_197 = [1.84],
  tau_198 = [1.35],
  tau_199 = [2.60],
  tau_1910 = [3.23],
  tau_201 = [3.57],
  tau_202 = [2.04],
  tau_203 = [1.71],
  tau_204 = [1.83],
  tau_205 = [2.42],
  tau_206 = [4.23],
  tau_207 = [1.78],
  tau_208 = [4.46],
  tau_209 = [4.67],
  tau_2010 = [3.25],
]

Epsilon + ¦Ì_{jk} = [
  epsilon_plus_mu_11 = [6.71],
  epsilon_plus_mu_12 = [8.43],
  epsilon_plus_mu_13 = [4.55],
  epsilon_plus_mu_14 = [5.93],
  epsilon_plus_mu_15 = [7.01],
  epsilon_plus_mu_16 = [4.96],
  epsilon_plus_mu_17 = [10.38],
  epsilon_plus_mu_18 = [14.93],
  epsilon_plus_mu_19 = [2.89],
  epsilon_plus_mu_110 = [9.43],
  epsilon_plus_mu_21 = [6.30],
  epsilon_plus_mu_22 = [6.24],
  epsilon_plus_mu_23 = [7.21],
  epsilon_plus_mu_24 = [9.36],
  epsilon_plus_mu_25 = [13.26],
  epsilon_plus_mu_26 = [10.68],
  epsilon_plus_mu_27 = [12.38],
  epsilon_plus_mu_28 = [8.53],
  epsilon_plus_mu_29 = [7.55],
  epsilon_plus_mu_210 = [10.37],
  epsilon_plus_mu_31 = [4.17],
  epsilon_plus_mu_32 = [8.65],
  epsilon_plus_mu_33 = [8.24],
  epsilon_plus_mu_34 = [8.73],
  epsilon_plus_mu_35 = [8.49],
  epsilon_plus_mu_36 = [9.75],
  epsilon_plus_mu_37 = [2.40],
  epsilon_plus_mu_38 = [9.58],
  epsilon_plus_mu_39 = [6.84],
  epsilon_plus_mu_310 = [12.48],
  epsilon_plus_mu_41 = [11.88],
  epsilon_plus_mu_42 = [6.56],
  epsilon_plus_mu_43 = [7.32],
  epsilon_plus_mu_44 = [13.54],
  epsilon_plus_mu_45 = [11.31],
  epsilon_plus_mu_46 = [9.71],
  epsilon_plus_mu_47 = [8.73],
  epsilon_plus_mu_48 = [12.66],
  epsilon_plus_mu_49 = [8.69],
  epsilon_plus_mu_410 = [11.24],
  epsilon_plus_mu_51 = [11.40],
  epsilon_plus_mu_52 = [12.29],
  epsilon_plus_mu_53 = [12.54],
  epsilon_plus_mu_54 = [10.10],
  epsilon_plus_mu_55 = [7.77],
  epsilon_plus_mu_56 = [8.35],
  epsilon_plus_mu_57 = [10.06],
  epsilon_plus_mu_58 = [4.60],
  epsilon_plus_mu_59 = [6.07],
  epsilon_plus_mu_510 = [7.32],
  epsilon_plus_mu_61 = [6.07],
  epsilon_plus_mu_62 = [5.17],
  epsilon_plus_mu_63 = [13.23],
  epsilon_plus_mu_64 = [8.12],
  epsilon_plus_mu_65 = [9.20],
  epsilon_plus_mu_66 = [6.39],
  epsilon_plus_mu_67 = [9.89],
  epsilon_plus_mu_68 = [2.80],
  epsilon_plus_mu_69 = [12.20],
  epsilon_plus_mu_610 = [10.96],
  epsilon_plus_mu_71 = [12.13],
  epsilon_plus_mu_72 = [10.11],
  epsilon_plus_mu_73 = [5.40],
  epsilon_plus_mu_74 = [9.75],
  epsilon_plus_mu_75 = [4.98],
  epsilon_plus_mu_76 = [5.79],
  epsilon_plus_mu_77 = [13.09],
  epsilon_plus_mu_78 = [6.72],
  epsilon_plus_mu_79 = [12.89],
  epsilon_plus_mu_710 = [6.48],
  epsilon_plus_mu_81 = [9.72],
  epsilon_plus_mu_82 = [2.51],
  epsilon_plus_mu_83 = [11.61],
  epsilon_plus_mu_84 = [13.82],
  epsilon_plus_mu_85 = [11.52],
  epsilon_plus_mu_86 = [11.23],
  epsilon_plus_mu_87 = [4.40],
  epsilon_plus_mu_88 = [11.54],
  epsilon_plus_mu_89 = [6.50],
  epsilon_plus_mu_810 = [4.57],
  epsilon_plus_mu_91 = [9.82],
  epsilon_plus_mu_92 = [10.17],
  epsilon_plus_mu_93 = [12.74],
  epsilon_plus_mu_94 = [10.67],
  epsilon_plus_mu_95 = [9.54],
  epsilon_plus_mu_96 = [12.50],
  epsilon_plus_mu_97 = [6.36],
  epsilon_plus_mu_98 = [2.54],
  epsilon_plus_mu_99 = [12.47],
  epsilon_plus_mu_910 = [11.37],
  epsilon_plus_mu_101 = [9.46],
  epsilon_plus_mu_102 = [7.32],
  epsilon_plus_mu_103 = [11.86],
  epsilon_plus_mu_104 = [9.45],
  epsilon_plus_mu_105 = [2.04],
  epsilon_plus_mu_106 = [12.56],
  epsilon_plus_mu_107 = [6.93],
  epsilon_plus_mu_108 = [4.10],
  epsilon_plus_mu_109 = [3.49],
  epsilon_plus_mu_1010 = [10.69],
  epsilon_plus_mu_111 = [8.20],
  epsilon_plus_mu_112 = [10.75],
  epsilon_plus_mu_113 = [6.98],
  epsilon_plus_mu_114 = [7.47],
  epsilon_plus_mu_115 = [3.82],
  epsilon_plus_mu_116 = [3.31],
  epsilon_plus_mu_117 = [12.63],
  epsilon_plus_mu_118 = [14.42],
  epsilon_plus_mu_119 = [7.79],
  epsilon_plus_mu_1110 = [5.32],
  epsilon_plus_mu_121 = [4.40],
  epsilon_plus_mu_122 = [6.82],
  epsilon_plus_mu_123 = [10.14],
  epsilon_plus_mu_124 = [6.94],
  epsilon_plus_mu_125 = [9.27],
  epsilon_plus_mu_126 = [5.56],
  epsilon_plus_mu_127 = [3.60],
  epsilon_plus_mu_128 = [3.97],
  epsilon_plus_mu_129 = [3.98],
  epsilon_plus_mu_1210 = [11.32],
  epsilon_plus_mu_131 = [7.04],
  epsilon_plus_mu_132 = [9.89],
  epsilon_plus_mu_133 = [6.59],
  epsilon_plus_mu_134 = [8.11],
  epsilon_plus_mu_135 = [11.32],
  epsilon_plus_mu_136 = [2.71],
  epsilon_plus_mu_137 = [9.60],
  epsilon_plus_mu_138 = [11.97],
  epsilon_plus_mu_139 = [4.35],
  epsilon_plus_mu_1310 = [6.12],
  epsilon_plus_mu_141 = [2.85],
  epsilon_plus_mu_142 = [3.92],
  epsilon_plus_mu_143 = [12.19],
  epsilon_plus_mu_144 = [13.74],
  epsilon_plus_mu_145 = [14.04],
  epsilon_plus_mu_146 = [7.70],
  epsilon_plus_mu_147 = [4.45],
  epsilon_plus_mu_148 = [8.70],
  epsilon_plus_mu_149 = [12.03],
  epsilon_plus_mu_1410 = [11.85],
  epsilon_plus_mu_151 = [8.66],
  epsilon_plus_mu_152 = [9.40],
  epsilon_plus_mu_153 = [12.74],
  epsilon_plus_mu_154 = [10.83],
  epsilon_plus_mu_155 = [11.99],
  epsilon_plus_mu_156 = [6.00],
  epsilon_plus_mu_157 = [6.04],
  epsilon_plus_mu_158 = [11.63],
  epsilon_plus_mu_159 = [12.38],
  epsilon_plus_mu_1510 = [13.64],
  epsilon_plus_mu_161 = [5.86],
  epsilon_plus_mu_162 = [6.13],
  epsilon_plus_mu_163 = [6.39],
  epsilon_plus_mu_164 = [5.31],
  epsilon_plus_mu_165 = [9.28],
  epsilon_plus_mu_166 = [8.52],
  epsilon_plus_mu_167 = [8.07],
  epsilon_plus_mu_168 = [5.09],
  epsilon_plus_mu_169 = [6.64],
  epsilon_plus_mu_1610 = [4.53],
  epsilon_plus_mu_171 = [6.04],
  epsilon_plus_mu_172 = [8.10],
  epsilon_plus_mu_173 = [5.07],
  epsilon_plus_mu_174 = [10.73],
  epsilon_plus_mu_175 = [10.14],
  epsilon_plus_mu_176 = [12.00],
  epsilon_plus_mu_177 = [9.45],
  epsilon_plus_mu_178 = [5.84],
  epsilon_plus_mu_179 = [3.97],
  epsilon_plus_mu_1710 = [6.19],
  epsilon_plus_mu_181 = [12.23],
  epsilon_plus_mu_182 = [5.93],
  epsilon_plus_mu_183 = [4.05],
  epsilon_plus_mu_184 = [9.12],
  epsilon_plus_mu_185 = [9.83],
  epsilon_plus_mu_186 = [12.41],
  epsilon_plus_mu_187 = [8.36],
  epsilon_plus_mu_188 = [8.15],
  epsilon_plus_mu_189 = [5.32],
  epsilon_plus_mu_1810 = [8.83],
  epsilon_plus_mu_191 = [12.97],
  epsilon_plus_mu_192 = [2.19],
  epsilon_plus_mu_193 = [8.00],
  epsilon_plus_mu_194 = [5.19],
  epsilon_plus_mu_195 = [7.36],
  epsilon_plus_mu_196 = [9.25],
  epsilon_plus_mu_197 = [9.68],
  epsilon_plus_mu_198 = [9.31],
  epsilon_plus_mu_199 = [2.78],
  epsilon_plus_mu_1910 = [11.21],
  epsilon_plus_mu_201 = [5.80],
  epsilon_plus_mu_202 = [14.08],
  epsilon_plus_mu_203 = [11.99],
  epsilon_plus_mu_204 = [5.49],
  epsilon_plus_mu_205 = [12.34],
  epsilon_plus_mu_206 = [8.48],
  epsilon_plus_mu_207 = [12.23],
  epsilon_plus_mu_208 = [7.78],
  epsilon_plus_mu_209 = [12.25],
  epsilon_plus_mu_2010 = [5.73],
]

Epsilon - ¦Ì_{jk} = [
  epsilon_minus_mu_11 = [-2.24],
  epsilon_minus_mu_12 = [-2.81],
  epsilon_minus_mu_13 = [-1.52],
  epsilon_minus_mu_14 = [-1.98],
  epsilon_minus_mu_15 = [-2.34],
  epsilon_minus_mu_16 = [-1.65],
  epsilon_minus_mu_17 = [-3.46],
  epsilon_minus_mu_18 = [-4.98],
  epsilon_minus_mu_19 = [-0.96],
  epsilon_minus_mu_110 = [-3.14],
  epsilon_minus_mu_21 = [-2.10],
  epsilon_minus_mu_22 = [-2.08],
  epsilon_minus_mu_23 = [-2.40],
  epsilon_minus_mu_24 = [-3.12],
  epsilon_minus_mu_25 = [-4.42],
  epsilon_minus_mu_26 = [-3.56],
  epsilon_minus_mu_27 = [-4.13],
  epsilon_minus_mu_28 = [-2.84],
  epsilon_minus_mu_29 = [-2.52],
  epsilon_minus_mu_210 = [-3.46],
  epsilon_minus_mu_31 = [-1.39],
  epsilon_minus_mu_32 = [-2.88],
  epsilon_minus_mu_33 = [-2.75],
  epsilon_minus_mu_34 = [-2.91],
  epsilon_minus_mu_35 = [-2.83],
  epsilon_minus_mu_36 = [-3.25],
  epsilon_minus_mu_37 = [-0.80],
  epsilon_minus_mu_38 = [-3.19],
  epsilon_minus_mu_39 = [-2.28],
  epsilon_minus_mu_310 = [-4.16],
  epsilon_minus_mu_41 = [-3.96],
  epsilon_minus_mu_42 = [-2.19],
  epsilon_minus_mu_43 = [-2.44],
  epsilon_minus_mu_44 = [-4.51],
  epsilon_minus_mu_45 = [-3.77],
  epsilon_minus_mu_46 = [-3.24],
  epsilon_minus_mu_47 = [-2.91],
  epsilon_minus_mu_48 = [-4.22],
  epsilon_minus_mu_49 = [-2.90],
  epsilon_minus_mu_410 = [-3.75],
  epsilon_minus_mu_51 = [-3.80],
  epsilon_minus_mu_52 = [-4.10],
  epsilon_minus_mu_53 = [-4.18],
  epsilon_minus_mu_54 = [-3.37],
  epsilon_minus_mu_55 = [-2.59],
  epsilon_minus_mu_56 = [-2.78],
  epsilon_minus_mu_57 = [-3.35],
  epsilon_minus_mu_58 = [-1.53],
  epsilon_minus_mu_59 = [-2.02],
  epsilon_minus_mu_510 = [-2.44],
  epsilon_minus_mu_61 = [-2.02],
  epsilon_minus_mu_62 = [-1.72],
  epsilon_minus_mu_63 = [-4.41],
  epsilon_minus_mu_64 = [-2.71],
  epsilon_minus_mu_65 = [-3.07],
  epsilon_minus_mu_66 = [-2.13],
  epsilon_minus_mu_67 = [-3.30],
  epsilon_minus_mu_68 = [-0.93],
  epsilon_minus_mu_69 = [-4.07],
  epsilon_minus_mu_610 = [-3.65],
  epsilon_minus_mu_71 = [-4.04],
  epsilon_minus_mu_72 = [-3.37],
  epsilon_minus_mu_73 = [-1.80],
  epsilon_minus_mu_74 = [-3.25],
  epsilon_minus_mu_75 = [-1.66],
  epsilon_minus_mu_76 = [-1.93],
  epsilon_minus_mu_77 = [-4.36],
  epsilon_minus_mu_78 = [-2.24],
  epsilon_minus_mu_79 = [-4.30],
  epsilon_minus_mu_710 = [-2.16],
  epsilon_minus_mu_81 = [-3.24],
  epsilon_minus_mu_82 = [-0.84],
  epsilon_minus_mu_83 = [-3.87],
  epsilon_minus_mu_84 = [-4.61],
  epsilon_minus_mu_85 = [-3.84],
  epsilon_minus_mu_86 = [-3.74],
  epsilon_minus_mu_87 = [-1.47],
  epsilon_minus_mu_88 = [-3.85],
  epsilon_minus_mu_89 = [-2.17],
  epsilon_minus_mu_810 = [-1.52],
  epsilon_minus_mu_91 = [-3.27],
  epsilon_minus_mu_92 = [-3.39],
  epsilon_minus_mu_93 = [-4.25],
  epsilon_minus_mu_94 = [-3.56],
  epsilon_minus_mu_95 = [-3.18],
  epsilon_minus_mu_96 = [-4.17],
  epsilon_minus_mu_97 = [-2.12],
  epsilon_minus_mu_98 = [-0.85],
  epsilon_minus_mu_99 = [-4.16],
  epsilon_minus_mu_910 = [-3.79],
  epsilon_minus_mu_101 = [-3.15],
  epsilon_minus_mu_102 = [-2.44],
  epsilon_minus_mu_103 = [-3.95],
  epsilon_minus_mu_104 = [-3.15],
  epsilon_minus_mu_105 = [-0.68],
  epsilon_minus_mu_106 = [-4.19],
  epsilon_minus_mu_107 = [-2.31],
  epsilon_minus_mu_108 = [-1.37],
  epsilon_minus_mu_109 = [-1.16],
  epsilon_minus_mu_1010 = [-3.56],
  epsilon_minus_mu_111 = [-2.73],
  epsilon_minus_mu_112 = [-3.58],
  epsilon_minus_mu_113 = [-2.33],
  epsilon_minus_mu_114 = [-2.49],
  epsilon_minus_mu_115 = [-1.27],
  epsilon_minus_mu_116 = [-1.10],
  epsilon_minus_mu_117 = [-4.21],
  epsilon_minus_mu_118 = [-4.81],
  epsilon_minus_mu_119 = [-2.60],
  epsilon_minus_mu_1110 = [-1.77],
  epsilon_minus_mu_121 = [-1.47],
  epsilon_minus_mu_122 = [-2.27],
  epsilon_minus_mu_123 = [-3.38],
  epsilon_minus_mu_124 = [-2.31],
  epsilon_minus_mu_125 = [-3.09],
  epsilon_minus_mu_126 = [-1.85],
  epsilon_minus_mu_127 = [-1.20],
  epsilon_minus_mu_128 = [-1.32],
  epsilon_minus_mu_129 = [-1.33],
  epsilon_minus_mu_1210 = [-3.77],
  epsilon_minus_mu_131 = [-2.35],
  epsilon_minus_mu_132 = [-3.30],
  epsilon_minus_mu_133 = [-2.20],
  epsilon_minus_mu_134 = [-2.70],
  epsilon_minus_mu_135 = [-3.77],
  epsilon_minus_mu_136 = [-0.90],
  epsilon_minus_mu_137 = [-3.20],
  epsilon_minus_mu_138 = [-3.99],
  epsilon_minus_mu_139 = [-1.45],
  epsilon_minus_mu_1310 = [-2.04],
  epsilon_minus_mu_141 = [-0.95],
  epsilon_minus_mu_142 = [-1.31],
  epsilon_minus_mu_143 = [-4.06],
  epsilon_minus_mu_144 = [-4.58],
  epsilon_minus_mu_145 = [-4.68],
  epsilon_minus_mu_146 = [-2.57],
  epsilon_minus_mu_147 = [-1.48],
  epsilon_minus_mu_148 = [-2.90],
  epsilon_minus_mu_149 = [-4.01],
  epsilon_minus_mu_1410 = [-3.95],
  epsilon_minus_mu_151 = [-2.89],
  epsilon_minus_mu_152 = [-3.13],
  epsilon_minus_mu_153 = [-4.25],
  epsilon_minus_mu_154 = [-3.61],
  epsilon_minus_mu_155 = [-4.00],
  epsilon_minus_mu_156 = [-2.00],
  epsilon_minus_mu_157 = [-2.01],
  epsilon_minus_mu_158 = [-3.88],
  epsilon_minus_mu_159 = [-4.13],
  epsilon_minus_mu_1510 = [-4.55],
  epsilon_minus_mu_161 = [-1.95],
  epsilon_minus_mu_162 = [-2.04],
  epsilon_minus_mu_163 = [-2.13],
  epsilon_minus_mu_164 = [-1.77],
  epsilon_minus_mu_165 = [-3.09],
  epsilon_minus_mu_166 = [-2.84],
  epsilon_minus_mu_167 = [-2.69],
  epsilon_minus_mu_168 = [-1.70],
  epsilon_minus_mu_169 = [-2.21],
  epsilon_minus_mu_1610 = [-1.51],
  epsilon_minus_mu_171 = [-2.01],
  epsilon_minus_mu_172 = [-2.70],
  epsilon_minus_mu_173 = [-1.69],
  epsilon_minus_mu_174 = [-3.58],
  epsilon_minus_mu_175 = [-3.38],
  epsilon_minus_mu_176 = [-4.00],
  epsilon_minus_mu_177 = [-3.15],
  epsilon_minus_mu_178 = [-1.95],
  epsilon_minus_mu_179 = [-1.32],
  epsilon_minus_mu_1710 = [-2.06],
  epsilon_minus_mu_181 = [-4.08],
  epsilon_minus_mu_182 = [-1.98],
  epsilon_minus_mu_183 = [-1.35],
  epsilon_minus_mu_184 = [-3.04],
  epsilon_minus_mu_185 = [-3.28],
  epsilon_minus_mu_186 = [-4.14],
  epsilon_minus_mu_187 = [-2.79],
  epsilon_minus_mu_188 = [-2.72],
  epsilon_minus_mu_189 = [-1.77],
  epsilon_minus_mu_1810 = [-2.94],
  epsilon_minus_mu_191 = [-4.32],
  epsilon_minus_mu_192 = [-0.73],
  epsilon_minus_mu_193 = [-2.67],
  epsilon_minus_mu_194 = [-1.73],
  epsilon_minus_mu_195 = [-2.45],
  epsilon_minus_mu_196 = [-3.08],
  epsilon_minus_mu_197 = [-3.23],
  epsilon_minus_mu_198 = [-3.10],
  epsilon_minus_mu_199 = [-0.93],
  epsilon_minus_mu_1910 = [-3.74],
  epsilon_minus_mu_201 = [-1.93],
  epsilon_minus_mu_202 = [-4.69],
  epsilon_minus_mu_203 = [-4.00],
  epsilon_minus_mu_204 = [-1.83],
  epsilon_minus_mu_205 = [-4.11],
  epsilon_minus_mu_206 = [-2.83],
  epsilon_minus_mu_207 = [-4.08],
  epsilon_minus_mu_208 = [-2.59],
  epsilon_minus_mu_209 = [-4.08],
  epsilon_minus_mu_2010 = [-1.91],
]

Sigma + ¦Ó_{jk} = [
  sigma_plus_tau_11 = [5.61],
  sigma_plus_tau_12 = [4.63],
  sigma_plus_tau_13 = [5.82],
  sigma_plus_tau_14 = [3.98],
  sigma_plus_tau_15 = [6.89],
  sigma_plus_tau_16 = [3.83],
  sigma_plus_tau_17 = [5.21],
  sigma_plus_tau_18 = [4.86],
  sigma_plus_tau_19 = [3.36],
  sigma_plus_tau_110 = [4.70],
  sigma_plus_tau_21 = [3.50],
  sigma_plus_tau_22 = [3.94],
  sigma_plus_tau_23 = [2.67],
  sigma_plus_tau_24 = [2.27],
  sigma_plus_tau_25 = [6.09],
  sigma_plus_tau_26 = [3.94],
  sigma_plus_tau_27 = [4.69],
  sigma_plus_tau_28 = [5.33],
  sigma_plus_tau_29 = [5.43],
  sigma_plus_tau_210 = [6.74],
  sigma_plus_tau_31 = [6.15],
  sigma_plus_tau_32 = [6.08],
  sigma_plus_tau_33 = [5.16],
  sigma_plus_tau_34 = [5.18],
  sigma_plus_tau_35 = [4.45],
  sigma_plus_tau_36 = [3.30],
  sigma_plus_tau_37 = [6.00],
  sigma_plus_tau_38 = [4.80],
  sigma_plus_tau_39 = [4.76],
  sigma_plus_tau_310 = [2.39],
  sigma_plus_tau_41 = [5.54],
  sigma_plus_tau_42 = [4.66],
  sigma_plus_tau_43 = [4.13],
  sigma_plus_tau_44 = [3.78],
  sigma_plus_tau_45 = [2.96],
  sigma_plus_tau_46 = [2.28],
  sigma_plus_tau_47 = [1.83],
  sigma_plus_tau_48 = [7.48],
  sigma_plus_tau_49 = [6.28],
  sigma_plus_tau_410 = [4.48],
  sigma_plus_tau_51 = [3.34],
  sigma_plus_tau_52 = [5.66],
  sigma_plus_tau_53 = [5.40],
  sigma_plus_tau_54 = [1.98],
  sigma_plus_tau_55 = [7.02],
  sigma_plus_tau_56 = [4.38],
  sigma_plus_tau_57 = [5.68],
  sigma_plus_tau_58 = [6.11],
  sigma_plus_tau_59 = [4.13],
  sigma_plus_tau_510 = [5.92],
  sigma_plus_tau_61 = [7.42],
  sigma_plus_tau_62 = [6.30],
  sigma_plus_tau_63 = [5.15],
  sigma_plus_tau_64 = [4.33],
  sigma_plus_tau_65 = [5.27],
  sigma_plus_tau_66 = [2.64],
  sigma_plus_tau_67 = [4.88],
  sigma_plus_tau_68 = [4.70],
  sigma_plus_tau_69 = [6.66],
  sigma_plus_tau_610 = [3.65],
  sigma_plus_tau_71 = [6.94],
  sigma_plus_tau_72 = [6.30],
  sigma_plus_tau_73 = [3.83],
  sigma_plus_tau_74 = [4.31],
  sigma_plus_tau_75 = [3.89],
  sigma_plus_tau_76 = [4.48],
  sigma_plus_tau_77 = [3.56],
  sigma_plus_tau_78 = [3.36],
  sigma_plus_tau_79 = [7.61],
  sigma_plus_tau_710 = [4.82],
  sigma_plus_tau_81 = [7.40],
  sigma_plus_tau_82 = [2.16],
  sigma_plus_tau_83 = [4.04],
  sigma_plus_tau_84 = [4.21],
  sigma_plus_tau_85 = [7.07],
  sigma_plus_tau_86 = [6.10],
  sigma_plus_tau_87 = [3.39],
  sigma_plus_tau_88 = [7.06],
  sigma_plus_tau_89 = [5.39],
  sigma_plus_tau_810 = [5.17],
  sigma_plus_tau_91 = [3.44],
  sigma_plus_tau_92 = [6.45],
  sigma_plus_tau_93 = [6.33],
  sigma_plus_tau_94 = [5.22],
  sigma_plus_tau_95 = [5.55],
  sigma_plus_tau_96 = [4.74],
  sigma_plus_tau_97 = [2.04],
  sigma_plus_tau_98 = [6.95],
  sigma_plus_tau_99 = [3.32],
  sigma_plus_tau_910 = [4.49],
  sigma_plus_tau_101 = [5.54],
  sigma_plus_tau_102 = [6.10],
  sigma_plus_tau_103 = [4.24],
  sigma_plus_tau_104 = [5.35],
  sigma_plus_tau_105 = [4.87],
  sigma_plus_tau_106 = [4.27],
  sigma_plus_tau_107 = [4.79],
  sigma_plus_tau_108 = [4.99],
  sigma_plus_tau_109 = [3.45],
  sigma_plus_tau_1010 = [4.07],
  sigma_plus_tau_111 = [1.54],
  sigma_plus_tau_112 = [3.68],
  sigma_plus_tau_113 = [5.30],
  sigma_plus_tau_114 = [7.47],
  sigma_plus_tau_115 = [3.86],
  sigma_plus_tau_116 = [4.00],
  sigma_plus_tau_117 = [4.97],
  sigma_plus_tau_118 = [5.56],
  sigma_plus_tau_119 = [6.37],
  sigma_plus_tau_1110 = [5.17],
  sigma_plus_tau_121 = [6.62],
  sigma_plus_tau_122 = [3.38],
  sigma_plus_tau_123 = [3.08],
  sigma_plus_tau_124 = [2.66],
  sigma_plus_tau_125 = [7.18],
  sigma_plus_tau_126 = [5.02],
  sigma_plus_tau_127 = [3.44],
  sigma_plus_tau_128 = [4.36],
  sigma_plus_tau_129 = [6.48],
  sigma_plus_tau_1210 = [2.75],
  sigma_plus_tau_131 = [3.25],
  sigma_plus_tau_132 = [3.51],
  sigma_plus_tau_133 = [2.69],
  sigma_plus_tau_134 = [5.30],
  sigma_plus_tau_135 = [4.02],
  sigma_plus_tau_136 = [3.58],
  sigma_plus_tau_137 = [5.96],
  sigma_plus_tau_138 = [2.06],
  sigma_plus_tau_139 = [5.60],
  sigma_plus_tau_1310 = [2.49],
  sigma_plus_tau_141 = [3.90],
  sigma_plus_tau_142 = [4.56],
  sigma_plus_tau_143 = [4.56],
  sigma_plus_tau_144 = [3.02],
  sigma_plus_tau_145 = [6.33],
  sigma_plus_tau_146 = [2.78],
  sigma_plus_tau_147 = [5.57],
  sigma_plus_tau_148 = [2.79],
  sigma_plus_tau_149 = [5.21],
  sigma_plus_tau_1410 = [6.08],
  sigma_plus_tau_151 = [4.57],
  sigma_plus_tau_152 = [4.63],
  sigma_plus_tau_153 = [4.21],
  sigma_plus_tau_154 = [4.75],
  sigma_plus_tau_155 = [1.82],
  sigma_plus_tau_156 = [4.18],
  sigma_plus_tau_157 = [4.61],
  sigma_plus_tau_158 = [2.54],
  sigma_plus_tau_159 = [3.32],
  sigma_plus_tau_1510 = [4.08],
  sigma_plus_tau_161 = [4.68],
  sigma_plus_tau_162 = [5.68],
  sigma_plus_tau_163 = [7.61],
  sigma_plus_tau_164 = [5.23],
  sigma_plus_tau_165 = [4.60],
  sigma_plus_tau_166 = [3.02],
  sigma_plus_tau_167 = [2.20],
  sigma_plus_tau_168 = [5.60],
  sigma_plus_tau_169 = [5.47],
  sigma_plus_tau_1610 = [4.11],
  sigma_plus_tau_171 = [3.74],
  sigma_plus_tau_172 = [1.50],
  sigma_plus_tau_173 = [5.82],
  sigma_plus_tau_174 = [7.55],
  sigma_plus_tau_175 = [4.25],
  sigma_plus_tau_176 = [6.89],
  sigma_plus_tau_177 = [5.96],
  sigma_plus_tau_178 = [3.21],
  sigma_plus_tau_179 = [2.66],
  sigma_plus_tau_1710 = [5.82],
  sigma_plus_tau_181 = [2.41],
  sigma_plus_tau_182 = [3.05],
  sigma_plus_tau_183 = [4.44],
  sigma_plus_tau_184 = [4.60],
  sigma_plus_tau_185 = [2.13],
  sigma_plus_tau_186 = [4.23],
  sigma_plus_tau_187 = [4.66],
  sigma_plus_tau_188 = [6.79],
  sigma_plus_tau_189 = [3.77],
  sigma_plus_tau_1810 = [3.61],
  sigma_plus_tau_191 = [2.10],
  sigma_plus_tau_192 = [5.33],
  sigma_plus_tau_193 = [3.60],
  sigma_plus_tau_194 = [6.22],
  sigma_plus_tau_195 = [3.62],
  sigma_plus_tau_196 = [2.55],
  sigma_plus_tau_197 = [2.76],
  sigma_plus_tau_198 = [2.03],
  sigma_plus_tau_199 = [3.90],
  sigma_plus_tau_1910 = [4.84],
  sigma_plus_tau_201 = [5.36],
  sigma_plus_tau_202 = [3.07],
  sigma_plus_tau_203 = [2.56],
  sigma_plus_tau_204 = [2.75],
  sigma_plus_tau_205 = [3.63],
  sigma_plus_tau_206 = [6.35],
  sigma_plus_tau_207 = [2.66],
  sigma_plus_tau_208 = [6.69],
  sigma_plus_tau_209 = [7.01],
  sigma_plus_tau_2010 = [4.88],
]

Sigma - ¦Ó_{jk} = [
  sigma_minus_tau_11 = [-1.87],
  sigma_minus_tau_12 = [-1.54],
  sigma_minus_tau_13 = [-1.94],
  sigma_minus_tau_14 = [-1.33],
  sigma_minus_tau_15 = [-2.30],
  sigma_minus_tau_16 = [-1.28],
  sigma_minus_tau_17 = [-1.74],
  sigma_minus_tau_18 = [-1.62],
  sigma_minus_tau_19 = [-1.12],
  sigma_minus_tau_110 = [-1.57],
  sigma_minus_tau_21 = [-1.17],
  sigma_minus_tau_22 = [-1.31],
  sigma_minus_tau_23 = [-0.89],
  sigma_minus_tau_24 = [-0.76],
  sigma_minus_tau_25 = [-2.03],
  sigma_minus_tau_26 = [-1.31],
  sigma_minus_tau_27 = [-1.56],
  sigma_minus_tau_28 = [-1.78],
  sigma_minus_tau_29 = [-1.81],
  sigma_minus_tau_210 = [-2.25],
  sigma_minus_tau_31 = [-2.05],
  sigma_minus_tau_32 = [-2.03],
  sigma_minus_tau_33 = [-1.72],
  sigma_minus_tau_34 = [-1.73],
  sigma_minus_tau_35 = [-1.48],
  sigma_minus_tau_36 = [-1.10],
  sigma_minus_tau_37 = [-2.00],
  sigma_minus_tau_38 = [-1.60],
  sigma_minus_tau_39 = [-1.59],
  sigma_minus_tau_310 = [-0.80],
  sigma_minus_tau_41 = [-1.85],
  sigma_minus_tau_42 = [-1.55],
  sigma_minus_tau_43 = [-1.38],
  sigma_minus_tau_44 = [-1.26],
  sigma_minus_tau_45 = [-0.99],
  sigma_minus_tau_46 = [-0.76],
  sigma_minus_tau_47 = [-0.61],
  sigma_minus_tau_48 = [-2.49],
  sigma_minus_tau_49 = [-2.09],
  sigma_minus_tau_410 = [-1.49],
  sigma_minus_tau_51 = [-1.11],
  sigma_minus_tau_52 = [-1.89],
  sigma_minus_tau_53 = [-1.80],
  sigma_minus_tau_54 = [-0.66],
  sigma_minus_tau_55 = [-2.34],
  sigma_minus_tau_56 = [-1.46],
  sigma_minus_tau_57 = [-1.89],
  sigma_minus_tau_58 = [-2.04],
  sigma_minus_tau_59 = [-1.38],
  sigma_minus_tau_510 = [-1.97],
  sigma_minus_tau_61 = [-2.47],
  sigma_minus_tau_62 = [-2.10],
  sigma_minus_tau_63 = [-1.72],
  sigma_minus_tau_64 = [-1.44],
  sigma_minus_tau_65 = [-1.76],
  sigma_minus_tau_66 = [-0.88],
  sigma_minus_tau_67 = [-1.63],
  sigma_minus_tau_68 = [-1.57],
  sigma_minus_tau_69 = [-2.22],
  sigma_minus_tau_610 = [-1.22],
  sigma_minus_tau_71 = [-2.31],
  sigma_minus_tau_72 = [-2.10],
  sigma_minus_tau_73 = [-1.28],
  sigma_minus_tau_74 = [-1.44],
  sigma_minus_tau_75 = [-1.30],
  sigma_minus_tau_76 = [-1.49],
  sigma_minus_tau_77 = [-1.19],
  sigma_minus_tau_78 = [-1.12],
  sigma_minus_tau_79 = [-2.54],
  sigma_minus_tau_710 = [-1.61],
  sigma_minus_tau_81 = [-2.47],
  sigma_minus_tau_82 = [-0.72],
  sigma_minus_tau_83 = [-1.35],
  sigma_minus_tau_84 = [-1.40],
  sigma_minus_tau_85 = [-2.36],
  sigma_minus_tau_86 = [-2.03],
  sigma_minus_tau_87 = [-1.13],
  sigma_minus_tau_88 = [-2.35],
  sigma_minus_tau_89 = [-1.80],
  sigma_minus_tau_810 = [-1.72],
  sigma_minus_tau_91 = [-1.15],
  sigma_minus_tau_92 = [-2.15],
  sigma_minus_tau_93 = [-2.11],
  sigma_minus_tau_94 = [-1.74],
  sigma_minus_tau_95 = [-1.85],
  sigma_minus_tau_96 = [-1.58],
  sigma_minus_tau_97 = [-0.68],
  sigma_minus_tau_98 = [-2.32],
  sigma_minus_tau_99 = [-1.11],
  sigma_minus_tau_910 = [-1.50],
  sigma_minus_tau_101 = [-1.85],
  sigma_minus_tau_102 = [-2.03],
  sigma_minus_tau_103 = [-1.41],
  sigma_minus_tau_104 = [-1.78],
  sigma_minus_tau_105 = [-1.62],
  sigma_minus_tau_106 = [-1.42],
  sigma_minus_tau_107 = [-1.60],
  sigma_minus_tau_108 = [-1.66],
  sigma_minus_tau_109 = [-1.15],
  sigma_minus_tau_1010 = [-1.36],
  sigma_minus_tau_111 = [-0.51],
  sigma_minus_tau_112 = [-1.23],
  sigma_minus_tau_113 = [-1.77],
  sigma_minus_tau_114 = [-2.49],
  sigma_minus_tau_115 = [-1.29],
  sigma_minus_tau_116 = [-1.33],
  sigma_minus_tau_117 = [-1.66],
  sigma_minus_tau_118 = [-1.85],
  sigma_minus_tau_119 = [-2.12],
  sigma_minus_tau_1110 = [-1.72],
  sigma_minus_tau_121 = [-2.21],
  sigma_minus_tau_122 = [-1.13],
  sigma_minus_tau_123 = [-1.03],
  sigma_minus_tau_124 = [-0.89],
  sigma_minus_tau_125 = [-2.39],
  sigma_minus_tau_126 = [-1.67],
  sigma_minus_tau_127 = [-1.15],
  sigma_minus_tau_128 = [-1.45],
  sigma_minus_tau_129 = [-2.16],
  sigma_minus_tau_1210 = [-0.92],
  sigma_minus_tau_131 = [-1.08],
  sigma_minus_tau_132 = [-1.17],
  sigma_minus_tau_133 = [-0.90],
  sigma_minus_tau_134 = [-1.77],
  sigma_minus_tau_135 = [-1.34],
  sigma_minus_tau_136 = [-1.19],
  sigma_minus_tau_137 = [-1.99],
  sigma_minus_tau_138 = [-0.69],
  sigma_minus_tau_139 = [-1.87],
  sigma_minus_tau_1310 = [-0.83],
  sigma_minus_tau_141 = [-1.30],
  sigma_minus_tau_142 = [-1.52],
  sigma_minus_tau_143 = [-1.52],
  sigma_minus_tau_144 = [-1.01],
  sigma_minus_tau_145 = [-2.11],
  sigma_minus_tau_146 = [-0.93],
  sigma_minus_tau_147 = [-1.86],
  sigma_minus_tau_148 = [-0.93],
  sigma_minus_tau_149 = [-1.74],
  sigma_minus_tau_1410 = [-2.03],
  sigma_minus_tau_151 = [-1.52],
  sigma_minus_tau_152 = [-1.54],
  sigma_minus_tau_153 = [-1.40],
  sigma_minus_tau_154 = [-1.58],
  sigma_minus_tau_155 = [-0.61],
  sigma_minus_tau_156 = [-1.39],
  sigma_minus_tau_157 = [-1.54],
  sigma_minus_tau_158 = [-0.85],
  sigma_minus_tau_159 = [-1.11],
  sigma_minus_tau_1510 = [-1.36],
  sigma_minus_tau_161 = [-1.56],
  sigma_minus_tau_162 = [-1.89],
  sigma_minus_tau_163 = [-2.54],
  sigma_minus_tau_164 = [-1.74],
  sigma_minus_tau_165 = [-1.53],
  sigma_minus_tau_166 = [-1.01],
  sigma_minus_tau_167 = [-0.73],
  sigma_minus_tau_168 = [-1.87],
  sigma_minus_tau_169 = [-1.82],
  sigma_minus_tau_1610 = [-1.37],
  sigma_minus_tau_171 = [-1.25],
  sigma_minus_tau_172 = [-0.50],
  sigma_minus_tau_173 = [-1.94],
  sigma_minus_tau_174 = [-2.52],
  sigma_minus_tau_175 = [-1.42],
  sigma_minus_tau_176 = [-2.30],
  sigma_minus_tau_177 = [-1.99],
  sigma_minus_tau_178 = [-1.07],
  sigma_minus_tau_179 = [-0.89],
  sigma_minus_tau_1710 = [-1.94],
  sigma_minus_tau_181 = [-0.80],
  sigma_minus_tau_182 = [-1.02],
  sigma_minus_tau_183 = [-1.48],
  sigma_minus_tau_184 = [-1.53],
  sigma_minus_tau_185 = [-0.71],
  sigma_minus_tau_186 = [-1.41],
  sigma_minus_tau_187 = [-1.55],
  sigma_minus_tau_188 = [-2.26],
  sigma_minus_tau_189 = [-1.26],
  sigma_minus_tau_1810 = [-1.20],
  sigma_minus_tau_191 = [-0.70],
  sigma_minus_tau_192 = [-1.78],
  sigma_minus_tau_193 = [-1.20],
  sigma_minus_tau_194 = [-2.07],
  sigma_minus_tau_195 = [-1.21],
  sigma_minus_tau_196 = [-0.85],
  sigma_minus_tau_197 = [-0.92],
  sigma_minus_tau_198 = [-0.68],
  sigma_minus_tau_199 = [-1.30],
  sigma_minus_tau_1910 = [-1.61],
  sigma_minus_tau_201 = [-1.79],
  sigma_minus_tau_202 = [-1.02],
  sigma_minus_tau_203 = [-0.85],
  sigma_minus_tau_204 = [-0.92],
  sigma_minus_tau_205 = [-1.21],
  sigma_minus_tau_206 = [-2.12],
  sigma_minus_tau_207 = [-0.89],
  sigma_minus_tau_208 = [-2.23],
  sigma_minus_tau_209 = [-2.34],
  sigma_minus_tau_2010 = [-1.63],
]

Probabilities (p_s) = [
0.10, 0.10, 0.10, 0.10, 0.10, 0.10, 0.10, 0.10, 0.10, 0.10
]

c_bar = 5.65
