Jobs = 20
Machines = 10
Scenarios = 10

Ready Times (rj) = [
0.00, 0.00, 0.00, 0.00, 0.00, 0.00, 0.00, 0.00, 0.00, 0.00, 0.00, 0.00, 0.00, 0.00, 0.00, 0.00, 0.00, 0.00, 0.00, 0.00
]

Transportation Times (tjk^s) = [
  tjk_11 = [4.03, 3.65, 1.38, 2.60, 4.04, 4.82, 2.19, 4.30, 3.91, 3.29],
  tjk_12 = [4.31, 2.09, 3.05, 2.32, 2.03, 1.95, 2.04, 2.10, 1.96, 2.21],
  tjk_13 = [3.50, 2.86, 2.87, 1.72, 2.57, 3.00, 3.66, 1.37, 1.07, 2.87],
  tjk_14 = [1.11, 1.49, 0.89, 1.18, 1.00, 0.99, 1.31, 1.04, 3.99, 1.06],
  tjk_15 = [3.18, 3.97, 4.32, 5.28, 6.52, 4.60, 2.14, 4.52, 1.49, 2.97],
  tjk_16 = [3.75, 2.95, 2.79, 3.31, 2.72, 2.28, 3.84, 3.38, 2.53, 1.97],
  tjk_17 = [2.21, 1.65, 2.31, 1.65, 1.77, 1.69, 2.79, 2.06, 2.69, 1.66],
  tjk_18 = [1.56, 3.00, 2.73, 3.43, 3.37, 2.28, 3.48, 2.88, 3.37, 3.11],
  tjk_19 = [2.81, 1.86, 1.07, 2.96, 2.70, 4.87, 2.51, 3.33, 1.80, 4.43],
  tjk_110 = [1.39, 6.19, 5.78, 5.91, 2.95, 5.31, 1.84, 2.72, 4.23, 4.97],
  tjk_21 = [3.54, 4.40, 3.57, 3.77, 3.94, 4.02, 1.04, 3.23, 3.92, 3.74],
  tjk_22 = [4.42, 5.26, 4.75, 3.08, 3.59, 2.58, 5.19, 5.18, 4.09, 4.12],
  tjk_23 = [4.67, 4.63, 4.67, 5.22, 5.47, 5.19, 3.38, 4.48, 3.72, 5.43],
  tjk_24 = [2.02, 2.13, 4.55, 2.11, 2.09, 1.80, 4.06, 2.04, 2.35, 2.08],
  tjk_25 = [1.76, 4.39, 3.46, 4.17, 3.50, 4.34, 4.22, 4.12, 2.90, 4.13],
  tjk_26 = [1.80, 2.10, 2.02, 1.84, 3.04, 2.27, 1.89, 1.95, 1.95, 3.72],
  tjk_27 = [3.37, 3.69, 4.49, 2.88, 4.99, 3.21, 3.82, 1.84, 3.26, 4.23],
  tjk_28 = [1.48, 2.49, 1.86, 3.28, 2.88, 2.86, 2.95, 2.51, 4.02, 3.42],
  tjk_29 = [3.32, 4.53, 2.99, 2.88, 3.68, 3.43, 2.87, 3.04, 2.79, 2.91],
  tjk_210 = [4.01, 4.68, 2.22, 3.97, 3.26, 2.26, 1.26, 3.86, 4.00, 3.21],
  tjk_31 = [3.44, 2.73, 2.93, 3.04, 3.04, 3.10, 3.09, 2.46, 3.70, 3.71],
  tjk_32 = [3.02, 2.60, 3.11, 2.71, 1.54, 2.91, 2.15, 3.67, 3.10, 2.78],
  tjk_33 = [4.96, 0.99, 0.90, 1.07, 1.01, 0.92, 1.17, 1.03, 1.08, 0.97],
  tjk_34 = [3.83, 1.68, 3.81, 4.68, 4.12, 3.17, 4.55, 4.08, 3.97, 1.02],
  tjk_35 = [1.99, 1.99, 2.04, 2.47, 1.80, 4.62, 3.98, 2.42, 2.44, 3.27],
  tjk_36 = [3.83, 3.86, 3.88, 4.21, 3.60, 4.16, 3.40, 4.91, 1.99, 3.90],
  tjk_37 = [4.47, 2.25, 1.66, 1.95, 2.12, 1.66, 1.86, 2.12, 1.93, 1.97],
  tjk_38 = [1.05, 2.09, 0.94, 0.97, 0.98, 1.01, 0.99, 1.20, 0.84, 0.94],
  tjk_39 = [4.51, 0.90, 3.04, 0.93, 1.01, 1.09, 0.89, 1.02, 1.10, 1.11],
  tjk_310 = [5.21, 4.98, 4.11, 5.69, 3.99, 4.53, 4.74, 4.93, 5.14, 4.16],
  tjk_41 = [3.14, 1.98, 1.89, 1.90, 2.02, 1.95, 3.33, 1.24, 2.08, 2.18],
  tjk_42 = [2.54, 2.04, 2.37, 1.82, 2.01, 2.54, 1.83, 1.76, 1.88, 1.68],
  tjk_43 = [1.81, 1.96, 2.10, 4.24, 1.26, 1.97, 2.22, 2.11, 2.28, 2.01],
  tjk_44 = [1.98, 2.19, 1.89, 2.06, 1.86, 3.64, 2.14, 4.88, 4.59, 4.29],
  tjk_45 = [3.54, 1.40, 2.64, 3.56, 2.53, 2.81, 2.90, 1.18, 3.49, 3.31],
  tjk_46 = [2.85, 2.75, 2.65, 2.65, 3.00, 2.93, 1.97, 2.74, 3.05, 4.63],
  tjk_47 = [5.93, 4.66, 4.87, 4.98, 4.35, 1.63, 5.25, 5.43, 4.98, 5.56],
  tjk_48 = [1.15, 1.99, 3.56, 3.95, 3.63, 2.04, 2.04, 2.22, 2.18, 1.78],
  tjk_49 = [1.73, 2.20, 2.54, 1.93, 2.39, 2.10, 2.00, 2.33, 2.01, 3.24],
  tjk_410 = [0.94, 0.92, 1.00, 0.97, 1.03, 2.87, 1.53, 3.88, 0.90, 2.32],
  tjk_51 = [7.00, 1.49, 4.84, 5.50, 4.45, 4.79, 3.37, 5.30, 5.51, 4.48],
  tjk_52 = [1.08, 2.25, 3.77, 1.12, 1.04, 1.02, 1.02, 1.03, 1.60, 4.11],
  tjk_53 = [2.95, 2.33, 1.16, 3.16, 3.11, 3.12, 3.14, 2.66, 3.08, 1.51],
  tjk_54 = [2.80, 3.16, 1.48, 3.45, 2.83, 2.70, 2.77, 2.94, 2.97, 2.83],
  tjk_55 = [3.95, 3.61, 4.77, 3.93, 4.15, 3.75, 1.22, 4.10, 3.60, 4.00],
  tjk_56 = [4.89, 2.09, 1.85, 3.10, 2.13, 4.76, 3.46, 2.25, 1.79, 1.35],
  tjk_57 = [5.50, 2.17, 5.30, 1.43, 1.07, 5.75, 4.38, 4.66, 5.28, 4.69],
  tjk_58 = [4.13, 1.53, 3.91, 2.41, 1.02, 2.09, 3.19, 4.53, 3.34, 4.38],
  tjk_59 = [0.94, 0.87, 0.97, 1.00, 1.04, 1.05, 1.15, 1.03, 1.00, 0.95],
  tjk_510 = [1.17, 3.85, 1.04, 1.06, 1.01, 1.05, 1.04, 1.01, 2.78, 1.05],
  tjk_61 = [2.89, 4.66, 3.05, 1.22, 3.25, 2.23, 3.23, 3.19, 2.49, 2.84],
  tjk_62 = [0.93, 2.78, 4.46, 1.02, 1.06, 1.16, 0.99, 1.44, 0.86, 3.42],
  tjk_63 = [3.61, 3.02, 2.46, 3.09, 3.14, 3.26, 3.11, 3.06, 3.45, 3.23],
  tjk_64 = [4.95, 3.61, 3.05, 3.26, 2.93, 3.03, 3.19, 2.09, 2.52, 3.12],
  tjk_65 = [2.09, 1.92, 1.84, 2.06, 4.59, 3.53, 1.91, 2.30, 2.27, 2.12],
  tjk_66 = [5.77, 2.60, 4.35, 2.67, 4.70, 4.90, 6.21, 5.48, 2.62, 5.19],
  tjk_67 = [3.24, 1.84, 4.17, 3.68, 3.58, 2.45, 3.72, 4.07, 4.07, 3.63],
  tjk_68 = [1.04, 1.50, 1.03, 0.99, 1.06, 1.02, 3.61, 3.77, 1.00, 3.39],
  tjk_69 = [3.06, 4.48, 3.09, 3.52, 3.18, 1.48, 3.23, 2.84, 1.43, 3.07],
  tjk_610 = [0.91, 0.92, 0.80, 0.95, 1.01, 1.01, 1.01, 1.08, 1.90, 1.04],
  tjk_71 = [4.24, 3.40, 2.76, 2.98, 4.97, 2.62, 1.28, 1.32, 3.39, 3.17],
  tjk_72 = [3.95, 2.67, 1.07, 0.91, 4.58, 3.61, 1.07, 1.01, 2.27, 1.01],
  tjk_73 = [2.72, 4.06, 1.02, 0.87, 4.42, 1.03, 2.40, 1.08, 1.04, 1.03],
  tjk_74 = [2.38, 2.40, 1.91, 2.05, 1.63, 2.24, 1.94, 3.20, 2.07, 2.16],
  tjk_75 = [2.66, 2.89, 4.29, 2.57, 3.08, 3.94, 4.55, 2.74, 3.14, 2.95],
  tjk_76 = [2.23, 4.08, 2.17, 1.79, 1.64, 2.03, 1.89, 1.90, 1.73, 1.93],
  tjk_77 = [2.47, 2.98, 2.48, 2.86, 4.60, 2.67, 3.37, 1.99, 3.01, 2.82],
  tjk_78 = [3.71, 1.54, 2.74, 2.59, 2.93, 3.09, 2.70, 3.40, 3.10, 2.63],
  tjk_79 = [2.21, 1.99, 2.02, 1.66, 1.96, 2.02, 2.34, 1.85, 2.03, 1.91],
  tjk_710 = [3.96, 3.60, 3.46, 3.84, 4.13, 4.08, 3.41, 3.70, 3.94, 4.65],
  tjk_81 = [2.86, 4.44, 2.91, 3.39, 3.11, 4.04, 2.58, 2.97, 2.45, 3.40],
  tjk_82 = [3.53, 2.41, 1.74, 1.49, 2.35, 2.04, 1.77, 1.97, 2.02, 1.80],
  tjk_83 = [1.52, 1.85, 1.76, 1.73, 1.82, 1.78, 2.24, 1.94, 2.14, 4.45],
  tjk_84 = [4.66, 5.25, 4.81, 1.81, 3.06, 5.46, 4.75, 2.32, 4.72, 2.36],
  tjk_85 = [5.54, 4.12, 2.42, 4.92, 2.65, 5.05, 4.61, 1.48, 4.15, 4.71],
  tjk_86 = [3.30, 2.16, 1.30, 2.11, 2.38, 2.18, 2.03, 2.13, 2.13, 1.69],
  tjk_87 = [3.66, 4.09, 2.15, 4.91, 4.09, 4.31, 4.20, 4.28, 2.50, 4.03],
  tjk_88 = [4.17, 0.99, 0.90, 1.03, 4.99, 1.82, 0.97, 2.51, 1.04, 0.94],
  tjk_89 = [2.10, 4.15, 4.65, 4.30, 2.97, 4.36, 3.81, 3.76, 4.21, 4.55],
  tjk_810 = [4.55, 1.07, 4.47, 5.69, 4.81, 5.43, 4.32, 2.14, 6.43, 1.86],
  tjk_91 = [1.91, 2.51, 2.23, 4.62, 2.14, 1.83, 2.10, 2.08, 1.81, 2.17],
  tjk_92 = [3.52, 2.79, 3.42, 3.02, 1.63, 2.08, 3.00, 3.12, 4.93, 1.12],
  tjk_93 = [3.52, 2.12, 2.03, 4.90, 2.46, 1.62, 2.24, 2.07, 3.29, 1.66],
  tjk_94 = [1.83, 1.91, 1.77, 1.62, 1.84, 1.87, 1.92, 1.90, 2.11, 1.98],
  tjk_95 = [1.53, 0.96, 0.98, 1.97, 1.03, 0.96, 2.08, 2.17, 1.10, 1.29],
  tjk_96 = [4.69, 4.80, 4.58, 1.88, 5.38, 2.06, 5.07, 1.94, 5.08, 5.03],
  tjk_97 = [1.14, 4.54, 1.05, 4.02, 0.92, 0.93, 1.17, 1.30, 1.87, 0.92],
  tjk_98 = [2.25, 2.82, 2.07, 1.69, 1.83, 2.33, 2.49, 1.79, 1.73, 1.52],
  tjk_99 = [4.82, 5.39, 3.29, 1.77, 4.69, 4.49, 4.96, 4.55, 5.80, 5.48],
  tjk_910 = [4.61, 4.26, 1.95, 3.72, 2.87, 1.91, 5.38, 4.32, 3.33, 5.36],
  tjk_101 = [2.71, 3.19, 3.14, 2.72, 3.46, 4.34, 3.77, 3.06, 3.21, 3.89],
  tjk_102 = [1.13, 1.06, 3.25, 4.66, 4.77, 1.09, 0.94, 1.10, 0.86, 2.87],
  tjk_103 = [3.21, 3.39, 3.35, 3.33, 2.35, 4.63, 2.93, 2.75, 2.97, 2.94],
  tjk_104 = [3.21, 5.44, 2.19, 3.17, 2.84, 5.21, 5.65, 5.22, 5.15, 4.19],
  tjk_105 = [3.15, 2.49, 1.89, 2.85, 2.91, 2.95, 3.54, 3.69, 2.33, 2.96],
  tjk_106 = [2.46, 3.84, 3.59, 4.14, 4.74, 4.04, 4.24, 4.70, 2.98, 4.83],
  tjk_107 = [4.97, 4.59, 2.32, 5.09, 5.08, 4.44, 4.95, 5.18, 4.54, 4.97],
  tjk_108 = [5.21, 4.22, 1.63, 3.60, 5.22, 5.13, 4.95, 1.71, 4.70, 2.88],
  tjk_109 = [2.76, 3.41, 2.86, 3.06, 2.56, 1.47, 3.18, 2.74, 2.92, 2.55],
  tjk_1010 = [3.14, 1.52, 3.45, 2.47, 2.97, 2.49, 2.03, 2.89, 3.38, 2.86],
  tjk_111 = [4.94, 5.13, 6.19, 5.36, 2.30, 4.24, 5.04, 4.65, 4.18, 2.57],
  tjk_112 = [1.01, 1.00, 0.99, 0.95, 0.94, 1.77, 0.87, 3.67, 0.94, 1.01],
  tjk_113 = [4.61, 4.14, 4.48, 4.55, 5.13, 4.17, 5.10, 5.83, 5.03, 4.39],
  tjk_114 = [3.88, 3.99, 4.09, 3.89, 3.42, 2.95, 3.70, 4.03, 4.44, 4.13],
  tjk_115 = [0.92, 4.89, 0.96, 0.90, 1.02, 0.94, 4.43, 0.96, 1.04, 1.04],
  tjk_116 = [1.91, 2.17, 1.94, 2.08, 1.71, 1.82, 2.23, 2.22, 2.43, 1.73],
  tjk_117 = [2.78, 3.08, 2.83, 2.44, 4.81, 2.72, 3.36, 3.17, 3.23, 3.83],
  tjk_118 = [1.13, 1.06, 0.91, 1.10, 1.10, 1.24, 3.90, 1.05, 1.20, 1.00],
  tjk_119 = [1.05, 2.86, 3.25, 4.24, 2.95, 2.85, 3.74, 2.36, 2.83, 2.69],
  tjk_1110 = [4.01, 1.36, 4.85, 3.63, 4.83, 4.69, 3.96, 2.31, 4.41, 3.60],
  tjk_121 = [4.38, 3.89, 4.51, 3.33, 4.37, 4.00, 4.07, 3.59, 3.31, 4.04],
  tjk_122 = [2.95, 1.06, 1.03, 1.00, 3.78, 3.10, 0.80, 4.17, 4.70, 1.04],
  tjk_123 = [3.01, 4.62, 4.96, 3.35, 3.97, 3.34, 3.98, 4.70, 4.55, 2.70],
  tjk_124 = [1.68, 4.50, 1.06, 2.89, 2.99, 3.28, 3.06, 2.97, 4.96, 2.16],
  tjk_125 = [1.07, 3.15, 3.99, 3.11, 2.98, 3.20, 2.62, 3.28, 2.26, 2.08],
  tjk_126 = [2.62, 2.81, 3.05, 3.45, 3.01, 3.13, 2.93, 3.42, 3.56, 1.93],
  tjk_127 = [2.98, 4.49, 1.26, 0.98, 0.93, 1.14, 0.98, 3.99, 1.90, 1.15],
  tjk_128 = [1.31, 3.12, 3.11, 2.75, 2.13, 2.06, 1.93, 2.28, 1.29, 2.03],
  tjk_129 = [4.44, 2.34, 3.71, 4.51, 4.98, 1.34, 5.46, 4.95, 4.42, 4.45],
  tjk_1210 = [5.09, 4.48, 4.90, 6.01, 1.77, 4.88, 4.85, 2.15, 4.28, 4.08],
  tjk_131 = [5.49, 3.60, 2.59, 4.35, 3.61, 5.57, 6.08, 4.70, 1.81, 5.16],
  tjk_132 = [3.00, 2.82, 4.91, 2.87, 2.73, 4.62, 3.26, 4.93, 3.47, 2.65],
  tjk_133 = [1.58, 1.07, 1.21, 1.01, 1.03, 1.14, 0.97, 4.47, 0.94, 2.10],
  tjk_134 = [3.68, 4.41, 4.08, 4.03, 4.40, 3.74, 4.45, 3.23, 2.43, 3.99],
  tjk_135 = [2.66, 4.99, 3.15, 2.32, 3.24, 2.90, 3.36, 3.47, 3.36, 3.39],
  tjk_136 = [4.29, 4.64, 0.94, 1.07, 0.86, 1.03, 2.63, 0.95, 0.98, 4.54],
  tjk_137 = [1.08, 0.96, 2.45, 1.12, 0.96, 0.94, 0.88, 1.14, 2.96, 3.09],
  tjk_138 = [5.30, 3.94, 4.96, 4.69, 1.82, 4.24, 4.80, 4.91, 3.92, 2.09],
  tjk_139 = [3.89, 3.37, 3.41, 4.44, 3.89, 3.07, 2.54, 2.94, 3.37, 2.95],
  tjk_1310 = [4.11, 3.31, 3.04, 2.27, 3.05, 1.60, 2.86, 2.66, 3.44, 2.65],
  tjk_141 = [4.99, 5.78, 4.54, 4.68, 5.28, 5.33, 3.31, 4.84, 5.96, 2.27],
  tjk_142 = [0.95, 0.86, 0.98, 0.99, 4.03, 0.96, 1.40, 1.17, 4.06, 0.97],
  tjk_143 = [5.56, 4.85, 4.65, 1.75, 3.99, 5.09, 5.07, 4.68, 4.14, 5.51],
  tjk_144 = [1.68, 1.06, 0.83, 1.42, 1.07, 0.93, 1.06, 0.83, 0.93, 0.99],
  tjk_145 = [1.84, 2.72, 2.08, 2.00, 1.57, 2.15, 1.94, 4.27, 2.03, 1.86],
  tjk_146 = [2.08, 2.15, 2.00, 1.32, 2.49, 4.22, 2.35, 2.11, 2.79, 1.84],
  tjk_147 = [4.22, 4.19, 4.94, 3.76, 3.88, 2.81, 3.65, 3.42, 3.89, 4.46],
  tjk_148 = [3.47, 1.69, 4.26, 1.39, 3.14, 4.43, 4.16, 4.19, 4.00, 4.16],
  tjk_149 = [2.60, 3.30, 3.12, 2.80, 1.43, 3.61, 3.66, 2.54, 2.30, 3.03],
  tjk_1410 = [3.96, 2.60, 1.94, 1.25, 4.07, 4.97, 1.94, 1.75, 1.59, 3.71],
  tjk_151 = [3.87, 3.59, 0.95, 0.94, 1.13, 0.96, 1.07, 0.97, 0.98, 1.28],
  tjk_152 = [2.77, 2.80, 3.27, 3.64, 3.45, 2.72, 3.41, 2.60, 3.11, 3.06],
  tjk_153 = [4.20, 1.01, 1.03, 0.75, 0.93, 1.40, 2.40, 4.07, 1.06, 0.87],
  tjk_154 = [2.12, 2.86, 2.95, 4.98, 2.99, 2.95, 3.43, 3.47, 2.80, 3.05],
  tjk_155 = [1.16, 0.99, 0.98, 4.61, 4.65, 0.99, 1.05, 0.91, 1.05, 0.94],
  tjk_156 = [3.11, 2.79, 1.30, 3.84, 3.33, 2.85, 3.21, 2.89, 3.20, 4.32],
  tjk_157 = [3.05, 4.46, 4.95, 2.46, 2.94, 3.19, 2.69, 4.74, 2.41, 2.52],
  tjk_158 = [0.87, 0.90, 1.20, 1.01, 1.13, 1.07, 1.06, 0.91, 0.87, 0.96],
  tjk_159 = [1.56, 0.97, 5.00, 0.99, 1.08, 0.90, 1.74, 0.95, 0.91, 0.98],
  tjk_1510 = [4.38, 0.98, 1.09, 1.13, 2.44, 1.05, 0.98, 0.90, 0.99, 1.03],
  tjk_161 = [5.04, 2.87, 4.67, 5.51, 2.52, 5.10, 4.86, 4.66, 4.24, 5.02],
  tjk_162 = [4.61, 4.14, 2.40, 3.76, 4.08, 3.57, 3.68, 3.84, 4.00, 3.34],
  tjk_163 = [3.91, 4.90, 4.73, 4.66, 5.65, 4.78, 4.97, 1.87, 5.39, 2.10],
  tjk_164 = [3.45, 4.11, 4.50, 3.29, 4.95, 2.09, 4.36, 1.11, 3.83, 1.15],
  tjk_165 = [0.94, 1.03, 1.07, 1.12, 1.08, 4.65, 1.03, 0.92, 3.51, 3.44],
  tjk_166 = [5.27, 1.99, 2.86, 3.96, 4.70, 4.10, 5.44, 5.54, 4.82, 1.59],
  tjk_167 = [4.54, 5.14, 3.37, 3.97, 3.47, 3.66, 1.37, 2.95, 3.55, 2.41],
  tjk_168 = [0.84, 0.91, 1.16, 1.04, 0.97, 2.07, 1.08, 0.87, 1.69, 1.06],
  tjk_169 = [1.00, 4.32, 2.11, 1.44, 1.08, 4.00, 1.02, 0.91, 1.82, 1.11],
  tjk_1610 = [1.88, 1.83, 2.48, 1.30, 2.09, 2.98, 1.83, 1.71, 3.01, 4.23],
  tjk_171 = [2.95, 3.75, 1.14, 2.90, 2.65, 2.84, 4.31, 3.16, 3.52, 2.89],
  tjk_172 = [1.09, 0.91, 0.91, 1.13, 1.07, 4.79, 1.13, 3.33, 1.02, 0.93],
  tjk_173 = [2.83, 2.33, 3.13, 3.26, 4.26, 3.27, 3.21, 2.81, 3.16, 2.94],
  tjk_174 = [2.13, 1.94, 4.28, 2.22, 4.79, 3.30, 1.55, 3.96, 3.96, 3.83],
  tjk_175 = [4.49, 5.65, 4.57, 4.38, 3.73, 4.98, 1.85, 4.52, 4.65, 4.90],
  tjk_176 = [0.95, 2.70, 1.00, 1.10, 1.12, 0.91, 0.76, 0.96, 1.57, 1.08],
  tjk_177 = [1.62, 1.13, 1.29, 1.06, 1.09, 2.87, 0.88, 1.11, 1.61, 0.98],
  tjk_178 = [4.16, 3.40, 2.59, 2.77, 2.91, 3.29, 2.75, 3.06, 2.74, 2.45],
  tjk_179 = [3.56, 3.52, 3.66, 3.93, 4.34, 4.27, 3.69, 1.24, 1.50, 3.81],
  tjk_1710 = [1.01, 0.89, 0.92, 0.95, 2.16, 2.21, 1.01, 2.84, 1.25, 0.93],
  tjk_181 = [1.29, 1.72, 2.84, 3.83, 4.32, 3.82, 2.52, 4.25, 3.13, 4.68],
  tjk_182 = [3.08, 1.15, 0.88, 1.00, 1.01, 1.07, 3.66, 0.84, 0.90, 0.88],
  tjk_183 = [2.04, 2.37, 1.85, 3.91, 1.92, 2.34, 2.44, 1.53, 1.84, 1.98],
  tjk_184 = [1.47, 1.86, 4.84, 2.04, 2.46, 2.48, 1.87, 2.33, 4.80, 2.30],
  tjk_185 = [2.34, 2.98, 3.37, 3.32, 2.93, 2.66, 3.05, 3.19, 4.72, 3.21],
  tjk_186 = [1.11, 3.92, 1.10, 4.63, 4.38, 1.03, 1.07, 1.08, 0.99, 1.08],
  tjk_187 = [1.14, 1.02, 2.69, 1.17, 1.07, 1.14, 0.91, 2.91, 1.08, 4.91],
  tjk_188 = [0.88, 4.63, 3.23, 3.44, 0.98, 0.99, 0.87, 0.98, 1.01, 4.46],
  tjk_189 = [2.19, 2.10, 2.58, 3.90, 2.57, 2.24, 2.07, 2.09, 2.01, 1.41],
  tjk_1810 = [2.12, 4.58, 1.95, 2.15, 2.08, 1.80, 2.06, 4.55, 3.54, 2.14],
  tjk_191 = [1.13, 2.92, 0.84, 2.21, 0.95, 1.14, 0.92, 1.07, 0.99, 4.58],
  tjk_192 = [3.31, 1.99, 3.43, 2.96, 3.14, 2.93, 4.50, 3.05, 2.92, 2.85],
  tjk_193 = [1.69, 2.50, 1.97, 1.94, 2.24, 3.59, 1.75, 1.82, 1.60, 2.95],
  tjk_194 = [2.06, 3.22, 1.89, 2.39, 2.97, 1.94, 2.03, 2.95, 1.68, 2.05],
  tjk_195 = [3.33, 2.60, 2.71, 2.69, 3.05, 3.62, 2.87, 2.97, 2.98, 4.80],
  tjk_196 = [5.24, 2.91, 4.14, 1.27, 3.99, 3.79, 4.25, 3.64, 4.08, 1.23],
  tjk_197 = [2.11, 3.86, 3.95, 3.48, 3.96, 4.07, 4.19, 4.02, 4.99, 4.19],
  tjk_198 = [2.06, 1.82, 1.55, 2.17, 1.86, 1.97, 1.79, 2.13, 3.91, 1.73],
  tjk_199 = [1.12, 0.84, 1.83, 1.05, 1.10, 3.03, 1.05, 1.22, 3.91, 1.19],
  tjk_1910 = [2.72, 2.87, 2.74, 2.14, 4.67, 1.62, 3.64, 3.23, 2.82, 3.26],
  tjk_201 = [1.28, 4.03, 1.88, 4.10, 4.48, 3.68, 1.82, 2.88, 3.70, 3.57],
  tjk_202 = [3.24, 4.13, 4.31, 4.30, 4.19, 3.81, 3.94, 3.87, 3.85, 3.94],
  tjk_203 = [1.16, 3.23, 2.78, 3.17, 3.13, 3.15, 4.83, 4.89, 2.81, 3.07],
  tjk_204 = [3.22, 2.76, 4.77, 2.69, 1.23, 4.95, 3.18, 4.08, 2.85, 2.57],
  tjk_205 = [4.93, 2.66, 4.47, 5.16, 4.15, 4.73, 5.58, 5.51, 5.25, 4.49],
  tjk_206 = [4.83, 3.77, 5.26, 4.87, 5.50, 3.85, 2.58, 3.99, 5.58, 2.30],
  tjk_207 = [5.03, 3.21, 3.67, 4.97, 4.49, 4.21, 4.94, 4.10, 4.11, 2.00],
  tjk_208 = [2.86, 4.71, 4.05, 4.61, 3.95, 2.60, 3.50, 2.51, 4.35, 3.57],
  tjk_209 = [4.20, 2.11, 3.08, 3.46, 4.18, 3.79, 4.19, 3.88, 3.70, 3.61],
  tjk_2010 = [3.10, 2.99, 2.81, 2.54, 3.27, 3.03, 2.95, 2.97, 4.80, 3.11],
]

Service Times (¦Î_{jk}^s) = [
  xi_11 = [4.08, 5.35, 2.65, 3.96, 4.96, 4.96, 5.38, 8.51, 4.68, 4.99],
  xi_12 = [5.67, 1.94, 5.86, 6.12, 4.01, 5.78, 5.87, 7.23, 6.14, 8.65],
  xi_13 = [4.54, 5.69, 5.57, 4.68, 6.44, 5.88, 5.30, 6.76, 4.74, 4.79],
  xi_14 = [2.10, 2.29, 1.87, 2.03, 1.85, 2.11, 1.83, 8.72, 1.69, 1.99],
  xi_15 = [0.97, 1.04, 1.21, 1.07, 3.20, 5.10, 6.49, 7.93, 1.19, 4.68],
  xi_16 = [4.05, 3.98, 3.97, 4.62, 4.21, 4.95, 9.89, 4.48, 3.60, 5.60],
  xi_17 = [5.08, 4.53, 5.76, 6.50, 6.18, 9.92, 2.77, 6.70, 8.06, 4.34],
  xi_18 = [0.92, 7.32, 1.02, 9.87, 7.87, 8.99, 1.03, 0.99, 4.75, 0.92],
  xi_19 = [8.40, 8.80, 4.45, 5.06, 4.43, 4.56, 6.01, 5.09, 5.31, 4.87],
  xi_110 = [9.73, 11.41, 9.51, 10.68, 10.13, 10.33, 11.16, 5.66, 10.19, 10.15],
  xi_21 = [3.00, 8.93, 3.12, 3.06, 3.31, 3.36, 3.59, 3.01, 2.76, 8.12],
  xi_22 = [1.00, 0.98, 0.99, 3.60, 4.02, 0.97, 0.82, 1.14, 9.47, 5.34],
  xi_23 = [6.61, 7.07, 2.91, 8.20, 7.81, 6.21, 7.80, 8.65, 4.51, 7.65],
  xi_24 = [7.17, 9.93, 8.99, 8.75, 7.11, 9.35, 3.88, 8.84, 7.58, 9.45],
  xi_25 = [5.58, 3.25, 6.53, 1.53, 5.17, 5.03, 6.17, 5.53, 7.06, 1.24],
  xi_26 = [2.35, 4.62, 8.35, 1.96, 1.92, 2.27, 7.67, 7.03, 2.44, 1.63],
  xi_27 = [10.69, 9.27, 8.88, 10.19, 9.87, 9.37, 9.65, 11.02, 3.44, 9.75],
  xi_28 = [5.75, 4.71, 5.18, 9.10, 6.20, 5.13, 7.84, 4.16, 7.80, 4.86],
  xi_29 = [1.23, 4.07, 8.09, 3.95, 7.59, 5.22, 1.19, 8.67, 7.18, 1.51],
  xi_210 = [5.84, 2.18, 2.07, 5.32, 1.97, 6.90, 1.84, 5.33, 2.18, 6.14],
  xi_31 = [3.59, 4.17, 2.49, 3.74, 3.90, 4.73, 4.14, 3.78, 9.05, 3.90],
  xi_32 = [3.61, 3.54, 3.96, 4.20, 4.26, 4.88, 4.30, 4.05, 4.20, 3.33],
  xi_33 = [10.73, 7.88, 8.93, 5.62, 9.58, 8.70, 8.95, 7.30, 7.03, 8.89],
  xi_34 = [1.15, 4.25, 9.60, 0.84, 0.93, 0.93, 2.56, 1.07, 0.95, 8.97],
  xi_35 = [8.73, 2.88, 6.83, 7.87, 6.35, 7.43, 2.99, 7.26, 7.64, 6.48],
  xi_36 = [6.41, 8.12, 2.60, 5.79, 2.02, 6.10, 3.58, 3.47, 8.54, 6.76],
  xi_37 = [7.15, 1.02, 8.60, 1.12, 0.91, 4.47, 1.11, 1.76, 1.00, 7.73],
  xi_38 = [3.06, 7.26, 6.77, 5.54, 4.41, 7.22, 5.81, 5.42, 6.07, 6.40],
  xi_39 = [6.71, 7.65, 1.37, 6.85, 6.36, 8.11, 7.85, 4.82, 7.37, 4.30],
  xi_310 = [10.58, 8.75, 10.82, 9.52, 5.26, 8.74, 8.03, 8.52, 8.61, 10.52],
  xi_41 = [2.22, 7.30, 7.82, 8.18, 7.79, 6.95, 8.02, 6.48, 9.62, 7.37],
  xi_42 = [3.62, 3.82, 3.68, 4.49, 6.22, 3.57, 7.93, 3.69, 3.38, 3.82],
  xi_43 = [8.91, 6.36, 10.58, 9.82, 2.43, 8.30, 8.98, 4.59, 7.69, 8.89],
  xi_44 = [7.42, 1.35, 7.76, 4.51, 6.42, 6.70, 7.71, 9.38, 7.23, 8.37],
  xi_45 = [5.36, 3.51, 1.79, 3.42, 2.12, 2.08, 2.49, 9.26, 1.89, 2.71],
  xi_46 = [2.84, 3.08, 2.96, 7.57, 2.79, 3.10, 2.74, 3.44, 2.92, 2.97],
  xi_47 = [6.09, 7.41, 5.86, 7.23, 1.58, 8.66, 8.38, 7.69, 2.77, 3.53],
  xi_48 = [7.74, 9.89, 9.66, 6.66, 6.34, 8.20, 2.76, 8.31, 8.49, 7.98],
  xi_49 = [1.00, 1.11, 1.06, 5.60, 7.96, 1.19, 7.23, 1.04, 1.14, 4.90],
  xi_410 = [9.61, 4.07, 9.58, 9.17, 8.92, 8.93, 4.75, 8.41, 9.33, 8.75],
  xi_51 = [8.57, 8.83, 9.34, 8.32, 8.87, 9.35, 9.27, 3.64, 8.28, 9.52],
  xi_52 = [2.30, 4.15, 4.51, 4.52, 5.13, 7.11, 5.11, 3.76, 4.99, 4.37],
  xi_53 = [9.87, 1.97, 9.41, 9.45, 9.48, 10.15, 10.85, 3.05, 8.79, 7.46],
  xi_54 = [0.96, 0.90, 0.90, 0.96, 1.06, 0.89, 1.18, 1.35, 0.69, 0.94],
  xi_55 = [1.74, 1.84, 9.60, 2.22, 1.80, 1.91, 1.80, 9.04, 1.75, 1.98],
  xi_56 = [4.43, 4.15, 3.50, 4.60, 4.23, 3.54, 4.03, 3.85, 7.50, 6.39],
  xi_57 = [10.68, 9.92, 9.01, 10.39, 5.70, 7.87, 1.74, 9.80, 10.25, 10.10],
  xi_58 = [1.05, 0.93, 0.81, 0.97, 0.83, 0.91, 1.00, 0.82, 1.11, 0.85],
  xi_59 = [6.28, 7.58, 7.49, 1.67, 8.27, 9.28, 6.93, 6.62, 6.38, 6.10],
  xi_510 = [2.38, 2.24, 6.67, 2.07, 2.06, 7.81, 2.25, 3.75, 7.40, 1.83],
  xi_61 = [10.08, 5.00, 9.77, 10.51, 1.75, 8.73, 9.66, 9.75, 10.18, 10.09],
  xi_62 = [2.79, 1.34, 9.84, 3.05, 3.27, 2.91, 2.48, 3.28, 6.00, 3.02],
  xi_63 = [1.50, 11.75, 7.98, 2.91, 7.91, 8.61, 1.08, 10.32, 9.60, 7.05],
  xi_64 = [6.34, 2.02, 3.00, 6.06, 3.50, 5.63, 5.48, 9.94, 5.22, 4.28],
  xi_65 = [1.83, 6.63, 1.84, 1.95, 1.72, 2.21, 2.16, 3.21, 1.91, 6.53],
  xi_66 = [3.53, 5.83, 8.09, 9.50, 9.54, 11.79, 10.75, 2.76, 3.92, 11.91],
  xi_67 = [1.00, 8.87, 1.64, 8.78, 0.93, 1.90, 1.21, 0.85, 0.96, 1.04],
  xi_68 = [4.70, 2.96, 8.64, 7.29, 4.84, 2.74, 4.87, 7.74, 5.37, 6.65],
  xi_69 = [10.10, 9.00, 4.34, 8.70, 8.99, 8.11, 8.08, 10.28, 8.99, 7.62],
  xi_610 = [1.02, 1.01, 0.99, 5.25, 1.17, 1.02, 1.14, 1.09, 1.07, 1.29],
  xi_71 = [5.61, 4.66, 4.95, 4.12, 5.45, 4.43, 9.66, 4.71, 5.60, 3.55],
  xi_72 = [9.70, 10.40, 8.18, 9.71, 8.80, 8.36, 1.61, 8.64, 11.07, 9.17],
  xi_73 = [4.40, 4.14, 4.39, 4.81, 6.28, 3.62, 7.63, 3.66, 3.95, 3.28],
  xi_74 = [7.38, 7.97, 8.40, 8.71, 1.33, 8.78, 2.55, 5.71, 7.46, 8.57],
  xi_75 = [3.82, 10.24, 7.14, 5.21, 7.46, 8.63, 9.11, 8.08, 9.56, 7.67],
  xi_76 = [7.57, 5.84, 8.78, 8.39, 10.49, 8.20, 8.94, 9.34, 10.08, 9.02],
  xi_77 = [1.29, 1.12, 6.34, 3.11, 3.39, 0.96, 1.18, 1.18, 1.01, 9.49],
  xi_78 = [6.13, 6.32, 6.63, 6.91, 6.10, 5.72, 5.28, 7.13, 5.08, 6.55],
  xi_79 = [6.95, 9.89, 8.04, 9.47, 9.32, 9.74, 10.09, 9.32, 9.04, 3.55],
  xi_710 = [1.32, 9.16, 8.29, 10.03, 9.58, 9.52, 11.18, 10.65, 1.07, 9.67],
  xi_81 = [2.86, 6.95, 7.96, 3.58, 6.74, 2.98, 3.30, 3.03, 9.40, 3.21],
  xi_82 = [2.82, 3.21, 2.81, 3.25, 3.16, 3.05, 9.71, 3.15, 3.18, 3.39],
  xi_83 = [1.00, 8.82, 0.90, 1.05, 0.97, 5.77, 3.90, 1.03, 1.07, 1.02],
  xi_84 = [5.69, 5.99, 5.71, 3.36, 6.59, 5.42, 5.92, 6.26, 5.94, 6.03],
  xi_85 = [7.92, 1.77, 9.44, 9.37, 8.61, 5.58, 8.17, 8.55, 8.24, 7.55],
  xi_86 = [1.85, 1.82, 1.96, 1.81, 2.20, 1.77, 1.87, 1.89, 7.14, 2.02],
  xi_87 = [7.29, 2.29, 4.01, 5.08, 4.02, 3.74, 1.96, 4.00, 3.27, 6.66],
  xi_88 = [8.96, 9.20, 8.39, 9.81, 4.94, 8.17, 7.64, 6.43, 10.10, 8.75],
  xi_89 = [4.84, 7.96, 5.66, 6.04, 7.53, 5.67, 6.07, 3.40, 2.81, 4.09],
  xi_810 = [9.69, 10.02, 7.88, 9.80, 10.77, 10.34, 9.02, 8.66, 9.93, 8.47],
  xi_91 = [8.90, 9.28, 10.56, 8.57, 11.01, 9.14, 10.70, 11.03, 9.15, 8.76],
  xi_92 = [6.09, 7.84, 2.11, 1.83, 1.92, 1.86, 2.28, 2.14, 2.09, 1.94],
  xi_93 = [3.85, 3.68, 3.10, 4.16, 8.46, 3.78, 3.94, 5.49, 1.77, 4.00],
  xi_94 = [4.37, 7.41, 5.87, 4.52, 5.55, 6.10, 6.13, 4.40, 4.36, 8.80],
  xi_95 = [4.93, 4.31, 5.59, 5.56, 5.79, 5.57, 9.41, 5.58, 4.17, 4.49],
  xi_96 = [4.49, 8.69, 4.62, 4.43, 5.15, 4.92, 4.87, 5.08, 3.98, 3.25],
  xi_97 = [7.14, 10.67, 10.55, 4.07, 11.79, 4.55, 10.64, 10.99, 10.42, 9.05],
  xi_98 = [9.82, 8.85, 10.11, 9.16, 9.26, 8.22, 8.07, 9.40, 9.15, 8.97],
  xi_99 = [8.22, 6.47, 8.72, 6.75, 6.85, 7.85, 7.28, 2.70, 6.84, 5.59],
  xi_910 = [2.91, 8.02, 2.84, 3.12, 8.12, 2.87, 2.85, 2.81, 3.30, 3.03],
  xi_101 = [1.08, 1.02, 6.02, 0.96, 0.97, 1.07, 1.07, 0.94, 0.90, 0.89],
  xi_102 = [7.70, 9.84, 7.72, 8.27, 3.80, 3.04, 8.53, 10.22, 6.85, 10.41],
  xi_103 = [4.03, 8.38, 8.62, 8.34, 7.54, 4.42, 7.85, 7.41, 6.78, 2.86],
  xi_104 = [9.27, 5.98, 6.09, 7.19, 2.80, 6.89, 6.59, 9.68, 7.05, 6.60],
  xi_105 = [8.21, 2.46, 9.65, 9.12, 10.66, 4.67, 3.87, 9.46, 9.15, 9.47],
  xi_106 = [5.52, 5.30, 6.27, 7.48, 6.35, 5.15, 7.57, 6.65, 5.69, 5.70],
  xi_107 = [8.45, 8.91, 1.15, 1.12, 0.97, 2.50, 1.11, 1.12, 0.97, 0.91],
  xi_108 = [1.93, 1.79, 1.88, 2.40, 1.88, 1.68, 5.22, 1.95, 6.91, 9.90],
  xi_109 = [5.64, 1.67, 1.87, 2.31, 2.06, 1.81, 2.24, 1.38, 2.19, 2.21],
  xi_1010 = [7.82, 5.58, 9.63, 6.55, 7.12, 8.66, 7.91, 5.39, 7.30, 4.91],
  xi_111 = [9.05, 2.19, 3.93, 4.90, 6.79, 7.54, 7.21, 7.55, 4.75, 8.87],
  xi_112 = [5.76, 7.00, 6.59, 5.88, 6.22, 7.64, 6.36, 3.88, 4.22, 6.07],
  xi_113 = [6.76, 1.21, 6.20, 0.73, 0.85, 1.17, 1.06, 1.18, 1.12, 6.71],
  xi_114 = [4.38, 1.81, 3.72, 5.17, 5.22, 4.47, 4.64, 5.59, 6.43, 5.37],
  xi_115 = [8.75, 9.73, 3.23, 7.03, 8.73, 9.79, 10.48, 1.90, 6.72, 8.69],
  xi_116 = [1.00, 5.27, 8.63, 0.97, 0.94, 2.74, 0.85, 0.84, 0.90, 0.98],
  xi_117 = [4.25, 7.66, 6.63, 10.82, 9.48, 11.19, 7.71, 9.56, 10.71, 2.93],
  xi_118 = [0.98, 2.54, 1.14, 0.88, 9.11, 0.96, 8.14, 3.85, 9.28, 9.52],
  xi_119 = [3.15, 2.75, 3.06, 4.42, 2.90, 9.66, 1.22, 5.48, 6.31, 1.89],
  xi_1110 = [10.55, 8.11, 8.13, 1.89, 9.55, 2.19, 9.64, 9.80, 9.35, 11.73],
  xi_121 = [7.14, 1.42, 1.63, 7.85, 7.93, 6.81, 5.14, 8.83, 7.88, 6.49],
  xi_122 = [9.55, 6.29, 8.49, 8.03, 9.04, 7.60, 5.72, 1.93, 7.60, 4.16],
  xi_123 = [4.72, 3.81, 3.95, 4.33, 3.84, 4.59, 3.48, 2.57, 3.61, 3.28],
  xi_124 = [4.50, 4.95, 4.97, 5.30, 5.15, 4.68, 5.21, 7.43, 6.16, 5.38],
  xi_125 = [2.26, 2.47, 1.75, 7.21, 1.97, 1.85, 1.86, 1.28, 2.08, 2.18],
  xi_126 = [2.21, 9.08, 3.21, 2.30, 5.75, 1.60, 2.34, 1.63, 1.97, 2.01],
  xi_127 = [3.67, 7.21, 7.90, 2.89, 3.02, 2.87, 3.17, 5.53, 5.23, 3.45],
  xi_128 = [7.65, 8.14, 9.32, 7.66, 7.72, 7.27, 9.51, 4.61, 7.66, 7.07],
  xi_129 = [6.90, 6.26, 8.57, 7.24, 6.89, 2.39, 6.67, 7.46, 7.13, 7.09],
  xi_1210 = [11.92, 11.52, 9.58, 10.57, 11.53, 10.46, 9.26, 8.56, 4.96, 7.25],
  xi_131 = [2.11, 2.06, 2.00, 1.86, 8.91, 1.72, 8.21, 5.77, 1.99, 1.62],
  xi_132 = [9.75, 1.77, 8.23, 8.93, 5.21, 3.50, 11.52, 1.78, 11.48, 10.06],
  xi_133 = [1.96, 7.78, 2.17, 9.79, 1.68, 1.87, 2.23, 5.44, 2.11, 2.41],
  xi_134 = [4.35, 8.53, 0.98, 8.11, 0.92, 5.73, 1.23, 1.07, 0.96, 1.10],
  xi_135 = [4.20, 5.04, 9.29, 8.09, 4.91, 4.86, 5.71, 4.58, 4.98, 9.83],
  xi_136 = [9.74, 8.90, 8.60, 8.53, 10.26, 8.81, 8.50, 10.45, 9.44, 8.82],
  xi_137 = [1.00, 1.07, 0.89, 1.91, 0.91, 0.95, 9.74, 0.86, 1.24, 1.04],
  xi_138 = [5.46, 5.59, 6.13, 7.16, 3.81, 9.85, 5.97, 6.69, 5.75, 5.04],
  xi_139 = [3.28, 3.16, 3.38, 4.08, 7.78, 2.51, 3.02, 3.45, 3.33, 2.85],
  xi_1310 = [5.33, 7.09, 1.32, 5.63, 4.80, 5.57, 3.24, 6.36, 6.07, 5.32],
  xi_141 = [5.63, 5.10, 6.59, 5.89, 6.16, 5.51, 5.42, 6.23, 5.29, 4.77],
  xi_142 = [8.05, 9.33, 7.73, 8.95, 7.86, 7.57, 5.10, 7.28, 8.26, 8.05],
  xi_143 = [8.03, 9.21, 7.31, 8.37, 3.49, 8.38, 6.38, 7.82, 7.72, 5.17],
  xi_144 = [8.71, 8.66, 9.19, 1.93, 9.90, 7.55, 8.53, 8.59, 9.78, 9.34],
  xi_145 = [1.82, 8.81, 1.82, 2.16, 2.19, 2.03, 2.11, 6.66, 8.15, 2.07],
  xi_146 = [0.92, 4.97, 0.79, 0.90, 1.01, 7.35, 7.57, 1.48, 0.99, 4.78],
  xi_147 = [8.26, 6.68, 7.37, 5.09, 7.66, 6.61, 2.01, 7.48, 3.90, 8.28],
  xi_148 = [1.17, 1.00, 4.54, 8.40, 1.08, 1.01, 8.17, 3.85, 5.46, 1.11],
  xi_149 = [9.45, 8.88, 5.17, 8.71, 7.21, 8.59, 1.30, 9.09, 8.75, 8.75],
  xi_1410 = [5.78, 4.09, 1.17, 5.06, 4.28, 5.07, 5.41, 5.09, 7.24, 5.37],
  xi_151 = [7.50, 6.65, 7.37, 6.44, 3.77, 6.19, 7.31, 7.31, 6.65, 6.29],
  xi_152 = [6.70, 3.57, 4.95, 1.52, 3.07, 2.11, 5.88, 6.32, 6.86, 8.83],
  xi_153 = [2.96, 2.89, 3.10, 3.14, 2.76, 2.85, 7.67, 3.32, 2.31, 3.92],
  xi_154 = [0.95, 0.83, 2.06, 8.03, 1.04, 0.94, 1.05, 1.85, 0.90, 1.00],
  xi_155 = [11.08, 10.48, 3.31, 10.96, 8.96, 10.35, 2.30, 8.47, 5.28, 8.98],
  xi_156 = [1.88, 3.33, 3.30, 2.98, 1.25, 8.40, 2.54, 2.56, 2.47, 3.18],
  xi_157 = [7.65, 8.32, 7.92, 6.37, 6.58, 6.85, 6.77, 7.67, 7.51, 8.01],
  xi_158 = [0.96, 0.92, 9.29, 1.06, 1.13, 8.86, 1.14, 5.61, 1.11, 9.42],
  xi_159 = [5.63, 6.59, 5.13, 5.78, 3.07, 7.20, 3.33, 9.76, 5.70, 7.15],
  xi_1510 = [2.83, 6.92, 8.16, 3.16, 3.11, 3.17, 2.76, 3.03, 3.00, 8.85],
  xi_161 = [3.47, 7.98, 6.70, 6.42, 5.27, 6.66, 6.76, 6.94, 4.35, 7.09],
  xi_162 = [8.59, 7.81, 2.10, 9.48, 6.71, 9.15, 7.55, 7.35, 2.29, 8.39],
  xi_163 = [5.76, 2.39, 2.15, 2.03, 1.87, 1.82, 5.59, 3.44, 7.79, 2.08],
  xi_164 = [7.17, 7.18, 8.72, 4.00, 5.91, 5.44, 6.86, 5.70, 5.48, 6.06],
  xi_165 = [9.07, 9.09, 8.74, 7.95, 6.43, 8.25, 2.03, 8.54, 9.13, 4.53],
  xi_166 = [7.12, 9.76, 10.04, 7.08, 5.47, 7.99, 9.95, 8.93, 2.74, 9.15],
  xi_167 = [1.57, 1.54, 1.05, 1.03, 2.15, 0.87, 7.65, 1.14, 6.15, 1.05],
  xi_168 = [8.01, 8.61, 1.01, 7.99, 8.14, 8.53, 10.19, 4.08, 8.26, 8.77],
  xi_169 = [3.46, 3.89, 6.17, 5.27, 4.21, 3.99, 3.18, 9.44, 3.88, 4.09],
  xi_1610 = [4.38, 4.85, 5.06, 5.59, 4.61, 5.18, 8.68, 4.27, 5.59, 5.20],
  xi_171 = [4.81, 5.13, 2.94, 4.05, 5.25, 4.74, 5.54, 5.61, 5.12, 4.63],
  xi_172 = [10.58, 8.86, 6.48, 11.14, 3.35, 7.83, 7.10, 10.27, 10.17, 9.82],
  xi_173 = [0.86, 0.88, 1.60, 6.60, 7.05, 1.03, 1.09, 0.95, 1.03, 0.93],
  xi_174 = [2.00, 1.76, 1.77, 5.55, 3.51, 7.15, 5.11, 1.88, 2.07, 2.17],
  xi_175 = [7.16, 6.03, 5.01, 6.20, 5.20, 7.48, 8.59, 6.55, 6.46, 5.52],
  xi_176 = [1.74, 6.99, 6.25, 7.03, 6.97, 3.24, 5.74, 7.39, 7.11, 3.25],
  xi_177 = [5.52, 4.90, 4.82, 4.62, 5.65, 4.93, 5.05, 4.75, 4.27, 7.97],
  xi_178 = [8.48, 7.55, 7.24, 8.10, 8.46, 9.15, 9.22, 9.37, 8.45, 8.60],
  xi_179 = [4.27, 3.73, 7.97, 6.61, 4.60, 4.55, 4.81, 3.93, 4.22, 4.30],
  xi_1710 = [9.28, 8.69, 3.74, 8.83, 9.09, 8.03, 9.95, 9.35, 7.86, 8.94],
  xi_181 = [5.62, 3.05, 6.85, 2.79, 4.73, 2.74, 2.86, 3.24, 4.57, 2.95],
  xi_182 = [2.08, 7.62, 1.92, 2.06, 2.04, 1.94, 2.19, 4.87, 1.76, 2.22],
  xi_183 = [5.20, 6.94, 6.85, 7.32, 6.24, 6.64, 7.06, 6.93, 6.46, 4.93],
  xi_184 = [5.09, 5.65, 5.51, 6.09, 4.97, 4.43, 5.51, 5.23, 3.35, 4.98],
  xi_185 = [2.16, 1.78, 1.91, 2.10, 2.44, 1.95, 7.35, 3.04, 1.80, 8.34],
  xi_186 = [1.03, 0.90, 0.94, 1.02, 0.94, 1.04, 1.01, 8.98, 1.03, 7.81],
  xi_187 = [9.95, 8.88, 10.77, 9.41, 9.01, 2.14, 9.76, 10.08, 9.46, 7.93],
  xi_188 = [2.37, 2.21, 1.93, 1.74, 1.73, 2.21, 2.22, 3.65, 9.26, 2.06],
  xi_189 = [6.28, 3.06, 5.90, 3.02, 3.37, 2.98, 3.24, 2.62, 8.05, 3.43],
  xi_1810 = [2.72, 10.88, 8.92, 11.69, 12.42, 10.56, 8.76, 8.05, 4.99, 2.57],
  xi_191 = [5.29, 9.47, 7.03, 8.42, 7.75, 2.90, 7.15, 8.37, 8.17, 6.64],
  xi_192 = [7.70, 10.10, 4.01, 1.03, 7.91, 2.85, 9.29, 8.02, 5.59, 6.61],
  xi_193 = [1.79, 2.06, 1.84, 2.20, 2.11, 7.47, 1.84, 1.79, 1.36, 1.62],
  xi_194 = [4.24, 5.40, 5.30, 5.41, 4.72, 8.45, 4.69, 7.48, 5.31, 4.82],
  xi_195 = [3.18, 6.12, 4.90, 5.54, 4.39, 5.23, 5.81, 5.04, 6.04, 5.21],
  xi_196 = [2.49, 3.66, 2.89, 3.34, 6.79, 2.87, 3.19, 7.09, 2.86, 2.76],
  xi_197 = [6.75, 8.57, 9.25, 8.82, 8.51, 8.85, 8.81, 8.82, 9.54, 7.84],
  xi_198 = [1.95, 1.97, 2.38, 2.25, 8.00, 2.09, 6.36, 3.13, 8.78, 7.87],
  xi_199 = [6.77, 6.62, 7.97, 7.94, 6.90, 6.67, 7.29, 7.68, 8.17, 8.85],
  xi_1910 = [3.05, 5.43, 3.00, 2.69, 9.59, 3.14, 2.77, 2.46, 2.86, 2.85],
  xi_201 = [3.89, 7.71, 6.32, 4.09, 3.97, 5.00, 3.45, 4.64, 3.96, 3.69],
  xi_202 = [10.18, 9.94, 8.42, 5.22, 2.02, 7.75, 5.39, 9.59, 8.81, 8.71],
  xi_203 = [6.11, 2.25, 7.10, 9.22, 2.10, 1.86, 1.96, 2.45, 1.98, 2.74],
  xi_204 = [8.40, 7.49, 8.69, 9.46, 9.04, 2.08, 6.62, 9.36, 9.87, 8.30],
  xi_205 = [5.95, 6.14, 5.38, 6.70, 8.32, 4.48, 6.21, 2.50, 6.76, 5.65],
  xi_206 = [0.92, 0.98, 1.05, 1.01, 8.03, 7.12, 8.74, 0.99, 0.80, 0.87],
  xi_207 = [7.98, 7.22, 7.10, 5.83, 8.55, 6.96, 7.38, 8.34, 5.66, 9.63],
  xi_208 = [9.73, 1.86, 1.91, 8.18, 6.41, 8.00, 8.90, 1.92, 3.76, 1.81],
  xi_209 = [7.39, 6.93, 2.96, 7.57, 7.53, 7.80, 6.76, 5.78, 6.14, 6.71],
  xi_2010 = [6.78, 2.69, 3.34, 8.24, 7.10, 3.12, 6.16, 3.16, 3.22, 3.39],
]

Transportation Costs (cjk) = [
  [5.08, 8.16, 8.39, 5.37, 7.83, 10.00, 5.79, 6.42, 2.38, 1.72],
  [7.03, 7.08, 10.17, 0.84, 8.36, 6.84, 4.65, 4.63, 6.94, 6.34],
  [7.61, 7.30, 8.64, 3.10, 4.51, 3.04, 2.00, 2.87, 0.95, 3.13],
  [1.03, 6.27, 5.98, 3.94, 4.14, 8.23, 6.85, 7.54, 0.89, 2.14],
  [1.73, 6.01, 1.06, 1.04, 4.17, 2.18, 0.86, 0.92, 7.21, 5.22],
  [4.40, 6.05, 0.85, 8.88, 1.13, 4.32, 6.78, 3.11, 1.03, 6.31],
  [0.95, 10.53, 1.93, 7.98, 4.11, 1.00, 4.36, 6.25, 8.54, 5.54],
  [1.53, 8.22, 4.88, 5.07, 5.60, 5.44, 4.80, 2.75, 1.79, 3.03],
  [2.32, 3.12, 5.42, 4.89, 7.85, 5.58, 2.85, 3.44, 6.10, 0.95],
  [7.21, 3.08, 5.43, 8.19, 0.91, 5.98, 4.44, 1.04, 2.20, 1.04],
  [2.52, 1.02, 4.20, 3.04, 6.50, 6.14, 7.74, 3.87, 8.45, 0.95],
  [6.86, 2.87, 2.55, 1.78, 8.71, 4.94, 4.87, 7.76, 2.94, 3.70],
  [0.95, 9.09, 2.55, 4.62, 4.92, 4.91, 8.70, 8.80, 6.85, 8.29],
  [2.17, 3.61, 4.42, 2.85, 6.10, 4.04, 2.77, 4.24, 4.77, 8.39],
  [7.41, 2.65, 3.96, 8.13, 0.99, 10.16, 6.51, 2.00, 2.53, 3.95],
  [3.64, 3.50, 9.50, 1.12, 2.13, 1.19, 5.47, 7.35, 2.27, 7.42],
  [1.09, 2.05, 6.07, 1.95, 8.13, 4.76, 8.46, 4.00, 8.35, 4.28],
  [3.05, 0.92, 5.11, 6.80, 1.72, 5.36, 5.00, 4.53, 9.83, 2.16],
  [7.35, 1.92, 4.30, 2.55, 7.07, 0.95, 9.28, 1.94, 6.83, 4.27],
  [5.32, 8.17, 3.93, 1.87, 6.55, 8.19, 6.44, 6.16, 2.58, 3.29],
]

Mean Service Times (¦Ì_{jk}) = [
  mu_11 = [4.95],
  mu_12 = [5.73],
  mu_13 = [5.44],
  mu_14 = [2.65],
  mu_15 = [3.29],
  mu_16 = [4.94],
  mu_17 = [5.98],
  mu_18 = [4.37],
  mu_19 = [5.70],
  mu_110 = [9.90],
  mu_21 = [4.23],
  mu_22 = [2.83],
  mu_23 = [6.74],
  mu_24 = [8.10],
  mu_25 = [4.71],
  mu_26 = [4.02],
  mu_27 = [9.21],
  mu_28 = [6.07],
  mu_29 = [4.87],
  mu_210 = [3.98],
  mu_31 = [4.35],
  mu_32 = [4.03],
  mu_33 = [8.36],
  mu_34 = [3.12],
  mu_35 = [6.45],
  mu_36 = [5.34],
  mu_37 = [3.49],
  mu_38 = [5.80],
  mu_39 = [6.14],
  mu_310 = [8.93],
  mu_41 = [7.17],
  mu_42 = [4.42],
  mu_43 = [7.66],
  mu_44 = [6.68],
  mu_45 = [3.46],
  mu_46 = [3.44],
  mu_47 = [5.92],
  mu_48 = [7.60],
  mu_49 = [3.22],
  mu_410 = [8.15],
  mu_51 = [8.40],
  mu_52 = [4.60],
  mu_53 = [8.05],
  mu_54 = [0.98],
  mu_55 = [3.37],
  mu_56 = [4.62],
  mu_57 = [8.55],
  mu_58 = [0.93],
  mu_59 = [6.66],
  mu_510 = [3.84],
  mu_61 = [8.55],
  mu_62 = [3.80],
  mu_63 = [6.87],
  mu_64 = [5.15],
  mu_65 = [3.00],
  mu_66 = [7.76],
  mu_67 = [2.72],
  mu_68 = [5.58],
  mu_69 = [8.42],
  mu_610 = [1.50],
  mu_71 = [5.27],
  mu_72 = [8.56],
  mu_73 = [4.62],
  mu_74 = [6.69],
  mu_75 = [7.69],
  mu_76 = [8.67],
  mu_77 = [2.91],
  mu_78 = [6.18],
  mu_79 = [8.54],
  mu_710 = [8.05],
  mu_81 = [5.00],
  mu_82 = [3.77],
  mu_83 = [2.55],
  mu_84 = [5.69],
  mu_85 = [7.52],
  mu_86 = [2.43],
  mu_87 = [4.23],
  mu_88 = [8.24],
  mu_89 = [5.41],
  mu_810 = [9.46],
  mu_91 = [9.71],
  mu_92 = [3.01],
  mu_93 = [4.22],
  mu_94 = [5.75],
  mu_95 = [5.54],
  mu_96 = [4.95],
  mu_97 = [8.99],
  mu_98 = [9.10],
  mu_99 = [6.73],
  mu_910 = [3.99],
  mu_101 = [1.49],
  mu_102 = [7.64],
  mu_103 = [6.62],
  mu_104 = [6.81],
  mu_105 = [7.67],
  mu_106 = [6.17],
  mu_107 = [2.72],
  mu_108 = [3.56],
  mu_109 = [2.34],
  mu_1010 = [7.09],
  mu_111 = [6.28],
  mu_112 = [5.96],
  mu_113 = [2.70],
  mu_114 = [4.68],
  mu_115 = [7.50],
  mu_116 = [2.31],
  mu_117 = [8.09],
  mu_118 = [4.64],
  mu_119 = [4.08],
  mu_1110 = [8.10],
  mu_121 = [6.11],
  mu_122 = [6.84],
  mu_123 = [3.82],
  mu_124 = [5.37],
  mu_125 = [2.49],
  mu_126 = [3.21],
  mu_127 = [4.49],
  mu_128 = [7.66],
  mu_129 = [6.66],
  mu_1210 = [9.56],
  mu_131 = [3.63],
  mu_132 = [7.22],
  mu_133 = [3.74],
  mu_134 = [3.30],
  mu_135 = [6.15],
  mu_136 = [9.21],
  mu_137 = [1.96],
  mu_138 = [6.15],
  mu_139 = [3.68],
  mu_1310 = [5.07],
  mu_141 = [5.66],
  mu_142 = [7.82],
  mu_143 = [7.19],
  mu_144 = [8.22],
  mu_145 = [3.78],
  mu_146 = [3.08],
  mu_147 = [6.34],
  mu_148 = [3.58],
  mu_149 = [7.59],
  mu_1410 = [4.86],
  mu_151 = [6.55],
  mu_152 = [4.98],
  mu_153 = [3.49],
  mu_154 = [1.87],
  mu_155 = [8.01],
  mu_156 = [3.19],
  mu_157 = [7.37],
  mu_158 = [3.95],
  mu_159 = [5.93],
  mu_1510 = [4.50],
  mu_161 = [6.16],
  mu_162 = [6.94],
  mu_163 = [3.49],
  mu_164 = [6.25],
  mu_165 = [7.38],
  mu_166 = [7.82],
  mu_167 = [2.42],
  mu_168 = [7.36],
  mu_169 = [4.76],
  mu_1610 = [5.34],
  mu_171 = [4.78],
  mu_172 = [8.56],
  mu_173 = [2.20],
  mu_174 = [3.30],
  mu_175 = [6.42],
  mu_176 = [5.57],
  mu_177 = [5.25],
  mu_178 = [8.46],
  mu_179 = [4.90],
  mu_1710 = [8.38],
  mu_181 = [3.94],
  mu_182 = [2.87],
  mu_183 = [6.46],
  mu_184 = [5.08],
  mu_185 = [3.29],
  mu_186 = [2.47],
  mu_187 = [8.74],
  mu_188 = [2.94],
  mu_189 = [4.20],
  mu_1810 = [8.16],
  mu_191 = [7.12],
  mu_192 = [6.31],
  mu_193 = [2.41],
  mu_194 = [5.58],
  mu_195 = [5.15],
  mu_196 = [3.79],
  mu_197 = [8.58],
  mu_198 = [4.48],
  mu_199 = [7.49],
  mu_1910 = [3.78],
  mu_201 = [4.67],
  mu_202 = [7.60],
  mu_203 = [3.78],
  mu_204 = [7.93],
  mu_205 = [5.81],
  mu_206 = [3.05],
  mu_207 = [7.46],
  mu_208 = [5.25],
  mu_209 = [6.56],
  mu_2010 = [4.72],
]

Mean Transportation Times (¦Ó_{jk}) = [
  tau_11 = [3.42],
  tau_12 = [2.41],
  tau_13 = [2.55],
  tau_14 = [1.41],
  tau_15 = [3.90],
  tau_16 = [2.95],
  tau_17 = [2.05],
  tau_18 = [2.92],
  tau_19 = [2.83],
  tau_110 = [4.13],
  tau_21 = [3.52],
  tau_22 = [4.23],
  tau_23 = [4.69],
  tau_24 = [2.52],
  tau_25 = [3.70],
  tau_26 = [2.26],
  tau_27 = [3.58],
  tau_28 = [2.78],
  tau_29 = [3.24],
  tau_210 = [3.27],
  tau_31 = [3.12],
  tau_32 = [2.76],
  tau_33 = [1.41],
  tau_34 = [3.49],
  tau_35 = [2.70],
  tau_36 = [3.77],
  tau_37 = [2.20],
  tau_38 = [1.10],
  tau_39 = [1.56],
  tau_310 = [4.75],
  tau_41 = [2.17],
  tau_42 = [2.05],
  tau_43 = [2.20],
  tau_44 = [2.95],
  tau_45 = [2.73],
  tau_46 = [2.92],
  tau_47 = [4.76],
  tau_48 = [2.46],
  tau_49 = [2.25],
  tau_410 = [1.64],
  tau_51 = [4.67],
  tau_52 = [1.80],
  tau_53 = [2.62],
  tau_54 = [2.79],
  tau_55 = [3.71],
  tau_56 = [2.77],
  tau_57 = [4.02],
  tau_58 = [3.05],
  tau_59 = [1.00],
  tau_510 = [1.51],
  tau_61 = [2.91],
  tau_62 = [1.81],
  tau_63 = [3.14],
  tau_64 = [3.18],
  tau_65 = [2.46],
  tau_66 = [4.45],
  tau_67 = [3.45],
  tau_68 = [1.84],
  tau_69 = [2.94],
  tau_610 = [1.06],
  tau_71 = [3.01],
  tau_72 = [2.22],
  tau_73 = [1.97],
  tau_74 = [2.20],
  tau_75 = [3.28],
  tau_76 = [2.14],
  tau_77 = [2.93],
  tau_78 = [2.84],
  tau_79 = [2.00],
  tau_710 = [3.88],
  tau_81 = [3.22],
  tau_82 = [2.11],
  tau_83 = [2.12],
  tau_84 = [3.92],
  tau_85 = [3.96],
  tau_86 = [2.14],
  tau_87 = [3.82],
  tau_88 = [1.94],
  tau_89 = [3.88],
  tau_810 = [4.08],
  tau_91 = [2.34],
  tau_92 = [2.86],
  tau_93 = [2.59],
  tau_94 = [1.87],
  tau_95 = [1.41],
  tau_96 = [4.05],
  tau_97 = [1.79],
  tau_98 = [2.05],
  tau_99 = [4.52],
  tau_910 = [3.77],
  tau_101 = [3.35],
  tau_102 = [2.17],
  tau_103 = [3.18],
  tau_104 = [4.23],
  tau_105 = [2.88],
  tau_106 = [3.96],
  tau_107 = [4.61],
  tau_108 = [3.92],
  tau_109 = [2.75],
  tau_1010 = [2.72],
  tau_111 = [4.46],
  tau_112 = [1.32],
  tau_113 = [4.74],
  tau_114 = [3.85],
  tau_115 = [1.71],
  tau_116 = [2.02],
  tau_117 = [3.22],
  tau_118 = [1.37],
  tau_119 = [2.88],
  tau_1110 = [3.77],
  tau_121 = [3.95],
  tau_122 = [2.36],
  tau_123 = [3.92],
  tau_124 = [2.96],
  tau_125 = [2.77],
  tau_126 = [2.99],
  tau_127 = [1.98],
  tau_128 = [2.20],
  tau_129 = [4.06],
  tau_1210 = [4.25],
  tau_131 = [4.30],
  tau_132 = [3.53],
  tau_133 = [1.55],
  tau_134 = [3.84],
  tau_135 = [3.28],
  tau_136 = [2.19],
  tau_137 = [1.56],
  tau_138 = [4.07],
  tau_139 = [3.39],
  tau_1310 = [2.90],
  tau_141 = [4.70],
  tau_142 = [1.64],
  tau_143 = [4.53],
  tau_144 = [1.08],
  tau_145 = [2.25],
  tau_146 = [2.34],
  tau_147 = [3.92],
  tau_148 = [3.49],
  tau_149 = [2.84],
  tau_1410 = [2.78],
  tau_151 = [1.58],
  tau_152 = [3.09],
  tau_153 = [1.77],
  tau_154 = [3.16],
  tau_155 = [1.73],
  tau_156 = [3.08],
  tau_157 = [3.34],
  tau_158 = [1.00],
  tau_159 = [1.51],
  tau_1510 = [1.50],
  tau_161 = [4.45],
  tau_162 = [3.74],
  tau_163 = [4.29],
  tau_164 = [3.28],
  tau_165 = [1.88],
  tau_166 = [4.03],
  tau_167 = [3.44],
  tau_168 = [1.17],
  tau_169 = [1.88],
  tau_1610 = [2.33],
  tau_171 = [3.01],
  tau_172 = [1.63],
  tau_173 = [3.12],
  tau_174 = [3.20],
  tau_175 = [4.37],
  tau_176 = [1.21],
  tau_177 = [1.36],
  tau_178 = [3.01],
  tau_179 = [3.35],
  tau_1710 = [1.42],
  tau_181 = [3.24],
  tau_182 = [1.45],
  tau_183 = [2.22],
  tau_184 = [2.65],
  tau_185 = [3.18],
  tau_186 = [2.04],
  tau_187 = [1.80],
  tau_188 = [2.15],
  tau_189 = [2.32],
  tau_1810 = [2.70],
  tau_191 = [1.67],
  tau_192 = [3.11],
  tau_193 = [2.20],
  tau_194 = [2.32],
  tau_195 = [3.16],
  tau_196 = [3.46],
  tau_197 = [3.88],
  tau_198 = [2.10],
  tau_199 = [1.63],
  tau_1910 = [2.97],
  tau_201 = [3.14],
  tau_202 = [3.96],
  tau_203 = [3.22],
  tau_204 = [3.23],
  tau_205 = [4.69],
  tau_206 = [4.25],
  tau_207 = [4.07],
  tau_208 = [3.67],
  tau_209 = [3.62],
  tau_2010 = [3.16],
]

Epsilon + ¦Ì_{jk} = [
  epsilon_plus_mu_11 = [7.43],
  epsilon_plus_mu_12 = [8.59],
  epsilon_plus_mu_13 = [8.16],
  epsilon_plus_mu_14 = [3.97],
  epsilon_plus_mu_15 = [4.93],
  epsilon_plus_mu_16 = [7.40],
  epsilon_plus_mu_17 = [8.98],
  epsilon_plus_mu_18 = [6.55],
  epsilon_plus_mu_19 = [8.55],
  epsilon_plus_mu_110 = [14.84],
  epsilon_plus_mu_21 = [6.34],
  epsilon_plus_mu_22 = [4.25],
  epsilon_plus_mu_23 = [10.11],
  epsilon_plus_mu_24 = [12.16],
  epsilon_plus_mu_25 = [7.06],
  epsilon_plus_mu_26 = [6.04],
  epsilon_plus_mu_27 = [13.82],
  epsilon_plus_mu_28 = [9.11],
  epsilon_plus_mu_29 = [7.30],
  epsilon_plus_mu_210 = [5.97],
  epsilon_plus_mu_31 = [6.52],
  epsilon_plus_mu_32 = [6.05],
  epsilon_plus_mu_33 = [12.54],
  epsilon_plus_mu_34 = [4.69],
  epsilon_plus_mu_35 = [9.67],
  epsilon_plus_mu_36 = [8.01],
  epsilon_plus_mu_37 = [5.23],
  epsilon_plus_mu_38 = [8.69],
  epsilon_plus_mu_39 = [9.21],
  epsilon_plus_mu_310 = [13.40],
  epsilon_plus_mu_41 = [10.76],
  epsilon_plus_mu_42 = [6.63],
  epsilon_plus_mu_43 = [11.48],
  epsilon_plus_mu_44 = [10.03],
  epsilon_plus_mu_45 = [5.19],
  epsilon_plus_mu_46 = [5.16],
  epsilon_plus_mu_47 = [8.88],
  epsilon_plus_mu_48 = [11.41],
  epsilon_plus_mu_49 = [4.84],
  epsilon_plus_mu_410 = [12.23],
  epsilon_plus_mu_51 = [12.60],
  epsilon_plus_mu_52 = [6.89],
  epsilon_plus_mu_53 = [12.07],
  epsilon_plus_mu_54 = [1.47],
  epsilon_plus_mu_55 = [5.05],
  epsilon_plus_mu_56 = [6.93],
  epsilon_plus_mu_57 = [12.82],
  epsilon_plus_mu_58 = [1.39],
  epsilon_plus_mu_59 = [9.99],
  epsilon_plus_mu_510 = [5.77],
  epsilon_plus_mu_61 = [12.83],
  epsilon_plus_mu_62 = [5.70],
  epsilon_plus_mu_63 = [10.31],
  epsilon_plus_mu_64 = [7.72],
  epsilon_plus_mu_65 = [4.50],
  epsilon_plus_mu_66 = [11.64],
  epsilon_plus_mu_67 = [4.08],
  epsilon_plus_mu_68 = [8.37],
  epsilon_plus_mu_69 = [12.63],
  epsilon_plus_mu_610 = [2.26],
  epsilon_plus_mu_71 = [7.91],
  epsilon_plus_mu_72 = [12.85],
  epsilon_plus_mu_73 = [6.92],
  epsilon_plus_mu_74 = [10.03],
  epsilon_plus_mu_75 = [11.54],
  epsilon_plus_mu_76 = [13.00],
  epsilon_plus_mu_77 = [4.36],
  epsilon_plus_mu_78 = [9.28],
  epsilon_plus_mu_79 = [12.81],
  epsilon_plus_mu_710 = [12.07],
  epsilon_plus_mu_81 = [7.50],
  epsilon_plus_mu_82 = [5.66],
  epsilon_plus_mu_83 = [3.83],
  epsilon_plus_mu_84 = [8.54],
  epsilon_plus_mu_85 = [11.28],
  epsilon_plus_mu_86 = [3.65],
  epsilon_plus_mu_87 = [6.35],
  epsilon_plus_mu_88 = [12.36],
  epsilon_plus_mu_89 = [8.11],
  epsilon_plus_mu_810 = [14.19],
  epsilon_plus_mu_91 = [14.57],
  epsilon_plus_mu_92 = [4.52],
  epsilon_plus_mu_93 = [6.33],
  epsilon_plus_mu_94 = [8.63],
  epsilon_plus_mu_95 = [8.31],
  epsilon_plus_mu_96 = [7.42],
  epsilon_plus_mu_97 = [13.48],
  epsilon_plus_mu_98 = [13.65],
  epsilon_plus_mu_99 = [10.09],
  epsilon_plus_mu_910 = [5.98],
  epsilon_plus_mu_101 = [2.24],
  epsilon_plus_mu_102 = [11.45],
  epsilon_plus_mu_103 = [9.94],
  epsilon_plus_mu_104 = [10.22],
  epsilon_plus_mu_105 = [11.51],
  epsilon_plus_mu_106 = [9.25],
  epsilon_plus_mu_107 = [4.08],
  epsilon_plus_mu_108 = [5.33],
  epsilon_plus_mu_109 = [3.51],
  epsilon_plus_mu_1010 = [10.63],
  epsilon_plus_mu_111 = [9.42],
  epsilon_plus_mu_112 = [8.94],
  epsilon_plus_mu_113 = [4.05],
  epsilon_plus_mu_114 = [7.02],
  epsilon_plus_mu_115 = [11.26],
  epsilon_plus_mu_116 = [3.47],
  epsilon_plus_mu_117 = [12.14],
  epsilon_plus_mu_118 = [6.96],
  epsilon_plus_mu_119 = [6.12],
  epsilon_plus_mu_1110 = [12.14],
  epsilon_plus_mu_121 = [9.17],
  epsilon_plus_mu_122 = [10.26],
  epsilon_plus_mu_123 = [5.73],
  epsilon_plus_mu_124 = [8.06],
  epsilon_plus_mu_125 = [3.74],
  epsilon_plus_mu_126 = [4.81],
  epsilon_plus_mu_127 = [6.74],
  epsilon_plus_mu_128 = [11.49],
  epsilon_plus_mu_129 = [9.99],
  epsilon_plus_mu_1210 = [14.34],
  epsilon_plus_mu_131 = [5.44],
  epsilon_plus_mu_132 = [10.83],
  epsilon_plus_mu_133 = [5.61],
  epsilon_plus_mu_134 = [4.95],
  epsilon_plus_mu_135 = [9.22],
  epsilon_plus_mu_136 = [13.81],
  epsilon_plus_mu_137 = [2.94],
  epsilon_plus_mu_138 = [9.22],
  epsilon_plus_mu_139 = [5.53],
  epsilon_plus_mu_1310 = [7.61],
  epsilon_plus_mu_141 = [8.49],
  epsilon_plus_mu_142 = [11.73],
  epsilon_plus_mu_143 = [10.78],
  epsilon_plus_mu_144 = [12.33],
  epsilon_plus_mu_145 = [5.67],
  epsilon_plus_mu_146 = [4.61],
  epsilon_plus_mu_147 = [9.50],
  epsilon_plus_mu_148 = [5.37],
  epsilon_plus_mu_149 = [11.39],
  epsilon_plus_mu_1410 = [7.28],
  epsilon_plus_mu_151 = [9.82],
  epsilon_plus_mu_152 = [7.47],
  epsilon_plus_mu_153 = [5.24],
  epsilon_plus_mu_154 = [2.80],
  epsilon_plus_mu_155 = [12.02],
  epsilon_plus_mu_156 = [4.78],
  epsilon_plus_mu_157 = [11.05],
  epsilon_plus_mu_158 = [5.92],
  epsilon_plus_mu_159 = [8.90],
  epsilon_plus_mu_1510 = [6.75],
  epsilon_plus_mu_161 = [9.25],
  epsilon_plus_mu_162 = [10.41],
  epsilon_plus_mu_163 = [5.24],
  epsilon_plus_mu_164 = [9.37],
  epsilon_plus_mu_165 = [11.06],
  epsilon_plus_mu_166 = [11.74],
  epsilon_plus_mu_167 = [3.63],
  epsilon_plus_mu_168 = [11.04],
  epsilon_plus_mu_169 = [7.14],
  epsilon_plus_mu_1610 = [8.01],
  epsilon_plus_mu_171 = [7.17],
  epsilon_plus_mu_172 = [12.84],
  epsilon_plus_mu_173 = [3.30],
  epsilon_plus_mu_174 = [4.95],
  epsilon_plus_mu_175 = [9.63],
  epsilon_plus_mu_176 = [8.36],
  epsilon_plus_mu_177 = [7.87],
  epsilon_plus_mu_178 = [12.69],
  epsilon_plus_mu_179 = [7.35],
  epsilon_plus_mu_1710 = [12.56],
  epsilon_plus_mu_181 = [5.91],
  epsilon_plus_mu_182 = [4.30],
  epsilon_plus_mu_183 = [9.69],
  epsilon_plus_mu_184 = [7.62],
  epsilon_plus_mu_185 = [4.93],
  epsilon_plus_mu_186 = [3.71],
  epsilon_plus_mu_187 = [13.11],
  epsilon_plus_mu_188 = [4.41],
  epsilon_plus_mu_189 = [6.29],
  epsilon_plus_mu_1810 = [12.24],
  epsilon_plus_mu_191 = [10.68],
  epsilon_plus_mu_192 = [9.47],
  epsilon_plus_mu_193 = [3.61],
  epsilon_plus_mu_194 = [8.37],
  epsilon_plus_mu_195 = [7.72],
  epsilon_plus_mu_196 = [5.69],
  epsilon_plus_mu_197 = [12.86],
  epsilon_plus_mu_198 = [6.72],
  epsilon_plus_mu_199 = [11.23],
  epsilon_plus_mu_1910 = [5.68],
  epsilon_plus_mu_201 = [7.01],
  epsilon_plus_mu_202 = [11.40],
  epsilon_plus_mu_203 = [5.66],
  epsilon_plus_mu_204 = [11.90],
  epsilon_plus_mu_205 = [8.71],
  epsilon_plus_mu_206 = [4.58],
  epsilon_plus_mu_207 = [11.20],
  epsilon_plus_mu_208 = [7.87],
  epsilon_plus_mu_209 = [9.84],
  epsilon_plus_mu_2010 = [7.08],
]

Epsilon - ¦Ì_{jk} = [
  epsilon_minus_mu_11 = [-2.48],
  epsilon_minus_mu_12 = [-2.86],
  epsilon_minus_mu_13 = [-2.72],
  epsilon_minus_mu_14 = [-1.32],
  epsilon_minus_mu_15 = [-1.64],
  epsilon_minus_mu_16 = [-2.47],
  epsilon_minus_mu_17 = [-2.99],
  epsilon_minus_mu_18 = [-2.18],
  epsilon_minus_mu_19 = [-2.85],
  epsilon_minus_mu_110 = [-4.95],
  epsilon_minus_mu_21 = [-2.11],
  epsilon_minus_mu_22 = [-1.42],
  epsilon_minus_mu_23 = [-3.37],
  epsilon_minus_mu_24 = [-4.05],
  epsilon_minus_mu_25 = [-2.35],
  epsilon_minus_mu_26 = [-2.01],
  epsilon_minus_mu_27 = [-4.61],
  epsilon_minus_mu_28 = [-3.04],
  epsilon_minus_mu_29 = [-2.43],
  epsilon_minus_mu_210 = [-1.99],
  epsilon_minus_mu_31 = [-2.17],
  epsilon_minus_mu_32 = [-2.02],
  epsilon_minus_mu_33 = [-4.18],
  epsilon_minus_mu_34 = [-1.56],
  epsilon_minus_mu_35 = [-3.22],
  epsilon_minus_mu_36 = [-2.67],
  epsilon_minus_mu_37 = [-1.74],
  epsilon_minus_mu_38 = [-2.90],
  epsilon_minus_mu_39 = [-3.07],
  epsilon_minus_mu_310 = [-4.47],
  epsilon_minus_mu_41 = [-3.59],
  epsilon_minus_mu_42 = [-2.21],
  epsilon_minus_mu_43 = [-3.83],
  epsilon_minus_mu_44 = [-3.34],
  epsilon_minus_mu_45 = [-1.73],
  epsilon_minus_mu_46 = [-1.72],
  epsilon_minus_mu_47 = [-2.96],
  epsilon_minus_mu_48 = [-3.80],
  epsilon_minus_mu_49 = [-1.61],
  epsilon_minus_mu_410 = [-4.08],
  epsilon_minus_mu_51 = [-4.20],
  epsilon_minus_mu_52 = [-2.30],
  epsilon_minus_mu_53 = [-4.02],
  epsilon_minus_mu_54 = [-0.49],
  epsilon_minus_mu_55 = [-1.68],
  epsilon_minus_mu_56 = [-2.31],
  epsilon_minus_mu_57 = [-4.27],
  epsilon_minus_mu_58 = [-0.46],
  epsilon_minus_mu_59 = [-3.33],
  epsilon_minus_mu_510 = [-1.92],
  epsilon_minus_mu_61 = [-4.28],
  epsilon_minus_mu_62 = [-1.90],
  epsilon_minus_mu_63 = [-3.44],
  epsilon_minus_mu_64 = [-2.57],
  epsilon_minus_mu_65 = [-1.50],
  epsilon_minus_mu_66 = [-3.88],
  epsilon_minus_mu_67 = [-1.36],
  epsilon_minus_mu_68 = [-2.79],
  epsilon_minus_mu_69 = [-4.21],
  epsilon_minus_mu_610 = [-0.75],
  epsilon_minus_mu_71 = [-2.64],
  epsilon_minus_mu_72 = [-4.28],
  epsilon_minus_mu_73 = [-2.31],
  epsilon_minus_mu_74 = [-3.34],
  epsilon_minus_mu_75 = [-3.85],
  epsilon_minus_mu_76 = [-4.33],
  epsilon_minus_mu_77 = [-1.45],
  epsilon_minus_mu_78 = [-3.09],
  epsilon_minus_mu_79 = [-4.27],
  epsilon_minus_mu_710 = [-4.02],
  epsilon_minus_mu_81 = [-2.50],
  epsilon_minus_mu_82 = [-1.89],
  epsilon_minus_mu_83 = [-1.28],
  epsilon_minus_mu_84 = [-2.85],
  epsilon_minus_mu_85 = [-3.76],
  epsilon_minus_mu_86 = [-1.22],
  epsilon_minus_mu_87 = [-2.12],
  epsilon_minus_mu_88 = [-4.12],
  epsilon_minus_mu_89 = [-2.70],
  epsilon_minus_mu_810 = [-4.73],
  epsilon_minus_mu_91 = [-4.86],
  epsilon_minus_mu_92 = [-1.51],
  epsilon_minus_mu_93 = [-2.11],
  epsilon_minus_mu_94 = [-2.88],
  epsilon_minus_mu_95 = [-2.77],
  epsilon_minus_mu_96 = [-2.47],
  epsilon_minus_mu_97 = [-4.49],
  epsilon_minus_mu_98 = [-4.55],
  epsilon_minus_mu_99 = [-3.36],
  epsilon_minus_mu_910 = [-1.99],
  epsilon_minus_mu_101 = [-0.75],
  epsilon_minus_mu_102 = [-3.82],
  epsilon_minus_mu_103 = [-3.31],
  epsilon_minus_mu_104 = [-3.41],
  epsilon_minus_mu_105 = [-3.84],
  epsilon_minus_mu_106 = [-3.08],
  epsilon_minus_mu_107 = [-1.36],
  epsilon_minus_mu_108 = [-1.78],
  epsilon_minus_mu_109 = [-1.17],
  epsilon_minus_mu_1010 = [-3.54],
  epsilon_minus_mu_111 = [-3.14],
  epsilon_minus_mu_112 = [-2.98],
  epsilon_minus_mu_113 = [-1.35],
  epsilon_minus_mu_114 = [-2.34],
  epsilon_minus_mu_115 = [-3.75],
  epsilon_minus_mu_116 = [-1.16],
  epsilon_minus_mu_117 = [-4.05],
  epsilon_minus_mu_118 = [-2.32],
  epsilon_minus_mu_119 = [-2.04],
  epsilon_minus_mu_1110 = [-4.05],
  epsilon_minus_mu_121 = [-3.06],
  epsilon_minus_mu_122 = [-3.42],
  epsilon_minus_mu_123 = [-1.91],
  epsilon_minus_mu_124 = [-2.69],
  epsilon_minus_mu_125 = [-1.25],
  epsilon_minus_mu_126 = [-1.60],
  epsilon_minus_mu_127 = [-2.25],
  epsilon_minus_mu_128 = [-3.83],
  epsilon_minus_mu_129 = [-3.33],
  epsilon_minus_mu_1210 = [-4.78],
  epsilon_minus_mu_131 = [-1.81],
  epsilon_minus_mu_132 = [-3.61],
  epsilon_minus_mu_133 = [-1.87],
  epsilon_minus_mu_134 = [-1.65],
  epsilon_minus_mu_135 = [-3.07],
  epsilon_minus_mu_136 = [-4.60],
  epsilon_minus_mu_137 = [-0.98],
  epsilon_minus_mu_138 = [-3.07],
  epsilon_minus_mu_139 = [-1.84],
  epsilon_minus_mu_1310 = [-2.54],
  epsilon_minus_mu_141 = [-2.83],
  epsilon_minus_mu_142 = [-3.91],
  epsilon_minus_mu_143 = [-3.59],
  epsilon_minus_mu_144 = [-4.11],
  epsilon_minus_mu_145 = [-1.89],
  epsilon_minus_mu_146 = [-1.54],
  epsilon_minus_mu_147 = [-3.17],
  epsilon_minus_mu_148 = [-1.79],
  epsilon_minus_mu_149 = [-3.80],
  epsilon_minus_mu_1410 = [-2.43],
  epsilon_minus_mu_151 = [-3.27],
  epsilon_minus_mu_152 = [-2.49],
  epsilon_minus_mu_153 = [-1.75],
  epsilon_minus_mu_154 = [-0.93],
  epsilon_minus_mu_155 = [-4.01],
  epsilon_minus_mu_156 = [-1.59],
  epsilon_minus_mu_157 = [-3.68],
  epsilon_minus_mu_158 = [-1.97],
  epsilon_minus_mu_159 = [-2.97],
  epsilon_minus_mu_1510 = [-2.25],
  epsilon_minus_mu_161 = [-3.08],
  epsilon_minus_mu_162 = [-3.47],
  epsilon_minus_mu_163 = [-1.75],
  epsilon_minus_mu_164 = [-3.12],
  epsilon_minus_mu_165 = [-3.69],
  epsilon_minus_mu_166 = [-3.91],
  epsilon_minus_mu_167 = [-1.21],
  epsilon_minus_mu_168 = [-3.68],
  epsilon_minus_mu_169 = [-2.38],
  epsilon_minus_mu_1610 = [-2.67],
  epsilon_minus_mu_171 = [-2.39],
  epsilon_minus_mu_172 = [-4.28],
  epsilon_minus_mu_173 = [-1.10],
  epsilon_minus_mu_174 = [-1.65],
  epsilon_minus_mu_175 = [-3.21],
  epsilon_minus_mu_176 = [-2.79],
  epsilon_minus_mu_177 = [-2.62],
  epsilon_minus_mu_178 = [-4.23],
  epsilon_minus_mu_179 = [-2.45],
  epsilon_minus_mu_1710 = [-4.19],
  epsilon_minus_mu_181 = [-1.97],
  epsilon_minus_mu_182 = [-1.43],
  epsilon_minus_mu_183 = [-3.23],
  epsilon_minus_mu_184 = [-2.54],
  epsilon_minus_mu_185 = [-1.64],
  epsilon_minus_mu_186 = [-1.24],
  epsilon_minus_mu_187 = [-4.37],
  epsilon_minus_mu_188 = [-1.47],
  epsilon_minus_mu_189 = [-2.10],
  epsilon_minus_mu_1810 = [-4.08],
  epsilon_minus_mu_191 = [-3.56],
  epsilon_minus_mu_192 = [-3.16],
  epsilon_minus_mu_193 = [-1.20],
  epsilon_minus_mu_194 = [-2.79],
  epsilon_minus_mu_195 = [-2.57],
  epsilon_minus_mu_196 = [-1.90],
  epsilon_minus_mu_197 = [-4.29],
  epsilon_minus_mu_198 = [-2.24],
  epsilon_minus_mu_199 = [-3.74],
  epsilon_minus_mu_1910 = [-1.89],
  epsilon_minus_mu_201 = [-2.34],
  epsilon_minus_mu_202 = [-3.80],
  epsilon_minus_mu_203 = [-1.89],
  epsilon_minus_mu_204 = [-3.97],
  epsilon_minus_mu_205 = [-2.90],
  epsilon_minus_mu_206 = [-1.53],
  epsilon_minus_mu_207 = [-3.73],
  epsilon_minus_mu_208 = [-2.62],
  epsilon_minus_mu_209 = [-3.28],
  epsilon_minus_mu_2010 = [-2.36],
]

Sigma + ¦Ó_{jk} = [
  sigma_plus_tau_11 = [5.13],
  sigma_plus_tau_12 = [3.61],
  sigma_plus_tau_13 = [3.82],
  sigma_plus_tau_14 = [2.11],
  sigma_plus_tau_15 = [5.85],
  sigma_plus_tau_16 = [4.43],
  sigma_plus_tau_17 = [3.07],
  sigma_plus_tau_18 = [4.38],
  sigma_plus_tau_19 = [4.25],
  sigma_plus_tau_110 = [6.19],
  sigma_plus_tau_21 = [5.28],
  sigma_plus_tau_22 = [6.34],
  sigma_plus_tau_23 = [7.03],
  sigma_plus_tau_24 = [3.78],
  sigma_plus_tau_25 = [5.55],
  sigma_plus_tau_26 = [3.39],
  sigma_plus_tau_27 = [5.37],
  sigma_plus_tau_28 = [4.16],
  sigma_plus_tau_29 = [4.87],
  sigma_plus_tau_210 = [4.91],
  sigma_plus_tau_31 = [4.69],
  sigma_plus_tau_32 = [4.14],
  sigma_plus_tau_33 = [2.12],
  sigma_plus_tau_34 = [5.24],
  sigma_plus_tau_35 = [4.05],
  sigma_plus_tau_36 = [5.66],
  sigma_plus_tau_37 = [3.30],
  sigma_plus_tau_38 = [1.65],
  sigma_plus_tau_39 = [2.34],
  sigma_plus_tau_310 = [7.12],
  sigma_plus_tau_41 = [3.25],
  sigma_plus_tau_42 = [3.07],
  sigma_plus_tau_43 = [3.29],
  sigma_plus_tau_44 = [4.43],
  sigma_plus_tau_45 = [4.10],
  sigma_plus_tau_46 = [4.38],
  sigma_plus_tau_47 = [7.15],
  sigma_plus_tau_48 = [3.68],
  sigma_plus_tau_49 = [3.37],
  sigma_plus_tau_410 = [2.45],
  sigma_plus_tau_51 = [7.01],
  sigma_plus_tau_52 = [2.71],
  sigma_plus_tau_53 = [3.93],
  sigma_plus_tau_54 = [4.19],
  sigma_plus_tau_55 = [5.56],
  sigma_plus_tau_56 = [4.15],
  sigma_plus_tau_57 = [6.04],
  sigma_plus_tau_58 = [4.58],
  sigma_plus_tau_59 = [1.50],
  sigma_plus_tau_510 = [2.26],
  sigma_plus_tau_61 = [4.36],
  sigma_plus_tau_62 = [2.72],
  sigma_plus_tau_63 = [4.71],
  sigma_plus_tau_64 = [4.76],
  sigma_plus_tau_65 = [3.70],
  sigma_plus_tau_66 = [6.67],
  sigma_plus_tau_67 = [5.17],
  sigma_plus_tau_68 = [2.76],
  sigma_plus_tau_69 = [4.40],
  sigma_plus_tau_610 = [1.60],
  sigma_plus_tau_71 = [4.52],
  sigma_plus_tau_72 = [3.32],
  sigma_plus_tau_73 = [2.95],
  sigma_plus_tau_74 = [3.29],
  sigma_plus_tau_75 = [4.92],
  sigma_plus_tau_76 = [3.21],
  sigma_plus_tau_77 = [4.39],
  sigma_plus_tau_78 = [4.27],
  sigma_plus_tau_79 = [3.00],
  sigma_plus_tau_710 = [5.82],
  sigma_plus_tau_81 = [4.82],
  sigma_plus_tau_82 = [3.17],
  sigma_plus_tau_83 = [3.19],
  sigma_plus_tau_84 = [5.88],
  sigma_plus_tau_85 = [5.95],
  sigma_plus_tau_86 = [3.21],
  sigma_plus_tau_87 = [5.73],
  sigma_plus_tau_88 = [2.91],
  sigma_plus_tau_89 = [5.83],
  sigma_plus_tau_810 = [6.11],
  sigma_plus_tau_91 = [3.51],
  sigma_plus_tau_92 = [4.29],
  sigma_plus_tau_93 = [3.89],
  sigma_plus_tau_94 = [2.81],
  sigma_plus_tau_95 = [2.11],
  sigma_plus_tau_96 = [6.08],
  sigma_plus_tau_97 = [2.68],
  sigma_plus_tau_98 = [3.08],
  sigma_plus_tau_99 = [6.79],
  sigma_plus_tau_910 = [5.66],
  sigma_plus_tau_101 = [5.02],
  sigma_plus_tau_102 = [3.26],
  sigma_plus_tau_103 = [4.78],
  sigma_plus_tau_104 = [6.34],
  sigma_plus_tau_105 = [4.31],
  sigma_plus_tau_106 = [5.93],
  sigma_plus_tau_107 = [6.92],
  sigma_plus_tau_108 = [5.89],
  sigma_plus_tau_109 = [4.13],
  sigma_plus_tau_1010 = [4.08],
  sigma_plus_tau_111 = [6.69],
  sigma_plus_tau_112 = [1.97],
  sigma_plus_tau_113 = [7.11],
  sigma_plus_tau_114 = [5.78],
  sigma_plus_tau_115 = [2.56],
  sigma_plus_tau_116 = [3.04],
  sigma_plus_tau_117 = [4.84],
  sigma_plus_tau_118 = [2.05],
  sigma_plus_tau_119 = [4.32],
  sigma_plus_tau_1110 = [5.65],
  sigma_plus_tau_121 = [5.93],
  sigma_plus_tau_122 = [3.54],
  sigma_plus_tau_123 = [5.88],
  sigma_plus_tau_124 = [4.43],
  sigma_plus_tau_125 = [4.16],
  sigma_plus_tau_126 = [4.48],
  sigma_plus_tau_127 = [2.97],
  sigma_plus_tau_128 = [3.30],
  sigma_plus_tau_129 = [6.09],
  sigma_plus_tau_1210 = [6.37],
  sigma_plus_tau_131 = [6.44],
  sigma_plus_tau_132 = [5.29],
  sigma_plus_tau_133 = [2.33],
  sigma_plus_tau_134 = [5.76],
  sigma_plus_tau_135 = [4.93],
  sigma_plus_tau_136 = [3.29],
  sigma_plus_tau_137 = [2.34],
  sigma_plus_tau_138 = [6.10],
  sigma_plus_tau_139 = [5.08],
  sigma_plus_tau_1310 = [4.35],
  sigma_plus_tau_141 = [7.05],
  sigma_plus_tau_142 = [2.45],
  sigma_plus_tau_143 = [6.79],
  sigma_plus_tau_144 = [1.62],
  sigma_plus_tau_145 = [3.37],
  sigma_plus_tau_146 = [3.50],
  sigma_plus_tau_147 = [5.88],
  sigma_plus_tau_148 = [5.24],
  sigma_plus_tau_149 = [4.26],
  sigma_plus_tau_1410 = [4.17],
  sigma_plus_tau_151 = [2.36],
  sigma_plus_tau_152 = [4.63],
  sigma_plus_tau_153 = [2.65],
  sigma_plus_tau_154 = [4.74],
  sigma_plus_tau_155 = [2.60],
  sigma_plus_tau_156 = [4.63],
  sigma_plus_tau_157 = [5.01],
  sigma_plus_tau_158 = [1.49],
  sigma_plus_tau_159 = [2.26],
  sigma_plus_tau_1510 = [2.24],
  sigma_plus_tau_161 = [6.67],
  sigma_plus_tau_162 = [5.61],
  sigma_plus_tau_163 = [6.44],
  sigma_plus_tau_164 = [4.93],
  sigma_plus_tau_165 = [2.82],
  sigma_plus_tau_166 = [6.04],
  sigma_plus_tau_167 = [5.16],
  sigma_plus_tau_168 = [1.75],
  sigma_plus_tau_169 = [2.82],
  sigma_plus_tau_1610 = [3.50],
  sigma_plus_tau_171 = [4.52],
  sigma_plus_tau_172 = [2.45],
  sigma_plus_tau_173 = [4.68],
  sigma_plus_tau_174 = [4.79],
  sigma_plus_tau_175 = [6.56],
  sigma_plus_tau_176 = [1.82],
  sigma_plus_tau_177 = [2.05],
  sigma_plus_tau_178 = [4.52],
  sigma_plus_tau_179 = [5.03],
  sigma_plus_tau_1710 = [2.12],
  sigma_plus_tau_181 = [4.86],
  sigma_plus_tau_182 = [2.17],
  sigma_plus_tau_183 = [3.33],
  sigma_plus_tau_184 = [3.97],
  sigma_plus_tau_185 = [4.76],
  sigma_plus_tau_186 = [3.06],
  sigma_plus_tau_187 = [2.70],
  sigma_plus_tau_188 = [3.22],
  sigma_plus_tau_189 = [3.47],
  sigma_plus_tau_1810 = [4.05],
  sigma_plus_tau_191 = [2.51],
  sigma_plus_tau_192 = [4.66],
  sigma_plus_tau_193 = [3.31],
  sigma_plus_tau_194 = [3.48],
  sigma_plus_tau_195 = [4.74],
  sigma_plus_tau_196 = [5.18],
  sigma_plus_tau_197 = [5.82],
  sigma_plus_tau_198 = [3.15],
  sigma_plus_tau_199 = [2.45],
  sigma_plus_tau_1910 = [4.46],
  sigma_plus_tau_201 = [4.71],
  sigma_plus_tau_202 = [5.93],
  sigma_plus_tau_203 = [4.83],
  sigma_plus_tau_204 = [4.84],
  sigma_plus_tau_205 = [7.04],
  sigma_plus_tau_206 = [6.38],
  sigma_plus_tau_207 = [6.11],
  sigma_plus_tau_208 = [5.51],
  sigma_plus_tau_209 = [5.43],
  sigma_plus_tau_2010 = [4.73],
]

Sigma - ¦Ó_{jk} = [
  sigma_minus_tau_11 = [-1.71],
  sigma_minus_tau_12 = [-1.20],
  sigma_minus_tau_13 = [-1.27],
  sigma_minus_tau_14 = [-0.70],
  sigma_minus_tau_15 = [-1.95],
  sigma_minus_tau_16 = [-1.48],
  sigma_minus_tau_17 = [-1.02],
  sigma_minus_tau_18 = [-1.46],
  sigma_minus_tau_19 = [-1.42],
  sigma_minus_tau_110 = [-2.06],
  sigma_minus_tau_21 = [-1.76],
  sigma_minus_tau_22 = [-2.11],
  sigma_minus_tau_23 = [-2.34],
  sigma_minus_tau_24 = [-1.26],
  sigma_minus_tau_25 = [-1.85],
  sigma_minus_tau_26 = [-1.13],
  sigma_minus_tau_27 = [-1.79],
  sigma_minus_tau_28 = [-1.39],
  sigma_minus_tau_29 = [-1.62],
  sigma_minus_tau_210 = [-1.64],
  sigma_minus_tau_31 = [-1.56],
  sigma_minus_tau_32 = [-1.38],
  sigma_minus_tau_33 = [-0.71],
  sigma_minus_tau_34 = [-1.75],
  sigma_minus_tau_35 = [-1.35],
  sigma_minus_tau_36 = [-1.89],
  sigma_minus_tau_37 = [-1.10],
  sigma_minus_tau_38 = [-0.55],
  sigma_minus_tau_39 = [-0.78],
  sigma_minus_tau_310 = [-2.37],
  sigma_minus_tau_41 = [-1.08],
  sigma_minus_tau_42 = [-1.02],
  sigma_minus_tau_43 = [-1.10],
  sigma_minus_tau_44 = [-1.48],
  sigma_minus_tau_45 = [-1.37],
  sigma_minus_tau_46 = [-1.46],
  sigma_minus_tau_47 = [-2.38],
  sigma_minus_tau_48 = [-1.23],
  sigma_minus_tau_49 = [-1.12],
  sigma_minus_tau_410 = [-0.82],
  sigma_minus_tau_51 = [-2.34],
  sigma_minus_tau_52 = [-0.90],
  sigma_minus_tau_53 = [-1.31],
  sigma_minus_tau_54 = [-1.40],
  sigma_minus_tau_55 = [-1.85],
  sigma_minus_tau_56 = [-1.38],
  sigma_minus_tau_57 = [-2.01],
  sigma_minus_tau_58 = [-1.53],
  sigma_minus_tau_59 = [-0.50],
  sigma_minus_tau_510 = [-0.75],
  sigma_minus_tau_61 = [-1.45],
  sigma_minus_tau_62 = [-0.91],
  sigma_minus_tau_63 = [-1.57],
  sigma_minus_tau_64 = [-1.59],
  sigma_minus_tau_65 = [-1.23],
  sigma_minus_tau_66 = [-2.22],
  sigma_minus_tau_67 = [-1.72],
  sigma_minus_tau_68 = [-0.92],
  sigma_minus_tau_69 = [-1.47],
  sigma_minus_tau_610 = [-0.53],
  sigma_minus_tau_71 = [-1.51],
  sigma_minus_tau_72 = [-1.11],
  sigma_minus_tau_73 = [-0.98],
  sigma_minus_tau_74 = [-1.10],
  sigma_minus_tau_75 = [-1.64],
  sigma_minus_tau_76 = [-1.07],
  sigma_minus_tau_77 = [-1.46],
  sigma_minus_tau_78 = [-1.42],
  sigma_minus_tau_79 = [-1.00],
  sigma_minus_tau_710 = [-1.94],
  sigma_minus_tau_81 = [-1.61],
  sigma_minus_tau_82 = [-1.06],
  sigma_minus_tau_83 = [-1.06],
  sigma_minus_tau_84 = [-1.96],
  sigma_minus_tau_85 = [-1.98],
  sigma_minus_tau_86 = [-1.07],
  sigma_minus_tau_87 = [-1.91],
  sigma_minus_tau_88 = [-0.97],
  sigma_minus_tau_89 = [-1.94],
  sigma_minus_tau_810 = [-2.04],
  sigma_minus_tau_91 = [-1.17],
  sigma_minus_tau_92 = [-1.43],
  sigma_minus_tau_93 = [-1.30],
  sigma_minus_tau_94 = [-0.94],
  sigma_minus_tau_95 = [-0.70],
  sigma_minus_tau_96 = [-2.03],
  sigma_minus_tau_97 = [-0.89],
  sigma_minus_tau_98 = [-1.03],
  sigma_minus_tau_99 = [-2.26],
  sigma_minus_tau_910 = [-1.89],
  sigma_minus_tau_101 = [-1.67],
  sigma_minus_tau_102 = [-1.09],
  sigma_minus_tau_103 = [-1.59],
  sigma_minus_tau_104 = [-2.11],
  sigma_minus_tau_105 = [-1.44],
  sigma_minus_tau_106 = [-1.98],
  sigma_minus_tau_107 = [-2.31],
  sigma_minus_tau_108 = [-1.96],
  sigma_minus_tau_109 = [-1.38],
  sigma_minus_tau_1010 = [-1.36],
  sigma_minus_tau_111 = [-2.23],
  sigma_minus_tau_112 = [-0.66],
  sigma_minus_tau_113 = [-2.37],
  sigma_minus_tau_114 = [-1.93],
  sigma_minus_tau_115 = [-0.85],
  sigma_minus_tau_116 = [-1.01],
  sigma_minus_tau_117 = [-1.61],
  sigma_minus_tau_118 = [-0.68],
  sigma_minus_tau_119 = [-1.44],
  sigma_minus_tau_1110 = [-1.88],
  sigma_minus_tau_121 = [-1.98],
  sigma_minus_tau_122 = [-1.18],
  sigma_minus_tau_123 = [-1.96],
  sigma_minus_tau_124 = [-1.48],
  sigma_minus_tau_125 = [-1.39],
  sigma_minus_tau_126 = [-1.49],
  sigma_minus_tau_127 = [-0.99],
  sigma_minus_tau_128 = [-1.10],
  sigma_minus_tau_129 = [-2.03],
  sigma_minus_tau_1210 = [-2.12],
  sigma_minus_tau_131 = [-2.15],
  sigma_minus_tau_132 = [-1.76],
  sigma_minus_tau_133 = [-0.78],
  sigma_minus_tau_134 = [-1.92],
  sigma_minus_tau_135 = [-1.64],
  sigma_minus_tau_136 = [-1.10],
  sigma_minus_tau_137 = [-0.78],
  sigma_minus_tau_138 = [-2.03],
  sigma_minus_tau_139 = [-1.69],
  sigma_minus_tau_1310 = [-1.45],
  sigma_minus_tau_141 = [-2.35],
  sigma_minus_tau_142 = [-0.82],
  sigma_minus_tau_143 = [-2.26],
  sigma_minus_tau_144 = [-0.54],
  sigma_minus_tau_145 = [-1.12],
  sigma_minus_tau_146 = [-1.17],
  sigma_minus_tau_147 = [-1.96],
  sigma_minus_tau_148 = [-1.75],
  sigma_minus_tau_149 = [-1.42],
  sigma_minus_tau_1410 = [-1.39],
  sigma_minus_tau_151 = [-0.79],
  sigma_minus_tau_152 = [-1.54],
  sigma_minus_tau_153 = [-0.88],
  sigma_minus_tau_154 = [-1.58],
  sigma_minus_tau_155 = [-0.87],
  sigma_minus_tau_156 = [-1.54],
  sigma_minus_tau_157 = [-1.67],
  sigma_minus_tau_158 = [-0.50],
  sigma_minus_tau_159 = [-0.75],
  sigma_minus_tau_1510 = [-0.75],
  sigma_minus_tau_161 = [-2.22],
  sigma_minus_tau_162 = [-1.87],
  sigma_minus_tau_163 = [-2.15],
  sigma_minus_tau_164 = [-1.64],
  sigma_minus_tau_165 = [-0.94],
  sigma_minus_tau_166 = [-2.01],
  sigma_minus_tau_167 = [-1.72],
  sigma_minus_tau_168 = [-0.58],
  sigma_minus_tau_169 = [-0.94],
  sigma_minus_tau_1610 = [-1.17],
  sigma_minus_tau_171 = [-1.51],
  sigma_minus_tau_172 = [-0.82],
  sigma_minus_tau_173 = [-1.56],
  sigma_minus_tau_174 = [-1.60],
  sigma_minus_tau_175 = [-2.19],
  sigma_minus_tau_176 = [-0.61],
  sigma_minus_tau_177 = [-0.68],
  sigma_minus_tau_178 = [-1.51],
  sigma_minus_tau_179 = [-1.68],
  sigma_minus_tau_1710 = [-0.71],
  sigma_minus_tau_181 = [-1.62],
  sigma_minus_tau_182 = [-0.72],
  sigma_minus_tau_183 = [-1.11],
  sigma_minus_tau_184 = [-1.32],
  sigma_minus_tau_185 = [-1.59],
  sigma_minus_tau_186 = [-1.02],
  sigma_minus_tau_187 = [-0.90],
  sigma_minus_tau_188 = [-1.07],
  sigma_minus_tau_189 = [-1.16],
  sigma_minus_tau_1810 = [-1.35],
  sigma_minus_tau_191 = [-0.84],
  sigma_minus_tau_192 = [-1.55],
  sigma_minus_tau_193 = [-1.10],
  sigma_minus_tau_194 = [-1.16],
  sigma_minus_tau_195 = [-1.58],
  sigma_minus_tau_196 = [-1.73],
  sigma_minus_tau_197 = [-1.94],
  sigma_minus_tau_198 = [-1.05],
  sigma_minus_tau_199 = [-0.82],
  sigma_minus_tau_1910 = [-1.49],
  sigma_minus_tau_201 = [-1.57],
  sigma_minus_tau_202 = [-1.98],
  sigma_minus_tau_203 = [-1.61],
  sigma_minus_tau_204 = [-1.61],
  sigma_minus_tau_205 = [-2.35],
  sigma_minus_tau_206 = [-2.13],
  sigma_minus_tau_207 = [-2.04],
  sigma_minus_tau_208 = [-1.84],
  sigma_minus_tau_209 = [-1.81],
  sigma_minus_tau_2010 = [-1.58],
]

Probabilities (p_s) = [
0.10, 0.10, 0.10, 0.10, 0.10, 0.10, 0.10, 0.10, 0.10, 0.10
]

c_bar = 5.52
