Jobs = 40
Machines = 5
Scenarios = 20

Ready Times (rj) = [
0.00, 0.00, 0.00, 0.00, 0.00, 0.00, 0.00, 0.00, 0.00, 0.00, 0.00, 0.00, 0.00, 0.00, 0.00, 0.00, 0.00, 0.00, 0.00, 0.00, 0.00, 0.00, 0.00, 0.00, 0.00, 0.00, 0.00, 0.00, 0.00, 0.00, 0.00, 0.00, 0.00, 0.00, 0.00, 0.00, 0.00, 0.00, 0.00, 0.00
]

Transportation Times (tjk^s) = [
  tjk_11 = [0.70, 2.38, 1.05, 0.10, 2.05, 7.58, 5.44, 5.47, 5.18, 7.08, 0.63, 2.04, 7.52, 34.75, 1.25, 1.15, 19.63, 3.25, 60.00, 6.04],
  tjk_12 = [0.10, 0.23, 1.19, 0.10, 7.60, 2.34, 2.67, 1.66, 0.58, 0.44, 3.03, 0.41, 0.45, 0.10, 0.10, 4.45, 0.19, 2.36, 6.56, 0.46],
  tjk_13 = [0.38, 0.37, 3.07, 0.95, 2.35, 0.10, 1.49, 0.36, 0.33, 1.08, 0.65, 0.10, 0.64, 0.76, 0.86, 0.50, 3.53, 1.80, 1.69, 0.89],
  tjk_14 = [0.64, 9.70, 1.06, 0.10, 0.65, 6.56, 2.91, 1.94, 6.69, 0.10, 0.12, 8.26, 6.87, 0.10, 22.28, 0.80, 13.39, 1.41, 3.27, 0.10],
  tjk_15 = [1.25, 1.78, 41.52, 31.42, 0.10, 15.62, 8.80, 14.49, 7.95, 1.50, 1.85, 6.01, 0.75, 4.48, 1.66, 5.72, 0.10, 13.50, 4.46, 60.00],
  tjk_21 = [9.26, 0.10, 1.34, 0.13, 0.10, 6.48, 5.10, 0.10, 1.09, 1.98, 0.10, 0.93, 5.76, 0.26, 21.20, 3.21, 1.82, 3.11, 32.33, 1.48],
  tjk_22 = [7.65, 18.37, 0.10, 1.45, 1.92, 52.37, 1.27, 10.03, 1.00, 2.30, 16.30, 12.99, 10.02, 12.84, 0.10, 9.32, 0.10, 20.12, 17.84, 0.93],
  tjk_23 = [2.50, 1.32, 8.43, 9.07, 21.13, 14.63, 2.48, 4.66, 3.92, 0.10, 16.62, 0.10, 1.54, 4.86, 0.40, 1.08, 4.85, 6.79, 0.83, 0.65],
  tjk_24 = [0.10, 0.10, 0.10, 24.44, 0.10, 2.41, 5.45, 21.64, 3.21, 0.62, 5.27, 8.70, 17.93, 8.04, 0.39, 4.03, 3.60, 3.96, 1.97, 0.49],
  tjk_25 = [11.86, 5.59, 0.10, 4.59, 1.47, 0.17, 0.10, 14.91, 2.49, 2.86, 5.13, 15.44, 0.93, 3.36, 3.17, 11.16, 0.10, 16.76, 10.78, 9.31],
  tjk_31 = [3.16, 23.92, 0.10, 0.10, 24.07, 1.83, 5.61, 9.58, 11.88, 2.77, 1.73, 6.79, 9.96, 0.65, 13.52, 0.93, 7.64, 6.52, 9.59, 0.17],
  tjk_32 = [5.07, 3.44, 0.10, 2.44, 0.10, 4.04, 1.71, 3.02, 49.02, 2.17, 0.10, 1.21, 5.91, 1.12, 3.59, 1.60, 4.75, 1.62, 2.26, 1.93],
  tjk_33 = [7.12, 0.10, 1.14, 4.63, 5.48, 3.61, 0.26, 0.79, 0.10, 4.49, 0.10, 0.42, 1.28, 0.10, 4.59, 7.35, 2.26, 4.46, 5.75, 1.12],
  tjk_34 = [8.31, 4.93, 13.56, 1.41, 3.48, 2.38, 1.17, 1.21, 6.85, 6.21, 1.89, 4.77, 7.61, 3.91, 2.86, 0.10, 1.31, 1.75, 4.32, 3.12],
  tjk_35 = [0.10, 8.63, 0.15, 8.50, 2.23, 4.37, 2.80, 1.60, 1.83, 1.25, 0.72, 5.54, 13.09, 0.10, 1.79, 2.77, 0.31, 2.64, 3.96, 1.30],
  tjk_41 = [0.37, 3.35, 0.29, 6.80, 4.38, 0.34, 6.03, 0.10, 6.88, 6.80, 0.12, 2.00, 9.85, 2.69, 1.16, 2.26, 1.69, 0.94, 1.89, 0.58],
  tjk_42 = [0.13, 1.39, 11.16, 1.84, 1.83, 15.74, 7.53, 1.58, 0.10, 7.66, 0.10, 0.98, 7.64, 6.80, 0.10, 5.78, 4.74, 4.15, 3.16, 7.66],
  tjk_43 = [60.00, 18.95, 4.41, 9.87, 6.54, 15.05, 1.39, 5.63, 5.70, 2.09, 0.34, 0.10, 0.43, 1.55, 3.81, 4.69, 13.45, 1.46, 25.90, 0.10],
  tjk_44 = [2.92, 6.81, 2.31, 9.85, 0.93, 4.55, 0.81, 7.16, 5.19, 2.16, 1.71, 0.21, 2.18, 0.84, 4.01, 0.10, 8.96, 2.57, 5.79, 0.10],
  tjk_45 = [0.97, 0.60, 2.58, 0.10, 5.52, 7.77, 7.16, 1.71, 1.07, 7.82, 2.69, 11.55, 3.11, 1.15, 10.06, 9.26, 4.84, 0.10, 5.37, 26.76],
  tjk_51 = [2.06, 0.71, 2.01, 0.10, 1.50, 1.10, 0.10, 17.49, 0.54, 1.41, 0.10, 0.56, 0.10, 7.24, 4.16, 3.83, 1.43, 8.51, 1.15, 1.76],
  tjk_52 = [0.14, 28.78, 0.10, 2.53, 0.10, 13.50, 1.07, 4.24, 9.76, 9.43, 7.84, 0.10, 3.48, 12.50, 6.57, 4.27, 3.82, 30.85, 12.13, 3.62],
  tjk_53 = [60.00, 0.72, 4.94, 0.10, 60.00, 0.10, 2.55, 6.96, 21.41, 5.22, 19.74, 1.26, 0.10, 5.00, 0.10, 0.53, 0.10, 8.16, 1.24, 4.61],
  tjk_54 = [14.43, 1.95, 2.82, 24.51, 10.24, 1.51, 9.10, 4.65, 7.34, 2.44, 0.10, 1.15, 5.67, 12.50, 0.78, 4.88, 3.49, 1.42, 0.10, 1.57],
  tjk_55 = [22.28, 0.10, 3.86, 9.83, 18.56, 2.28, 5.64, 25.55, 7.27, 9.51, 1.84, 16.49, 0.21, 7.26, 0.18, 10.56, 4.34, 7.30, 1.94, 17.28],
  tjk_61 = [0.10, 2.11, 10.08, 0.10, 21.52, 10.72, 6.43, 21.58, 10.21, 5.22, 4.83, 6.33, 6.96, 7.80, 25.46, 2.25, 14.99, 16.77, 0.45, 0.10],
  tjk_62 = [2.11, 0.10, 10.86, 2.38, 5.51, 60.00, 3.34, 2.32, 0.10, 5.05, 8.20, 0.10, 6.05, 0.10, 5.16, 0.10, 0.10, 3.75, 5.84, 8.32],
  tjk_63 = [4.17, 7.95, 4.00, 1.80, 1.70, 2.26, 31.11, 12.95, 1.10, 0.26, 4.82, 3.42, 0.10, 6.08, 4.28, 56.23, 4.60, 1.96, 6.64, 0.32],
  tjk_64 = [4.99, 18.20, 1.83, 10.82, 30.88, 8.57, 32.55, 17.79, 27.98, 0.10, 3.83, 9.83, 0.10, 4.39, 0.49, 16.24, 3.14, 2.08, 21.78, 7.59],
  tjk_65 = [1.92, 1.64, 0.10, 3.14, 1.61, 5.71, 0.10, 12.48, 0.10, 3.44, 0.36, 3.36, 2.22, 1.18, 2.23, 2.43, 4.25, 2.80, 2.22, 3.50],
  tjk_71 = [8.40, 60.00, 0.98, 7.02, 1.78, 1.92, 9.06, 1.93, 3.32, 3.34, 5.27, 3.62, 6.79, 10.13, 1.67, 2.74, 1.61, 0.10, 8.46, 7.92],
  tjk_72 = [0.83, 6.81, 1.85, 0.10, 1.13, 4.77, 5.91, 9.70, 0.10, 7.11, 1.58, 11.03, 0.10, 3.77, 14.39, 4.97, 6.47, 0.10, 15.16, 0.10],
  tjk_73 = [6.55, 9.78, 4.16, 7.43, 1.07, 0.76, 0.36, 6.16, 6.15, 0.10, 3.95, 0.67, 6.00, 0.26, 1.50, 30.01, 4.56, 0.10, 0.10, 0.38],
  tjk_74 = [2.84, 4.98, 0.10, 20.11, 0.10, 0.92, 4.94, 5.79, 0.30, 4.77, 0.10, 0.19, 0.39, 3.26, 0.10, 0.57, 5.87, 0.66, 2.50, 5.70],
  tjk_75 = [8.64, 4.67, 0.91, 26.48, 2.52, 0.10, 7.22, 7.63, 7.42, 1.75, 6.49, 1.80, 18.02, 13.44, 1.91, 0.37, 1.75, 4.15, 0.10, 1.50],
  tjk_81 = [16.20, 0.10, 7.84, 6.04, 14.80, 0.46, 0.10, 2.02, 4.11, 2.98, 2.48, 14.17, 0.10, 2.01, 60.00, 11.43, 19.67, 0.10, 10.86, 2.54],
  tjk_82 = [1.31, 2.76, 0.35, 0.19, 0.60, 0.18, 0.48, 0.10, 1.31, 0.10, 0.74, 1.08, 0.17, 0.10, 0.11, 2.07, 0.40, 2.24, 1.57, 3.44],
  tjk_83 = [11.08, 1.26, 0.27, 3.06, 4.73, 3.74, 3.23, 0.21, 2.05, 3.98, 1.49, 1.13, 6.73, 3.15, 7.41, 0.10, 11.83, 1.79, 1.09, 4.20],
  tjk_84 = [2.38, 2.53, 26.78, 1.97, 3.94, 4.24, 0.23, 0.27, 3.71, 0.97, 4.46, 0.31, 0.10, 0.32, 1.14, 0.10, 12.90, 0.31, 9.91, 2.56],
  tjk_85 = [0.19, 2.50, 3.10, 0.10, 0.17, 0.10, 1.58, 0.95, 0.38, 1.67, 1.70, 0.28, 0.10, 0.36, 0.17, 2.04, 1.69, 1.67, 0.38, 11.26],
  tjk_91 = [0.10, 0.72, 0.48, 2.68, 0.10, 0.29, 1.26, 0.25, 10.18, 0.10, 0.29, 1.76, 1.61, 0.10, 0.64, 3.16, 0.10, 0.23, 0.10, 0.72],
  tjk_92 = [7.70, 2.23, 0.10, 0.61, 2.55, 47.52, 0.10, 0.46, 2.14, 1.01, 3.41, 0.10, 3.89, 10.20, 5.90, 2.94, 6.51, 4.09, 2.96, 10.06],
  tjk_93 = [0.96, 4.14, 1.25, 36.93, 0.64, 0.10, 4.52, 0.10, 3.64, 6.35, 0.42, 4.83, 0.10, 2.36, 0.55, 0.10, 0.20, 0.79, 0.10, 1.72],
  tjk_94 = [8.29, 7.41, 3.68, 30.77, 7.21, 0.37, 0.10, 0.43, 60.00, 0.10, 8.32, 24.08, 6.22, 1.19, 1.72, 7.90, 3.57, 0.10, 0.71, 11.62],
  tjk_95 = [0.83, 0.10, 0.10, 1.84, 0.10, 2.93, 1.53, 0.10, 0.29, 0.17, 9.93, 3.67, 0.10, 1.32, 4.81, 3.69, 3.91, 0.58, 0.34, 2.86],
  tjk_101 = [9.55, 4.71, 5.51, 11.78, 2.31, 0.52, 6.35, 10.79, 6.48, 6.55, 10.33, 1.51, 10.33, 0.10, 0.43, 0.96, 0.10, 0.59, 7.92, 12.38],
  tjk_102 = [0.77, 3.17, 9.70, 0.73, 9.81, 3.44, 2.55, 3.35, 7.36, 0.70, 0.10, 0.63, 4.41, 0.46, 27.98, 1.10, 0.10, 4.83, 3.01, 2.04],
  tjk_103 = [1.93, 9.94, 0.10, 3.43, 13.66, 0.10, 5.88, 12.26, 2.62, 8.53, 1.50, 2.89, 1.50, 5.05, 1.38, 7.71, 2.50, 3.36, 2.27, 4.28],
  tjk_104 = [9.92, 2.98, 3.14, 31.50, 1.39, 5.66, 1.84, 2.43, 0.10, 9.66, 0.10, 17.04, 0.10, 7.85, 4.72, 17.93, 0.10, 1.76, 0.10, 4.48],
  tjk_105 = [9.14, 7.51, 3.41, 1.03, 5.51, 6.47, 4.63, 22.21, 0.93, 14.70, 11.52, 2.12, 0.10, 31.60, 13.16, 1.22, 3.52, 5.99, 7.83, 0.52],
  tjk_111 = [1.83, 0.71, 0.26, 5.01, 5.82, 4.86, 1.28, 1.07, 2.73, 60.00, 1.67, 2.57, 1.18, 6.28, 4.06, 60.00, 2.32, 0.80, 0.10, 2.82],
  tjk_112 = [1.65, 1.92, 0.48, 3.60, 7.81, 1.75, 0.33, 2.47, 52.29, 3.07, 7.16, 4.31, 2.28, 7.37, 3.34, 1.63, 0.10, 0.10, 12.42, 15.13],
  tjk_113 = [8.31, 6.68, 1.92, 0.50, 1.28, 2.80, 2.12, 0.79, 0.10, 2.69, 5.24, 0.30, 1.96, 3.43, 3.60, 3.69, 2.21, 1.59, 0.96, 2.63],
  tjk_114 = [15.02, 3.15, 8.30, 0.35, 0.10, 0.10, 6.46, 14.94, 3.46, 0.27, 1.55, 2.08, 1.93, 3.28, 0.48, 1.51, 8.64, 1.67, 15.21, 0.39],
  tjk_115 = [2.99, 0.10, 0.37, 2.97, 2.45, 0.10, 15.64, 0.75, 1.21, 1.21, 1.52, 2.56, 1.70, 0.10, 20.23, 0.49, 1.15, 0.10, 0.59, 0.10],
  tjk_121 = [0.10, 1.28, 5.11, 1.45, 5.49, 1.30, 2.28, 27.17, 2.46, 6.68, 4.04, 0.40, 18.64, 0.39, 4.38, 12.38, 0.10, 0.10, 0.10, 3.64],
  tjk_122 = [6.13, 2.46, 5.21, 6.91, 0.14, 1.46, 1.80, 6.00, 10.45, 3.73, 5.22, 0.76, 1.65, 1.87, 0.10, 0.10, 2.10, 0.10, 0.18, 0.10],
  tjk_123 = [1.65, 6.30, 1.13, 2.11, 1.71, 3.73, 2.23, 1.90, 1.06, 4.21, 2.08, 5.37, 2.99, 0.85, 2.44, 3.97, 0.28, 0.85, 6.99, 0.10],
  tjk_124 = [0.10, 60.00, 0.66, 8.55, 6.76, 1.56, 6.03, 6.76, 4.99, 0.91, 0.10, 3.02, 3.18, 29.06, 0.61, 1.37, 0.10, 0.19, 0.24, 0.31],
  tjk_125 = [0.10, 0.53, 0.67, 0.62, 0.10, 5.58, 7.37, 0.10, 3.72, 0.20, 5.13, 0.44, 2.33, 2.35, 1.91, 0.10, 0.26, 1.82, 0.10, 0.56],
  tjk_131 = [14.30, 60.00, 3.70, 45.20, 0.69, 1.21, 12.82, 0.10, 1.30, 0.14, 0.93, 0.98, 16.71, 22.32, 1.29, 0.10, 4.05, 1.98, 10.70, 4.41],
  tjk_132 = [1.25, 0.10, 1.83, 0.81, 1.37, 0.83, 2.84, 1.93, 0.73, 0.78, 2.55, 1.86, 5.41, 3.81, 0.41, 0.36, 8.34, 0.81, 4.13, 60.00],
  tjk_133 = [1.45, 2.47, 8.13, 0.54, 0.10, 2.72, 5.71, 0.82, 4.42, 5.91, 1.60, 1.45, 0.44, 8.16, 3.57, 5.71, 3.39, 0.52, 0.61, 7.53],
  tjk_134 = [1.14, 1.58, 0.10, 1.38, 1.04, 3.06, 3.67, 0.22, 15.04, 1.03, 1.38, 3.07, 0.10, 0.16, 17.16, 0.53, 4.04, 1.82, 3.31, 3.40],
  tjk_135 = [0.92, 2.01, 2.55, 1.83, 1.11, 0.93, 2.73, 0.18, 7.56, 0.85, 12.74, 0.87, 0.59, 2.14, 1.38, 0.15, 0.10, 1.84, 0.20, 1.13],
  tjk_141 = [2.71, 60.00, 0.10, 60.00, 4.57, 4.29, 17.69, 1.39, 7.13, 0.10, 5.76, 0.27, 0.65, 15.35, 0.52, 2.26, 5.38, 0.10, 2.52, 2.95],
  tjk_142 = [4.27, 1.41, 0.10, 1.69, 0.63, 6.54, 2.05, 0.49, 1.19, 0.26, 5.94, 0.10, 5.93, 1.99, 1.49, 0.53, 0.88, 2.64, 14.20, 0.46],
  tjk_143 = [13.37, 3.35, 0.10, 0.35, 2.64, 0.88, 24.60, 1.39, 0.68, 11.51, 2.40, 23.52, 2.37, 0.10, 1.33, 6.58, 3.35, 2.16, 6.98, 1.48],
  tjk_144 = [1.25, 18.50, 5.99, 0.10, 5.23, 9.50, 1.89, 11.09, 60.00, 3.45, 17.23, 0.10, 2.48, 3.09, 2.75, 16.94, 24.90, 0.36, 6.06, 13.32],
  tjk_145 = [3.73, 2.37, 0.10, 2.25, 2.08, 1.38, 16.75, 7.91, 0.64, 0.34, 2.84, 21.54, 10.35, 2.03, 13.55, 4.67, 0.10, 0.10, 4.66, 0.66],
  tjk_151 = [9.71, 11.94, 0.59, 2.56, 11.38, 3.99, 5.70, 0.19, 0.10, 10.69, 6.39, 8.42, 12.37, 3.30, 10.77, 9.06, 1.76, 3.39, 6.30, 8.15],
  tjk_152 = [8.18, 4.16, 0.33, 2.76, 8.34, 4.23, 0.50, 0.10, 6.68, 0.23, 0.91, 0.10, 27.33, 2.38, 0.53, 4.21, 0.10, 9.28, 7.17, 0.40],
  tjk_153 = [0.10, 0.10, 5.76, 11.86, 0.71, 0.10, 2.33, 2.88, 2.30, 3.23, 8.02, 0.10, 0.24, 1.76, 8.42, 0.16, 12.12, 3.90, 8.90, 4.02],
  tjk_154 = [11.07, 0.35, 6.33, 2.12, 1.01, 3.16, 24.15, 13.64, 5.25, 1.04, 0.10, 0.10, 16.70, 0.57, 3.55, 0.46, 6.80, 4.43, 7.77, 0.10],
  tjk_155 = [10.39, 2.94, 0.41, 0.10, 0.63, 5.44, 8.40, 0.10, 15.43, 7.37, 5.18, 3.66, 5.07, 6.77, 0.42, 8.55, 5.90, 0.33, 2.25, 20.24],
  tjk_161 = [7.98, 0.10, 1.52, 3.73, 0.77, 2.39, 1.83, 0.10, 7.23, 0.11, 0.10, 2.11, 2.73, 5.01, 9.53, 0.10, 0.10, 0.10, 3.03, 1.68],
  tjk_162 = [11.48, 0.77, 33.90, 1.69, 6.70, 5.13, 12.62, 7.57, 10.49, 18.89, 1.98, 12.86, 0.10, 1.76, 0.10, 6.51, 5.91, 3.05, 2.86, 0.10],
  tjk_163 = [1.65, 1.70, 2.33, 1.22, 1.07, 1.19, 3.89, 0.99, 0.10, 6.01, 1.06, 0.27, 5.89, 2.94, 0.10, 1.58, 0.10, 0.56, 1.01, 0.87],
  tjk_164 = [6.11, 9.34, 0.10, 3.25, 0.10, 0.17, 0.90, 0.10, 4.47, 15.40, 0.10, 6.54, 1.55, 0.10, 2.15, 2.53, 15.41, 4.62, 9.36, 9.02],
  tjk_165 = [1.53, 7.60, 52.66, 0.15, 5.07, 1.47, 28.25, 1.93, 8.74, 0.34, 1.42, 39.76, 17.67, 1.46, 4.34, 0.10, 0.10, 0.94, 2.06, 10.87],
  tjk_171 = [0.18, 8.90, 2.18, 11.55, 0.14, 2.13, 10.42, 0.72, 14.28, 9.18, 10.46, 0.36, 0.10, 4.12, 0.28, 3.50, 0.10, 6.15, 7.85, 9.28],
  tjk_172 = [60.00, 5.93, 12.83, 0.10, 0.10, 0.10, 0.10, 5.38, 15.86, 2.37, 23.52, 1.65, 19.24, 3.80, 8.71, 4.64, 0.36, 1.03, 9.83, 8.39],
  tjk_173 = [6.49, 9.70, 6.31, 6.69, 1.76, 60.00, 0.89, 0.71, 11.14, 60.00, 10.58, 19.14, 0.88, 11.85, 15.54, 3.27, 6.73, 4.84, 3.78, 2.66],
  tjk_174 = [3.42, 2.46, 5.52, 0.54, 0.10, 2.18, 1.37, 2.01, 0.10, 0.40, 1.26, 0.28, 5.35, 0.10, 0.10, 2.30, 3.81, 3.98, 6.17, 57.92],
  tjk_175 = [0.10, 6.15, 13.87, 1.55, 10.31, 0.10, 19.98, 7.05, 0.51, 0.10, 60.00, 15.51, 0.68, 16.05, 24.06, 6.53, 8.86, 1.86, 3.73, 0.98],
  tjk_181 = [1.80, 1.06, 2.05, 3.89, 0.10, 0.57, 0.28, 10.95, 3.82, 0.94, 1.28, 2.33, 0.10, 5.89, 2.98, 0.10, 1.29, 0.29, 0.56, 3.57],
  tjk_182 = [1.31, 0.10, 3.36, 8.06, 2.81, 2.37, 0.10, 2.21, 19.66, 14.93, 0.10, 0.11, 3.34, 0.23, 1.23, 2.50, 1.02, 0.70, 0.32, 0.19],
  tjk_183 = [2.00, 2.06, 0.10, 3.59, 5.69, 20.63, 0.33, 0.98, 0.24, 0.10, 4.60, 1.66, 2.42, 24.30, 2.13, 0.10, 0.10, 0.10, 0.21, 0.91],
  tjk_184 = [0.21, 5.75, 7.94, 14.09, 60.00, 0.10, 12.13, 7.51, 3.61, 18.22, 14.02, 0.90, 0.10, 9.11, 5.96, 4.85, 7.05, 7.87, 2.66, 0.78],
  tjk_185 = [0.91, 8.75, 4.54, 2.14, 6.74, 0.10, 0.87, 4.02, 7.39, 0.10, 9.10, 12.54, 6.65, 1.55, 0.10, 6.80, 4.14, 3.05, 12.53, 4.63],
  tjk_191 = [0.16, 6.47, 10.05, 12.76, 5.80, 0.75, 3.76, 9.15, 4.87, 8.92, 33.46, 0.10, 4.24, 0.92, 45.36, 0.81, 0.14, 3.45, 5.42, 0.10],
  tjk_192 = [0.10, 5.04, 5.08, 0.10, 2.21, 14.87, 0.10, 11.39, 0.10, 0.10, 5.71, 1.08, 2.41, 6.41, 4.56, 0.10, 4.63, 3.05, 0.50, 1.80],
  tjk_193 = [0.14, 2.92, 0.10, 2.59, 2.42, 5.10, 0.68, 0.10, 2.93, 3.61, 1.07, 3.39, 27.73, 4.18, 8.11, 0.25, 4.90, 0.74, 0.73, 1.37],
  tjk_194 = [20.57, 7.81, 4.81, 5.60, 5.10, 3.77, 30.92, 1.91, 3.00, 1.60, 1.59, 0.10, 28.98, 7.27, 9.64, 0.48, 5.39, 7.05, 21.78, 24.48],
  tjk_195 = [60.00, 1.16, 0.10, 2.03, 0.10, 1.36, 1.22, 2.40, 0.10, 0.85, 13.18, 12.47, 2.33, 1.20, 2.31, 0.78, 39.98, 19.37, 3.05, 4.81],
  tjk_201 = [0.19, 0.51, 0.19, 0.13, 3.42, 0.71, 1.67, 0.83, 0.61, 2.44, 1.53, 0.11, 2.22, 0.22, 5.07, 0.29, 2.54, 1.74, 0.10, 1.83],
  tjk_202 = [60.00, 1.08, 3.94, 0.89, 1.51, 0.10, 2.54, 3.46, 1.78, 1.15, 0.75, 2.58, 0.10, 1.73, 1.52, 1.64, 0.16, 0.46, 0.93, 0.69],
  tjk_203 = [0.10, 0.65, 1.13, 1.59, 2.26, 0.34, 1.68, 0.25, 0.52, 2.77, 1.03, 0.10, 1.89, 1.04, 0.22, 0.10, 0.47, 0.19, 3.01, 10.04],
  tjk_204 = [0.10, 7.33, 16.69, 8.73, 2.38, 5.38, 9.75, 11.42, 1.58, 10.86, 0.10, 7.65, 0.10, 30.00, 1.19, 11.29, 4.78, 2.36, 9.52, 9.61],
  tjk_205 = [0.16, 0.10, 14.39, 18.19, 0.10, 19.87, 1.73, 0.10, 12.56, 2.18, 13.47, 14.97, 5.15, 0.10, 2.63, 17.72, 0.80, 4.20, 0.37, 8.87],
  tjk_211 = [0.88, 14.38, 3.59, 0.98, 0.10, 0.88, 21.16, 0.10, 3.06, 1.60, 1.22, 1.81, 41.81, 1.39, 4.29, 4.63, 8.45, 4.42, 9.62, 7.75],
  tjk_212 = [0.52, 0.10, 0.61, 0.10, 0.93, 0.24, 1.95, 2.55, 1.60, 1.12, 1.25, 2.40, 0.10, 1.22, 0.13, 0.93, 0.60, 1.22, 0.40, 1.99],
  tjk_213 = [1.65, 13.04, 1.56, 0.26, 23.71, 2.82, 0.97, 9.01, 1.07, 9.68, 0.10, 0.64, 4.84, 5.84, 12.77, 11.35, 60.00, 0.10, 1.52, 3.23],
  tjk_214 = [3.61, 0.10, 1.97, 0.10, 7.91, 0.92, 0.10, 0.78, 0.20, 43.30, 0.53, 3.20, 0.10, 0.26, 1.63, 0.83, 0.29, 3.55, 0.90, 0.10],
  tjk_215 = [4.04, 3.45, 2.67, 3.00, 1.92, 1.98, 0.51, 0.10, 4.59, 1.36, 7.97, 0.42, 1.89, 0.75, 27.82, 0.73, 0.10, 8.91, 0.92, 0.10],
  tjk_221 = [0.53, 0.10, 5.54, 1.71, 0.10, 4.11, 2.64, 0.28, 0.71, 60.00, 1.12, 0.91, 0.67, 2.15, 0.28, 2.05, 0.23, 0.18, 3.23, 5.25],
  tjk_222 = [2.18, 8.99, 11.55, 2.78, 0.45, 16.26, 7.75, 12.02, 16.86, 1.66, 46.61, 2.46, 1.52, 5.11, 18.11, 10.10, 4.00, 6.41, 1.39, 1.87],
  tjk_223 = [0.44, 0.69, 3.05, 0.33, 0.10, 0.93, 3.29, 8.64, 0.41, 1.30, 3.42, 0.10, 3.33, 0.84, 2.26, 0.10, 1.13, 0.34, 0.73, 0.10],
  tjk_224 = [0.10, 2.70, 0.10, 0.42, 2.35, 0.90, 20.32, 2.81, 7.05, 60.00, 13.04, 1.39, 0.10, 0.10, 9.30, 0.10, 22.31, 17.05, 6.94, 1.75],
  tjk_225 = [0.20, 9.55, 3.32, 6.97, 8.61, 0.18, 15.49, 0.10, 0.98, 2.08, 27.55, 1.34, 1.88, 1.46, 1.85, 6.61, 5.89, 1.43, 0.83, 0.28],
  tjk_231 = [0.40, 21.59, 50.91, 6.16, 3.93, 13.27, 13.31, 8.49, 2.43, 8.77, 1.72, 16.86, 12.03, 6.59, 1.71, 14.62, 11.95, 0.76, 37.84, 6.30],
  tjk_232 = [6.78, 3.66, 0.10, 4.42, 14.16, 0.10, 0.10, 3.01, 2.01, 3.31, 3.51, 2.73, 6.12, 3.09, 3.41, 1.05, 60.00, 3.19, 1.13, 3.31],
  tjk_233 = [0.10, 5.27, 11.24, 8.52, 28.40, 9.56, 9.91, 12.72, 0.10, 0.10, 6.80, 6.83, 17.37, 18.40, 25.38, 14.74, 0.10, 0.10, 16.76, 4.14],
  tjk_234 = [0.10, 20.14, 0.10, 5.31, 6.30, 6.87, 17.31, 60.00, 8.52, 11.51, 2.59, 37.87, 6.75, 0.10, 10.31, 12.18, 0.10, 3.31, 14.03, 1.77],
  tjk_235 = [44.81, 22.66, 5.36, 5.45, 2.53, 0.66, 18.98, 0.10, 14.29, 26.27, 0.10, 4.91, 5.40, 2.03, 12.53, 10.73, 2.38, 3.05, 18.70, 12.19],
  tjk_241 = [10.32, 16.11, 0.10, 1.13, 7.73, 0.10, 6.55, 1.65, 0.49, 15.03, 0.10, 6.69, 2.64, 8.96, 11.47, 11.40, 0.90, 0.10, 0.97, 13.44],
  tjk_242 = [18.23, 20.76, 0.10, 1.56, 14.54, 12.62, 0.10, 4.74, 7.44, 13.19, 0.10, 9.35, 7.08, 6.59, 11.53, 0.10, 60.00, 3.56, 3.86, 1.32],
  tjk_243 = [6.31, 27.78, 0.10, 4.53, 0.52, 2.14, 4.63, 2.70, 0.10, 8.09, 0.45, 6.35, 0.10, 1.93, 5.00, 2.66, 6.97, 0.46, 0.69, 0.66],
  tjk_244 = [2.58, 14.49, 0.10, 10.49, 2.26, 8.99, 0.76, 4.07, 0.10, 0.10, 0.10, 6.45, 20.24, 0.10, 8.15, 4.80, 0.37, 0.10, 3.79, 0.10],
  tjk_245 = [2.11, 0.88, 0.43, 0.15, 0.10, 3.29, 1.32, 0.79, 0.78, 0.52, 3.68, 12.96, 0.26, 1.40, 0.10, 0.45, 2.36, 2.06, 1.26, 6.44],
  tjk_251 = [10.69, 3.67, 1.64, 0.10, 25.38, 18.52, 0.10, 30.11, 6.96, 0.10, 6.01, 3.01, 11.31, 0.10, 27.31, 8.12, 0.10, 1.11, 0.93, 8.94],
  tjk_252 = [2.09, 0.68, 3.97, 24.12, 6.61, 1.77, 6.51, 12.05, 6.29, 4.84, 5.68, 7.39, 2.96, 15.68, 1.03, 4.37, 7.27, 1.40, 34.45, 0.10],
  tjk_253 = [0.10, 2.54, 0.10, 0.10, 2.95, 0.78, 5.11, 1.24, 1.66, 3.03, 2.34, 2.03, 0.15, 45.28, 0.10, 2.54, 5.70, 26.23, 0.86, 1.08],
  tjk_254 = [7.17, 15.91, 9.10, 2.28, 3.25, 2.58, 1.17, 9.81, 33.58, 0.97, 35.10, 2.89, 20.77, 7.36, 5.38, 4.93, 3.54, 14.01, 6.71, 7.17],
  tjk_255 = [16.62, 10.55, 0.10, 8.64, 3.31, 14.80, 17.25, 0.10, 8.45, 0.10, 0.10, 3.27, 2.45, 1.40, 1.43, 5.09, 5.95, 7.80, 4.74, 3.50],
  tjk_261 = [3.59, 6.35, 19.69, 56.68, 4.10, 42.20, 8.78, 7.35, 1.52, 0.51, 0.10, 0.10, 2.21, 28.16, 9.25, 7.05, 1.75, 4.69, 33.61, 7.04],
  tjk_262 = [0.67, 1.73, 3.03, 1.04, 1.80, 0.10, 1.26, 0.10, 2.39, 0.15, 3.74, 0.47, 2.33, 0.19, 4.82, 3.13, 0.15, 1.69, 2.70, 4.95],
  tjk_263 = [4.09, 1.02, 6.59, 0.43, 2.69, 6.12, 0.87, 9.38, 0.29, 6.78, 4.58, 0.78, 1.84, 0.68, 0.93, 0.77, 5.02, 1.80, 17.54, 0.17],
  tjk_264 = [0.10, 0.66, 0.49, 0.10, 9.09, 0.22, 0.20, 0.10, 0.10, 0.10, 1.15, 0.95, 0.13, 0.33, 1.82, 0.97, 0.10, 0.46, 0.10, 0.74],
  tjk_265 = [9.90, 6.55, 8.08, 2.01, 5.75, 5.13, 3.39, 9.70, 1.25, 2.20, 0.53, 9.17, 4.96, 1.89, 1.92, 13.02, 0.15, 10.63, 3.91, 8.12],
  tjk_271 = [10.92, 2.48, 4.90, 11.78, 1.16, 0.46, 12.70, 0.66, 19.68, 4.09, 4.11, 6.19, 0.10, 4.85, 7.65, 18.14, 9.80, 2.99, 2.87, 3.83],
  tjk_272 = [0.10, 0.90, 0.10, 1.80, 0.56, 1.15, 1.88, 0.25, 2.74, 4.52, 1.79, 0.10, 0.18, 0.14, 1.88, 0.70, 0.10, 0.10, 0.90, 0.10],
  tjk_273 = [0.10, 0.31, 0.10, 0.30, 0.93, 1.14, 5.67, 1.19, 0.10, 2.60, 1.31, 0.48, 0.63, 0.30, 0.10, 2.22, 0.10, 1.45, 0.25, 4.30],
  tjk_274 = [4.79, 2.58, 1.77, 30.62, 1.16, 12.45, 0.10, 5.40, 6.02, 0.10, 1.82, 0.57, 1.54, 19.13, 9.51, 7.75, 5.50, 13.90, 16.22, 0.68],
  tjk_275 = [0.28, 0.10, 0.51, 1.94, 0.10, 2.59, 0.10, 14.61, 4.45, 1.57, 2.71, 6.04, 2.10, 0.10, 0.17, 0.10, 2.97, 10.62, 0.18, 0.10],
  tjk_281 = [0.35, 3.22, 1.65, 0.16, 0.10, 2.67, 0.13, 2.04, 3.53, 0.59, 0.22, 0.36, 0.85, 0.10, 0.94, 2.72, 0.44, 0.10, 0.73, 0.55],
  tjk_282 = [1.09, 1.96, 6.93, 7.32, 4.79, 6.67, 12.97, 0.18, 0.79, 0.39, 0.10, 6.58, 6.92, 5.60, 0.10, 4.25, 0.55, 2.85, 6.00, 0.91],
  tjk_283 = [5.17, 2.20, 4.90, 0.10, 0.10, 10.23, 0.18, 35.52, 4.87, 12.87, 11.35, 0.10, 1.44, 1.54, 1.12, 0.22, 60.00, 0.26, 1.50, 3.75],
  tjk_284 = [2.06, 1.27, 1.46, 0.42, 0.32, 4.12, 0.23, 1.11, 1.99, 0.45, 1.16, 2.55, 0.10, 1.05, 0.40, 0.14, 2.01, 0.10, 1.86, 5.17],
  tjk_285 = [4.52, 2.72, 0.33, 2.65, 0.58, 0.38, 2.32, 0.44, 0.42, 0.10, 6.60, 4.36, 12.85, 0.42, 3.90, 1.02, 3.88, 11.79, 29.75, 0.10],
  tjk_291 = [1.82, 3.26, 0.10, 2.96, 16.60, 3.12, 0.17, 4.30, 11.01, 0.10, 1.61, 6.47, 3.49, 5.90, 0.10, 4.83, 8.36, 10.68, 4.79, 2.19],
  tjk_292 = [1.39, 2.97, 2.96, 6.70, 1.58, 15.17, 1.43, 6.79, 0.12, 15.10, 3.22, 0.10, 11.48, 4.86, 6.49, 30.01, 31.81, 9.58, 9.96, 25.27],
  tjk_293 = [16.22, 2.21, 0.10, 4.09, 3.05, 11.71, 2.28, 0.75, 57.96, 6.43, 1.42, 44.93, 0.10, 0.10, 2.55, 0.10, 6.80, 8.62, 7.35, 11.95],
  tjk_294 = [1.24, 0.26, 36.68, 5.08, 48.97, 2.49, 1.09, 1.98, 6.38, 5.19, 5.36, 3.37, 4.89, 2.37, 3.07, 2.94, 12.83, 12.24, 0.10, 18.74],
  tjk_295 = [4.43, 16.12, 6.11, 0.43, 0.84, 15.96, 5.72, 3.02, 33.47, 2.40, 0.10, 22.92, 0.10, 0.34, 0.10, 5.93, 6.04, 2.42, 5.71, 2.14],
  tjk_301 = [0.10, 0.10, 0.61, 1.05, 0.47, 1.76, 1.80, 5.80, 0.10, 0.65, 0.33, 0.37, 0.10, 0.29, 1.08, 0.15, 0.49, 23.43, 2.62, 3.03],
  tjk_302 = [3.68, 4.12, 14.16, 2.55, 17.04, 6.46, 19.53, 6.15, 5.34, 6.70, 1.88, 4.61, 0.10, 3.59, 1.49, 2.12, 4.34, 5.65, 4.63, 0.95],
  tjk_303 = [0.20, 8.46, 2.04, 0.10, 0.10, 0.10, 0.10, 2.14, 3.22, 0.34, 1.79, 3.05, 1.40, 0.57, 7.19, 0.87, 0.10, 0.10, 1.28, 0.62],
  tjk_304 = [0.68, 1.25, 1.89, 0.44, 0.86, 0.83, 4.88, 2.34, 0.84, 8.43, 1.00, 1.39, 0.23, 1.31, 10.07, 0.23, 1.05, 0.53, 0.89, 17.47],
  tjk_305 = [8.87, 11.94, 1.55, 4.29, 4.23, 1.99, 3.51, 6.80, 25.07, 0.69, 15.77, 13.59, 11.23, 0.10, 3.92, 0.10, 60.00, 7.45, 2.11, 2.50],
  tjk_311 = [2.22, 1.91, 0.10, 0.24, 5.81, 0.10, 5.48, 5.47, 0.10, 0.20, 0.10, 1.18, 1.43, 0.56, 1.70, 3.57, 3.38, 0.10, 0.10, 5.34],
  tjk_312 = [14.07, 6.41, 11.97, 0.10, 3.49, 0.49, 6.26, 3.93, 2.38, 0.10, 21.52, 1.21, 37.17, 1.53, 0.52, 5.68, 4.98, 3.06, 1.49, 3.93],
  tjk_313 = [0.10, 4.55, 60.00, 6.59, 7.39, 13.07, 0.43, 8.70, 1.56, 30.24, 33.39, 4.27, 3.24, 0.81, 0.63, 4.32, 0.94, 38.24, 7.91, 11.09],
  tjk_314 = [0.26, 3.96, 15.70, 0.10, 1.86, 0.11, 0.59, 44.21, 36.53, 0.78, 2.18, 0.10, 1.57, 6.70, 3.25, 3.86, 0.10, 1.79, 2.68, 3.87],
  tjk_315 = [1.32, 2.30, 0.13, 0.86, 2.11, 0.79, 3.74, 0.10, 3.15, 0.16, 1.42, 0.17, 0.14, 0.85, 1.57, 0.10, 0.51, 0.21, 0.94, 1.29],
  tjk_321 = [0.10, 1.96, 18.68, 0.10, 24.35, 2.61, 7.00, 60.00, 10.31, 0.10, 0.10, 5.80, 5.04, 0.10, 9.20, 14.78, 0.25, 1.88, 3.70, 0.21],
  tjk_322 = [0.34, 0.10, 0.57, 3.09, 3.65, 0.20, 1.03, 0.10, 2.43, 9.63, 9.03, 1.12, 0.60, 7.61, 2.89, 0.65, 15.99, 0.10, 4.16, 1.31],
  tjk_323 = [4.92, 4.09, 1.46, 3.05, 0.40, 7.95, 1.37, 1.02, 3.10, 0.52, 2.63, 1.79, 2.07, 13.70, 0.10, 0.10, 4.29, 0.10, 8.87, 4.07],
  tjk_324 = [5.24, 2.00, 1.49, 3.65, 2.76, 7.47, 1.66, 1.50, 3.70, 0.40, 1.89, 0.56, 0.43, 2.07, 2.90, 1.33, 2.09, 1.99, 3.79, 6.00],
  tjk_325 = [2.56, 47.00, 0.10, 0.94, 3.68, 0.10, 3.54, 3.69, 1.24, 2.23, 1.16, 0.66, 0.50, 2.04, 0.10, 0.33, 6.66, 2.00, 0.99, 4.69],
  tjk_331 = [0.10, 1.23, 1.11, 0.32, 0.10, 1.22, 0.41, 15.58, 1.50, 3.34, 1.00, 0.10, 0.10, 2.39, 0.93, 1.46, 1.01, 3.14, 0.63, 0.38],
  tjk_332 = [17.17, 17.22, 2.25, 6.10, 8.68, 15.91, 5.23, 0.78, 11.28, 14.87, 8.26, 13.67, 10.31, 0.90, 5.90, 2.58, 17.57, 1.80, 4.67, 11.00],
  tjk_333 = [0.34, 2.43, 5.41, 4.93, 1.13, 0.55, 0.10, 0.92, 0.10, 0.95, 5.38, 1.43, 7.85, 2.48, 0.45, 1.01, 0.99, 7.68, 1.60, 6.74],
  tjk_334 = [1.61, 6.21, 6.47, 2.36, 0.10, 2.57, 60.00, 6.03, 0.10, 6.57, 7.55, 5.36, 2.67, 11.77, 8.66, 6.00, 13.30, 5.33, 0.44, 3.66],
  tjk_335 = [4.49, 0.37, 16.08, 53.48, 60.00, 7.37, 0.22, 10.83, 6.98, 0.10, 9.20, 10.11, 1.83, 3.62, 2.23, 0.35, 13.85, 4.54, 0.10, 1.09],
  tjk_341 = [2.20, 8.30, 5.61, 0.10, 0.63, 11.04, 20.60, 6.51, 0.10, 6.09, 0.10, 0.10, 3.60, 0.10, 3.42, 19.04, 6.60, 10.65, 14.83, 27.11],
  tjk_342 = [19.35, 0.37, 0.10, 6.23, 9.57, 3.26, 11.09, 0.71, 2.73, 0.40, 0.10, 0.10, 0.81, 0.10, 0.10, 54.37, 1.88, 0.10, 31.81, 6.66],
  tjk_343 = [0.10, 0.41, 21.86, 20.29, 10.54, 37.77, 1.84, 1.97, 0.20, 10.21, 9.10, 0.91, 6.28, 35.24, 0.50, 4.84, 0.57, 3.28, 1.00, 0.10],
  tjk_344 = [1.66, 0.35, 3.46, 5.79, 0.44, 3.04, 0.10, 12.42, 0.33, 0.55, 1.10, 3.49, 1.16, 1.21, 8.28, 5.26, 5.99, 23.15, 33.63, 0.10],
  tjk_345 = [5.98, 3.59, 1.59, 28.07, 0.10, 0.10, 1.77, 4.15, 0.10, 0.10, 0.10, 4.09, 3.86, 0.25, 1.24, 60.00, 1.39, 0.66, 3.19, 0.72],
  tjk_351 = [14.31, 0.10, 60.00, 2.82, 1.88, 1.27, 0.40, 12.32, 0.90, 1.25, 2.16, 3.10, 9.00, 3.71, 7.42, 11.50, 1.16, 60.00, 34.70, 0.48],
  tjk_352 = [2.37, 1.01, 8.35, 1.52, 2.37, 1.52, 2.66, 0.10, 0.10, 1.05, 3.82, 2.13, 0.92, 0.21, 2.50, 0.21, 1.48, 0.97, 0.10, 1.96],
  tjk_353 = [0.40, 8.72, 0.10, 0.60, 2.60, 0.26, 59.82, 44.14, 2.76, 2.19, 0.10, 0.63, 3.33, 1.09, 2.82, 7.78, 1.22, 0.10, 0.10, 0.10],
  tjk_354 = [2.07, 2.61, 0.10, 1.53, 0.91, 0.43, 2.12, 0.23, 2.06, 0.79, 0.23, 0.69, 0.40, 1.90, 1.65, 0.10, 1.52, 0.10, 0.43, 0.17],
  tjk_355 = [2.24, 0.92, 0.11, 3.93, 1.72, 3.72, 48.65, 9.57, 0.55, 7.39, 7.76, 12.62, 3.48, 60.00, 34.69, 5.61, 19.03, 6.14, 0.82, 1.53],
  tjk_361 = [8.60, 6.80, 8.78, 2.56, 0.10, 3.22, 8.82, 2.24, 4.11, 0.80, 13.47, 0.52, 0.91, 5.33, 4.03, 0.10, 5.06, 12.01, 15.37, 4.26],
  tjk_362 = [0.76, 3.56, 1.52, 0.81, 6.04, 8.95, 0.90, 0.81, 60.00, 0.73, 3.77, 13.66, 1.65, 2.63, 3.70, 1.24, 4.53, 0.10, 1.80, 1.86],
  tjk_363 = [3.67, 0.28, 0.10, 3.89, 0.10, 6.22, 13.51, 14.42, 0.10, 7.79, 11.56, 3.92, 32.56, 8.12, 27.30, 0.33, 0.10, 29.26, 5.72, 10.79],
  tjk_364 = [0.50, 14.67, 1.31, 12.95, 0.10, 3.69, 58.87, 20.59, 10.67, 0.10, 1.34, 0.10, 2.67, 60.00, 8.11, 9.93, 24.57, 60.00, 1.27, 16.84],
  tjk_365 = [0.10, 16.21, 29.73, 0.89, 8.43, 4.95, 5.58, 4.33, 15.08, 1.83, 0.97, 10.82, 2.69, 3.04, 15.64, 0.10, 0.10, 1.39, 12.79, 9.10],
  tjk_371 = [0.10, 0.61, 0.10, 0.79, 1.84, 0.60, 0.49, 1.38, 1.18, 0.71, 0.10, 0.21, 0.10, 0.37, 2.24, 0.29, 2.12, 1.50, 0.27, 0.10],
  tjk_372 = [3.39, 14.50, 12.17, 7.14, 15.66, 3.18, 5.52, 2.70, 16.96, 6.21, 0.69, 0.10, 0.10, 5.38, 0.10, 11.00, 7.86, 1.88, 0.10, 11.85],
  tjk_373 = [1.18, 10.60, 0.10, 11.04, 0.16, 0.10, 1.88, 1.60, 13.81, 2.30, 10.81, 7.68, 5.78, 0.21, 4.51, 7.03, 15.13, 24.89, 2.26, 9.12],
  tjk_374 = [13.43, 4.27, 0.10, 2.65, 0.83, 36.10, 0.10, 3.69, 5.68, 1.72, 4.14, 18.28, 4.26, 4.35, 12.95, 1.21, 1.01, 0.10, 2.42, 0.15],
  tjk_375 = [4.71, 1.44, 2.29, 0.81, 5.68, 4.41, 0.19, 1.31, 2.68, 0.10, 2.18, 2.45, 4.28, 1.91, 0.10, 1.78, 60.00, 4.45, 5.00, 1.60],
  tjk_381 = [6.44, 2.36, 5.23, 11.79, 0.61, 0.10, 2.17, 0.39, 6.69, 0.10, 10.08, 9.23, 0.10, 1.22, 7.18, 21.20, 0.10, 7.08, 2.76, 4.71],
  tjk_382 = [0.39, 17.49, 4.38, 1.06, 12.79, 5.37, 0.10, 4.94, 10.16, 9.12, 15.22, 5.28, 2.61, 7.54, 2.75, 7.89, 9.23, 0.10, 11.81, 2.63],
  tjk_383 = [2.94, 11.09, 13.68, 2.42, 2.12, 0.53, 2.56, 7.38, 3.35, 1.62, 4.51, 6.90, 2.16, 0.10, 4.04, 3.25, 0.53, 5.58, 1.01, 5.07],
  tjk_384 = [2.32, 3.35, 0.93, 0.10, 3.66, 0.10, 2.10, 0.10, 0.11, 0.10, 5.58, 20.40, 2.46, 1.00, 0.74, 4.31, 1.68, 3.71, 1.32, 1.67],
  tjk_385 = [6.24, 0.10, 1.21, 2.88, 3.75, 0.10, 0.45, 0.94, 2.87, 2.46, 11.10, 0.51, 1.31, 3.07, 21.76, 2.44, 3.62, 3.20, 20.54, 3.69],
  tjk_391 = [2.48, 0.10, 4.15, 7.90, 2.02, 15.79, 1.62, 7.91, 0.10, 0.10, 4.01, 5.69, 0.69, 0.10, 1.74, 4.77, 7.00, 8.07, 5.60, 0.10],
  tjk_392 = [0.10, 2.79, 0.10, 0.10, 0.10, 0.29, 2.06, 0.10, 4.07, 0.10, 0.31, 0.27, 0.82, 0.44, 2.99, 0.78, 3.91, 4.12, 0.23, 1.61],
  tjk_393 = [1.42, 2.60, 0.94, 0.10, 0.10, 2.63, 3.77, 0.11, 0.42, 0.31, 1.39, 2.30, 11.33, 0.84, 1.28, 1.12, 1.50, 0.58, 2.36, 0.10],
  tjk_394 = [20.95, 7.11, 5.33, 11.51, 7.77, 0.10, 3.83, 0.94, 3.85, 27.13, 19.29, 3.01, 10.95, 0.43, 2.68, 0.77, 6.89, 1.74, 8.09, 0.44],
  tjk_395 = [1.34, 3.80, 0.96, 12.55, 16.10, 3.82, 0.10, 11.28, 20.53, 8.68, 21.14, 12.14, 42.86, 4.11, 0.10, 7.84, 14.75, 0.72, 1.20, 5.23],
  tjk_401 = [16.52, 0.10, 0.25, 51.95, 0.88, 0.32, 0.69, 0.90, 3.17, 6.91, 0.46, 1.15, 6.06, 2.31, 0.10, 0.58, 0.49, 14.57, 0.10, 0.84],
  tjk_402 = [0.71, 2.42, 2.71, 7.37, 0.10, 4.07, 22.19, 3.91, 40.58, 13.34, 5.13, 1.64, 0.10, 0.10, 7.79, 6.06, 1.11, 13.70, 0.10, 0.10],
  tjk_403 = [0.10, 4.26, 9.78, 6.32, 13.85, 0.10, 2.28, 21.89, 0.10, 13.66, 14.22, 15.78, 0.75, 19.72, 3.30, 0.10, 60.00, 5.46, 13.65, 1.41],
  tjk_404 = [3.16, 0.11, 0.10, 0.10, 7.03, 9.86, 1.18, 13.98, 1.82, 1.78, 10.26, 9.87, 8.12, 0.37, 35.65, 1.78, 19.02, 6.31, 8.72, 14.53],
  tjk_405 = [0.10, 5.00, 3.51, 24.99, 4.79, 2.44, 5.89, 11.48, 0.80, 5.94, 4.30, 1.89, 10.93, 4.91, 4.73, 2.09, 0.82, 0.10, 0.10, 1.60],
]

Service Times (¦Î_{jk}^s) = [
  xi_11 = [20.96, 29.06, 8.20, 1.45, 17.30, 17.98, 26.44, 33.78, 59.26, 4.80, 8.51, 4.18, 1.75, 4.79, 2.94, 5.80, 14.11, 60.00, 0.10, 0.10],
  xi_12 = [7.46, 6.44, 29.47, 1.71, 15.89, 13.91, 0.10, 19.11, 34.90, 0.10, 5.51, 1.33, 25.59, 3.81, 0.10, 2.59, 18.77, 0.10, 2.96, 13.95],
  xi_13 = [1.55, 2.21, 0.43, 2.44, 3.66, 2.27, 0.68, 4.97, 0.10, 2.23, 0.10, 0.66, 24.48, 3.90, 1.37, 0.89, 1.00, 0.68, 0.10, 0.46],
  xi_14 = [18.17, 10.23, 6.53, 1.51, 60.00, 60.00, 10.75, 7.42, 3.26, 0.10, 8.73, 8.12, 7.09, 0.10, 57.20, 6.56, 0.10, 2.17, 1.34, 8.76],
  xi_15 = [1.27, 10.86, 2.92, 5.28, 0.10, 15.49, 3.38, 0.39, 7.10, 1.98, 2.88, 0.10, 4.12, 1.13, 4.82, 60.00, 14.85, 0.10, 9.64, 3.28],
  xi_21 = [0.48, 0.81, 0.30, 0.10, 0.15, 0.25, 1.30, 0.16, 0.26, 1.85, 6.25, 6.07, 0.80, 1.20, 0.93, 0.17, 1.45, 3.65, 0.10, 4.30],
  xi_22 = [0.10, 3.51, 1.51, 27.91, 15.15, 0.28, 1.76, 1.10, 0.31, 1.20, 0.57, 0.10, 0.43, 0.32, 4.12, 1.43, 60.00, 4.34, 0.95, 1.73],
  xi_23 = [2.22, 3.38, 0.10, 21.40, 0.41, 26.59, 3.32, 0.28, 1.68, 13.29, 7.78, 7.53, 0.10, 9.68, 11.75, 16.33, 8.96, 0.10, 13.85, 24.03],
  xi_24 = [2.10, 2.90, 3.58, 0.38, 0.22, 0.56, 2.79, 6.61, 22.13, 0.10, 49.38, 3.12, 4.61, 10.05, 2.79, 0.10, 14.89, 1.81, 5.33, 0.71],
  xi_25 = [0.10, 11.05, 40.71, 8.96, 9.55, 1.28, 8.97, 7.78, 2.70, 6.81, 4.64, 12.62, 19.18, 7.75, 13.57, 2.88, 7.64, 0.10, 0.14, 2.93],
  xi_31 = [1.25, 0.10, 10.15, 0.10, 60.00, 38.45, 3.90, 42.42, 0.10, 5.48, 19.97, 47.42, 0.96, 8.02, 13.11, 13.45, 0.10, 12.29, 14.11, 5.22],
  xi_32 = [16.48, 0.10, 1.04, 0.10, 10.77, 0.10, 0.10, 25.69, 6.86, 0.10, 14.25, 30.40, 1.09, 17.97, 60.00, 22.09, 13.79, 2.38, 2.43, 1.16],
  xi_33 = [32.25, 0.87, 13.14, 16.04, 0.10, 6.43, 0.23, 0.10, 1.77, 9.28, 8.74, 2.26, 2.36, 15.22, 1.94, 11.58, 0.52, 4.04, 4.91, 0.10],
  xi_34 = [7.39, 1.77, 7.82, 0.10, 27.90, 60.00, 2.07, 1.90, 0.10, 21.79, 13.61, 22.87, 9.65, 7.96, 5.72, 13.01, 3.44, 0.10, 60.00, 0.10],
  xi_35 = [6.01, 10.92, 8.57, 0.10, 54.64, 6.54, 3.04, 8.11, 10.22, 11.78, 6.56, 0.10, 5.24, 2.29, 14.45, 20.79, 0.10, 4.10, 4.98, 14.34],
  xi_41 = [0.58, 0.10, 4.37, 0.95, 5.49, 6.15, 16.09, 3.17, 12.05, 14.77, 0.86, 4.23, 2.30, 0.10, 9.77, 38.02, 5.22, 6.27, 16.61, 10.63],
  xi_42 = [19.21, 3.34, 33.21, 6.89, 12.13, 16.00, 48.43, 0.75, 26.07, 1.17, 22.54, 3.32, 1.94, 60.00, 43.83, 21.08, 2.19, 7.62, 1.69, 4.45],
  xi_43 = [0.40, 6.58, 5.07, 12.91, 1.68, 2.66, 3.63, 4.35, 0.94, 15.42, 1.64, 4.02, 0.10, 0.10, 0.67, 5.81, 17.42, 21.87, 0.10, 17.68],
  xi_44 = [13.95, 4.36, 21.31, 10.70, 17.96, 4.08, 40.08, 24.44, 0.10, 57.31, 13.73, 0.10, 60.00, 17.27, 17.75, 60.00, 17.39, 11.88, 58.72, 19.81],
  xi_45 = [1.09, 0.10, 4.57, 4.86, 8.30, 35.69, 20.92, 3.18, 0.12, 3.10, 28.88, 20.72, 9.36, 26.79, 4.91, 16.40, 0.10, 9.47, 23.56, 3.22],
  xi_51 = [1.66, 0.83, 60.00, 14.12, 0.53, 5.68, 1.31, 60.00, 0.10, 4.20, 0.10, 3.02, 0.10, 0.38, 4.28, 0.10, 0.36, 2.33, 22.95, 22.41],
  xi_52 = [0.10, 10.51, 38.32, 15.03, 13.04, 0.10, 3.00, 0.93, 7.21, 15.07, 2.40, 19.15, 1.46, 24.85, 4.40, 2.57, 2.25, 9.14, 4.69, 1.67],
  xi_53 = [6.05, 11.72, 5.37, 8.91, 11.99, 17.11, 7.90, 11.31, 17.78, 9.81, 60.00, 1.62, 8.76, 9.03, 14.29, 2.50, 3.11, 18.48, 7.44, 14.78],
  xi_54 = [0.10, 3.44, 2.94, 60.00, 33.71, 1.92, 0.60, 2.02, 5.06, 1.31, 0.10, 9.88, 11.84, 11.56, 0.10, 0.21, 9.44, 4.02, 3.61, 0.30],
  xi_55 = [0.10, 3.11, 3.61, 8.79, 15.32, 26.86, 10.48, 20.31, 0.72, 5.15, 11.73, 14.86, 1.68, 4.55, 0.10, 0.10, 10.87, 5.58, 0.10, 7.18],
  xi_61 = [9.78, 3.18, 0.19, 0.38, 0.49, 2.96, 0.79, 4.07, 4.86, 4.24, 1.79, 2.35, 2.72, 1.42, 3.44, 0.39, 5.11, 7.37, 5.96, 0.10],
  xi_62 = [0.10, 33.01, 13.99, 2.41, 0.53, 2.06, 0.66, 3.44, 0.10, 0.96, 7.80, 1.98, 0.95, 1.89, 0.10, 0.82, 1.15, 0.10, 3.26, 3.72],
  xi_63 = [4.86, 12.72, 4.30, 1.18, 13.87, 18.91, 5.73, 2.32, 14.16, 0.10, 60.00, 0.10, 4.38, 31.36, 0.10, 5.38, 19.50, 26.20, 10.58, 39.80],
  xi_64 = [4.86, 0.32, 12.92, 24.98, 22.77, 0.79, 60.00, 6.40, 0.21, 7.92, 0.80, 6.43, 0.70, 4.31, 0.81, 3.28, 5.06, 2.69, 0.10, 0.92],
  xi_65 = [0.10, 0.42, 1.29, 1.63, 4.40, 0.38, 2.76, 1.99, 5.01, 0.10, 9.16, 2.05, 3.39, 0.67, 7.13, 6.11, 0.32, 0.10, 0.10, 0.10],
  xi_71 = [10.20, 19.05, 7.10, 34.11, 11.36, 37.65, 8.53, 19.29, 4.57, 9.29, 12.61, 60.00, 13.18, 1.48, 11.42, 13.95, 0.10, 19.44, 0.10, 4.70],
  xi_72 = [0.19, 0.10, 14.09, 1.21, 4.43, 12.08, 0.10, 1.92, 0.30, 2.48, 4.79, 3.28, 2.23, 0.14, 13.33, 0.39, 1.29, 8.60, 0.10, 0.10],
  xi_73 = [4.67, 10.61, 7.26, 0.36, 2.40, 5.55, 7.27, 0.10, 1.82, 0.28, 4.97, 1.83, 4.51, 0.49, 7.87, 1.35, 1.06, 8.97, 7.98, 1.78],
  xi_74 = [0.10, 0.10, 2.05, 1.28, 1.27, 0.54, 4.16, 6.20, 1.34, 0.69, 11.64, 1.33, 1.28, 0.35, 0.58, 0.10, 1.51, 0.10, 1.22, 1.21],
  xi_75 = [13.26, 27.62, 4.47, 7.13, 0.35, 5.60, 60.00, 0.10, 8.47, 15.00, 7.40, 0.90, 2.27, 8.38, 0.10, 0.10, 30.28, 8.92, 0.10, 1.93],
  xi_81 = [2.72, 1.34, 6.34, 1.91, 1.85, 5.00, 6.75, 0.66, 4.16, 0.10, 0.21, 1.73, 0.29, 4.45, 2.11, 5.77, 4.29, 0.60, 6.86, 0.40],
  xi_82 = [3.73, 1.09, 1.03, 8.97, 14.73, 0.26, 1.12, 5.49, 1.95, 0.10, 4.84, 1.45, 2.85, 7.22, 3.07, 0.86, 4.36, 1.98, 17.09, 5.06],
  xi_83 = [0.10, 25.47, 7.26, 0.10, 60.00, 13.26, 15.09, 12.51, 0.10, 0.10, 12.91, 27.74, 0.64, 0.10, 32.79, 7.87, 5.06, 4.45, 0.27, 7.29],
  xi_84 = [2.87, 39.21, 0.10, 3.99, 16.25, 7.04, 4.05, 0.96, 1.91, 0.29, 6.44, 6.45, 2.09, 10.53, 2.57, 2.96, 5.30, 0.10, 0.41, 8.26],
  xi_85 = [1.24, 19.83, 7.13, 60.00, 32.05, 11.71, 15.28, 0.10, 25.67, 0.10, 6.51, 24.50, 0.10, 3.00, 16.41, 10.25, 5.48, 60.00, 3.40, 2.82],
  xi_91 = [55.90, 0.10, 0.38, 0.59, 2.46, 4.19, 0.10, 16.19, 2.06, 1.59, 1.76, 0.14, 0.61, 0.10, 4.28, 0.10, 0.48, 1.77, 4.18, 0.76],
  xi_92 = [0.78, 3.03, 0.37, 0.10, 1.43, 2.62, 18.10, 0.10, 0.18, 0.66, 0.10, 1.03, 0.20, 1.25, 1.04, 0.25, 1.62, 0.10, 0.10, 4.87],
  xi_93 = [4.68, 10.68, 0.10, 0.73, 0.91, 17.72, 5.10, 9.50, 5.08, 1.36, 7.75, 4.41, 13.19, 3.06, 2.43, 60.00, 60.00, 31.95, 0.10, 60.00],
  xi_94 = [0.10, 0.10, 7.95, 4.62, 0.10, 2.68, 0.10, 0.93, 0.82, 0.10, 2.69, 0.19, 1.66, 1.91, 2.24, 0.10, 0.10, 0.60, 0.10, 3.65],
  xi_95 = [1.43, 7.88, 4.81, 9.48, 15.05, 0.10, 0.10, 5.74, 2.54, 0.10, 0.10, 8.45, 5.59, 0.68, 2.30, 7.72, 1.06, 3.30, 2.55, 0.92],
  xi_101 = [9.23, 0.10, 9.14, 2.87, 2.96, 0.10, 0.10, 13.36, 3.18, 15.52, 0.97, 1.63, 4.50, 1.68, 0.10, 8.36, 7.25, 0.10, 8.44, 0.10],
  xi_102 = [0.10, 2.12, 11.80, 7.65, 1.71, 0.10, 3.80, 0.10, 10.83, 7.59, 8.34, 2.44, 0.10, 60.00, 5.91, 11.52, 3.61, 1.83, 4.59, 1.37],
  xi_103 = [6.69, 2.48, 7.49, 24.80, 20.90, 5.34, 4.26, 0.10, 1.83, 8.25, 3.25, 60.00, 6.79, 10.77, 8.78, 15.14, 6.48, 0.59, 10.15, 1.66],
  xi_104 = [0.67, 14.47, 52.41, 5.00, 0.97, 18.50, 35.97, 0.10, 0.61, 9.65, 2.42, 32.11, 1.86, 3.21, 22.93, 6.78, 8.29, 60.00, 31.65, 15.26],
  xi_105 = [8.47, 2.85, 1.11, 1.75, 6.70, 2.38, 9.54, 0.11, 60.00, 5.36, 2.45, 0.10, 0.10, 60.00, 0.85, 3.60, 6.51, 2.27, 0.10, 0.10],
  xi_111 = [12.98, 0.10, 11.17, 4.65, 11.49, 20.04, 4.63, 29.43, 5.88, 0.10, 17.03, 0.54, 12.99, 10.83, 7.62, 14.00, 0.10, 17.69, 4.16, 60.00],
  xi_112 = [3.68, 0.10, 12.30, 0.40, 1.50, 0.10, 10.37, 4.34, 2.57, 0.10, 3.67, 4.78, 5.70, 0.10, 1.85, 0.10, 2.12, 2.02, 3.85, 2.16],
  xi_113 = [3.31, 0.10, 12.99, 3.51, 9.93, 0.26, 0.55, 53.21, 8.50, 51.80, 0.35, 3.25, 9.88, 2.67, 7.72, 20.79, 0.10, 7.51, 5.25, 0.87],
  xi_114 = [25.57, 15.41, 46.45, 19.70, 60.00, 8.13, 12.15, 1.75, 5.21, 60.00, 5.30, 5.22, 2.19, 7.47, 4.19, 60.00, 3.40, 3.19, 41.86, 60.00],
  xi_115 = [17.80, 0.88, 8.99, 13.38, 2.71, 41.19, 0.10, 60.00, 6.92, 0.88, 4.42, 9.59, 4.12, 6.82, 1.71, 7.27, 22.38, 7.07, 27.75, 8.70],
  xi_121 = [4.61, 6.79, 0.10, 1.84, 0.10, 3.00, 0.91, 2.94, 3.33, 3.24, 0.10, 3.50, 3.96, 0.26, 0.10, 22.86, 3.05, 0.40, 31.74, 0.25],
  xi_122 = [4.30, 1.78, 4.89, 0.54, 1.49, 2.24, 11.47, 6.51, 2.43, 6.53, 60.00, 0.10, 4.40, 0.10, 1.30, 2.61, 6.27, 0.10, 0.23, 3.23],
  xi_123 = [13.81, 0.10, 0.10, 0.10, 0.10, 17.89, 8.67, 6.90, 12.26, 8.48, 9.51, 2.14, 3.04, 8.49, 2.05, 8.74, 0.10, 1.59, 0.54, 1.72],
  xi_124 = [2.29, 23.77, 10.87, 15.56, 2.28, 5.66, 0.10, 18.93, 0.21, 4.30, 7.43, 4.43, 7.60, 3.44, 1.65, 0.10, 34.51, 30.01, 3.86, 6.68],
  xi_125 = [24.76, 10.21, 0.79, 15.83, 6.61, 1.77, 16.10, 13.57, 19.62, 2.69, 10.40, 29.29, 0.31, 2.49, 0.10, 2.44, 11.62, 27.52, 3.70, 4.59],
  xi_131 = [0.10, 0.10, 20.40, 52.02, 11.46, 23.26, 3.21, 0.50, 17.54, 0.10, 14.08, 0.79, 21.98, 4.67, 12.64, 19.41, 60.00, 0.10, 58.36, 12.57],
  xi_132 = [0.10, 12.23, 0.98, 1.32, 0.10, 6.46, 1.56, 2.57, 1.16, 15.56, 0.48, 3.87, 0.74, 14.68, 4.79, 5.47, 1.49, 4.33, 0.23, 1.87],
  xi_133 = [0.14, 0.63, 9.15, 0.10, 1.75, 1.66, 2.45, 1.20, 4.24, 0.16, 0.29, 3.94, 1.29, 0.91, 0.42, 6.17, 4.08, 0.90, 0.59, 0.13],
  xi_134 = [28.93, 11.55, 60.00, 11.60, 14.72, 8.62, 5.71, 13.86, 17.13, 13.43, 2.15, 14.80, 30.30, 20.22, 0.98, 20.82, 11.95, 51.49, 24.76, 0.10],
  xi_135 = [1.08, 2.69, 1.24, 0.10, 2.13, 0.52, 0.10, 18.77, 1.98, 0.23, 0.24, 1.17, 0.31, 0.91, 2.39, 4.04, 0.10, 1.57, 0.10, 1.15],
  xi_141 = [28.33, 18.11, 43.17, 18.56, 0.10, 26.16, 3.29, 2.38, 0.10, 16.61, 7.87, 2.63, 38.09, 10.16, 2.32, 1.46, 4.44, 11.83, 0.38, 11.47],
  xi_142 = [2.20, 0.51, 3.48, 3.48, 8.15, 1.21, 1.01, 0.21, 5.41, 0.10, 5.13, 0.56, 1.09, 0.10, 0.10, 0.85, 0.33, 1.34, 0.28, 2.11],
  xi_143 = [3.47, 1.02, 0.63, 0.63, 5.16, 1.95, 0.84, 0.88, 16.98, 11.05, 0.10, 0.36, 3.10, 0.46, 0.10, 7.01, 11.55, 5.57, 3.89, 8.36],
  xi_144 = [60.00, 1.93, 0.52, 1.40, 0.26, 0.46, 0.65, 10.44, 6.47, 0.10, 0.81, 5.47, 0.10, 4.11, 1.59, 0.21, 0.27, 1.72, 1.53, 6.45],
  xi_145 = [9.96, 9.06, 0.10, 1.38, 16.59, 0.90, 1.38, 0.10, 0.66, 0.10, 1.36, 9.94, 4.90, 9.25, 3.37, 4.35, 1.09, 9.39, 0.10, 3.21],
  xi_151 = [0.10, 0.10, 60.00, 12.06, 2.31, 13.24, 1.89, 21.82, 10.07, 3.49, 20.16, 6.09, 60.00, 0.10, 26.60, 14.72, 11.77, 1.45, 1.30, 24.91],
  xi_152 = [21.67, 60.00, 0.10, 0.33, 2.68, 5.07, 0.86, 0.71, 4.98, 1.47, 14.07, 4.41, 1.29, 60.00, 0.10, 0.26, 4.85, 0.74, 0.80, 8.04],
  xi_153 = [48.92, 16.13, 3.07, 0.10, 1.61, 7.43, 45.72, 4.32, 22.62, 14.46, 1.68, 0.10, 27.57, 48.37, 12.44, 21.51, 13.96, 5.95, 1.00, 20.68],
  xi_154 = [0.10, 0.10, 0.10, 1.68, 0.11, 0.97, 4.41, 0.56, 0.10, 0.37, 2.94, 0.13, 0.24, 0.10, 0.10, 0.54, 0.10, 0.59, 1.13, 1.20],
  xi_155 = [1.03, 1.75, 1.93, 6.34, 0.44, 2.58, 60.00, 15.33, 5.26, 0.10, 0.10, 3.59, 55.42, 12.01, 28.51, 12.81, 14.05, 2.94, 23.98, 3.44],
  xi_161 = [14.81, 4.62, 18.04, 2.94, 1.14, 6.13, 15.95, 12.95, 15.31, 12.30, 1.20, 0.10, 11.11, 21.60, 60.00, 5.99, 3.48, 19.38, 7.45, 1.15],
  xi_162 = [15.62, 6.16, 3.69, 9.88, 3.13, 15.79, 2.63, 5.18, 4.13, 1.02, 0.14, 9.52, 0.10, 2.18, 12.67, 1.04, 3.19, 18.75, 4.59, 4.06],
  xi_163 = [5.01, 7.25, 5.94, 11.04, 5.89, 6.95, 0.64, 16.11, 7.45, 1.57, 1.57, 7.98, 0.10, 0.10, 0.82, 0.10, 15.36, 0.29, 2.24, 8.01],
  xi_164 = [2.60, 5.09, 18.38, 3.95, 1.46, 1.99, 24.83, 7.06, 0.10, 7.33, 0.10, 0.10, 19.53, 1.99, 3.69, 3.61, 60.00, 19.39, 3.04, 0.51],
  xi_165 = [1.45, 3.82, 8.18, 40.64, 4.22, 2.33, 2.43, 1.73, 0.10, 0.54, 11.59, 41.94, 0.59, 1.15, 25.06, 5.68, 1.84, 2.49, 1.52, 0.85],
  xi_171 = [19.25, 21.54, 0.55, 18.22, 0.10, 28.88, 0.10, 3.22, 1.55, 4.91, 11.26, 0.87, 1.83, 0.10, 35.18, 12.87, 0.60, 0.47, 60.00, 16.64],
  xi_172 = [0.58, 5.42, 2.47, 0.22, 60.00, 1.41, 0.10, 6.31, 39.56, 0.10, 8.82, 10.18, 13.91, 1.40, 1.84, 19.84, 6.17, 14.11, 2.14, 4.53],
  xi_173 = [1.42, 4.38, 0.94, 16.74, 6.57, 0.10, 1.54, 60.00, 8.15, 7.86, 7.59, 41.52, 29.25, 38.24, 3.09, 37.06, 0.10, 0.10, 7.17, 13.17],
  xi_174 = [0.10, 8.43, 9.65, 27.94, 0.39, 13.46, 0.10, 0.10, 18.55, 15.34, 1.78, 0.10, 8.43, 5.35, 0.48, 51.38, 3.84, 9.96, 27.84, 60.00],
  xi_175 = [3.71, 3.68, 3.47, 28.54, 0.10, 0.96, 1.68, 0.11, 13.22, 0.10, 10.90, 12.81, 0.10, 0.10, 32.98, 33.49, 3.33, 14.93, 10.92, 1.65],
  xi_181 = [12.03, 13.33, 0.10, 0.10, 0.42, 26.38, 15.29, 13.63, 2.90, 5.47, 25.37, 11.22, 0.79, 0.10, 4.52, 0.10, 11.01, 23.96, 16.76, 0.10],
  xi_182 = [29.70, 3.27, 24.64, 11.56, 25.46, 39.15, 13.47, 4.44, 14.49, 19.43, 16.64, 31.71, 0.10, 60.00, 20.63, 14.42, 0.57, 48.90, 0.10, 28.49],
  xi_183 = [0.10, 0.32, 0.95, 8.86, 4.02, 5.89, 1.76, 4.23, 0.78, 17.09, 1.41, 1.07, 0.10, 0.96, 1.41, 0.99, 0.25, 7.13, 1.71, 12.50],
  xi_184 = [60.00, 9.04, 1.98, 0.10, 10.56, 2.64, 0.10, 4.47, 3.71, 0.10, 0.10, 7.22, 6.33, 6.40, 0.38, 46.53, 7.43, 8.38, 6.55, 5.83],
  xi_185 = [0.10, 1.06, 0.32, 0.92, 1.79, 2.41, 3.25, 0.10, 1.36, 0.71, 0.10, 0.50, 2.44, 1.53, 2.45, 0.10, 2.76, 3.41, 7.26, 0.76],
  xi_191 = [2.96, 1.41, 60.00, 5.67, 13.80, 0.10, 50.71, 60.00, 4.04, 0.10, 9.61, 12.60, 0.33, 0.10, 1.67, 7.59, 7.52, 52.80, 5.71, 32.94],
  xi_192 = [0.27, 3.40, 1.77, 4.38, 3.13, 0.57, 6.78, 0.79, 2.35, 1.51, 3.41, 1.26, 0.94, 3.95, 0.10, 0.70, 0.88, 12.23, 0.10, 2.18],
  xi_193 = [1.24, 1.83, 4.16, 1.51, 5.14, 1.91, 1.66, 4.57, 0.57, 8.14, 1.78, 2.28, 10.63, 2.36, 0.10, 1.04, 0.10, 2.71, 0.84, 2.05],
  xi_194 = [23.27, 8.71, 1.34, 10.01, 0.70, 5.86, 0.10, 3.87, 4.41, 60.00, 1.67, 0.52, 2.96, 0.10, 2.35, 0.10, 4.13, 2.85, 0.10, 0.10],
  xi_195 = [5.01, 8.92, 0.58, 12.56, 18.72, 12.38, 25.27, 6.25, 0.10, 0.37, 0.10, 35.79, 60.00, 6.65, 2.60, 11.12, 4.30, 4.70, 2.24, 25.13],
  xi_201 = [1.84, 24.12, 0.10, 6.19, 24.14, 0.10, 23.27, 2.75, 13.74, 7.48, 3.36, 11.75, 47.54, 23.72, 45.01, 38.03, 26.62, 3.56, 12.71, 12.30],
  xi_202 = [1.27, 12.47, 8.76, 4.73, 1.91, 0.79, 5.76, 10.10, 0.10, 8.53, 10.18, 7.25, 3.06, 4.74, 0.70, 0.70, 13.92, 2.84, 6.18, 0.17],
  xi_203 = [13.31, 6.35, 15.69, 0.10, 60.00, 13.99, 8.84, 15.94, 1.89, 1.45, 5.62, 24.67, 32.58, 7.77, 0.10, 0.62, 8.49, 17.61, 10.75, 0.11],
  xi_204 = [3.66, 13.78, 34.06, 8.35, 27.17, 3.18, 18.90, 18.31, 3.39, 60.00, 50.91, 25.12, 3.27, 14.17, 3.41, 13.47, 2.08, 1.27, 7.63, 12.77],
  xi_205 = [22.47, 38.62, 6.21, 22.19, 0.10, 21.84, 0.86, 3.63, 0.10, 11.43, 38.60, 10.32, 4.26, 0.10, 6.74, 2.60, 8.91, 6.31, 16.69, 6.80],
  xi_211 = [4.67, 11.25, 1.66, 0.10, 2.65, 1.61, 1.32, 0.41, 5.29, 1.69, 0.10, 9.80, 2.66, 14.34, 7.25, 4.14, 6.69, 0.39, 2.82, 23.63],
  xi_212 = [11.06, 4.96, 10.58, 1.00, 60.00, 60.00, 26.74, 1.54, 0.79, 0.10, 0.10, 5.65, 3.17, 21.58, 6.36, 0.47, 60.00, 35.00, 1.40, 13.27],
  xi_213 = [29.21, 13.87, 60.00, 5.45, 60.00, 0.78, 18.84, 0.87, 2.64, 60.00, 60.00, 17.28, 0.10, 31.48, 0.11, 1.53, 18.03, 4.60, 14.17, 0.10],
  xi_214 = [4.46, 1.53, 21.28, 6.08, 3.45, 2.38, 10.44, 56.96, 23.53, 8.93, 0.10, 3.54, 23.32, 0.58, 0.10, 44.22, 0.10, 31.16, 11.49, 2.10],
  xi_215 = [7.89, 6.63, 0.10, 3.82, 6.30, 4.34, 5.38, 5.39, 3.28, 5.79, 1.85, 16.51, 2.12, 8.52, 4.20, 3.32, 1.88, 8.55, 9.61, 0.59],
  xi_221 = [10.49, 0.54, 7.24, 5.83, 12.53, 15.38, 46.56, 9.00, 0.10, 0.10, 2.66, 3.98, 21.44, 10.18, 6.09, 16.23, 3.17, 13.40, 1.04, 18.14],
  xi_222 = [3.43, 0.26, 2.05, 0.10, 8.09, 6.73, 9.99, 0.94, 2.00, 4.84, 0.10, 3.23, 3.73, 0.10, 5.76, 1.41, 13.89, 16.54, 3.53, 5.73],
  xi_223 = [17.34, 36.61, 13.05, 1.34, 2.27, 11.91, 11.35, 26.53, 2.14, 43.89, 4.38, 0.70, 60.00, 0.10, 17.36, 0.10, 2.23, 13.26, 9.86, 7.52],
  xi_224 = [15.20, 13.00, 28.14, 21.47, 37.44, 10.45, 6.31, 60.00, 2.07, 6.97, 8.53, 25.01, 60.00, 7.52, 11.30, 20.71, 7.13, 6.62, 27.86, 2.32],
  xi_225 = [1.39, 9.31, 0.10, 9.97, 1.51, 0.10, 0.10, 4.35, 0.10, 4.42, 2.74, 1.47, 9.14, 8.13, 0.78, 4.07, 2.31, 0.10, 6.41, 1.53],
  xi_231 = [24.67, 2.56, 6.10, 0.57, 1.85, 9.19, 22.59, 1.14, 9.43, 0.10, 0.10, 4.62, 12.56, 0.11, 16.87, 2.25, 1.12, 2.03, 4.22, 6.61],
  xi_232 = [6.32, 29.82, 0.10, 2.28, 0.19, 16.94, 2.81, 15.29, 3.06, 0.10, 9.44, 5.49, 0.86, 20.40, 7.85, 3.12, 2.31, 6.62, 5.13, 13.05],
  xi_233 = [1.74, 22.79, 6.83, 3.27, 0.10, 4.38, 7.20, 0.83, 2.75, 1.25, 6.25, 1.89, 2.26, 1.80, 3.18, 2.08, 1.38, 4.35, 4.80, 2.65],
  xi_234 = [0.23, 5.87, 1.67, 1.02, 6.68, 0.69, 7.12, 8.34, 6.04, 4.24, 0.10, 23.80, 6.29, 16.83, 3.98, 0.10, 1.88, 23.93, 6.52, 4.28],
  xi_235 = [0.50, 2.98, 1.23, 2.32, 2.89, 1.61, 0.10, 0.15, 2.55, 1.96, 2.76, 5.93, 1.92, 0.40, 0.19, 1.19, 47.35, 2.64, 0.35, 0.10],
  xi_241 = [1.11, 1.87, 0.98, 3.11, 0.10, 6.89, 7.76, 8.58, 3.90, 1.31, 3.50, 0.57, 1.27, 28.05, 1.78, 2.59, 1.72, 0.52, 0.10, 4.14],
  xi_242 = [10.37, 12.86, 0.77, 15.67, 8.67, 4.32, 23.93, 23.91, 0.10, 4.93, 2.78, 2.21, 1.83, 60.00, 60.00, 2.26, 3.89, 5.21, 3.02, 8.89],
  xi_243 = [3.10, 1.26, 0.97, 1.56, 2.23, 0.10, 0.10, 7.02, 3.43, 0.32, 0.62, 0.34, 0.59, 0.37, 0.10, 1.12, 0.10, 2.07, 0.67, 0.44],
  xi_244 = [0.91, 25.92, 19.27, 2.90, 25.34, 0.10, 2.16, 3.33, 12.39, 0.10, 11.08, 35.30, 10.14, 23.01, 4.79, 25.31, 8.04, 33.68, 37.01, 0.16],
  xi_245 = [3.45, 12.50, 0.10, 17.30, 3.75, 5.00, 5.82, 4.28, 0.10, 8.54, 2.65, 4.40, 4.34, 60.00, 3.17, 0.39, 57.63, 2.30, 6.33, 4.99],
  xi_251 = [0.77, 60.00, 1.07, 16.92, 18.72, 4.52, 0.25, 1.73, 6.69, 19.02, 1.37, 4.24, 0.10, 12.87, 0.76, 3.03, 5.39, 2.67, 7.41, 2.74],
  xi_252 = [42.39, 0.10, 13.59, 8.35, 5.60, 12.98, 1.59, 38.60, 41.47, 10.92, 11.05, 13.88, 0.10, 7.70, 3.78, 0.10, 2.75, 43.58, 0.10, 0.10],
  xi_253 = [15.55, 5.95, 3.35, 27.01, 5.22, 31.09, 28.73, 0.10, 11.82, 15.64, 0.72, 60.00, 8.63, 11.49, 5.14, 0.10, 17.18, 1.51, 15.72, 23.84],
  xi_254 = [60.00, 0.10, 25.42, 4.60, 2.31, 44.56, 9.53, 1.66, 3.21, 7.44, 8.50, 10.02, 18.31, 58.97, 0.10, 1.31, 9.49, 27.12, 0.10, 0.66],
  xi_255 = [6.41, 3.06, 3.02, 7.22, 1.87, 3.62, 8.56, 1.46, 6.17, 0.48, 2.49, 8.03, 0.53, 2.76, 2.75, 5.23, 0.10, 7.47, 0.68, 60.00],
  xi_261 = [0.43, 0.34, 3.64, 3.45, 4.49, 0.10, 0.75, 0.10, 2.60, 4.89, 2.98, 0.90, 0.12, 2.44, 1.15, 0.13, 8.75, 0.23, 1.02, 0.68],
  xi_262 = [13.66, 16.65, 7.19, 1.81, 17.72, 13.08, 12.25, 1.81, 0.10, 18.82, 13.92, 0.10, 18.00, 2.11, 2.05, 23.17, 4.01, 2.58, 0.72, 6.33],
  xi_263 = [17.98, 5.29, 60.00, 46.11, 8.88, 3.10, 0.10, 0.10, 60.00, 0.10, 3.10, 11.00, 7.79, 0.10, 14.86, 5.63, 0.10, 60.00, 9.41, 2.47],
  xi_264 = [45.04, 0.10, 1.99, 0.22, 0.50, 1.90, 1.64, 11.90, 11.10, 10.77, 34.00, 9.95, 0.10, 2.77, 9.55, 2.05, 0.71, 0.10, 9.84, 0.41],
  xi_265 = [5.76, 3.88, 29.27, 7.27, 16.26, 2.23, 14.89, 19.80, 7.41, 0.10, 0.10, 5.15, 17.92, 0.10, 4.43, 0.10, 7.93, 7.33, 8.21, 1.41],
  xi_271 = [0.10, 44.17, 5.50, 0.10, 2.88, 20.21, 1.03, 3.44, 13.52, 27.91, 0.87, 0.29, 2.68, 3.94, 6.70, 25.42, 1.71, 11.90, 0.10, 22.91],
  xi_272 = [0.10, 1.50, 4.09, 3.36, 0.10, 13.98, 1.90, 14.70, 60.00, 60.00, 3.75, 5.77, 2.62, 14.19, 7.59, 14.83, 9.92, 18.96, 26.99, 8.16],
  xi_273 = [3.26, 14.92, 4.79, 13.94, 0.45, 0.10, 0.10, 5.78, 37.41, 11.42, 10.32, 24.33, 17.56, 14.40, 0.10, 6.97, 2.63, 48.68, 23.21, 3.38],
  xi_274 = [1.65, 0.40, 10.23, 4.00, 7.39, 1.22, 3.76, 2.28, 3.82, 4.14, 6.70, 5.91, 0.10, 6.20, 4.98, 5.27, 14.54, 0.80, 50.19, 5.22],
  xi_275 = [27.48, 60.00, 21.02, 28.66, 9.52, 13.87, 21.69, 20.44, 11.21, 14.26, 5.83, 0.29, 3.70, 0.10, 55.68, 38.70, 10.84, 0.10, 47.36, 30.72],
  xi_281 = [0.10, 8.10, 10.30, 6.33, 14.37, 3.51, 3.44, 11.36, 36.69, 0.10, 0.10, 3.93, 0.10, 0.41, 0.10, 0.10, 42.44, 1.75, 0.60, 8.71],
  xi_282 = [0.65, 0.10, 0.52, 4.57, 1.40, 0.18, 1.84, 0.30, 0.40, 0.78, 0.51, 0.46, 2.14, 1.19, 0.11, 8.83, 0.13, 0.41, 3.36, 1.69],
  xi_283 = [11.89, 8.20, 16.04, 46.04, 7.12, 9.77, 2.18, 12.82, 0.10, 1.86, 8.81, 19.73, 10.59, 14.02, 8.77, 8.13, 0.10, 3.88, 7.74, 1.60],
  xi_284 = [1.47, 9.13, 2.73, 1.17, 1.19, 1.13, 1.63, 1.69, 2.59, 1.48, 2.66, 1.88, 0.45, 0.53, 19.43, 0.10, 9.01, 0.10, 0.10, 0.10],
  xi_285 = [23.48, 6.37, 11.43, 1.83, 14.20, 0.10, 35.13, 11.88, 1.06, 0.10, 4.44, 28.84, 37.02, 3.86, 0.85, 0.10, 1.88, 11.79, 0.10, 36.71],
  xi_291 = [2.13, 0.41, 1.92, 4.38, 1.59, 2.99, 0.88, 2.39, 1.71, 1.39, 1.32, 2.43, 0.10, 4.94, 0.37, 0.15, 0.90, 0.96, 2.24, 0.47],
  xi_292 = [2.90, 9.67, 1.96, 1.49, 6.65, 0.10, 0.10, 0.10, 5.41, 1.69, 8.75, 2.76, 0.10, 1.20, 1.90, 1.88, 0.10, 0.66, 0.10, 0.10],
  xi_293 = [0.17, 8.66, 6.12, 6.57, 1.40, 0.10, 0.60, 1.17, 8.88, 0.22, 1.49, 0.92, 3.25, 1.74, 17.85, 1.13, 0.10, 1.92, 4.99, 25.16],
  xi_294 = [1.50, 0.10, 9.78, 0.84, 0.10, 0.10, 8.33, 10.70, 0.88, 2.08, 0.10, 4.56, 3.16, 16.18, 5.82, 0.10, 4.06, 9.20, 13.51, 0.46],
  xi_295 = [0.10, 0.46, 1.35, 1.15, 1.58, 0.50, 60.00, 0.10, 2.21, 0.42, 2.48, 3.35, 3.02, 1.52, 6.77, 0.29, 0.28, 2.72, 0.56, 1.34],
  xi_301 = [11.41, 0.10, 0.70, 4.03, 0.10, 10.39, 20.39, 0.30, 0.10, 17.63, 36.63, 13.44, 7.77, 14.45, 6.00, 2.89, 12.70, 3.52, 1.48, 2.89],
  xi_302 = [1.81, 1.06, 0.10, 2.25, 0.34, 8.88, 3.24, 3.38, 1.39, 0.71, 0.89, 0.43, 5.48, 0.10, 0.62, 0.27, 0.89, 0.55, 60.00, 0.10],
  xi_303 = [0.48, 10.20, 2.02, 0.56, 0.10, 1.18, 2.11, 1.54, 0.65, 1.49, 2.42, 2.39, 7.91, 1.27, 0.10, 1.25, 1.29, 0.49, 0.10, 1.68],
  xi_304 = [27.03, 0.10, 0.92, 7.89, 5.67, 49.03, 24.57, 5.13, 60.00, 60.00, 4.56, 3.17, 12.38, 5.09, 60.00, 32.04, 8.09, 11.37, 60.00, 0.10],
  xi_305 = [0.43, 2.38, 1.46, 0.10, 10.06, 5.70, 0.35, 0.10, 0.90, 0.10, 2.14, 0.10, 2.79, 0.88, 0.10, 0.10, 1.04, 1.38, 0.14, 0.26],
  xi_311 = [1.31, 4.93, 1.10, 35.44, 4.07, 2.41, 4.74, 5.74, 12.74, 3.02, 7.24, 0.10, 7.54, 2.34, 1.41, 13.64, 41.71, 0.14, 6.96, 5.72],
  xi_312 = [2.22, 0.10, 4.64, 3.68, 4.28, 2.73, 0.71, 3.03, 3.65, 1.30, 3.16, 50.12, 0.10, 7.80, 0.98, 0.10, 0.10, 0.64, 10.26, 0.10],
  xi_313 = [0.10, 11.38, 6.61, 31.77, 23.28, 60.00, 8.00, 60.00, 35.53, 30.18, 41.06, 13.92, 5.77, 16.50, 16.11, 9.85, 0.10, 2.69, 0.10, 33.30],
  xi_314 = [3.43, 2.63, 2.69, 11.89, 1.12, 2.15, 0.10, 0.10, 9.46, 44.59, 0.10, 6.91, 7.16, 1.93, 0.27, 0.84, 2.43, 8.55, 1.95, 3.35],
  xi_315 = [3.85, 7.07, 5.20, 4.43, 0.82, 8.30, 1.17, 12.59, 0.10, 13.22, 0.65, 0.98, 1.19, 3.21, 3.61, 8.63, 29.76, 0.10, 0.10, 2.60],
  xi_321 = [4.01, 15.28, 7.78, 0.10, 20.12, 35.09, 0.10, 6.73, 3.92, 8.30, 1.91, 0.10, 10.25, 13.41, 1.54, 1.22, 0.97, 60.00, 2.16, 1.79],
  xi_322 = [21.84, 4.23, 0.10, 12.35, 13.47, 0.61, 18.32, 31.96, 31.18, 2.17, 11.39, 60.00, 7.20, 15.31, 0.10, 18.46, 20.94, 5.76, 60.00, 11.62],
  xi_323 = [5.24, 0.41, 2.57, 1.02, 0.54, 1.56, 27.03, 0.28, 0.10, 0.31, 0.62, 0.55, 0.10, 0.43, 1.26, 0.10, 3.26, 0.15, 7.59, 0.10],
  xi_324 = [3.21, 0.38, 0.96, 1.08, 0.39, 0.31, 0.61, 1.66, 0.21, 3.12, 0.77, 0.53, 2.15, 0.13, 0.10, 0.95, 2.97, 0.55, 0.68, 0.16],
  xi_325 = [1.04, 44.97, 0.10, 2.15, 12.73, 28.40, 5.27, 6.71, 5.67, 6.40, 19.27, 11.63, 7.12, 0.10, 1.06, 3.22, 16.29, 0.10, 0.10, 34.58],
  xi_331 = [0.10, 24.90, 10.91, 16.41, 6.15, 9.85, 28.75, 10.24, 1.18, 17.98, 3.66, 9.19, 3.35, 0.52, 0.10, 30.14, 0.27, 0.10, 15.42, 3.59],
  xi_332 = [0.10, 6.33, 6.35, 4.86, 1.64, 11.17, 0.29, 0.10, 14.06, 0.10, 6.65, 0.41, 1.48, 2.52, 6.01, 3.65, 6.97, 11.29, 2.81, 0.10],
  xi_333 = [8.24, 5.75, 0.92, 0.67, 1.31, 17.48, 13.69, 0.34, 0.68, 0.10, 11.84, 0.77, 4.37, 0.10, 8.79, 4.47, 8.79, 13.80, 1.09, 5.45],
  xi_334 = [42.89, 15.59, 41.90, 15.50, 6.13, 38.63, 19.62, 33.53, 9.12, 4.98, 28.65, 2.59, 5.58, 2.38, 23.45, 18.77, 2.32, 9.17, 4.84, 11.57],
  xi_335 = [6.38, 7.87, 1.09, 26.06, 60.00, 11.50, 0.10, 6.16, 0.10, 2.01, 16.95, 9.15, 5.93, 6.84, 13.18, 18.09, 20.96, 14.08, 39.32, 6.94],
  xi_341 = [1.58, 9.95, 1.17, 5.73, 4.45, 3.25, 10.09, 60.00, 4.04, 13.95, 10.24, 0.10, 17.22, 0.10, 0.10, 2.20, 2.51, 5.80, 5.33, 6.76],
  xi_342 = [0.16, 0.10, 0.10, 6.00, 1.72, 0.86, 0.58, 3.69, 0.56, 3.27, 0.12, 0.83, 4.62, 1.99, 0.22, 0.10, 0.73, 0.53, 2.02, 1.41],
  xi_343 = [0.22, 0.68, 2.37, 0.10, 0.11, 0.10, 4.56, 0.60, 0.22, 0.34, 0.33, 0.70, 1.42, 2.17, 14.94, 1.54, 0.10, 1.92, 0.99, 2.45],
  xi_344 = [0.38, 3.45, 9.20, 5.23, 27.89, 3.14, 2.03, 20.71, 0.20, 25.74, 10.53, 4.76, 0.10, 0.10, 60.00, 10.93, 0.10, 0.10, 4.90, 60.00],
  xi_345 = [4.23, 5.84, 54.87, 5.59, 8.54, 7.71, 4.28, 0.10, 4.84, 0.52, 45.12, 0.10, 3.62, 0.10, 4.00, 60.00, 8.82, 8.22, 4.57, 8.56],
  xi_351 = [60.00, 0.10, 25.06, 5.98, 9.31, 9.24, 11.40, 6.19, 51.87, 2.16, 1.70, 3.02, 12.45, 60.00, 5.48, 59.87, 4.67, 14.41, 1.09, 5.87],
  xi_352 = [18.42, 32.59, 0.10, 4.10, 38.72, 1.72, 10.29, 0.10, 4.91, 15.70, 23.24, 27.50, 11.39, 2.62, 0.10, 2.46, 60.00, 5.45, 11.81, 3.77],
  xi_353 = [10.78, 15.52, 15.65, 8.68, 34.11, 3.14, 6.39, 10.94, 7.06, 6.19, 54.66, 10.40, 21.62, 3.43, 0.79, 34.48, 0.10, 8.06, 20.83, 1.45],
  xi_354 = [21.94, 0.10, 4.09, 4.91, 12.67, 0.10, 6.30, 4.18, 14.88, 12.86, 0.88, 0.10, 9.08, 4.03, 15.10, 19.71, 0.10, 9.34, 26.06, 55.41],
  xi_355 = [5.86, 0.10, 1.66, 25.25, 52.52, 0.10, 60.00, 0.10, 0.10, 13.00, 10.81, 0.10, 26.22, 12.36, 6.62, 31.57, 60.00, 60.00, 22.83, 16.84],
  xi_361 = [3.48, 16.05, 10.81, 27.64, 0.10, 0.25, 1.24, 60.00, 3.27, 12.02, 0.10, 4.28, 1.78, 2.12, 1.67, 0.10, 0.29, 9.03, 11.86, 2.96],
  xi_362 = [60.00, 20.98, 60.00, 0.10, 12.84, 22.48, 34.74, 0.39, 52.95, 1.83, 20.79, 2.29, 0.10, 46.79, 14.42, 0.55, 26.71, 16.91, 17.99, 34.25],
  xi_363 = [7.57, 5.12, 27.04, 8.30, 1.98, 19.19, 2.88, 14.73, 6.65, 6.15, 4.86, 22.13, 15.46, 20.71, 0.10, 4.86, 6.58, 28.42, 13.21, 5.45],
  xi_364 = [2.16, 0.10, 0.35, 36.39, 60.00, 16.20, 42.51, 28.62, 7.83, 17.09, 8.61, 10.37, 0.31, 0.10, 30.95, 60.00, 9.70, 15.99, 23.12, 24.24],
  xi_365 = [0.10, 1.25, 18.60, 1.98, 0.31, 0.12, 0.71, 0.66, 0.60, 5.45, 0.10, 1.36, 0.53, 0.42, 3.23, 0.10, 0.45, 0.10, 1.32, 1.96],
  xi_371 = [3.61, 1.44, 10.73, 1.70, 17.82, 5.38, 1.99, 0.10, 0.10, 3.36, 4.96, 12.36, 8.64, 19.94, 2.57, 0.10, 0.10, 2.15, 16.19, 4.36],
  xi_372 = [8.78, 28.12, 5.17, 12.05, 37.78, 1.17, 0.10, 0.10, 1.51, 0.10, 14.39, 0.37, 11.82, 22.33, 2.00, 22.89, 4.39, 5.48, 0.10, 3.46],
  xi_373 = [0.10, 0.10, 3.36, 19.06, 60.00, 14.64, 60.00, 3.58, 1.35, 12.36, 7.92, 5.55, 40.25, 2.21, 25.59, 6.54, 15.18, 10.50, 3.37, 8.74],
  xi_374 = [1.12, 6.03, 0.74, 0.10, 4.11, 2.73, 0.82, 0.32, 1.39, 0.78, 1.14, 4.29, 10.19, 2.74, 0.10, 0.10, 5.20, 2.53, 0.45, 3.08],
  xi_375 = [6.00, 1.34, 2.74, 29.66, 1.21, 13.75, 2.85, 16.14, 60.00, 9.73, 13.48, 7.25, 2.33, 0.10, 23.76, 0.10, 1.55, 21.61, 5.73, 0.10],
  xi_381 = [60.00, 9.41, 19.10, 15.83, 2.77, 12.19, 9.29, 0.54, 2.08, 0.10, 19.41, 10.68, 60.00, 10.56, 0.10, 0.10, 1.70, 60.00, 10.76, 3.79],
  xi_382 = [0.43, 0.10, 1.71, 2.84, 3.01, 1.70, 7.75, 13.44, 4.72, 2.39, 1.11, 5.78, 4.80, 7.43, 0.10, 0.36, 1.49, 1.03, 0.23, 0.29],
  xi_383 = [1.31, 18.35, 3.59, 16.58, 14.56, 2.96, 10.35, 37.40, 6.97, 5.86, 19.53, 10.83, 17.39, 0.10, 5.08, 2.12, 4.07, 6.36, 12.79, 3.12],
  xi_384 = [4.28, 16.78, 4.77, 5.74, 9.31, 21.42, 32.87, 8.69, 5.84, 10.68, 0.10, 22.71, 18.66, 4.62, 17.72, 37.99, 27.77, 25.39, 25.55, 29.52],
  xi_385 = [29.44, 21.62, 8.71, 4.72, 4.01, 12.07, 0.28, 3.97, 4.15, 18.24, 2.35, 0.10, 2.10, 2.85, 7.25, 9.53, 10.23, 15.41, 27.11, 7.22],
  xi_391 = [37.27, 3.06, 7.40, 3.63, 4.14, 7.03, 60.00, 8.48, 0.10, 8.04, 0.10, 3.04, 3.15, 0.20, 0.50, 4.06, 0.63, 0.29, 5.88, 0.69],
  xi_392 = [0.16, 0.12, 0.73, 0.10, 0.26, 6.95, 0.10, 0.10, 1.57, 1.68, 1.09, 0.10, 0.82, 8.02, 0.10, 2.36, 2.80, 0.63, 3.19, 1.55],
  xi_393 = [17.07, 0.10, 10.80, 26.04, 12.23, 0.83, 0.10, 22.71, 23.03, 3.13, 0.21, 60.00, 3.40, 9.17, 7.00, 7.49, 2.88, 8.52, 0.85, 12.32],
  xi_394 = [5.89, 7.93, 0.18, 10.17, 9.45, 1.74, 0.10, 6.72, 24.61, 6.60, 0.10, 38.31, 2.01, 7.28, 0.36, 5.50, 1.86, 3.82, 0.10, 7.33],
  xi_395 = [0.27, 0.10, 1.83, 0.66, 1.22, 0.19, 2.07, 1.31, 0.10, 1.96, 0.10, 1.14, 0.13, 0.47, 2.47, 6.25, 5.94, 0.68, 3.31, 3.73],
  xi_401 = [0.10, 1.67, 7.75, 12.24, 0.10, 7.47, 57.35, 29.36, 32.38, 25.80, 35.66, 0.10, 0.56, 51.18, 1.61, 25.08, 23.67, 5.23, 25.10, 60.00],
  xi_402 = [43.57, 0.10, 2.91, 12.44, 3.56, 43.24, 0.10, 60.00, 37.65, 60.00, 4.41, 60.00, 7.75, 18.27, 8.29, 40.50, 16.67, 6.46, 8.38, 1.14],
  xi_403 = [5.29, 0.45, 0.10, 4.44, 5.05, 13.39, 5.30, 3.00, 26.43, 10.05, 22.07, 6.28, 2.45, 10.89, 36.61, 9.58, 0.10, 12.45, 17.10, 1.51],
  xi_404 = [7.75, 11.46, 0.39, 0.80, 4.37, 18.71, 2.94, 2.73, 14.61, 10.37, 18.15, 30.19, 0.10, 1.65, 33.51, 0.10, 0.34, 60.00, 0.66, 6.85],
  xi_405 = [14.83, 14.36, 33.67, 7.67, 0.10, 0.10, 14.35, 5.11, 21.97, 0.72, 2.59, 40.51, 19.41, 18.39, 1.18, 1.76, 29.61, 16.32, 29.68, 14.98],
]

Transportation Costs (cjk) = [
  [4.19, 9.95, 5.86, 0.10, 6.39],
  [14.18, 3.09, 6.53, 0.10, 6.28],
  [3.45, 5.71, 0.87, 2.59, 3.47],
  [8.90, 1.12, 27.09, 16.16, 0.10],
  [22.55, 0.10, 0.10, 3.05, 12.87],
  [0.59, 0.10, 6.85, 11.99, 9.62],
  [0.10, 13.23, 0.10, 4.04, 2.24],
  [5.11, 4.77, 0.10, 0.10, 3.97],
  [20.05, 12.98, 9.81, 7.96, 10.81],
  [16.80, 0.10, 24.09, 0.10, 5.99],
  [0.10, 4.54, 7.59, 3.02, 8.53],
  [1.81, 0.10, 4.51, 10.15, 18.29],
  [2.92, 5.13, 19.08, 6.96, 1.74],
  [7.62, 1.29, 9.32, 4.03, 9.63],
  [3.31, 0.94, 8.76, 5.41, 0.10],
  [26.24, 3.88, 0.31, 15.37, 8.85],
  [5.34, 9.72, 0.32, 7.05, 0.10],
  [2.71, 5.19, 15.84, 0.16, 3.91],
  [26.38, 17.78, 2.62, 12.43, 0.10],
  [0.10, 2.10, 26.77, 1.55, 8.49],
  [0.55, 0.18, 14.19, 1.17, 0.10],
  [3.65, 0.10, 0.10, 0.10, 0.10],
  [7.46, 0.10, 9.16, 7.92, 16.92],
  [0.10, 8.88, 0.10, 0.10, 0.68],
  [6.84, 4.66, 0.10, 3.75, 0.10],
  [11.27, 14.77, 7.97, 1.40, 20.24],
  [0.56, 0.85, 0.10, 4.50, 9.07],
  [0.10, 0.10, 0.10, 4.62, 15.71],
  [13.22, 2.59, 5.22, 0.65, 11.46],
  [5.50, 21.52, 0.10, 7.47, 4.83],
  [0.10, 12.20, 21.90, 0.10, 6.34],
  [20.75, 0.10, 9.33, 2.85, 5.37],
  [22.67, 26.27, 11.48, 5.78, 7.01],
  [12.08, 2.48, 2.44, 2.38, 8.83],
  [0.10, 3.58, 3.98, 0.10, 0.10],
  [0.10, 4.87, 6.03, 3.02, 0.65],
  [0.10, 5.36, 6.77, 1.20, 26.11],
  [0.10, 10.68, 0.10, 0.10, 3.05],
  [0.99, 0.10, 1.95, 26.41, 0.10],
  [25.00, 2.17, 0.10, 1.73, 3.13],
]

Mean Service Times (¦Ì_{jk}) = [
  mu_11 = [16.07],
  mu_12 = [10.19],
  mu_13 = [2.71],
  mu_14 = [13.91],
  mu_15 = [7.48],
  mu_21 = [1.53],
  mu_22 = [6.34],
  mu_23 = [8.64],
  mu_24 = [6.71],
  mu_25 = [8.47],
  mu_31 = [14.83],
  mu_32 = [11.35],
  mu_33 = [6.59],
  mu_34 = [13.36],
  mu_35 = [9.64],
  mu_41 = [7.89],
  mu_42 = [16.79],
  mu_43 = [6.15],
  mu_44 = [23.55],
  mu_45 = [11.27],
  mu_51 = [10.22],
  mu_52 = [8.79],
  mu_53 = [12.40],
  mu_54 = [8.11],
  mu_55 = [7.56],
  mu_61 = [3.08],
  mu_62 = [3.95],
  mu_63 = [13.78],
  mu_64 = [8.31],
  mu_65 = [2.36],
  mu_71 = [14.91],
  mu_72 = [3.56],
  mu_73 = [4.06],
  mu_74 = [1.85],
  mu_75 = [10.12],
  mu_81 = [2.88],
  mu_82 = [4.36],
  mu_83 = [11.65],
  mu_84 = [6.09],
  mu_85 = [15.28],
  mu_91 = [4.89],
  mu_92 = [1.90],
  mu_93 = [14.94],
  mu_94 = [1.54],
  mu_95 = [3.99],
  mu_101 = [4.48],
  mu_102 = [7.28],
  mu_103 = [10.29],
  mu_104 = [16.14],
  mu_105 = [8.72],
  mu_111 = [12.27],
  mu_112 = [3.09],
  mu_113 = [10.13],
  mu_114 = [22.36],
  mu_115 = [12.63],
  mu_121 = [4.65],
  mu_122 = [6.03],
  mu_123 = [5.32],
  mu_124 = [9.18],
  mu_125 = [10.22],
  mu_131 = [16.66],
  mu_132 = [4.00],
  mu_133 = [2.01],
  mu_134 = [18.16],
  mu_135 = [2.04],
  mu_141 = [12.37],
  mu_142 = [1.88],
  mu_143 = [4.16],
  mu_144 = [5.22],
  mu_145 = [4.36],
  mu_151 = [14.61],
  mu_152 = [9.62],
  mu_153 = [15.88],
  mu_154 = [0.78],
  mu_155 = [12.58],
  mu_161 = [11.78],
  mu_162 = [6.17],
  mu_163 = [5.22],
  mu_164 = [9.24],
  mu_165 = [7.91],
  mu_171 = [11.91],
  mu_172 = [9.96],
  mu_173 = [14.25],
  mu_174 = [13.16],
  mu_175 = [8.84],
  mu_181 = [9.18],
  mu_182 = [20.36],
  mu_183 = [3.58],
  mu_184 = [9.39],
  mu_185 = [1.67],
  mu_191 = [16.48],
  mu_192 = [2.54],
  mu_193 = [2.73],
  mu_194 = [6.66],
  mu_195 = [12.14],
  mu_201 = [16.42],
  mu_202 = [5.21],
  mu_203 = [12.29],
  mu_204 = [16.24],
  mu_205 = [11.44],
  mu_211 = [5.12],
  mu_212 = [16.19],
  mu_213 = [19.95],
  mu_214 = [12.79],
  mu_215 = [5.30],
  mu_221 = [10.21],
  mu_222 = [4.62],
  mu_223 = [14.10],
  mu_224 = [18.90],
  mu_225 = [3.40],
  mu_231 = [6.43],
  mu_232 = [7.56],
  mu_233 = [4.09],
  mu_234 = [6.48],
  mu_235 = [3.96],
  mu_241 = [3.99],
  mu_242 = [12.78],
  mu_243 = [1.32],
  mu_244 = [14.05],
  mu_245 = [10.35],
  mu_251 = [8.51],
  mu_252 = [12.94],
  mu_253 = [14.44],
  mu_254 = [14.67],
  mu_255 = [6.60],
  mu_261 = [1.96],
  mu_262 = [8.80],
  mu_263 = [15.81],
  mu_264 = [7.73],
  mu_265 = [7.98],
  mu_271 = [9.77],
  mu_272 = [13.63],
  mu_273 = [12.19],
  mu_274 = [6.94],
  mu_275 = [21.07],
  mu_281 = [7.63],
  mu_282 = [1.48],
  mu_283 = [9.97],
  mu_284 = [2.93],
  mu_285 = [11.56],
  mu_291 = [1.68],
  mu_292 = [2.38],
  mu_293 = [4.62],
  mu_294 = [4.58],
  mu_295 = [4.51],
  mu_301 = [8.35],
  mu_302 = [4.63],
  mu_303 = [1.96],
  mu_304 = [21.86],
  mu_305 = [1.53],
  mu_311 = [8.12],
  mu_312 = [4.98],
  mu_313 = [20.31],
  mu_314 = [5.58],
  mu_315 = [5.38],
  mu_321 = [9.74],
  mu_322 = [17.35],
  mu_323 = [2.66],
  mu_324 = [1.05],
  mu_325 = [10.35],
  mu_331 = [9.64],
  mu_332 = [4.34],
  mu_333 = [5.43],
  mu_334 = [16.86],
  mu_335 = [13.63],
  mu_341 = [8.23],
  mu_342 = [1.48],
  mu_343 = [1.79],
  mu_344 = [12.47],
  mu_345 = [11.98],
  mu_351 = [17.49],
  mu_352 = [13.75],
  mu_353 = [13.71],
  mu_354 = [11.09],
  mu_355 = [20.30],
  mu_361 = [8.45],
  mu_362 = [22.36],
  mu_363 = [11.07],
  mu_364 = [19.73],
  mu_365 = [1.97],
  mu_371 = [5.88],
  mu_372 = [9.10],
  mu_373 = [15.02],
  mu_374 = [2.40],
  mu_375 = [10.97],
  mu_381 = [15.42],
  mu_382 = [3.04],
  mu_383 = [9.97],
  mu_384 = [16.52],
  mu_385 = [9.57],
  mu_391 = [7.89],
  mu_392 = [1.62],
  mu_393 = [11.39],
  mu_394 = [7.00],
  mu_395 = [1.69],
  mu_401 = [20.12],
  mu_402 = [21.77],
  mu_403 = [9.63],
  mu_404 = [11.28],
  mu_405 = [14.37],
]

Mean Transportation Times (¦Ó_{jk}) = [
  tau_11 = [8.66],
  tau_12 = [1.75],
  tau_13 = [1.10],
  tau_14 = [4.35],
  tau_15 = [11.15],
  tau_21 = [4.79],
  tau_22 = [9.85],
  tau_23 = [5.30],
  tau_24 = [5.63],
  tau_25 = [6.01],
  tau_31 = [7.03],
  tau_32 = [4.76],
  tau_33 = [2.76],
  tau_34 = [4.06],
  tau_35 = [3.18],
  tau_41 = [2.93],
  tau_42 = [4.50],
  tau_43 = [9.07],
  tau_44 = [3.46],
  tau_45 = [5.51],
  tau_51 = [2.79],
  tau_52 = [7.74],
  tau_53 = [10.14],
  tau_54 = [5.53],
  tau_55 = [8.61],
  tau_61 = [8.70],
  tau_62 = [6.47],
  tau_63 = [7.79],
  tau_64 = [11.16],
  tau_65 = [2.74],
  tau_71 = [7.30],
  tau_72 = [4.80],
  tau_73 = [4.50],
  tau_74 = [3.21],
  tau_75 = [5.84],
  tau_81 = [8.90],
  tau_82 = [0.97],
  tau_83 = [3.63],
  tau_84 = [3.96],
  tau_85 = [1.52],
  tau_91 = [1.24],
  tau_92 = [5.72],
  tau_93 = [3.49],
  tau_94 = [9.19],
  tau_95 = [1.96],
  tau_101 = [5.46],
  tau_102 = [4.31],
  tau_103 = [4.55],
  tau_104 = [6.14],
  tau_105 = [7.66],
  tau_111 = [8.27],
  tau_112 = [6.46],
  tau_113 = [2.64],
  tau_114 = [4.44],
  tau_115 = [2.82],
  tau_121 = [4.87],
  tau_122 = [2.82],
  tau_123 = [2.60],
  tau_124 = [6.73],
  tau_125 = [1.70],
  tau_131 = [10.15],
  tau_132 = [5.01],
  tau_133 = [3.26],
  tau_134 = [3.16],
  tau_135 = [2.09],
  tau_141 = [9.69],
  tau_142 = [2.64],
  tau_143 = [5.46],
  tau_144 = [10.21],
  tau_145 = [4.90],
  tau_151 = [6.34],
  tau_152 = [4.40],
  tau_153 = [3.85],
  tau_154 = [5.43],
  tau_155 = [5.48],
  tau_161 = [2.51],
  tau_162 = [7.22],
  tau_163 = [1.73],
  tau_164 = [4.57],
  tau_165 = [9.32],
  tau_171 = [5.09],
  tau_172 = [9.20],
  tau_173 = [12.15],
  tau_174 = [4.97],
  tau_175 = [9.90],
  tau_181 = [2.19],
  tau_182 = [3.23],
  tau_183 = [3.61],
  tau_184 = [9.14],
  tau_185 = [4.83],
  tau_191 = [7.84],
  tau_192 = [3.47],
  tau_193 = [3.65],
  tau_194 = [9.59],
  tau_195 = [8.44],
  tau_201 = [1.32],
  tau_202 = [4.35],
  tau_203 = [1.47],
  tau_204 = [7.54],
  tau_205 = [6.88],
  tau_211 = [6.61],
  tau_212 = [1.00],
  tau_213 = [8.21],
  tau_214 = [3.52],
  tau_215 = [3.66],
  tau_221 = [4.59],
  tau_222 = [8.90],
  tau_223 = [1.58],
  tau_224 = [8.44],
  tau_225 = [4.83],
  tau_231 = [11.98],
  tau_232 = [6.26],
  tau_233 = [9.83],
  tau_234 = [11.26],
  tau_235 = [10.66],
  tau_241 = [5.79],
  tau_242 = [9.84],
  tau_243 = [4.11],
  tau_244 = [4.41],
  tau_245 = [2.07],
  tau_251 = [8.21],
  tau_252 = [7.46],
  tau_253 = [5.20],
  tau_254 = [9.68],
  tau_255 = [5.78],
  tau_261 = [12.24],
  tau_262 = [1.82],
  tau_263 = [3.62],
  tau_264 = [0.90],
  tau_265 = [5.41],
  tau_271 = [6.47],
  tau_272 = [1.00],
  tau_273 = [1.18],
  tau_274 = [7.08],
  tau_275 = [2.57],
  tau_281 = [1.07],
  tau_282 = [3.85],
  tau_283 = [7.87],
  tau_284 = [1.40],
  tau_285 = [4.46],
  tau_291 = [4.59],
  tau_292 = [9.35],
  tau_293 = [9.44],
  tau_294 = [8.76],
  tau_295 = [6.71],
  tau_301 = [2.22],
  tau_302 = [5.75],
  tau_303 = [1.69],
  tau_304 = [2.83],
  tau_305 = [9.29],
  tau_311 = [1.96],
  tau_312 = [6.51],
  tau_313 = [11.87],
  tau_314 = [6.51],
  tau_315 = [1.09],
  tau_321 = [8.31],
  tau_322 = [3.23],
  tau_323 = [3.28],
  tau_324 = [2.64],
  tau_325 = [4.21],
  tau_331 = [1.80],
  tau_332 = [8.81],
  tau_333 = [2.62],
  tau_334 = [7.84],
  tau_335 = [10.34],
  tau_341 = [7.34],
  tau_342 = [7.49],
  tau_343 = [8.35],
  tau_344 = [5.58],
  tau_345 = [6.05],
  tau_351 = [11.42],
  tau_352 = [1.77],
  tau_353 = [6.94],
  tau_354 = [1.00],
  tau_355 = [11.52],
  tau_361 = [5.35],
  tau_362 = [5.95],
  tau_363 = [8.99],
  tau_364 = [15.41],
  tau_365 = [7.19],
  tau_371 = [0.75],
  tau_372 = [6.32],
  tau_373 = [6.51],
  tau_374 = [5.87],
  tau_375 = [5.37],
  tau_381 = [4.98],
  tau_382 = [6.54],
  tau_383 = [4.04],
  tau_384 = [2.79],
  tau_385 = [4.61],
  tau_391 = [4.00],
  tau_392 = [1.26],
  tau_393 = [1.76],
  tau_394 = [7.14],
  tau_395 = [9.46],
  tau_401 = [5.42],
  tau_402 = [6.66],
  tau_403 = [10.34],
  tau_404 = [7.69],
  tau_405 = [4.82],
]

Epsilon + ¦Ì_{jk} = [
  epsilon_plus_mu_11 = [24.11],
  epsilon_plus_mu_12 = [15.29],
  epsilon_plus_mu_13 = [4.06],
  epsilon_plus_mu_14 = [20.86],
  epsilon_plus_mu_15 = [11.23],
  epsilon_plus_mu_21 = [2.29],
  epsilon_plus_mu_22 = [9.51],
  epsilon_plus_mu_23 = [12.96],
  epsilon_plus_mu_24 = [10.06],
  epsilon_plus_mu_25 = [12.70],
  epsilon_plus_mu_31 = [22.25],
  epsilon_plus_mu_32 = [17.02],
  epsilon_plus_mu_33 = [9.89],
  epsilon_plus_mu_34 = [20.05],
  epsilon_plus_mu_35 = [14.47],
  epsilon_plus_mu_41 = [11.83],
  epsilon_plus_mu_42 = [25.19],
  epsilon_plus_mu_43 = [9.23],
  epsilon_plus_mu_44 = [35.32],
  epsilon_plus_mu_45 = [16.90],
  epsilon_plus_mu_51 = [15.33],
  epsilon_plus_mu_52 = [13.19],
  epsilon_plus_mu_53 = [18.60],
  epsilon_plus_mu_54 = [12.16],
  epsilon_plus_mu_55 = [11.34],
  epsilon_plus_mu_61 = [4.62],
  epsilon_plus_mu_62 = [5.93],
  epsilon_plus_mu_63 = [20.67],
  epsilon_plus_mu_64 = [12.47],
  epsilon_plus_mu_65 = [3.54],
  epsilon_plus_mu_71 = [22.36],
  epsilon_plus_mu_72 = [5.34],
  epsilon_plus_mu_73 = [6.08],
  epsilon_plus_mu_74 = [2.78],
  epsilon_plus_mu_75 = [15.18],
  epsilon_plus_mu_81 = [4.32],
  epsilon_plus_mu_82 = [6.54],
  epsilon_plus_mu_83 = [17.48],
  epsilon_plus_mu_84 = [9.13],
  epsilon_plus_mu_85 = [22.92],
  epsilon_plus_mu_91 = [7.33],
  epsilon_plus_mu_92 = [2.85],
  epsilon_plus_mu_93 = [22.41],
  epsilon_plus_mu_94 = [2.30],
  epsilon_plus_mu_95 = [5.99],
  epsilon_plus_mu_101 = [6.73],
  epsilon_plus_mu_102 = [10.91],
  epsilon_plus_mu_103 = [15.43],
  epsilon_plus_mu_104 = [24.21],
  epsilon_plus_mu_105 = [13.08],
  epsilon_plus_mu_111 = [18.41],
  epsilon_plus_mu_112 = [4.63],
  epsilon_plus_mu_113 = [15.19],
  epsilon_plus_mu_114 = [33.54],
  epsilon_plus_mu_115 = [18.95],
  epsilon_plus_mu_121 = [6.98],
  epsilon_plus_mu_122 = [9.04],
  epsilon_plus_mu_123 = [7.98],
  epsilon_plus_mu_124 = [13.78],
  epsilon_plus_mu_125 = [15.33],
  epsilon_plus_mu_131 = [25.00],
  epsilon_plus_mu_132 = [6.00],
  epsilon_plus_mu_133 = [3.01],
  epsilon_plus_mu_134 = [27.23],
  epsilon_plus_mu_135 = [3.06],
  epsilon_plus_mu_141 = [18.56],
  epsilon_plus_mu_142 = [2.82],
  epsilon_plus_mu_143 = [6.23],
  epsilon_plus_mu_144 = [7.84],
  epsilon_plus_mu_145 = [6.54],
  epsilon_plus_mu_151 = [21.91],
  epsilon_plus_mu_152 = [14.43],
  epsilon_plus_mu_153 = [23.82],
  epsilon_plus_mu_154 = [1.17],
  epsilon_plus_mu_155 = [18.87],
  epsilon_plus_mu_161 = [17.67],
  epsilon_plus_mu_162 = [9.26],
  epsilon_plus_mu_163 = [7.83],
  epsilon_plus_mu_164 = [13.86],
  epsilon_plus_mu_165 = [11.86],
  epsilon_plus_mu_171 = [17.86],
  epsilon_plus_mu_172 = [14.93],
  epsilon_plus_mu_173 = [21.37],
  epsilon_plus_mu_174 = [19.74],
  epsilon_plus_mu_175 = [13.26],
  epsilon_plus_mu_181 = [13.77],
  epsilon_plus_mu_182 = [30.54],
  epsilon_plus_mu_183 = [5.36],
  epsilon_plus_mu_184 = [14.09],
  epsilon_plus_mu_185 = [2.50],
  epsilon_plus_mu_191 = [24.72],
  epsilon_plus_mu_192 = [3.80],
  epsilon_plus_mu_193 = [4.10],
  epsilon_plus_mu_194 = [9.99],
  epsilon_plus_mu_195 = [18.21],
  epsilon_plus_mu_201 = [24.62],
  epsilon_plus_mu_202 = [7.81],
  epsilon_plus_mu_203 = [18.44],
  epsilon_plus_mu_204 = [24.37],
  epsilon_plus_mu_205 = [17.16],
  epsilon_plus_mu_211 = [7.69],
  epsilon_plus_mu_212 = [24.28],
  epsilon_plus_mu_213 = [29.93],
  epsilon_plus_mu_214 = [19.18],
  epsilon_plus_mu_215 = [7.96],
  epsilon_plus_mu_221 = [15.31],
  epsilon_plus_mu_222 = [6.93],
  epsilon_plus_mu_223 = [21.15],
  epsilon_plus_mu_224 = [28.36],
  epsilon_plus_mu_225 = [5.10],
  epsilon_plus_mu_231 = [9.65],
  epsilon_plus_mu_232 = [11.34],
  epsilon_plus_mu_233 = [6.13],
  epsilon_plus_mu_234 = [9.72],
  epsilon_plus_mu_235 = [5.93],
  epsilon_plus_mu_241 = [5.99],
  epsilon_plus_mu_242 = [19.17],
  epsilon_plus_mu_243 = [1.99],
  epsilon_plus_mu_244 = [21.07],
  epsilon_plus_mu_245 = [15.53],
  epsilon_plus_mu_251 = [12.77],
  epsilon_plus_mu_252 = [19.40],
  epsilon_plus_mu_253 = [21.66],
  epsilon_plus_mu_254 = [22.01],
  epsilon_plus_mu_255 = [9.89],
  epsilon_plus_mu_261 = [2.94],
  epsilon_plus_mu_262 = [13.21],
  epsilon_plus_mu_263 = [23.71],
  epsilon_plus_mu_264 = [11.60],
  epsilon_plus_mu_265 = [11.97],
  epsilon_plus_mu_271 = [14.65],
  epsilon_plus_mu_272 = [20.44],
  epsilon_plus_mu_273 = [18.28],
  epsilon_plus_mu_274 = [10.41],
  epsilon_plus_mu_275 = [31.61],
  epsilon_plus_mu_281 = [11.44],
  epsilon_plus_mu_282 = [2.22],
  epsilon_plus_mu_283 = [14.96],
  epsilon_plus_mu_284 = [4.39],
  epsilon_plus_mu_285 = [17.34],
  epsilon_plus_mu_291 = [2.52],
  epsilon_plus_mu_292 = [3.57],
  epsilon_plus_mu_293 = [6.93],
  epsilon_plus_mu_294 = [6.87],
  epsilon_plus_mu_295 = [6.76],
  epsilon_plus_mu_301 = [12.52],
  epsilon_plus_mu_302 = [6.94],
  epsilon_plus_mu_303 = [2.94],
  epsilon_plus_mu_304 = [32.79],
  epsilon_plus_mu_305 = [2.29],
  epsilon_plus_mu_311 = [12.17],
  epsilon_plus_mu_312 = [7.48],
  epsilon_plus_mu_313 = [30.47],
  epsilon_plus_mu_314 = [8.37],
  epsilon_plus_mu_315 = [8.07],
  epsilon_plus_mu_321 = [14.61],
  epsilon_plus_mu_322 = [26.02],
  epsilon_plus_mu_323 = [3.99],
  epsilon_plus_mu_324 = [1.57],
  epsilon_plus_mu_325 = [15.52],
  epsilon_plus_mu_331 = [14.46],
  epsilon_plus_mu_332 = [6.52],
  epsilon_plus_mu_333 = [8.15],
  epsilon_plus_mu_334 = [25.29],
  epsilon_plus_mu_335 = [20.45],
  epsilon_plus_mu_341 = [12.34],
  epsilon_plus_mu_342 = [2.22],
  epsilon_plus_mu_343 = [2.69],
  epsilon_plus_mu_344 = [18.71],
  epsilon_plus_mu_345 = [17.97],
  epsilon_plus_mu_351 = [26.24],
  epsilon_plus_mu_352 = [20.62],
  epsilon_plus_mu_353 = [20.57],
  epsilon_plus_mu_354 = [16.64],
  epsilon_plus_mu_355 = [30.45],
  epsilon_plus_mu_361 = [12.68],
  epsilon_plus_mu_362 = [33.53],
  epsilon_plus_mu_363 = [16.60],
  epsilon_plus_mu_364 = [29.60],
  epsilon_plus_mu_365 = [2.95],
  epsilon_plus_mu_371 = [8.82],
  epsilon_plus_mu_372 = [13.66],
  epsilon_plus_mu_373 = [22.53],
  epsilon_plus_mu_374 = [3.60],
  epsilon_plus_mu_375 = [16.46],
  epsilon_plus_mu_381 = [23.13],
  epsilon_plus_mu_382 = [4.55],
  epsilon_plus_mu_383 = [14.95],
  epsilon_plus_mu_384 = [24.78],
  epsilon_plus_mu_385 = [14.35],
  epsilon_plus_mu_391 = [11.83],
  epsilon_plus_mu_392 = [2.43],
  epsilon_plus_mu_393 = [17.09],
  epsilon_plus_mu_394 = [10.50],
  epsilon_plus_mu_395 = [2.54],
  epsilon_plus_mu_401 = [30.18],
  epsilon_plus_mu_402 = [32.66],
  epsilon_plus_mu_403 = [14.44],
  epsilon_plus_mu_404 = [16.93],
  epsilon_plus_mu_405 = [21.55],
]

Epsilon - ¦Ì_{jk} = [
  epsilon_minus_mu_11 = [-8.04],
  epsilon_minus_mu_12 = [-5.10],
  epsilon_minus_mu_13 = [-1.35],
  epsilon_minus_mu_14 = [-6.95],
  epsilon_minus_mu_15 = [-3.74],
  epsilon_minus_mu_21 = [-0.76],
  epsilon_minus_mu_22 = [-3.17],
  epsilon_minus_mu_23 = [-4.32],
  epsilon_minus_mu_24 = [-3.35],
  epsilon_minus_mu_25 = [-4.23],
  epsilon_minus_mu_31 = [-7.42],
  epsilon_minus_mu_32 = [-5.67],
  epsilon_minus_mu_33 = [-3.30],
  epsilon_minus_mu_34 = [-6.68],
  epsilon_minus_mu_35 = [-4.82],
  epsilon_minus_mu_41 = [-3.94],
  epsilon_minus_mu_42 = [-8.40],
  epsilon_minus_mu_43 = [-3.08],
  epsilon_minus_mu_44 = [-11.77],
  epsilon_minus_mu_45 = [-5.63],
  epsilon_minus_mu_51 = [-5.11],
  epsilon_minus_mu_52 = [-4.40],
  epsilon_minus_mu_53 = [-6.20],
  epsilon_minus_mu_54 = [-4.05],
  epsilon_minus_mu_55 = [-3.78],
  epsilon_minus_mu_61 = [-1.54],
  epsilon_minus_mu_62 = [-1.98],
  epsilon_minus_mu_63 = [-6.89],
  epsilon_minus_mu_64 = [-4.16],
  epsilon_minus_mu_65 = [-1.18],
  epsilon_minus_mu_71 = [-7.45],
  epsilon_minus_mu_72 = [-1.78],
  epsilon_minus_mu_73 = [-2.03],
  epsilon_minus_mu_74 = [-0.93],
  epsilon_minus_mu_75 = [-5.06],
  epsilon_minus_mu_81 = [-1.44],
  epsilon_minus_mu_82 = [-2.18],
  epsilon_minus_mu_83 = [-5.83],
  epsilon_minus_mu_84 = [-3.04],
  epsilon_minus_mu_85 = [-7.64],
  epsilon_minus_mu_91 = [-2.44],
  epsilon_minus_mu_92 = [-0.95],
  epsilon_minus_mu_93 = [-7.47],
  epsilon_minus_mu_94 = [-0.77],
  epsilon_minus_mu_95 = [-2.00],
  epsilon_minus_mu_101 = [-2.24],
  epsilon_minus_mu_102 = [-3.64],
  epsilon_minus_mu_103 = [-5.14],
  epsilon_minus_mu_104 = [-8.07],
  epsilon_minus_mu_105 = [-4.36],
  epsilon_minus_mu_111 = [-6.14],
  epsilon_minus_mu_112 = [-1.54],
  epsilon_minus_mu_113 = [-5.06],
  epsilon_minus_mu_114 = [-11.18],
  epsilon_minus_mu_115 = [-6.32],
  epsilon_minus_mu_121 = [-2.33],
  epsilon_minus_mu_122 = [-3.01],
  epsilon_minus_mu_123 = [-2.66],
  epsilon_minus_mu_124 = [-4.59],
  epsilon_minus_mu_125 = [-5.11],
  epsilon_minus_mu_131 = [-8.33],
  epsilon_minus_mu_132 = [-2.00],
  epsilon_minus_mu_133 = [-1.00],
  epsilon_minus_mu_134 = [-9.08],
  epsilon_minus_mu_135 = [-1.02],
  epsilon_minus_mu_141 = [-6.19],
  epsilon_minus_mu_142 = [-0.94],
  epsilon_minus_mu_143 = [-2.08],
  epsilon_minus_mu_144 = [-2.61],
  epsilon_minus_mu_145 = [-2.18],
  epsilon_minus_mu_151 = [-7.30],
  epsilon_minus_mu_152 = [-4.81],
  epsilon_minus_mu_153 = [-7.94],
  epsilon_minus_mu_154 = [-0.39],
  epsilon_minus_mu_155 = [-6.29],
  epsilon_minus_mu_161 = [-5.89],
  epsilon_minus_mu_162 = [-3.09],
  epsilon_minus_mu_163 = [-2.61],
  epsilon_minus_mu_164 = [-4.62],
  epsilon_minus_mu_165 = [-3.95],
  epsilon_minus_mu_171 = [-5.95],
  epsilon_minus_mu_172 = [-4.98],
  epsilon_minus_mu_173 = [-7.12],
  epsilon_minus_mu_174 = [-6.58],
  epsilon_minus_mu_175 = [-4.42],
  epsilon_minus_mu_181 = [-4.59],
  epsilon_minus_mu_182 = [-10.18],
  epsilon_minus_mu_183 = [-1.79],
  epsilon_minus_mu_184 = [-4.70],
  epsilon_minus_mu_185 = [-0.83],
  epsilon_minus_mu_191 = [-8.24],
  epsilon_minus_mu_192 = [-1.27],
  epsilon_minus_mu_193 = [-1.37],
  epsilon_minus_mu_194 = [-3.33],
  epsilon_minus_mu_195 = [-6.07],
  epsilon_minus_mu_201 = [-8.21],
  epsilon_minus_mu_202 = [-2.60],
  epsilon_minus_mu_203 = [-6.15],
  epsilon_minus_mu_204 = [-8.12],
  epsilon_minus_mu_205 = [-5.72],
  epsilon_minus_mu_211 = [-2.56],
  epsilon_minus_mu_212 = [-8.09],
  epsilon_minus_mu_213 = [-9.98],
  epsilon_minus_mu_214 = [-6.39],
  epsilon_minus_mu_215 = [-2.65],
  epsilon_minus_mu_221 = [-5.10],
  epsilon_minus_mu_222 = [-2.31],
  epsilon_minus_mu_223 = [-7.05],
  epsilon_minus_mu_224 = [-9.45],
  epsilon_minus_mu_225 = [-1.70],
  epsilon_minus_mu_231 = [-3.22],
  epsilon_minus_mu_232 = [-3.78],
  epsilon_minus_mu_233 = [-2.04],
  epsilon_minus_mu_234 = [-3.24],
  epsilon_minus_mu_235 = [-1.98],
  epsilon_minus_mu_241 = [-2.00],
  epsilon_minus_mu_242 = [-6.39],
  epsilon_minus_mu_243 = [-0.66],
  epsilon_minus_mu_244 = [-7.02],
  epsilon_minus_mu_245 = [-5.18],
  epsilon_minus_mu_251 = [-4.26],
  epsilon_minus_mu_252 = [-6.47],
  epsilon_minus_mu_253 = [-7.22],
  epsilon_minus_mu_254 = [-7.34],
  epsilon_minus_mu_255 = [-3.30],
  epsilon_minus_mu_261 = [-0.98],
  epsilon_minus_mu_262 = [-4.40],
  epsilon_minus_mu_263 = [-7.90],
  epsilon_minus_mu_264 = [-3.87],
  epsilon_minus_mu_265 = [-3.99],
  epsilon_minus_mu_271 = [-4.88],
  epsilon_minus_mu_272 = [-6.81],
  epsilon_minus_mu_273 = [-6.09],
  epsilon_minus_mu_274 = [-3.47],
  epsilon_minus_mu_275 = [-10.54],
  epsilon_minus_mu_281 = [-3.81],
  epsilon_minus_mu_282 = [-0.74],
  epsilon_minus_mu_283 = [-4.99],
  epsilon_minus_mu_284 = [-1.46],
  epsilon_minus_mu_285 = [-5.78],
  epsilon_minus_mu_291 = [-0.84],
  epsilon_minus_mu_292 = [-1.19],
  epsilon_minus_mu_293 = [-2.31],
  epsilon_minus_mu_294 = [-2.29],
  epsilon_minus_mu_295 = [-2.25],
  epsilon_minus_mu_301 = [-4.17],
  epsilon_minus_mu_302 = [-2.31],
  epsilon_minus_mu_303 = [-0.98],
  epsilon_minus_mu_304 = [-10.93],
  epsilon_minus_mu_305 = [-0.76],
  epsilon_minus_mu_311 = [-4.06],
  epsilon_minus_mu_312 = [-2.49],
  epsilon_minus_mu_313 = [-10.16],
  epsilon_minus_mu_314 = [-2.79],
  epsilon_minus_mu_315 = [-2.69],
  epsilon_minus_mu_321 = [-4.87],
  epsilon_minus_mu_322 = [-8.67],
  epsilon_minus_mu_323 = [-1.33],
  epsilon_minus_mu_324 = [-0.52],
  epsilon_minus_mu_325 = [-5.17],
  epsilon_minus_mu_331 = [-4.82],
  epsilon_minus_mu_332 = [-2.17],
  epsilon_minus_mu_333 = [-2.72],
  epsilon_minus_mu_334 = [-8.43],
  epsilon_minus_mu_335 = [-6.82],
  epsilon_minus_mu_341 = [-4.11],
  epsilon_minus_mu_342 = [-0.74],
  epsilon_minus_mu_343 = [-0.90],
  epsilon_minus_mu_344 = [-6.24],
  epsilon_minus_mu_345 = [-5.99],
  epsilon_minus_mu_351 = [-8.75],
  epsilon_minus_mu_352 = [-6.87],
  epsilon_minus_mu_353 = [-6.86],
  epsilon_minus_mu_354 = [-5.55],
  epsilon_minus_mu_355 = [-10.15],
  epsilon_minus_mu_361 = [-4.23],
  epsilon_minus_mu_362 = [-11.18],
  epsilon_minus_mu_363 = [-5.53],
  epsilon_minus_mu_364 = [-9.87],
  epsilon_minus_mu_365 = [-0.98],
  epsilon_minus_mu_371 = [-2.94],
  epsilon_minus_mu_372 = [-4.55],
  epsilon_minus_mu_373 = [-7.51],
  epsilon_minus_mu_374 = [-1.20],
  epsilon_minus_mu_375 = [-5.49],
  epsilon_minus_mu_381 = [-7.71],
  epsilon_minus_mu_382 = [-1.52],
  epsilon_minus_mu_383 = [-4.98],
  epsilon_minus_mu_384 = [-8.26],
  epsilon_minus_mu_385 = [-4.78],
  epsilon_minus_mu_391 = [-3.94],
  epsilon_minus_mu_392 = [-0.81],
  epsilon_minus_mu_393 = [-5.70],
  epsilon_minus_mu_394 = [-3.50],
  epsilon_minus_mu_395 = [-0.85],
  epsilon_minus_mu_401 = [-10.06],
  epsilon_minus_mu_402 = [-10.89],
  epsilon_minus_mu_403 = [-4.81],
  epsilon_minus_mu_404 = [-5.64],
  epsilon_minus_mu_405 = [-7.18],
]

Sigma + ¦Ó_{jk} = [
  sigma_plus_tau_11 = [13.00],
  sigma_plus_tau_12 = [2.63],
  sigma_plus_tau_13 = [1.64],
  sigma_plus_tau_14 = [6.52],
  sigma_plus_tau_15 = [16.72],
  sigma_plus_tau_21 = [7.19],
  sigma_plus_tau_22 = [14.78],
  sigma_plus_tau_23 = [7.95],
  sigma_plus_tau_24 = [8.44],
  sigma_plus_tau_25 = [9.02],
  sigma_plus_tau_31 = [10.54],
  sigma_plus_tau_32 = [7.14],
  sigma_plus_tau_33 = [4.14],
  sigma_plus_tau_34 = [6.09],
  sigma_plus_tau_35 = [4.77],
  sigma_plus_tau_41 = [4.39],
  sigma_plus_tau_42 = [6.76],
  sigma_plus_tau_43 = [13.61],
  sigma_plus_tau_44 = [5.19],
  sigma_plus_tau_45 = [8.26],
  sigma_plus_tau_51 = [4.19],
  sigma_plus_tau_52 = [11.61],
  sigma_plus_tau_53 = [15.21],
  sigma_plus_tau_54 = [8.30],
  sigma_plus_tau_55 = [12.92],
  sigma_plus_tau_61 = [13.05],
  sigma_plus_tau_62 = [9.71],
  sigma_plus_tau_63 = [11.68],
  sigma_plus_tau_64 = [16.74],
  sigma_plus_tau_65 = [4.11],
  sigma_plus_tau_71 = [10.95],
  sigma_plus_tau_72 = [7.20],
  sigma_plus_tau_73 = [6.75],
  sigma_plus_tau_74 = [4.81],
  sigma_plus_tau_75 = [8.77],
  sigma_plus_tau_81 = [13.35],
  sigma_plus_tau_82 = [1.45],
  sigma_plus_tau_83 = [5.44],
  sigma_plus_tau_84 = [5.93],
  sigma_plus_tau_85 = [2.28],
  sigma_plus_tau_91 = [1.86],
  sigma_plus_tau_92 = [8.58],
  sigma_plus_tau_93 = [5.24],
  sigma_plus_tau_94 = [13.78],
  sigma_plus_tau_95 = [2.94],
  sigma_plus_tau_101 = [8.19],
  sigma_plus_tau_102 = [6.47],
  sigma_plus_tau_103 = [6.82],
  sigma_plus_tau_104 = [9.21],
  sigma_plus_tau_105 = [11.48],
  sigma_plus_tau_111 = [12.40],
  sigma_plus_tau_112 = [9.69],
  sigma_plus_tau_113 = [3.96],
  sigma_plus_tau_114 = [6.67],
  sigma_plus_tau_115 = [4.22],
  sigma_plus_tau_121 = [7.31],
  sigma_plus_tau_122 = [4.24],
  sigma_plus_tau_123 = [3.90],
  sigma_plus_tau_124 = [10.09],
  sigma_plus_tau_125 = [2.55],
  sigma_plus_tau_131 = [15.22],
  sigma_plus_tau_132 = [7.51],
  sigma_plus_tau_133 = [4.89],
  sigma_plus_tau_134 = [4.74],
  sigma_plus_tau_135 = [3.13],
  sigma_plus_tau_141 = [14.53],
  sigma_plus_tau_142 = [3.96],
  sigma_plus_tau_143 = [8.18],
  sigma_plus_tau_144 = [15.32],
  sigma_plus_tau_145 = [7.35],
  sigma_plus_tau_151 = [9.51],
  sigma_plus_tau_152 = [6.59],
  sigma_plus_tau_153 = [5.78],
  sigma_plus_tau_154 = [8.15],
  sigma_plus_tau_155 = [8.22],
  sigma_plus_tau_161 = [3.77],
  sigma_plus_tau_162 = [10.84],
  sigma_plus_tau_163 = [2.59],
  sigma_plus_tau_164 = [6.85],
  sigma_plus_tau_165 = [13.98],
  sigma_plus_tau_171 = [7.64],
  sigma_plus_tau_172 = [13.80],
  sigma_plus_tau_173 = [18.22],
  sigma_plus_tau_174 = [7.45],
  sigma_plus_tau_175 = [14.85],
  sigma_plus_tau_181 = [3.29],
  sigma_plus_tau_182 = [4.85],
  sigma_plus_tau_183 = [5.42],
  sigma_plus_tau_184 = [13.71],
  sigma_plus_tau_185 = [7.25],
  sigma_plus_tau_191 = [11.75],
  sigma_plus_tau_192 = [5.20],
  sigma_plus_tau_193 = [5.48],
  sigma_plus_tau_194 = [14.39],
  sigma_plus_tau_195 = [12.66],
  sigma_plus_tau_201 = [1.98],
  sigma_plus_tau_202 = [6.53],
  sigma_plus_tau_203 = [2.20],
  sigma_plus_tau_204 = [11.31],
  sigma_plus_tau_205 = [10.32],
  sigma_plus_tau_211 = [9.91],
  sigma_plus_tau_212 = [1.50],
  sigma_plus_tau_213 = [12.31],
  sigma_plus_tau_214 = [5.28],
  sigma_plus_tau_215 = [5.49],
  sigma_plus_tau_221 = [6.88],
  sigma_plus_tau_222 = [13.36],
  sigma_plus_tau_223 = [2.36],
  sigma_plus_tau_224 = [12.66],
  sigma_plus_tau_225 = [7.25],
  sigma_plus_tau_231 = [17.97],
  sigma_plus_tau_232 = [9.39],
  sigma_plus_tau_233 = [14.74],
  sigma_plus_tau_234 = [16.89],
  sigma_plus_tau_235 = [15.99],
  sigma_plus_tau_241 = [8.69],
  sigma_plus_tau_242 = [14.76],
  sigma_plus_tau_243 = [6.16],
  sigma_plus_tau_244 = [6.61],
  sigma_plus_tau_245 = [3.10],
  sigma_plus_tau_251 = [12.31],
  sigma_plus_tau_252 = [11.19],
  sigma_plus_tau_253 = [7.79],
  sigma_plus_tau_254 = [14.53],
  sigma_plus_tau_255 = [8.67],
  sigma_plus_tau_261 = [18.35],
  sigma_plus_tau_262 = [2.73],
  sigma_plus_tau_263 = [5.43],
  sigma_plus_tau_264 = [1.34],
  sigma_plus_tau_265 = [8.12],
  sigma_plus_tau_271 = [9.70],
  sigma_plus_tau_272 = [1.50],
  sigma_plus_tau_273 = [1.77],
  sigma_plus_tau_274 = [10.62],
  sigma_plus_tau_275 = [3.85],
  sigma_plus_tau_281 = [1.61],
  sigma_plus_tau_282 = [5.77],
  sigma_plus_tau_283 = [11.81],
  sigma_plus_tau_284 = [2.10],
  sigma_plus_tau_285 = [6.69],
  sigma_plus_tau_291 = [6.89],
  sigma_plus_tau_292 = [14.02],
  sigma_plus_tau_293 = [14.15],
  sigma_plus_tau_294 = [13.14],
  sigma_plus_tau_295 = [10.07],
  sigma_plus_tau_301 = [3.32],
  sigma_plus_tau_302 = [8.63],
  sigma_plus_tau_303 = [2.53],
  sigma_plus_tau_304 = [4.25],
  sigma_plus_tau_305 = [13.93],
  sigma_plus_tau_311 = [2.93],
  sigma_plus_tau_312 = [9.77],
  sigma_plus_tau_313 = [17.81],
  sigma_plus_tau_314 = [9.76],
  sigma_plus_tau_315 = [1.64],
  sigma_plus_tau_321 = [12.47],
  sigma_plus_tau_322 = [4.84],
  sigma_plus_tau_323 = [4.92],
  sigma_plus_tau_324 = [3.97],
  sigma_plus_tau_325 = [6.31],
  sigma_plus_tau_331 = [2.70],
  sigma_plus_tau_332 = [13.21],
  sigma_plus_tau_333 = [3.93],
  sigma_plus_tau_334 = [11.76],
  sigma_plus_tau_335 = [15.51],
  sigma_plus_tau_341 = [11.01],
  sigma_plus_tau_342 = [11.24],
  sigma_plus_tau_343 = [12.53],
  sigma_plus_tau_344 = [8.36],
  sigma_plus_tau_345 = [9.08],
  sigma_plus_tau_351 = [17.14],
  sigma_plus_tau_352 = [2.65],
  sigma_plus_tau_353 = [10.41],
  sigma_plus_tau_354 = [1.50],
  sigma_plus_tau_355 = [17.29],
  sigma_plus_tau_361 = [8.03],
  sigma_plus_tau_362 = [8.93],
  sigma_plus_tau_363 = [13.48],
  sigma_plus_tau_364 = [23.12],
  sigma_plus_tau_365 = [10.78],
  sigma_plus_tau_371 = [1.13],
  sigma_plus_tau_372 = [9.49],
  sigma_plus_tau_373 = [9.76],
  sigma_plus_tau_374 = [8.81],
  sigma_plus_tau_375 = [8.05],
  sigma_plus_tau_381 = [7.47],
  sigma_plus_tau_382 = [9.81],
  sigma_plus_tau_383 = [6.06],
  sigma_plus_tau_384 = [4.18],
  sigma_plus_tau_385 = [6.92],
  sigma_plus_tau_391 = [6.00],
  sigma_plus_tau_392 = [1.90],
  sigma_plus_tau_393 = [2.64],
  sigma_plus_tau_394 = [10.71],
  sigma_plus_tau_395 = [14.19],
  sigma_plus_tau_401 = [8.13],
  sigma_plus_tau_402 = [9.99],
  sigma_plus_tau_403 = [15.50],
  sigma_plus_tau_404 = [11.53],
  sigma_plus_tau_405 = [7.23],
]

Sigma - ¦Ó_{jk} = [
  sigma_minus_tau_11 = [-4.33],
  sigma_minus_tau_12 = [-0.88],
  sigma_minus_tau_13 = [-0.55],
  sigma_minus_tau_14 = [-2.17],
  sigma_minus_tau_15 = [-5.57],
  sigma_minus_tau_21 = [-2.40],
  sigma_minus_tau_22 = [-4.93],
  sigma_minus_tau_23 = [-2.65],
  sigma_minus_tau_24 = [-2.81],
  sigma_minus_tau_25 = [-3.01],
  sigma_minus_tau_31 = [-3.51],
  sigma_minus_tau_32 = [-2.38],
  sigma_minus_tau_33 = [-1.38],
  sigma_minus_tau_34 = [-2.03],
  sigma_minus_tau_35 = [-1.59],
  sigma_minus_tau_41 = [-1.46],
  sigma_minus_tau_42 = [-2.25],
  sigma_minus_tau_43 = [-4.54],
  sigma_minus_tau_44 = [-1.73],
  sigma_minus_tau_45 = [-2.75],
  sigma_minus_tau_51 = [-1.40],
  sigma_minus_tau_52 = [-3.87],
  sigma_minus_tau_53 = [-5.07],
  sigma_minus_tau_54 = [-2.77],
  sigma_minus_tau_55 = [-4.31],
  sigma_minus_tau_61 = [-4.35],
  sigma_minus_tau_62 = [-3.24],
  sigma_minus_tau_63 = [-3.89],
  sigma_minus_tau_64 = [-5.58],
  sigma_minus_tau_65 = [-1.37],
  sigma_minus_tau_71 = [-3.65],
  sigma_minus_tau_72 = [-2.40],
  sigma_minus_tau_73 = [-2.25],
  sigma_minus_tau_74 = [-1.60],
  sigma_minus_tau_75 = [-2.92],
  sigma_minus_tau_81 = [-4.45],
  sigma_minus_tau_82 = [-0.48],
  sigma_minus_tau_83 = [-1.81],
  sigma_minus_tau_84 = [-1.98],
  sigma_minus_tau_85 = [-0.76],
  sigma_minus_tau_91 = [-0.62],
  sigma_minus_tau_92 = [-2.86],
  sigma_minus_tau_93 = [-1.75],
  sigma_minus_tau_94 = [-4.59],
  sigma_minus_tau_95 = [-0.98],
  sigma_minus_tau_101 = [-2.73],
  sigma_minus_tau_102 = [-2.16],
  sigma_minus_tau_103 = [-2.27],
  sigma_minus_tau_104 = [-3.07],
  sigma_minus_tau_105 = [-3.83],
  sigma_minus_tau_111 = [-4.13],
  sigma_minus_tau_112 = [-3.23],
  sigma_minus_tau_113 = [-1.32],
  sigma_minus_tau_114 = [-2.22],
  sigma_minus_tau_115 = [-1.41],
  sigma_minus_tau_121 = [-2.44],
  sigma_minus_tau_122 = [-1.41],
  sigma_minus_tau_123 = [-1.30],
  sigma_minus_tau_124 = [-3.36],
  sigma_minus_tau_125 = [-0.85],
  sigma_minus_tau_131 = [-5.07],
  sigma_minus_tau_132 = [-2.50],
  sigma_minus_tau_133 = [-1.63],
  sigma_minus_tau_134 = [-1.58],
  sigma_minus_tau_135 = [-1.04],
  sigma_minus_tau_141 = [-4.84],
  sigma_minus_tau_142 = [-1.32],
  sigma_minus_tau_143 = [-2.73],
  sigma_minus_tau_144 = [-5.11],
  sigma_minus_tau_145 = [-2.45],
  sigma_minus_tau_151 = [-3.17],
  sigma_minus_tau_152 = [-2.20],
  sigma_minus_tau_153 = [-1.93],
  sigma_minus_tau_154 = [-2.72],
  sigma_minus_tau_155 = [-2.74],
  sigma_minus_tau_161 = [-1.26],
  sigma_minus_tau_162 = [-3.61],
  sigma_minus_tau_163 = [-0.86],
  sigma_minus_tau_164 = [-2.28],
  sigma_minus_tau_165 = [-4.66],
  sigma_minus_tau_171 = [-2.55],
  sigma_minus_tau_172 = [-4.60],
  sigma_minus_tau_173 = [-6.07],
  sigma_minus_tau_174 = [-2.48],
  sigma_minus_tau_175 = [-4.95],
  sigma_minus_tau_181 = [-1.10],
  sigma_minus_tau_182 = [-1.62],
  sigma_minus_tau_183 = [-1.81],
  sigma_minus_tau_184 = [-4.57],
  sigma_minus_tau_185 = [-2.42],
  sigma_minus_tau_191 = [-3.92],
  sigma_minus_tau_192 = [-1.73],
  sigma_minus_tau_193 = [-1.83],
  sigma_minus_tau_194 = [-4.80],
  sigma_minus_tau_195 = [-4.22],
  sigma_minus_tau_201 = [-0.66],
  sigma_minus_tau_202 = [-2.18],
  sigma_minus_tau_203 = [-0.73],
  sigma_minus_tau_204 = [-3.77],
  sigma_minus_tau_205 = [-3.44],
  sigma_minus_tau_211 = [-3.30],
  sigma_minus_tau_212 = [-0.50],
  sigma_minus_tau_213 = [-4.10],
  sigma_minus_tau_214 = [-1.76],
  sigma_minus_tau_215 = [-1.83],
  sigma_minus_tau_221 = [-2.29],
  sigma_minus_tau_222 = [-4.45],
  sigma_minus_tau_223 = [-0.79],
  sigma_minus_tau_224 = [-4.22],
  sigma_minus_tau_225 = [-2.42],
  sigma_minus_tau_231 = [-5.99],
  sigma_minus_tau_232 = [-3.13],
  sigma_minus_tau_233 = [-4.91],
  sigma_minus_tau_234 = [-5.63],
  sigma_minus_tau_235 = [-5.33],
  sigma_minus_tau_241 = [-2.90],
  sigma_minus_tau_242 = [-4.92],
  sigma_minus_tau_243 = [-2.05],
  sigma_minus_tau_244 = [-2.20],
  sigma_minus_tau_245 = [-1.03],
  sigma_minus_tau_251 = [-4.10],
  sigma_minus_tau_252 = [-3.73],
  sigma_minus_tau_253 = [-2.60],
  sigma_minus_tau_254 = [-4.84],
  sigma_minus_tau_255 = [-2.89],
  sigma_minus_tau_261 = [-6.12],
  sigma_minus_tau_262 = [-0.91],
  sigma_minus_tau_263 = [-1.81],
  sigma_minus_tau_264 = [-0.45],
  sigma_minus_tau_265 = [-2.71],
  sigma_minus_tau_271 = [-3.23],
  sigma_minus_tau_272 = [-0.50],
  sigma_minus_tau_273 = [-0.59],
  sigma_minus_tau_274 = [-3.54],
  sigma_minus_tau_275 = [-1.28],
  sigma_minus_tau_281 = [-0.54],
  sigma_minus_tau_282 = [-1.92],
  sigma_minus_tau_283 = [-3.94],
  sigma_minus_tau_284 = [-0.70],
  sigma_minus_tau_285 = [-2.23],
  sigma_minus_tau_291 = [-2.30],
  sigma_minus_tau_292 = [-4.67],
  sigma_minus_tau_293 = [-4.72],
  sigma_minus_tau_294 = [-4.38],
  sigma_minus_tau_295 = [-3.36],
  sigma_minus_tau_301 = [-1.11],
  sigma_minus_tau_302 = [-2.88],
  sigma_minus_tau_303 = [-0.84],
  sigma_minus_tau_304 = [-1.42],
  sigma_minus_tau_305 = [-4.64],
  sigma_minus_tau_311 = [-0.98],
  sigma_minus_tau_312 = [-3.26],
  sigma_minus_tau_313 = [-5.94],
  sigma_minus_tau_314 = [-3.25],
  sigma_minus_tau_315 = [-0.55],
  sigma_minus_tau_321 = [-4.16],
  sigma_minus_tau_322 = [-1.61],
  sigma_minus_tau_323 = [-1.64],
  sigma_minus_tau_324 = [-1.32],
  sigma_minus_tau_325 = [-2.10],
  sigma_minus_tau_331 = [-0.90],
  sigma_minus_tau_332 = [-4.40],
  sigma_minus_tau_333 = [-1.31],
  sigma_minus_tau_334 = [-3.92],
  sigma_minus_tau_335 = [-5.17],
  sigma_minus_tau_341 = [-3.67],
  sigma_minus_tau_342 = [-3.75],
  sigma_minus_tau_343 = [-4.18],
  sigma_minus_tau_344 = [-2.79],
  sigma_minus_tau_345 = [-3.03],
  sigma_minus_tau_351 = [-5.71],
  sigma_minus_tau_352 = [-0.88],
  sigma_minus_tau_353 = [-3.47],
  sigma_minus_tau_354 = [-0.50],
  sigma_minus_tau_355 = [-5.76],
  sigma_minus_tau_361 = [-2.68],
  sigma_minus_tau_362 = [-2.98],
  sigma_minus_tau_363 = [-4.49],
  sigma_minus_tau_364 = [-7.71],
  sigma_minus_tau_365 = [-3.59],
  sigma_minus_tau_371 = [-0.38],
  sigma_minus_tau_372 = [-3.16],
  sigma_minus_tau_373 = [-3.25],
  sigma_minus_tau_374 = [-2.94],
  sigma_minus_tau_375 = [-2.68],
  sigma_minus_tau_381 = [-2.49],
  sigma_minus_tau_382 = [-3.27],
  sigma_minus_tau_383 = [-2.02],
  sigma_minus_tau_384 = [-1.39],
  sigma_minus_tau_385 = [-2.31],
  sigma_minus_tau_391 = [-2.00],
  sigma_minus_tau_392 = [-0.63],
  sigma_minus_tau_393 = [-0.88],
  sigma_minus_tau_394 = [-3.57],
  sigma_minus_tau_395 = [-4.73],
  sigma_minus_tau_401 = [-2.71],
  sigma_minus_tau_402 = [-3.33],
  sigma_minus_tau_403 = [-5.17],
  sigma_minus_tau_404 = [-3.84],
  sigma_minus_tau_405 = [-2.41],
]

Probabilities (p_s) = [
0.05, 0.05, 0.05, 0.05, 0.05, 0.05, 0.05, 0.05, 0.05, 0.05, 0.05, 0.05, 0.05, 0.05, 0.05, 0.05, 0.05, 0.05, 0.05, 0.05
]

c_bar = 9.23
