Jobs = 20
Machines = 10
Scenarios = 20

Ready Times (rj) = [
0.00, 0.00, 0.00, 0.00, 0.00, 0.00, 0.00, 0.00, 0.00, 0.00, 0.00, 0.00, 0.00, 0.00, 0.00, 0.00, 0.00, 0.00, 0.00, 0.00
]

Transportation Times (tjk^s) = [
  tjk_11 = [2.86, 2.72, 2.50, 0.10, 3.02, 1.04, 1.44, 2.83, 3.15, 3.50, 3.27, 2.91, 3.34, 2.67, 1.02, 3.05, 3.12, 3.55, 3.10, 2.66],
  tjk_12 = [1.34, 0.99, 1.32, 1.63, 3.06, 1.02, 1.07, 1.70, 2.81, 1.02, 2.15, 0.85, 0.63, 1.18, 1.02, 1.04, 1.12, 3.44, 2.02, 1.09],
  tjk_13 = [2.48, 1.13, 0.96, 1.73, 1.00, 2.98, 0.90, 4.30, 0.93, 1.18, 0.65, 0.87, 3.63, 0.83, 0.10, 2.16, 0.96, 2.92, 1.40, 3.85],
  tjk_14 = [3.63, 2.79, 3.29, 4.74, 1.80, 1.60, 0.10, 3.97, 2.71, 4.63, 2.78, 2.76, 4.93, 2.81, 3.08, 2.80, 0.10, 5.00, 4.23, 1.58],
  tjk_15 = [2.52, 1.62, 1.13, 0.10, 0.10, 1.06, 1.07, 3.89, 3.33, 2.25, 2.94, 1.01, 0.57, 1.05, 1.61, 1.12, 2.12, 1.92, 1.00, 1.13],
  tjk_16 = [0.81, 1.16, 1.80, 4.04, 1.23, 1.16, 0.94, 1.27, 0.44, 4.32, 0.10, 0.87, 1.10, 2.02, 2.05, 0.91, 1.67, 4.56, 1.01, 1.02],
  tjk_17 = [1.17, 0.96, 2.92, 1.71, 1.93, 0.98, 4.45, 3.24, 0.95, 1.08, 0.99, 1.39, 4.96, 0.30, 3.19, 3.13, 0.91, 1.08, 0.10, 1.08],
  tjk_18 = [1.44, 0.99, 1.04, 3.96, 0.73, 2.09, 1.98, 3.62, 2.45, 1.23, 1.10, 1.44, 4.43, 3.13, 2.10, 1.24, 1.34, 1.60, 0.90, 1.37],
  tjk_19 = [1.87, 3.37, 2.00, 2.06, 3.42, 0.10, 4.31, 3.06, 1.90, 1.94, 3.59, 3.44, 3.05, 2.19, 3.59, 2.61, 5.00, 2.02, 3.13, 3.64],
  tjk_110 = [0.10, 4.09, 2.10, 3.71, 3.17, 3.94, 3.09, 5.00, 4.68, 1.25, 5.00, 3.30, 3.67, 3.18, 3.03, 3.25, 5.00, 3.07, 4.90, 3.32],
  tjk_21 = [2.93, 4.58, 3.74, 4.25, 2.89, 5.00, 2.17, 3.81, 4.45, 2.87, 1.49, 3.39, 3.90, 2.74, 3.93, 3.59, 2.38, 3.29, 2.74, 1.82],
  tjk_22 = [1.03, 4.51, 4.21, 4.54, 3.65, 0.33, 2.44, 1.81, 3.76, 3.27, 4.78, 5.00, 4.48, 0.79, 4.02, 3.13, 3.86, 4.45, 2.28, 2.82],
  tjk_23 = [2.21, 0.10, 4.21, 2.72, 2.31, 4.67, 1.76, 4.91, 3.01, 2.24, 2.40, 2.23, 2.21, 1.85, 2.56, 1.30, 1.86, 2.12, 4.19, 2.22],
  tjk_24 = [0.93, 0.98, 0.86, 0.98, 1.31, 0.10, 0.84, 1.54, 0.95, 0.26, 0.90, 1.00, 0.88, 0.47, 3.26, 1.09, 1.29, 2.69, 3.26, 2.27],
  tjk_25 = [5.00, 4.60, 3.75, 3.86, 1.54, 1.06, 3.56, 4.60, 2.05, 1.34, 4.50, 4.19, 1.72, 5.00, 5.00, 2.19, 4.06, 5.00, 3.45, 4.85],
  tjk_26 = [0.90, 0.88, 4.35, 1.83, 0.10, 0.21, 0.31, 4.54, 0.87, 1.60, 0.94, 1.12, 4.55, 3.03, 4.12, 0.48, 1.17, 0.93, 2.27, 3.87],
  tjk_27 = [4.16, 1.65, 5.00, 4.20, 1.02, 1.62, 2.70, 3.38, 5.00, 5.00, 5.00, 1.44, 4.83, 4.87, 4.80, 2.86, 5.00, 3.71, 5.00, 5.00],
  tjk_28 = [2.28, 1.96, 0.94, 0.93, 0.71, 1.37, 2.25, 0.10, 1.08, 4.61, 3.28, 3.05, 0.53, 2.83, 0.99, 3.26, 0.10, 4.85, 4.06, 0.87],
  tjk_29 = [5.00, 3.38, 1.29, 5.00, 4.93, 2.59, 1.63, 2.26, 5.00, 5.00, 1.66, 4.96, 5.00, 5.00, 5.00, 5.00, 4.99, 5.00, 4.61, 4.87],
  tjk_210 = [5.00, 2.90, 1.52, 4.16, 5.00, 4.85, 0.10, 3.51, 4.89, 3.64, 2.17, 1.43, 5.00, 5.00, 4.19, 0.10, 5.00, 3.31, 5.00, 4.98],
  tjk_31 = [3.76, 2.78, 1.96, 2.05, 4.66, 2.14, 1.58, 2.70, 2.16, 1.87, 1.94, 1.61, 0.10, 1.89, 2.24, 1.80, 3.17, 2.38, 2.21, 0.25],
  tjk_32 = [3.14, 2.63, 2.37, 3.51, 1.59, 5.00, 4.86, 1.18, 4.14, 4.34, 1.70, 4.36, 5.00, 5.00, 5.00, 5.00, 5.00, 5.00, 5.00, 2.99],
  tjk_33 = [2.35, 1.05, 0.90, 1.40, 1.06, 3.16, 0.41, 0.91, 1.09, 0.93, 2.53, 1.04, 1.92, 0.99, 0.81, 1.90, 2.62, 1.09, 3.60, 1.11],
  tjk_34 = [2.06, 1.91, 2.43, 2.07, 2.68, 1.62, 1.06, 4.85, 4.21, 2.38, 1.10, 3.99, 2.95, 1.81, 1.92, 1.88, 3.16, 1.34, 1.78, 1.55],
  tjk_35 = [0.10, 3.49, 2.74, 1.67, 2.94, 1.76, 3.25, 2.69, 1.20, 2.28, 2.80, 3.46, 3.17, 2.90, 1.31, 3.24, 3.04, 3.03, 3.15, 3.15],
  tjk_36 = [1.91, 1.27, 3.19, 1.66, 2.01, 1.77, 1.93, 2.84, 2.43, 1.87, 1.70, 1.50, 2.60, 2.19, 3.34, 2.38, 1.86, 1.76, 1.03, 1.28],
  tjk_37 = [0.88, 1.07, 0.10, 1.10, 1.08, 1.49, 0.30, 1.70, 0.97, 0.96, 1.55, 2.60, 1.38, 1.15, 2.81, 0.87, 2.55, 1.23, 1.07, 1.06],
  tjk_38 = [3.75, 2.70, 5.00, 2.95, 1.04, 2.98, 3.78, 4.25, 5.00, 5.00, 5.00, 5.00, 2.02, 5.00, 4.77, 5.00, 4.49, 4.02, 5.00, 1.43],
  tjk_39 = [4.28, 4.78, 3.12, 3.12, 3.11, 1.41, 2.08, 3.19, 2.42, 2.52, 1.12, 3.36, 1.67, 2.94, 2.24, 2.13, 3.61, 3.58, 3.08, 4.34],
  tjk_310 = [2.95, 2.72, 5.00, 2.69, 3.46, 3.51, 3.39, 3.30, 3.15, 5.00, 2.24, 1.75, 4.52, 2.99, 2.55, 2.96, 3.31, 5.00, 2.99, 4.26],
  tjk_41 = [4.58, 3.20, 3.02, 4.32, 2.88, 4.69, 2.57, 3.54, 1.50, 5.00, 2.98, 3.65, 4.72, 4.46, 2.97, 3.37, 0.73, 1.63, 1.77, 1.46],
  tjk_42 = [0.47, 1.01, 0.24, 1.82, 4.04, 2.69, 1.17, 3.87, 0.95, 0.88, 3.36, 1.12, 1.00, 1.21, 0.91, 4.99, 1.08, 1.23, 0.60, 0.10],
  tjk_43 = [3.69, 3.40, 2.45, 0.86, 1.79, 4.46, 2.08, 2.04, 3.08, 2.37, 2.61, 5.00, 1.24, 2.14, 1.86, 0.10, 0.10, 0.92, 1.78, 3.92],
  tjk_44 = [4.10, 4.46, 1.07, 4.25, 4.16, 0.14, 1.42, 5.00, 1.42, 4.40, 2.45, 5.00, 3.81, 1.45, 2.68, 3.34, 4.28, 4.93, 4.38, 4.19],
  tjk_45 = [3.39, 3.37, 0.10, 2.13, 3.26, 4.24, 1.96, 3.46, 1.52, 4.85, 0.10, 4.47, 2.91, 4.05, 1.74, 0.10, 3.75, 0.10, 2.04, 2.49],
  tjk_46 = [4.93, 5.00, 1.42, 2.52, 0.10, 3.98, 3.76, 3.35, 5.00, 1.25, 4.62, 1.72, 2.22, 4.69, 3.26, 4.94, 3.99, 1.07, 1.06, 1.69],
  tjk_47 = [3.10, 4.95, 1.79, 3.25, 3.35, 4.23, 2.71, 3.18, 2.10, 5.00, 3.23, 2.80, 2.96, 4.93, 2.66, 3.31, 4.84, 0.10, 3.43, 2.96],
  tjk_48 = [2.96, 3.08, 1.25, 4.16, 2.88, 4.99, 5.00, 5.00, 5.00, 5.00, 1.50, 3.63, 5.00, 3.53, 3.76, 3.57, 4.85, 5.00, 5.00, 2.71],
  tjk_49 = [3.72, 2.02, 0.81, 1.11, 0.10, 3.36, 2.04, 1.97, 2.24, 1.89, 1.63, 2.93, 2.04, 4.82, 2.12, 2.39, 1.07, 2.25, 2.28, 4.20],
  tjk_410 = [1.53, 3.35, 1.90, 1.87, 3.58, 1.83, 4.35, 2.11, 2.05, 3.46, 4.26, 1.22, 3.61, 4.35, 1.88, 1.61, 1.69, 1.80, 1.30, 1.83],
  tjk_51 = [1.04, 0.11, 4.49, 1.68, 1.45, 4.27, 4.09, 2.55, 0.10, 1.95, 2.47, 3.08, 2.05, 2.58, 3.29, 2.06, 4.44, 2.22, 1.50, 4.08],
  tjk_52 = [1.76, 3.56, 1.79, 1.46, 2.21, 2.23, 2.15, 1.80, 2.22, 2.13, 2.12, 1.16, 2.35, 1.58, 2.53, 4.58, 1.20, 2.01, 1.32, 1.72],
  tjk_53 = [0.93, 1.23, 1.19, 0.95, 1.04, 0.16, 0.96, 1.81, 0.97, 1.95, 0.92, 1.41, 1.01, 0.96, 0.94, 1.80, 0.55, 0.95, 3.93, 2.21],
  tjk_54 = [2.59, 4.56, 2.68, 2.27, 3.11, 4.83, 3.44, 4.18, 3.88, 5.00, 3.02, 2.45, 3.41, 2.27, 2.94, 2.85, 5.00, 4.27, 5.00, 1.43],
  tjk_55 = [2.05, 0.23, 3.96, 2.06, 5.00, 1.81, 1.93, 4.59, 0.10, 2.33, 1.20, 2.89, 1.93, 1.68, 3.75, 0.10, 1.77, 2.00, 1.68, 2.05],
  tjk_56 = [5.00, 5.00, 5.00, 5.00, 2.32, 1.43, 2.22, 3.20, 4.14, 1.14, 5.00, 2.52, 2.34, 2.40, 4.10, 3.22, 3.71, 3.71, 2.55, 4.18],
  tjk_57 = [5.00, 0.10, 4.59, 2.47, 4.67, 1.41, 3.62, 1.87, 2.12, 2.92, 4.14, 2.54, 4.05, 2.20, 0.10, 4.50, 1.87, 1.68, 2.39, 2.68],
  tjk_58 = [2.11, 1.48, 2.83, 1.40, 4.63, 1.49, 1.44, 1.83, 3.69, 0.71, 2.17, 2.35, 2.03, 1.96, 2.40, 2.08, 3.94, 0.48, 1.62, 3.97],
  tjk_59 = [5.00, 3.23, 3.24, 5.00, 1.82, 2.88, 2.90, 2.90, 2.28, 3.24, 5.00, 3.53, 2.91, 4.45, 3.33, 3.73, 3.02, 4.34, 1.66, 3.52],
  tjk_510 = [4.52, 4.75, 5.00, 4.57, 1.87, 4.50, 3.00, 5.00, 2.14, 4.75, 1.22, 2.01, 3.55, 2.00, 5.00, 3.44, 3.73, 5.00, 2.18, 3.15],
  tjk_61 = [1.88, 2.92, 3.15, 1.86, 2.42, 1.98, 2.85, 2.07, 4.72, 1.98, 1.96, 3.06, 2.86, 2.02, 2.41, 1.95, 2.39, 1.64, 4.85, 1.62],
  tjk_62 = [4.84, 3.49, 4.42, 5.00, 2.57, 3.69, 3.81, 0.10, 1.28, 5.00, 2.93, 3.95, 1.54, 1.98, 5.00, 3.58, 3.10, 5.00, 4.04, 4.26],
  tjk_63 = [2.23, 4.93, 1.33, 3.47, 3.44, 1.98, 1.21, 2.98, 3.31, 2.86, 4.34, 3.81, 3.41, 5.00, 3.90, 0.10, 2.81, 4.41, 3.16, 2.34],
  tjk_64 = [1.64, 3.92, 3.70, 1.67, 3.62, 0.65, 4.06, 1.47, 5.00, 4.13, 3.72, 3.96, 5.00, 3.24, 5.00, 4.67, 3.41, 3.92, 2.09, 5.00],
  tjk_65 = [2.58, 1.88, 0.97, 1.35, 1.35, 1.06, 1.37, 4.37, 1.26, 0.81, 1.14, 1.02, 1.59, 0.89, 1.18, 0.93, 1.77, 0.34, 0.96, 0.94],
  tjk_66 = [4.08, 2.13, 1.18, 1.93, 4.91, 0.57, 2.00, 0.44, 3.98, 2.08, 1.64, 2.01, 2.00, 2.14, 1.89, 2.06, 1.58, 4.34, 2.11, 3.94],
  tjk_67 = [1.91, 3.97, 4.62, 3.66, 4.19, 4.61, 4.21, 0.48, 3.61, 3.69, 1.17, 5.00, 1.93, 5.00, 3.85, 5.00, 5.00, 1.73, 4.15, 5.00],
  tjk_68 = [2.68, 2.46, 2.73, 2.43, 1.17, 2.50, 2.93, 2.05, 2.79, 2.79, 4.62, 3.95, 2.82, 3.22, 3.30, 4.55, 3.49, 3.92, 3.28, 2.89],
  tjk_69 = [4.16, 2.18, 0.99, 0.92, 1.07, 1.54, 1.35, 3.88, 1.04, 1.13, 1.17, 2.01, 2.93, 1.01, 1.21, 2.83, 3.25, 1.04, 1.00, 0.89],
  tjk_610 = [5.00, 5.00, 3.29, 1.45, 5.00, 5.00, 3.70, 1.55, 4.61, 1.56, 4.55, 5.00, 3.72, 4.68, 5.00, 5.00, 1.76, 5.00, 1.91, 0.10],
  tjk_71 = [2.30, 0.97, 0.91, 2.54, 0.92, 0.85, 1.37, 0.89, 4.17, 1.05, 1.36, 3.64, 1.00, 2.04, 2.37, 0.10, 1.03, 1.03, 3.56, 1.07],
  tjk_72 = [4.77, 2.69, 0.95, 0.93, 3.83, 1.46, 1.03, 0.98, 0.97, 1.64, 0.10, 4.26, 1.01, 1.75, 1.69, 0.97, 3.06, 0.13, 3.75, 2.29],
  tjk_73 = [4.58, 3.84, 3.93, 3.94, 2.98, 4.64, 4.41, 3.57, 4.43, 3.81, 3.63, 2.55, 4.87, 4.03, 3.64, 4.61, 0.10, 3.83, 1.72, 1.11],
  tjk_74 = [4.10, 1.33, 0.14, 4.68, 0.38, 0.90, 1.05, 1.09, 0.43, 1.98, 0.91, 3.47, 3.74, 0.76, 0.49, 0.95, 0.95, 0.59, 1.06, 2.78],
  tjk_75 = [3.54, 5.00, 3.58, 4.22, 3.78, 5.00, 4.28, 3.64, 3.67, 4.66, 4.07, 3.14, 4.00, 4.13, 4.10, 2.54, 3.47, 0.67, 3.38, 1.88],
  tjk_76 = [4.29, 1.40, 3.37, 2.76, 5.00, 1.15, 4.61, 1.28, 3.71, 5.00, 5.00, 4.54, 2.90, 5.00, 2.86, 5.00, 5.00, 5.00, 5.00, 5.00],
  tjk_77 = [3.67, 1.33, 2.78, 0.10, 3.21, 1.44, 3.82, 4.05, 4.61, 3.48, 4.72, 2.86, 3.81, 3.57, 0.20, 0.10, 2.18, 1.16, 4.00, 3.98],
  tjk_78 = [0.10, 4.23, 3.41, 0.70, 2.84, 3.36, 2.28, 0.10, 4.65, 0.10, 2.67, 2.95, 3.21, 4.13, 2.68, 4.76, 3.31, 1.80, 0.10, 3.58],
  tjk_79 = [1.93, 0.89, 2.02, 4.57, 2.21, 2.21, 2.50, 3.49, 1.81, 2.29, 1.30, 4.60, 3.83, 2.30, 2.17, 1.15, 1.50, 2.08, 2.10, 2.82],
  tjk_710 = [0.10, 4.69, 2.99, 3.77, 4.55, 2.79, 4.26, 5.00, 3.61, 4.68, 1.55, 3.60, 3.98, 3.09, 3.82, 2.91, 3.65, 3.63, 1.12, 2.30],
  tjk_81 = [2.31, 4.12, 2.83, 2.30, 3.96, 2.59, 4.73, 5.00, 0.10, 5.00, 4.43, 4.13, 5.00, 5.00, 0.91, 2.36, 4.59, 5.00, 5.00, 5.00],
  tjk_82 = [1.63, 3.37, 4.33, 2.43, 2.56, 1.52, 3.20, 5.00, 3.34, 3.08, 2.61, 3.62, 3.09, 0.29, 1.08, 3.11, 1.99, 5.00, 3.03, 4.67],
  tjk_83 = [3.14, 5.00, 5.00, 4.60, 2.40, 1.52, 0.35, 3.56, 3.68, 4.42, 5.00, 5.00, 5.00, 3.62, 5.00, 3.20, 5.00, 1.67, 3.51, 4.48],
  tjk_84 = [0.10, 1.70, 3.51, 4.40, 0.97, 1.65, 1.11, 2.67, 0.90, 3.61, 1.10, 1.81, 4.62, 4.02, 1.03, 4.04, 1.18, 0.94, 1.00, 0.94],
  tjk_85 = [1.27, 0.67, 1.07, 2.69, 4.53, 0.89, 0.83, 2.99, 3.97, 1.64, 0.10, 1.14, 0.92, 0.59, 2.04, 4.35, 0.32, 1.03, 1.68, 4.66],
  tjk_86 = [4.40, 2.39, 4.49, 2.89, 4.81, 4.91, 2.48, 1.17, 2.89, 2.68, 3.49, 2.68, 5.00, 2.67, 2.22, 3.72, 2.91, 2.51, 3.66, 3.58],
  tjk_87 = [1.55, 2.62, 3.64, 3.33, 2.41, 2.62, 2.86, 3.11, 2.24, 4.40, 5.00, 2.24, 3.03, 1.76, 2.95, 1.90, 4.22, 1.41, 3.88, 5.00],
  tjk_88 = [1.97, 1.91, 1.12, 4.10, 0.10, 1.72, 1.64, 4.29, 4.16, 2.09, 4.19, 1.74, 2.04, 1.70, 1.16, 0.10, 2.17, 3.69, 1.99, 2.16],
  tjk_89 = [1.30, 0.98, 1.53, 0.96, 1.04, 0.90, 1.07, 2.97, 1.04, 0.86, 2.41, 4.86, 1.07, 2.81, 1.45, 1.14, 1.95, 1.24, 3.25, 1.12],
  tjk_810 = [3.95, 5.00, 3.97, 4.16, 0.10, 3.67, 0.18, 4.20, 4.89, 5.00, 4.96, 4.02, 3.53, 3.02, 0.10, 4.75, 1.64, 3.21, 3.79, 4.34],
  tjk_91 = [3.08, 2.93, 2.51, 1.30, 2.95, 3.01, 2.14, 3.17, 0.10, 3.04, 2.70, 2.69, 3.25, 4.26, 1.62, 3.36, 4.77, 1.28, 2.96, 3.43],
  tjk_92 = [5.00, 2.76, 2.83, 3.77, 1.73, 0.10, 4.10, 3.31, 3.05, 2.90, 3.12, 3.23, 2.97, 2.98, 2.52, 0.69, 2.79, 1.90, 2.21, 4.13],
  tjk_93 = [1.55, 2.61, 3.86, 3.87, 2.86, 2.56, 2.90, 5.00, 3.04, 2.65, 3.28, 3.55, 4.58, 3.43, 4.52, 2.36, 4.13, 1.47, 4.37, 3.17],
  tjk_94 = [3.08, 5.00, 4.32, 4.65, 4.24, 2.16, 2.19, 3.30, 4.06, 3.86, 3.42, 3.15, 0.10, 5.00, 4.45, 2.82, 3.62, 3.90, 3.73, 3.42],
  tjk_95 = [2.86, 3.39, 3.01, 0.10, 2.86, 4.28, 1.76, 2.89, 0.97, 3.16, 3.08, 3.49, 4.64, 2.96, 0.42, 3.36, 5.00, 3.27, 1.91, 3.55],
  tjk_96 = [0.37, 0.47, 1.10, 0.83, 1.77, 1.65, 1.34, 0.96, 1.00, 2.11, 4.18, 0.52, 1.03, 0.10, 4.60, 1.32, 1.68, 1.24, 1.50, 4.56],
  tjk_97 = [3.48, 5.00, 2.34, 3.76, 4.86, 2.98, 1.41, 5.00, 5.00, 4.20, 4.09, 2.08, 5.00, 0.74, 0.10, 2.84, 4.26, 0.38, 4.16, 1.20],
  tjk_98 = [4.00, 0.50, 2.16, 1.07, 0.10, 0.29, 2.00, 4.52, 1.02, 3.57, 2.06, 3.26, 3.04, 2.24, 5.00, 1.10, 0.83, 2.97, 3.09, 2.88],
  tjk_99 = [3.07, 1.03, 3.01, 1.02, 2.25, 1.05, 1.39, 1.09, 0.92, 1.20, 3.89, 0.59, 0.82, 0.53, 4.77, 1.26, 3.97, 1.00, 1.04, 3.65],
  tjk_910 = [4.68, 5.00, 5.00, 5.00, 5.00, 5.00, 4.45, 5.00, 0.10, 2.03, 1.12, 5.00, 2.90, 4.16, 2.51, 1.84, 4.59, 5.00, 5.00, 5.00],
  tjk_101 = [4.65, 4.94, 5.00, 4.58, 5.00, 4.42, 1.53, 5.00, 3.66, 5.00, 4.73, 5.00, 4.54, 5.00, 1.72, 4.91, 5.00, 4.70, 4.15, 5.00],
  tjk_102 = [3.68, 1.94, 2.49, 4.19, 0.10, 1.10, 5.00, 4.95, 3.97, 4.76, 3.93, 0.10, 3.88, 2.62, 5.00, 5.00, 4.74, 1.03, 4.52, 0.10],
  tjk_103 = [4.83, 4.81, 5.00, 4.88, 5.00, 4.03, 2.95, 4.90, 5.00, 1.31, 1.27, 2.43, 4.87, 4.72, 5.00, 4.16, 5.00, 5.00, 5.00, 4.55],
  tjk_104 = [3.82, 4.79, 2.29, 2.07, 1.63, 4.73, 1.93, 0.10, 2.14, 3.72, 1.91, 3.56, 2.45, 3.11, 1.40, 2.05, 2.06, 3.49, 1.84, 2.00],
  tjk_105 = [5.00, 5.00, 1.20, 1.57, 5.00, 4.50, 0.10, 4.16, 4.60, 4.21, 3.56, 4.74, 4.99, 5.00, 3.66, 4.27, 4.65, 5.00, 3.31, 4.80],
  tjk_106 = [2.61, 1.22, 3.77, 1.91, 1.86, 1.55, 4.55, 3.19, 4.81, 4.71, 0.52, 3.73, 3.24, 2.67, 1.67, 2.00, 3.39, 3.40, 2.26, 0.10],
  tjk_107 = [3.35, 0.10, 4.17, 0.10, 4.99, 4.91, 3.58, 4.39, 4.03, 3.56, 1.04, 0.10, 3.58, 2.93, 4.75, 2.77, 4.08, 3.71, 5.00, 0.88],
  tjk_108 = [0.33, 0.90, 1.08, 1.05, 3.74, 0.10, 2.71, 1.12, 0.95, 4.86, 2.96, 0.97, 1.47, 1.05, 1.25, 4.42, 4.91, 4.55, 0.24, 0.94],
  tjk_109 = [2.57, 4.94, 0.10, 5.00, 4.07, 3.00, 3.19, 1.14, 4.21, 3.02, 2.42, 2.46, 4.69, 0.93, 1.81, 3.03, 3.71, 4.87, 2.90, 2.09],
  tjk_1010 = [3.01, 2.74, 1.85, 4.05, 2.73, 3.16, 2.55, 0.30, 2.54, 2.59, 0.10, 2.00, 1.12, 3.96, 3.19, 0.51, 2.96, 3.14, 2.71, 1.71],
  tjk_111 = [0.27, 3.34, 1.58, 1.92, 3.39, 4.29, 1.01, 0.10, 0.88, 1.03, 4.15, 3.75, 0.80, 1.55, 0.85, 0.10, 0.95, 1.17, 4.38, 0.83],
  tjk_112 = [1.58, 1.44, 1.88, 1.94, 2.82, 2.08, 1.80, 1.84, 1.52, 3.52, 4.53, 2.44, 3.07, 0.10, 4.08, 2.44, 1.35, 1.86, 1.61, 2.51],
  tjk_113 = [4.15, 3.38, 2.50, 4.35, 1.40, 0.10, 4.10, 2.09, 5.00, 3.95, 4.27, 5.00, 2.73, 4.74, 4.58, 5.00, 1.02, 0.10, 3.82, 5.00],
  tjk_114 = [0.10, 1.78, 2.16, 2.06, 2.05, 3.45, 1.64, 1.50, 3.12, 3.72, 0.10, 0.10, 2.10, 3.59, 2.12, 3.39, 2.29, 1.42, 2.03, 1.68],
  tjk_115 = [2.14, 1.63, 3.64, 2.91, 1.57, 3.36, 4.90, 0.10, 4.25, 3.66, 0.10, 4.30, 4.44, 4.45, 5.00, 3.43, 4.11, 4.45, 1.33, 1.00],
  tjk_116 = [1.09, 3.08, 5.00, 1.67, 1.40, 4.62, 1.38, 4.31, 1.30, 4.42, 5.00, 2.26, 2.60, 5.00, 5.00, 4.84, 2.01, 5.00, 3.64, 5.00],
  tjk_117 = [3.83, 4.16, 4.26, 3.72, 1.72, 3.61, 1.39, 4.44, 3.21, 2.29, 4.23, 4.49, 0.10, 5.00, 4.12, 3.51, 0.10, 5.00, 0.10, 3.89],
  tjk_118 = [4.94, 5.00, 5.00, 2.71, 3.29, 4.52, 4.21, 1.86, 4.73, 3.11, 4.62, 4.12, 5.00, 3.00, 1.85, 5.00, 5.00, 4.87, 4.12, 5.00],
  tjk_119 = [0.10, 3.01, 2.65, 3.25, 2.58, 2.75, 4.50, 0.10, 2.13, 1.55, 2.47, 2.16, 3.76, 3.82, 2.29, 3.01, 2.98, 2.95, 1.81, 2.71],
  tjk_1110 = [3.55, 4.14, 1.89, 1.44, 2.22, 4.28, 1.93, 3.21, 2.08, 2.02, 1.71, 2.23, 1.70, 2.20, 2.14, 0.10, 2.09, 1.99, 4.70, 4.87],
  tjk_121 = [2.17, 0.92, 2.96, 0.51, 1.82, 4.57, 3.27, 0.75, 3.67, 3.65, 1.97, 0.84, 1.12, 2.21, 3.70, 1.49, 3.52, 0.94, 0.89, 0.94],
  tjk_122 = [2.00, 2.13, 0.44, 3.33, 0.27, 3.90, 1.98, 3.73, 2.14, 4.03, 1.83, 3.92, 2.60, 1.25, 1.53, 2.97, 2.02, 4.00, 2.27, 2.19],
  tjk_123 = [2.90, 5.00, 3.81, 4.50, 2.24, 1.70, 5.00, 1.13, 3.63, 3.66, 2.86, 5.00, 1.61, 4.36, 5.00, 3.75, 0.94, 1.08, 4.03, 5.00],
  tjk_124 = [1.11, 1.18, 0.92, 2.82, 1.12, 1.79, 1.04, 3.74, 2.10, 0.88, 0.91, 1.66, 0.98, 1.24, 1.17, 1.38, 0.10, 0.10, 0.97, 0.65],
  tjk_125 = [0.95, 1.22, 1.02, 0.76, 1.01, 1.77, 3.59, 2.24, 1.76, 1.15, 1.47, 1.08, 0.14, 3.68, 1.05, 4.73, 1.08, 1.76, 1.54, 2.59],
  tjk_126 = [5.00, 1.05, 1.77, 2.98, 2.52, 5.00, 3.28, 4.74, 2.62, 2.74, 3.03, 2.69, 1.91, 3.00, 3.62, 2.97, 3.71, 3.93, 5.00, 5.00],
  tjk_127 = [0.73, 1.05, 0.94, 2.50, 2.60, 4.32, 3.19, 2.29, 1.05, 0.95, 1.86, 0.81, 0.45, 1.05, 3.30, 2.81, 1.30, 4.80, 1.46, 1.98],
  tjk_128 = [1.81, 1.43, 4.59, 1.20, 0.10, 0.73, 2.36, 2.57, 2.01, 1.41, 2.67, 2.55, 3.37, 2.72, 2.61, 2.86, 4.09, 3.01, 4.29, 1.14],
  tjk_129 = [0.99, 3.39, 1.49, 0.97, 1.41, 0.77, 4.62, 0.55, 1.20, 1.39, 2.13, 0.10, 3.12, 3.82, 0.49, 4.26, 3.23, 0.78, 0.78, 2.53],
  tjk_1210 = [1.71, 0.10, 1.11, 0.70, 0.10, 4.04, 4.20, 1.60, 1.07, 2.10, 0.92, 2.65, 0.89, 0.34, 1.26, 0.31, 1.02, 0.10, 4.37, 0.90],
  tjk_131 = [4.52, 4.17, 3.92, 3.73, 3.73, 4.34, 2.19, 1.38, 1.34, 3.13, 1.01, 1.06, 3.06, 4.53, 3.37, 2.42, 4.62, 2.48, 2.57, 3.19],
  tjk_132 = [4.18, 5.00, 2.62, 3.73, 4.80, 4.97, 2.74, 2.57, 5.00, 3.92, 2.65, 4.83, 1.60, 2.32, 3.65, 5.00, 4.08, 1.72, 3.74, 3.20],
  tjk_133 = [0.97, 0.10, 0.10, 1.03, 1.06, 0.10, 0.93, 2.38, 0.88, 1.11, 0.92, 1.08, 1.09, 0.10, 4.03, 4.04, 1.15, 2.29, 4.55, 0.79],
  tjk_134 = [3.52, 2.61, 1.68, 0.67, 1.09, 0.28, 0.69, 0.28, 0.61, 0.40, 3.97, 0.93, 3.28, 1.15, 4.14, 1.77, 1.57, 0.10, 0.96, 1.03],
  tjk_135 = [1.01, 1.89, 4.58, 0.95, 0.84, 2.08, 1.84, 3.32, 4.37, 0.83, 3.49, 1.02, 4.00, 0.10, 0.99, 1.49, 0.56, 4.12, 0.97, 0.87],
  tjk_136 = [1.98, 2.48, 3.60, 2.04, 1.87, 4.54, 1.98, 0.83, 2.40, 2.23, 1.98, 4.87, 1.65, 1.83, 1.83, 4.79, 4.85, 2.11, 2.34, 1.73],
  tjk_137 = [2.07, 2.29, 2.06, 3.05, 1.55, 0.83, 3.67, 1.84, 3.61, 1.89, 2.10, 1.41, 1.94, 3.55, 4.10, 0.29, 1.40, 1.95, 0.63, 2.29],
  tjk_138 = [5.00, 4.19, 1.37, 5.00, 0.98, 3.99, 4.78, 4.83, 5.00, 2.17, 0.10, 5.00, 1.88, 5.00, 3.93, 3.77, 5.00, 5.00, 5.00, 3.37],
  tjk_139 = [2.33, 4.70, 3.65, 3.74, 4.15, 2.21, 5.00, 2.61, 2.98, 1.47, 4.48, 3.48, 3.56, 3.84, 4.45, 4.48, 4.13, 5.00, 3.20, 4.71],
  tjk_1310 = [2.36, 2.04, 2.07, 4.30, 3.99, 4.14, 3.63, 1.02, 1.89, 1.14, 2.32, 4.11, 3.52, 1.99, 4.01, 1.99, 2.34, 2.07, 4.43, 0.10],
  tjk_141 = [2.57, 4.36, 2.30, 1.70, 4.10, 2.08, 2.66, 1.97, 0.10, 1.76, 1.13, 2.52, 1.13, 1.97, 3.65, 2.34, 1.04, 1.66, 4.43, 2.81],
  tjk_142 = [2.97, 3.60, 4.14, 4.07, 5.00, 2.53, 4.80, 4.71, 3.58, 3.75, 4.27, 3.29, 4.10, 2.72, 3.58, 4.47, 3.98, 1.67, 3.48, 1.78],
  tjk_143 = [4.24, 3.48, 0.55, 1.75, 1.71, 1.62, 2.35, 3.74, 2.09, 2.16, 2.01, 2.22, 1.99, 3.09, 2.72, 3.15, 1.77, 2.16, 1.71, 3.32],
  tjk_144 = [3.68, 0.10, 3.58, 0.13, 2.68, 0.94, 0.87, 2.55, 0.19, 3.07, 1.29, 2.62, 1.08, 4.20, 2.33, 1.22, 1.18, 1.10, 2.12, 1.68],
  tjk_145 = [2.74, 1.48, 1.16, 0.18, 2.48, 2.56, 1.26, 1.40, 1.04, 3.06, 4.51, 1.64, 1.10, 2.91, 2.87, 0.10, 1.31, 0.90, 2.05, 2.83],
  tjk_146 = [2.71, 2.94, 2.69, 5.00, 4.48, 3.40, 4.02, 4.00, 3.62, 2.94, 4.60, 2.05, 2.91, 4.71, 5.00, 5.00, 3.99, 3.69, 4.41, 4.85],
  tjk_147 = [1.94, 5.00, 1.51, 1.97, 4.21, 1.91, 1.81, 2.50, 2.39, 2.07, 0.23, 1.98, 2.60, 0.26, 0.52, 0.10, 2.19, 4.77, 2.21, 1.98],
  tjk_148 = [1.95, 2.37, 3.19, 1.66, 1.77, 2.25, 4.21, 2.02, 3.43, 1.93, 1.08, 3.24, 1.24, 3.04, 4.60, 3.07, 1.58, 1.42, 2.59, 2.84],
  tjk_149 = [1.20, 2.98, 3.25, 2.41, 1.12, 2.43, 2.07, 2.96, 1.43, 2.48, 1.69, 1.02, 1.00, 4.96, 0.99, 0.10, 3.42, 2.43, 0.10, 0.92],
  tjk_1410 = [0.89, 2.07, 3.56, 0.10, 2.75, 3.87, 1.19, 5.00, 3.86, 1.07, 5.00, 3.44, 1.88, 4.35, 3.81, 4.83, 4.96, 1.49, 3.54, 0.18],
  tjk_151 = [3.23, 2.77, 2.87, 4.65, 3.30, 5.00, 4.09, 2.04, 4.06, 3.19, 4.38, 5.00, 5.00, 1.08, 3.31, 3.53, 2.29, 4.79, 1.84, 2.77],
  tjk_152 = [1.28, 4.38, 0.44, 1.24, 3.34, 3.73, 4.56, 4.04, 3.20, 4.74, 2.98, 1.04, 2.25, 3.28, 0.10, 2.66, 3.90, 1.60, 4.21, 4.04],
  tjk_153 = [0.43, 3.19, 3.82, 3.08, 3.20, 4.28, 4.12, 4.37, 4.61, 0.35, 0.10, 1.79, 4.20, 2.89, 5.00, 3.12, 2.86, 2.89, 1.02, 2.62],
  tjk_154 = [5.00, 5.00, 5.00, 0.96, 4.62, 4.83, 4.23, 5.00, 5.00, 5.00, 5.00, 5.00, 4.81, 3.51, 1.57, 1.20, 5.00, 1.10, 1.01, 3.30],
  tjk_155 = [1.90, 2.17, 3.20, 1.88, 2.61, 2.22, 1.96, 2.22, 2.06, 1.98, 0.45, 2.03, 2.03, 3.02, 1.85, 1.89, 4.80, 1.79, 0.58, 3.94],
  tjk_156 = [1.41, 3.27, 4.47, 2.35, 1.91, 1.22, 2.08, 0.10, 3.99, 2.03, 4.76, 3.58, 2.58, 2.01, 3.65, 3.13, 1.95, 3.57, 2.27, 1.99],
  tjk_157 = [2.73, 3.03, 3.12, 2.25, 2.31, 2.97, 4.90, 1.81, 1.14, 1.85, 3.31, 1.68, 2.69, 1.90, 1.78, 2.12, 5.00, 0.66, 2.17, 1.74],
  tjk_158 = [1.36, 3.78, 3.85, 3.15, 4.10, 3.46, 3.74, 4.19, 3.77, 3.72, 2.73, 4.83, 3.84, 3.25, 4.44, 2.69, 1.16, 1.72, 3.64, 2.44],
  tjk_159 = [1.09, 0.99, 1.08, 3.22, 2.46, 1.03, 0.10, 2.44, 1.69, 0.90, 1.07, 1.37, 0.10, 0.53, 0.10, 4.41, 1.06, 0.78, 2.51, 0.10],
  tjk_1510 = [5.00, 0.10, 5.00, 1.47, 5.00, 2.40, 4.10, 1.83, 0.10, 3.49, 0.10, 4.99, 3.40, 3.04, 5.00, 1.27, 3.18, 4.16, 5.00, 5.00],
  tjk_161 = [3.58, 5.00, 1.90, 2.25, 5.00, 3.82, 4.46, 3.66, 5.00, 1.35, 5.00, 4.40, 3.19, 4.86, 3.85, 3.16, 3.72, 4.58, 2.56, 3.37],
  tjk_162 = [2.25, 2.81, 3.29, 1.80, 4.08, 3.87, 3.95, 2.01, 4.58, 4.42, 4.25, 4.06, 3.33, 4.83, 3.68, 3.71, 5.00, 3.08, 3.86, 2.47],
  tjk_163 = [5.00, 5.00, 4.67, 4.05, 0.10, 3.17, 3.46, 4.32, 5.00, 5.00, 4.73, 3.11, 5.00, 4.71, 1.88, 5.00, 2.58, 3.17, 4.72, 5.00],
  tjk_164 = [0.84, 4.55, 1.02, 1.23, 1.00, 2.95, 1.08, 2.22, 0.93, 3.55, 1.68, 1.09, 4.36, 1.06, 0.17, 1.04, 0.86, 0.10, 1.02, 3.09],
  tjk_165 = [2.89, 3.20, 2.38, 2.91, 3.35, 2.54, 3.54, 5.00, 2.88, 2.16, 2.62, 2.00, 2.72, 3.98, 3.17, 4.51, 0.10, 1.70, 2.73, 1.10],
  tjk_166 = [1.79, 3.22, 1.53, 3.89, 3.17, 2.04, 2.19, 1.19, 1.84, 2.03, 2.46, 2.27, 1.70, 0.10, 1.84, 1.94, 1.35, 3.20, 1.72, 1.18],
  tjk_167 = [1.43, 0.97, 1.09, 0.40, 1.12, 1.32, 1.80, 1.07, 1.15, 1.02, 3.11, 3.38, 1.11, 1.07, 0.92, 1.35, 1.88, 1.76, 3.61, 2.50],
  tjk_168 = [5.00, 4.44, 1.26, 5.00, 1.92, 0.10, 5.00, 1.58, 4.43, 4.07, 3.90, 5.00, 4.84, 5.00, 3.84, 1.02, 4.32, 3.55, 1.38, 2.83],
  tjk_169 = [4.13, 2.83, 3.25, 1.77, 0.73, 4.30, 4.70, 0.10, 3.21, 2.95, 2.52, 4.49, 2.28, 5.00, 4.91, 1.92, 3.95, 3.18, 3.25, 4.49],
  tjk_1610 = [1.35, 2.09, 3.21, 4.56, 1.14, 0.94, 2.29, 2.27, 2.79, 0.67, 4.17, 1.74, 1.72, 0.93, 2.01, 0.92, 0.84, 1.40, 0.37, 0.92],
  tjk_171 = [1.84, 2.10, 4.59, 5.00, 5.00, 4.15, 3.89, 4.04, 1.73, 4.19, 3.55, 3.43, 4.06, 3.97, 3.14, 3.52, 2.81, 4.58, 1.29, 4.36],
  tjk_172 = [2.89, 1.59, 1.98, 4.22, 5.00, 4.13, 4.16, 1.28, 1.62, 1.78, 3.48, 3.60, 5.00, 2.80, 5.00, 1.42, 3.12, 5.00, 3.25, 1.72],
  tjk_173 = [1.02, 1.06, 1.73, 0.53, 4.58, 0.95, 2.94, 1.37, 1.40, 1.06, 3.48, 3.83, 2.77, 3.47, 1.78, 2.26, 0.20, 1.90, 0.96, 1.12],
  tjk_174 = [3.15, 4.87, 4.61, 1.24, 5.00, 1.86, 2.56, 3.77, 5.00, 5.00, 5.00, 1.97, 1.81, 2.27, 4.37, 3.67, 5.00, 2.75, 1.49, 4.76],
  tjk_175 = [4.76, 2.59, 4.77, 4.44, 5.00, 5.00, 4.12, 1.37, 3.32, 5.00, 2.17, 5.00, 4.34, 1.72, 3.89, 4.84, 0.10, 3.55, 4.88, 2.15],
  tjk_176 = [1.26, 4.98, 4.78, 1.95, 2.34, 2.59, 5.00, 4.89, 2.10, 4.04, 3.88, 5.00, 5.00, 4.77, 5.00, 5.00, 3.89, 5.00, 5.00, 5.00],
  tjk_177 = [1.92, 2.77, 2.06, 2.22, 3.04, 1.88, 2.07, 3.27, 3.00, 1.97, 1.75, 1.28, 3.07, 3.95, 1.81, 1.69, 1.76, 1.09, 2.72, 1.41],
  tjk_178 = [5.00, 2.82, 3.00, 2.53, 3.35, 2.71, 3.05, 3.17, 3.58, 5.00, 3.44, 2.04, 2.44, 4.58, 0.10, 5.00, 2.16, 5.00, 2.64, 0.10],
  tjk_179 = [1.01, 3.12, 1.46, 1.74, 0.65, 0.93, 0.91, 1.18, 0.87, 1.02, 1.20, 0.10, 1.04, 1.43, 0.96, 0.10, 1.05, 1.61, 1.14, 0.48],
  tjk_1710 = [0.80, 0.99, 1.50, 4.77, 0.10, 1.15, 0.90, 1.00, 2.10, 0.62, 1.03, 0.93, 4.48, 1.40, 0.85, 2.14, 2.03, 4.96, 2.70, 1.07],
  tjk_181 = [0.10, 1.62, 1.92, 4.62, 2.32, 0.84, 3.80, 0.10, 5.00, 4.86, 4.88, 0.10, 2.04, 5.00, 5.00, 4.75, 4.50, 5.00, 5.00, 4.63],
  tjk_182 = [4.59, 4.62, 1.55, 5.00, 4.84, 4.98, 5.00, 1.70, 5.00, 3.96, 5.00, 5.00, 5.00, 5.00, 5.00, 0.10, 5.00, 2.31, 2.47, 5.00],
  tjk_183 = [3.39, 5.00, 0.10, 3.80, 5.00, 4.21, 5.00, 2.42, 4.79, 3.98, 2.06, 5.00, 5.00, 5.00, 1.77, 4.68, 5.00, 5.00, 2.71, 5.00],
  tjk_184 = [0.10, 3.42, 5.00, 3.82, 5.00, 3.97, 5.00, 5.00, 2.33, 4.06, 3.05, 1.78, 0.61, 4.75, 4.79, 5.00, 4.71, 5.00, 2.40, 5.00],
  tjk_185 = [5.00, 3.75, 5.00, 3.83, 3.03, 4.10, 4.52, 5.00, 4.88, 5.00, 5.00, 3.45, 4.82, 2.35, 5.00, 2.42, 4.31, 4.82, 1.40, 4.75],
  tjk_186 = [2.36, 2.78, 2.98, 2.49, 3.05, 1.84, 2.82, 2.81, 2.89, 2.90, 1.77, 1.78, 2.82, 2.78, 3.19, 3.60, 5.00, 2.62, 3.64, 2.88],
  tjk_187 = [2.34, 4.09, 2.50, 2.91, 2.70, 2.21, 2.99, 4.09, 5.00, 0.20, 0.10, 4.03, 4.88, 1.38, 4.62, 2.87, 1.12, 3.15, 3.20, 0.10],
  tjk_188 = [1.75, 1.21, 5.00, 4.56, 4.04, 5.00, 5.00, 1.91, 4.67, 4.93, 5.00, 4.61, 3.12, 5.00, 0.10, 0.10, 4.63, 2.82, 5.00, 5.00],
  tjk_189 = [4.37, 4.58, 5.00, 3.85, 5.00, 3.95, 4.05, 2.64, 3.96, 3.84, 3.91, 1.60, 1.66, 4.64, 0.10, 2.35, 2.44, 4.02, 2.29, 1.76],
  tjk_1810 = [0.96, 3.92, 0.19, 4.74, 0.87, 1.13, 0.93, 2.72, 4.93, 4.37, 2.58, 0.83, 1.49, 0.10, 2.93, 0.90, 3.23, 4.88, 2.44, 3.20],
  tjk_191 = [3.27, 2.08, 4.32, 4.40, 3.69, 4.95, 5.00, 1.88, 4.05, 0.10, 1.24, 5.00, 0.10, 3.94, 4.92, 5.00, 3.66, 4.92, 5.00, 4.94],
  tjk_192 = [2.66, 5.00, 4.22, 1.15, 4.99, 3.69, 4.37, 4.45, 5.00, 3.16, 0.10, 3.11, 1.59, 1.41, 3.01, 3.26, 3.30, 2.73, 3.02, 2.81],
  tjk_193 = [4.98, 2.49, 2.24, 4.87, 2.90, 4.19, 3.70, 2.64, 4.41, 3.33, 2.51, 3.86, 4.07, 4.38, 3.30, 5.00, 0.78, 3.58, 2.73, 1.15],
  tjk_194 = [4.90, 2.40, 4.59, 2.09, 1.53, 3.24, 1.54, 1.89, 3.50, 1.20, 3.89, 3.43, 1.89, 1.95, 1.09, 1.62, 4.02, 3.82, 0.14, 4.27],
  tjk_195 = [3.48, 4.74, 2.61, 2.33, 1.46, 0.49, 1.23, 4.38, 1.72, 2.88, 2.83, 2.83, 4.41, 3.42, 5.00, 3.50, 2.65, 2.77, 3.17, 0.95],
  tjk_196 = [3.10, 1.53, 3.26, 2.74, 2.51, 2.82, 2.32, 0.10, 3.16, 2.99, 2.96, 4.40, 2.87, 0.10, 4.85, 3.34, 2.48, 1.75, 2.73, 3.21],
  tjk_197 = [4.38, 4.69, 5.00, 3.45, 3.67, 3.77, 4.34, 3.22, 2.27, 5.00, 2.00, 4.47, 4.57, 4.11, 4.73, 1.64, 5.00, 5.00, 5.00, 5.00],
  tjk_198 = [5.00, 4.05, 4.18, 4.38, 4.71, 2.41, 3.81, 0.10, 0.89, 3.44, 3.55, 3.94, 5.00, 3.93, 4.73, 0.10, 5.00, 1.46, 4.68, 1.99],
  tjk_199 = [0.92, 0.10, 2.61, 1.57, 0.95, 3.44, 1.07, 1.98, 0.99, 2.36, 1.11, 4.40, 1.12, 2.22, 1.06, 1.73, 0.95, 1.03, 1.84, 2.33],
  tjk_1910 = [2.01, 1.85, 1.77, 1.43, 1.63, 1.11, 1.22, 1.91, 1.38, 1.98, 3.34, 1.49, 1.45, 0.69, 0.32, 2.29, 2.93, 2.18, 1.90, 1.90],
  tjk_201 = [2.14, 5.00, 3.90, 3.56, 0.10, 2.05, 2.35, 4.91, 4.53, 1.70, 2.47, 0.10, 4.67, 3.29, 3.43, 2.24, 2.90, 4.39, 2.95, 4.51],
  tjk_202 = [4.47, 2.94, 5.00, 2.81, 1.63, 5.00, 3.51, 2.79, 2.31, 2.87, 3.40, 3.24, 4.25, 5.00, 4.02, 3.14, 3.99, 2.47, 0.10, 3.60],
  tjk_203 = [2.84, 2.27, 2.85, 3.22, 5.00, 3.05, 2.71, 2.56, 2.72, 4.48, 3.12, 2.59, 1.62, 2.54, 2.21, 2.97, 3.24, 3.41, 3.25, 3.15],
  tjk_204 = [0.99, 1.79, 0.84, 2.69, 1.46, 3.07, 0.92, 3.55, 0.94, 0.91, 1.03, 0.93, 1.01, 1.14, 1.04, 2.94, 1.16, 0.10, 1.01, 0.33],
  tjk_205 = [3.69, 2.46, 4.97, 4.37, 4.09, 5.00, 3.69, 5.00, 5.00, 3.84, 3.33, 3.76, 5.00, 5.00, 3.86, 4.18, 3.84, 2.70, 3.81, 0.10],
  tjk_206 = [3.48, 0.10, 4.68, 3.05, 3.10, 3.19, 4.56, 5.00, 2.76, 3.52, 4.82, 3.96, 1.12, 0.85, 3.03, 3.50, 5.00, 4.52, 3.47, 3.49],
  tjk_207 = [1.72, 0.56, 4.35, 2.42, 1.51, 1.92, 2.04, 2.27, 2.29, 2.02, 0.10, 2.67, 2.52, 1.95, 1.05, 2.83, 1.99, 2.15, 3.46, 0.10],
  tjk_208 = [2.94, 2.87, 1.80, 2.23, 0.82, 2.97, 4.71, 4.26, 2.84, 3.41, 2.35, 4.57, 2.98, 1.20, 5.00, 2.88, 1.73, 3.09, 2.71, 2.76],
  tjk_209 = [2.60, 3.11, 5.00, 2.65, 2.88, 3.23, 2.62, 2.60, 3.06, 4.02, 2.89, 2.92, 4.87, 0.89, 2.76, 2.90, 3.01, 1.45, 3.16, 2.83],
  tjk_2010 = [4.33, 4.51, 5.00, 5.00, 4.86, 1.87, 5.00, 5.00, 5.00, 4.42, 2.15, 2.19, 4.80, 4.42, 5.00, 5.00, 5.00, 5.00, 5.00, 4.92],
]

Service Times (¦Î_{jk}^s) = [
  xi_11 = [10.00, 3.12, 4.56, 1.00, 10.00, 3.17, 6.71, 2.14, 10.00, 7.75, 1.00, 6.69, 8.44, 6.92, 10.00, 4.23, 5.12, 4.72, 6.28, 9.72],
  xi_12 = [5.32, 2.84, 6.31, 5.09, 5.05, 2.30, 9.08, 5.70, 5.32, 3.61, 6.72, 5.53, 5.20, 7.33, 7.80, 1.00, 6.66, 6.77, 4.72, 5.01],
  xi_13 = [1.00, 1.00, 2.14, 1.07, 1.00, 2.07, 1.00, 1.00, 8.60, 9.62, 1.00, 8.89, 1.10, 6.45, 1.02, 1.00, 1.00, 1.28, 1.13, 1.00],
  xi_14 = [7.85, 3.76, 7.82, 7.78, 3.87, 4.18, 2.41, 4.43, 5.28, 3.87, 3.97, 1.43, 6.73, 5.24, 4.37, 2.48, 9.01, 3.81, 9.80, 3.76],
  xi_15 = [8.09, 1.16, 4.45, 1.02, 1.00, 1.21, 3.42, 4.19, 8.45, 1.17, 1.00, 6.42, 7.83, 1.00, 9.34, 2.55, 2.00, 1.07, 8.42, 1.01],
  xi_16 = [1.93, 4.66, 1.00, 3.45, 8.84, 3.64, 3.21, 4.67, 1.00, 3.76, 6.33, 4.91, 2.16, 6.72, 4.46, 4.16, 5.89, 3.92, 4.07, 3.62],
  xi_17 = [1.77, 4.31, 7.95, 7.92, 3.64, 1.00, 3.01, 3.54, 3.98, 8.67, 2.24, 5.28, 2.11, 7.95, 3.86, 7.53, 4.74, 8.65, 3.85, 6.55],
  xi_18 = [1.00, 1.00, 1.86, 1.00, 1.12, 1.30, 1.00, 1.86, 1.00, 3.82, 1.00, 1.32, 1.14, 1.00, 1.00, 1.48, 3.23, 1.00, 1.14, 1.00],
  xi_19 = [4.04, 3.81, 3.67, 1.00, 4.27, 7.86, 9.16, 3.61, 9.39, 1.75, 2.58, 4.47, 2.83, 2.69, 2.17, 3.74, 3.99, 4.20, 5.73, 4.75],
  xi_110 = [7.41, 8.22, 10.00, 1.00, 3.77, 6.00, 7.67, 8.76, 6.40, 9.73, 1.00, 8.52, 9.00, 5.70, 2.28, 6.28, 7.58, 5.72, 10.00, 9.86],
  xi_21 = [9.85, 2.44, 7.26, 9.98, 10.00, 1.43, 9.61, 9.52, 8.54, 8.13, 1.00, 7.88, 4.89, 10.00, 9.31, 6.18, 10.00, 9.07, 4.77, 10.00],
  xi_22 = [1.00, 8.58, 8.55, 7.09, 8.36, 8.39, 10.00, 6.88, 5.83, 5.31, 8.00, 1.06, 1.00, 4.61, 5.72, 7.71, 8.55, 6.40, 10.00, 5.92],
  xi_23 = [8.03, 4.94, 7.51, 5.18, 1.30, 4.25, 5.49, 4.71, 2.65, 7.11, 1.00, 5.61, 5.83, 6.68, 9.04, 3.26, 10.00, 4.18, 9.47, 2.84],
  xi_24 = [3.32, 7.75, 6.59, 7.06, 5.05, 7.03, 4.41, 6.38, 5.60, 9.45, 7.79, 6.05, 1.79, 10.00, 7.83, 1.00, 1.11, 6.22, 6.02, 4.59],
  xi_25 = [1.15, 1.97, 3.00, 9.81, 8.18, 1.00, 8.72, 10.00, 3.74, 9.02, 9.88, 10.00, 1.00, 1.10, 5.16, 8.89, 9.29, 9.53, 3.37, 8.25],
  xi_26 = [6.33, 2.90, 2.71, 8.63, 5.84, 2.86, 2.89, 5.63, 6.33, 3.69, 2.93, 2.08, 2.59, 2.79, 1.10, 2.73, 2.68, 4.39, 3.20, 1.00],
  xi_27 = [4.24, 8.02, 1.00, 10.00, 7.31, 10.00, 10.00, 7.44, 6.24, 10.00, 10.00, 8.64, 9.62, 10.00, 10.00, 10.00, 10.00, 8.33, 6.11, 10.00],
  xi_28 = [1.10, 1.00, 5.60, 1.00, 1.02, 5.04, 2.90, 1.65, 5.05, 1.13, 3.04, 1.10, 1.00, 5.54, 1.00, 2.02, 7.08, 1.53, 1.00, 1.45],
  xi_29 = [7.46, 1.00, 3.05, 4.82, 1.00, 1.54, 2.82, 1.08, 1.09, 1.25, 1.90, 1.00, 1.04, 8.57, 1.03, 7.49, 6.32, 1.00, 1.08, 1.02],
  xi_210 = [10.00, 10.00, 1.72, 6.71, 10.00, 1.74, 10.00, 10.00, 10.00, 3.15, 7.22, 10.00, 10.00, 10.00, 5.12, 5.73, 2.16, 8.69, 10.00, 10.00],
  xi_31 = [2.86, 1.57, 1.97, 2.29, 8.69, 1.89, 1.00, 2.24, 1.00, 5.07, 6.34, 2.00, 1.82, 4.77, 2.12, 3.00, 2.15, 2.43, 1.94, 1.82],
  xi_32 = [6.84, 4.88, 4.83, 9.26, 8.96, 5.00, 7.42, 6.34, 10.00, 5.75, 8.98, 5.02, 10.00, 6.45, 3.95, 3.26, 5.00, 5.02, 6.43, 2.82],
  xi_33 = [4.57, 8.23, 6.93, 10.00, 10.00, 2.53, 10.00, 4.56, 6.45, 3.31, 4.72, 10.00, 6.47, 1.00, 1.00, 7.56, 8.40, 6.29, 7.85, 6.28],
  xi_34 = [6.47, 7.56, 7.49, 7.05, 7.11, 5.80, 6.77, 10.00, 4.06, 4.93, 7.36, 10.00, 6.90, 6.38, 6.22, 6.63, 2.02, 8.59, 6.64, 8.98],
  xi_35 = [3.06, 4.14, 4.54, 2.84, 1.00, 3.25, 2.88, 3.36, 4.44, 1.56, 7.12, 3.41, 3.43, 2.89, 5.75, 2.55, 3.25, 3.55, 1.40, 1.88],
  xi_36 = [10.00, 1.00, 8.30, 4.56, 2.32, 2.35, 5.19, 6.27, 9.44, 10.00, 5.15, 10.00, 2.93, 5.90, 6.15, 6.62, 3.55, 6.35, 6.24, 5.29],
  xi_37 = [7.55, 5.61, 2.88, 9.55, 3.74, 6.49, 7.49, 4.96, 8.81, 10.00, 3.46, 6.82, 10.00, 6.80, 10.00, 7.74, 7.19, 4.91, 4.97, 4.10],
  xi_38 = [2.99, 1.00, 7.09, 8.64, 9.36, 9.24, 10.00, 1.00, 9.16, 1.00, 4.69, 10.00, 9.99, 4.79, 10.00, 8.59, 1.25, 8.95, 3.54, 6.57],
  xi_39 = [1.85, 2.85, 1.00, 1.00, 2.04, 2.34, 1.00, 2.13, 2.00, 2.38, 3.53, 5.75, 2.97, 1.00, 2.22, 2.33, 2.40, 2.55, 5.49, 1.00],
  xi_310 = [3.05, 6.79, 9.03, 2.59, 5.54, 2.01, 4.94, 10.00, 3.54, 7.76, 6.42, 8.24, 10.00, 6.63, 5.98, 9.40, 9.86, 2.91, 9.21, 4.81],
  xi_41 = [1.89, 1.07, 8.46, 1.21, 2.11, 1.14, 1.04, 1.00, 8.89, 1.00, 1.02, 4.17, 1.00, 6.91, 7.28, 1.00, 1.81, 7.49, 9.57, 1.27],
  xi_42 = [1.00, 3.78, 1.00, 1.68, 3.29, 4.30, 9.55, 4.04, 4.22, 5.20, 3.70, 7.54, 6.63, 4.95, 7.11, 3.60, 4.01, 1.61, 3.97, 7.82],
  xi_43 = [3.92, 3.09, 2.85, 8.31, 10.00, 7.46, 10.00, 4.91, 7.88, 10.00, 10.00, 8.68, 7.50, 7.35, 3.71, 7.57, 9.22, 10.00, 9.87, 2.94],
  xi_44 = [6.11, 2.13, 6.00, 8.42, 4.93, 7.85, 3.74, 7.26, 8.91, 4.12, 8.55, 8.47, 6.35, 1.00, 6.70, 8.21, 10.00, 8.03, 1.42, 5.91],
  xi_45 = [1.00, 6.34, 8.34, 10.00, 6.52, 6.85, 8.44, 4.39, 1.20, 8.26, 7.97, 6.73, 5.97, 7.52, 10.00, 10.00, 2.01, 3.45, 9.62, 6.84],
  xi_46 = [8.64, 10.00, 9.88, 4.20, 9.91, 1.61, 10.00, 9.21, 4.17, 6.47, 9.92, 10.00, 8.89, 6.59, 10.00, 9.08, 10.00, 2.99, 9.47, 7.63],
  xi_47 = [2.14, 1.03, 7.98, 8.87, 10.00, 10.00, 8.70, 4.65, 5.37, 10.00, 8.83, 6.50, 9.61, 6.63, 10.00, 10.00, 1.00, 4.80, 1.96, 1.00],
  xi_48 = [9.71, 5.08, 3.46, 8.99, 1.87, 4.24, 3.77, 4.76, 4.61, 1.00, 4.66, 10.00, 1.14, 1.00, 6.70, 8.38, 9.32, 3.88, 6.38, 4.78],
  xi_49 = [1.00, 2.77, 3.98, 6.92, 3.22, 7.43, 2.60, 1.39, 9.92, 6.04, 5.59, 1.90, 6.65, 6.69, 3.42, 3.08, 2.48, 1.00, 3.35, 3.29],
  xi_410 = [7.09, 10.00, 2.14, 8.25, 7.56, 8.08, 6.76, 6.95, 7.29, 3.10, 9.87, 1.81, 6.64, 7.22, 7.12, 10.00, 7.03, 7.17, 1.00, 6.47],
  xi_51 = [10.00, 7.51, 10.00, 9.21, 5.34, 2.72, 8.21, 5.59, 5.18, 10.00, 7.47, 2.79, 5.03, 7.94, 6.67, 7.60, 2.73, 9.31, 7.89, 9.63],
  xi_52 = [8.22, 10.00, 9.06, 4.99, 3.02, 5.59, 6.56, 2.59, 7.21, 6.96, 10.00, 10.00, 6.21, 6.37, 1.29, 7.83, 10.00, 7.48, 9.45, 7.44],
  xi_53 = [5.45, 5.33, 6.89, 4.51, 5.16, 4.55, 5.20, 4.26, 6.50, 4.49, 4.81, 3.14, 5.58, 5.41, 2.37, 9.42, 7.15, 2.05, 1.73, 6.66],
  xi_54 = [4.94, 1.35, 4.83, 6.19, 4.50, 3.60, 4.48, 4.06, 6.16, 2.46, 4.75, 5.06, 7.34, 2.23, 2.95, 3.94, 4.65, 6.24, 5.01, 5.76],
  xi_55 = [6.16, 1.00, 2.14, 3.31, 2.06, 2.25, 2.45, 2.06, 4.28, 3.25, 3.95, 2.04, 1.76, 4.46, 2.21, 1.81, 1.42, 2.92, 5.98, 6.57],
  xi_56 = [1.01, 7.99, 1.42, 1.02, 1.00, 1.19, 1.00, 1.15, 1.00, 1.00, 1.51, 1.00, 1.72, 1.00, 1.00, 1.13, 1.00, 1.00, 1.25, 1.02],
  xi_57 = [6.26, 5.52, 3.21, 5.71, 6.99, 8.98, 10.00, 7.77, 6.27, 7.94, 8.81, 7.30, 7.87, 6.32, 4.67, 7.02, 2.89, 5.73, 5.64, 7.38],
  xi_58 = [7.07, 7.07, 2.90, 7.51, 9.88, 5.30, 7.79, 7.25, 7.01, 5.19, 6.01, 4.69, 9.25, 8.15, 9.88, 9.39, 5.76, 7.11, 7.80, 7.07],
  xi_59 = [8.95, 9.97, 8.37, 7.32, 5.80, 8.56, 8.39, 1.00, 6.66, 1.87, 1.95, 10.00, 8.49, 9.14, 6.13, 10.00, 7.93, 6.73, 10.00, 5.86],
  xi_510 = [3.42, 6.55, 6.83, 6.60, 1.70, 4.44, 5.94, 5.08, 8.69, 6.40, 6.67, 7.87, 4.45, 7.30, 2.62, 6.77, 3.91, 1.81, 6.37, 3.98],
  xi_61 = [10.00, 6.84, 10.00, 2.60, 4.82, 4.02, 4.71, 3.20, 6.38, 8.40, 1.36, 1.30, 7.40, 4.58, 5.28, 3.20, 3.52, 1.00, 4.43, 5.65],
  xi_62 = [7.73, 2.93, 2.81, 7.45, 1.18, 9.31, 7.55, 5.90, 7.95, 8.56, 9.02, 9.41, 7.66, 8.38, 7.14, 9.72, 9.25, 6.47, 8.09, 8.61],
  xi_63 = [4.21, 1.44, 4.31, 6.62, 4.09, 2.78, 1.74, 9.38, 4.58, 5.09, 3.69, 9.65, 9.62, 7.05, 3.83, 5.71, 1.72, 3.93, 3.48, 8.05],
  xi_64 = [5.56, 4.67, 4.77, 1.00, 5.97, 1.00, 3.19, 1.00, 10.00, 9.52, 7.46, 3.16, 8.78, 10.00, 10.00, 7.45, 10.00, 7.59, 10.00, 7.88],
  xi_65 = [7.44, 7.32, 7.31, 10.00, 1.85, 4.84, 7.06, 6.01, 4.09, 7.74, 4.87, 7.62, 10.00, 7.57, 9.10, 7.49, 7.78, 4.88, 5.84, 2.02],
  xi_66 = [2.91, 6.50, 4.34, 9.76, 5.36, 6.40, 7.16, 2.71, 7.21, 7.13, 10.00, 3.66, 3.76, 2.98, 7.21, 7.66, 7.99, 7.50, 1.05, 7.97],
  xi_67 = [3.11, 3.02, 6.47, 5.62, 5.37, 1.00, 3.99, 7.17, 3.78, 1.00, 8.40, 5.41, 7.25, 10.00, 5.89, 6.98, 5.96, 8.13, 5.94, 10.00],
  xi_68 = [1.00, 1.60, 1.97, 7.98, 8.21, 6.02, 1.00, 1.00, 2.47, 1.00, 1.07, 5.27, 5.92, 1.91, 8.30, 5.75, 1.00, 3.31, 1.05, 1.20],
  xi_69 = [8.81, 5.27, 9.50, 9.35, 10.00, 9.91, 6.21, 10.00, 10.00, 10.00, 9.91, 3.77, 9.95, 6.62, 1.00, 10.00, 7.05, 10.00, 10.00, 10.00],
  xi_610 = [7.56, 8.12, 7.72, 3.18, 3.08, 10.00, 1.00, 3.91, 1.00, 1.63, 1.00, 7.82, 10.00, 9.35, 7.39, 1.00, 4.14, 8.64, 8.89, 9.49],
  xi_71 = [9.03, 9.15, 10.00, 10.00, 7.97, 2.95, 10.00, 9.50, 1.60, 10.00, 10.00, 2.53, 3.16, 10.00, 9.61, 9.92, 10.00, 8.97, 5.57, 3.53],
  xi_72 = [5.36, 5.14, 6.18, 4.93, 4.74, 5.41, 2.42, 10.00, 2.41, 4.76, 7.29, 1.63, 4.12, 7.28, 4.80, 10.00, 5.36, 9.55, 5.62, 8.90],
  xi_73 = [8.56, 3.83, 5.52, 6.56, 2.83, 2.86, 2.88, 9.34, 6.47, 4.60, 3.12, 3.25, 4.90, 2.75, 2.56, 4.54, 2.81, 2.40, 3.05, 3.03],
  xi_74 = [1.26, 8.58, 6.15, 5.93, 10.00, 6.14, 7.13, 5.70, 6.71, 3.03, 8.12, 5.59, 8.06, 6.62, 6.43, 1.00, 9.20, 1.00, 1.46, 10.00],
  xi_75 = [1.00, 5.39, 1.00, 6.82, 5.04, 10.00, 1.93, 3.28, 4.37, 5.20, 10.00, 5.53, 6.23, 3.89, 6.54, 7.00, 5.24, 1.56, 1.00, 5.08],
  xi_76 = [4.43, 3.73, 6.47, 3.96, 4.85, 3.80, 8.43, 7.13, 4.34, 4.45, 1.39, 1.00, 4.21, 3.63, 3.93, 3.99, 8.09, 6.41, 9.76, 3.72],
  xi_77 = [2.93, 1.92, 6.08, 2.22, 9.86, 2.08, 2.06, 8.04, 7.01, 1.84, 1.40, 3.15, 1.89, 1.12, 8.50, 6.74, 1.00, 1.93, 2.89, 1.36],
  xi_78 = [4.61, 8.17, 2.04, 10.00, 10.00, 9.34, 8.07, 8.91, 10.00, 5.26, 9.00, 8.50, 3.20, 2.53, 1.00, 3.75, 1.00, 6.54, 3.65, 4.97],
  xi_79 = [10.00, 2.62, 4.35, 4.99, 6.73, 5.07, 4.53, 6.34, 4.39, 5.45, 2.52, 5.07, 10.00, 1.00, 5.92, 3.20, 3.22, 2.46, 5.11, 6.19],
  xi_710 = [1.00, 6.09, 6.42, 8.28, 7.43, 1.00, 9.06, 2.12, 3.19, 3.22, 4.01, 7.09, 8.57, 9.02, 5.38, 6.87, 7.24, 1.63, 7.63, 5.15],
  xi_81 = [6.14, 7.04, 2.11, 5.55, 6.04, 2.41, 4.62, 6.42, 6.35, 6.51, 9.12, 1.80, 10.00, 6.28, 6.86, 6.66, 5.51, 1.00, 2.95, 5.50],
  xi_82 = [5.34, 5.51, 2.31, 5.40, 6.07, 4.47, 1.90, 2.09, 5.56, 1.02, 4.97, 10.00, 3.41, 4.40, 1.00, 3.11, 4.42, 2.42, 2.84, 5.01],
  xi_83 = [9.69, 8.08, 6.14, 8.41, 7.07, 2.23, 1.08, 8.94, 8.20, 9.09, 10.00, 1.00, 7.53, 10.00, 2.60, 3.99, 7.86, 6.00, 3.38, 8.81],
  xi_84 = [10.00, 8.68, 6.44, 10.00, 7.20, 6.75, 8.48, 7.40, 3.64, 2.51, 1.00, 8.03, 3.02, 10.00, 9.11, 6.20, 8.52, 6.11, 10.00, 10.00],
  xi_85 = [3.19, 1.54, 1.80, 2.46, 2.57, 3.70, 1.00, 3.86, 2.98, 3.14, 9.27, 9.87, 2.61, 1.00, 2.76, 2.25, 2.64, 3.10, 3.01, 5.59],
  xi_86 = [10.00, 1.72, 10.00, 10.00, 1.00, 6.33, 8.61, 7.53, 8.68, 10.00, 10.00, 3.26, 9.97, 9.88, 8.69, 8.51, 3.96, 10.00, 10.00, 9.65],
  xi_87 = [5.18, 10.00, 7.02, 6.91, 1.48, 9.04, 5.84, 9.86, 10.00, 6.38, 6.33, 4.30, 3.57, 9.14, 6.06, 5.71, 10.00, 3.61, 6.37, 4.27],
  xi_88 = [10.00, 5.13, 5.09, 4.89, 9.32, 8.52, 4.78, 5.48, 8.88, 4.62, 4.58, 5.78, 5.05, 3.86, 5.79, 5.08, 6.01, 4.55, 2.31, 4.20],
  xi_89 = [6.41, 5.06, 1.48, 4.51, 4.23, 7.49, 3.34, 1.48, 2.43, 2.98, 3.54, 7.95, 2.60, 3.30, 7.16, 2.54, 3.61, 1.00, 2.71, 9.34],
  xi_810 = [7.77, 1.06, 1.00, 1.00, 1.05, 1.38, 1.32, 2.21, 1.00, 1.00, 1.00, 3.04, 6.48, 1.00, 1.00, 1.00, 4.46, 1.00, 2.08, 2.23],
  xi_91 = [1.00, 10.00, 10.00, 10.00, 1.19, 7.09, 5.46, 9.23, 8.41, 3.98, 8.43, 1.58, 4.60, 10.00, 6.51, 10.00, 10.00, 9.35, 10.00, 8.04],
  xi_92 = [9.87, 1.38, 8.95, 7.69, 6.38, 8.09, 10.00, 6.83, 5.12, 10.00, 2.79, 10.00, 9.60, 10.00, 7.68, 9.56, 10.00, 1.00, 1.24, 8.53],
  xi_93 = [5.16, 3.95, 4.38, 3.89, 4.70, 3.74, 2.70, 4.28, 3.77, 3.62, 4.26, 4.48, 3.28, 3.70, 3.72, 3.20, 4.14, 2.56, 5.85, 7.23],
  xi_94 = [6.22, 4.00, 5.48, 4.90, 9.41, 6.99, 5.49, 5.10, 10.00, 5.49, 2.92, 1.20, 6.40, 9.76, 5.83, 9.95, 2.69, 3.08, 9.59, 9.46],
  xi_95 = [8.51, 1.00, 1.27, 8.36, 1.00, 1.00, 5.70, 3.29, 8.20, 1.13, 1.14, 2.11, 8.71, 1.33, 2.89, 1.00, 1.00, 1.00, 2.96, 1.55],
  xi_96 = [7.23, 7.54, 7.01, 8.63, 10.00, 1.00, 7.79, 10.00, 7.72, 9.15, 8.61, 5.46, 10.00, 8.63, 8.12, 1.00, 7.79, 3.28, 10.00, 4.52],
  xi_97 = [6.37, 7.90, 8.19, 7.53, 1.78, 6.80, 8.15, 3.06, 7.51, 4.91, 7.75, 7.07, 6.71, 7.73, 7.53, 8.15, 2.59, 8.14, 6.72, 8.43],
  xi_98 = [3.41, 6.49, 4.07, 4.49, 8.09, 1.03, 9.09, 6.24, 1.92, 5.97, 10.00, 6.81, 1.00, 9.21, 3.01, 6.07, 1.43, 10.00, 10.00, 4.36],
  xi_99 = [1.00, 6.46, 1.98, 1.00, 8.86, 1.84, 2.45, 1.16, 8.75, 1.87, 3.96, 2.40, 1.99, 1.10, 1.77, 1.75, 6.98, 1.94, 1.91, 8.24],
  xi_910 = [5.15, 4.51, 3.84, 5.51, 2.40, 5.41, 9.79, 5.79, 4.38, 6.43, 3.83, 9.44, 6.02, 5.23, 5.33, 4.62, 4.84, 5.69, 5.35, 5.40],
  xi_101 = [4.14, 6.63, 6.35, 3.74, 5.84, 3.29, 2.89, 7.27, 2.94, 2.96, 2.79, 3.91, 2.72, 2.87, 2.55, 5.57, 2.70, 8.31, 1.00, 2.72],
  xi_102 = [10.00, 8.06, 1.25, 1.00, 10.00, 7.76, 5.07, 5.10, 6.33, 5.51, 8.79, 5.36, 1.00, 7.18, 5.80, 5.02, 9.49, 4.76, 6.91, 1.56],
  xi_103 = [9.86, 3.33, 3.75, 10.00, 5.99, 2.39, 10.00, 1.00, 7.81, 1.00, 7.36, 9.04, 2.58, 8.30, 8.26, 10.00, 6.03, 2.39, 10.00, 3.52],
  xi_104 = [1.85, 7.14, 8.55, 3.37, 2.18, 3.13, 5.29, 5.02, 1.00, 1.05, 2.74, 1.99, 3.57, 1.00, 6.46, 1.89, 1.00, 1.70, 1.61, 1.38],
  xi_105 = [9.64, 7.94, 5.83, 7.73, 10.00, 10.00, 2.86, 9.60, 5.15, 4.48, 3.88, 10.00, 5.33, 6.27, 6.22, 6.13, 6.16, 7.95, 7.93, 8.76],
  xi_106 = [5.33, 3.08, 3.09, 5.47, 2.11, 3.22, 2.87, 6.73, 3.23, 1.00, 2.90, 4.31, 2.69, 3.11, 8.07, 3.08, 1.00, 6.17, 1.20, 6.42],
  xi_107 = [9.24, 10.00, 4.43, 1.00, 10.00, 4.16, 10.00, 7.86, 3.18, 9.73, 8.47, 9.15, 8.07, 2.48, 8.94, 8.83, 1.00, 10.00, 2.79, 9.87],
  xi_108 = [2.54, 7.04, 1.62, 6.78, 10.00, 9.00, 4.84, 8.27, 8.96, 3.05, 9.05, 3.65, 7.85, 9.46, 1.00, 8.78, 10.00, 7.03, 7.34, 2.25],
  xi_109 = [5.63, 4.23, 2.17, 6.94, 4.56, 1.55, 1.96, 2.42, 1.90, 5.01, 1.13, 2.08, 1.93, 1.91, 5.81, 7.01, 1.00, 2.05, 2.06, 1.00],
  xi_1010 = [1.44, 1.28, 3.33, 2.87, 6.63, 7.82, 1.97, 8.78, 2.29, 1.92, 4.36, 1.42, 2.90, 2.00, 2.23, 2.09, 1.78, 1.67, 2.31, 2.05],
  xi_111 = [3.17, 8.11, 2.37, 8.11, 8.90, 3.68, 8.30, 1.69, 9.78, 10.00, 10.00, 7.80, 4.22, 1.62, 8.05, 1.54, 8.62, 9.73, 8.64, 8.03],
  xi_112 = [3.59, 5.20, 4.80, 5.80, 4.28, 2.23, 1.35, 4.58, 6.07, 2.35, 4.88, 5.60, 3.96, 1.00, 10.00, 9.42, 4.71, 1.50, 4.24, 6.70],
  xi_113 = [1.00, 10.00, 1.00, 1.92, 10.00, 2.42, 8.20, 7.41, 1.00, 10.00, 10.00, 9.15, 3.48, 10.00, 10.00, 3.02, 4.67, 5.58, 9.65, 5.10],
  xi_114 = [9.68, 1.00, 1.00, 1.00, 1.74, 1.25, 1.12, 1.00, 1.62, 2.00, 1.01, 1.00, 1.00, 1.24, 2.72, 2.45, 1.00, 1.15, 1.68, 2.42],
  xi_115 = [9.29, 5.87, 1.33, 6.17, 2.76, 6.45, 5.59, 4.00, 10.00, 5.60, 4.90, 5.62, 5.17, 9.67, 5.35, 6.79, 3.41, 2.03, 5.87, 6.39],
  xi_116 = [1.00, 1.00, 1.86, 6.18, 1.08, 1.12, 4.29, 1.00, 1.63, 1.00, 1.00, 1.00, 1.00, 1.12, 1.15, 1.00, 1.00, 1.03, 1.00, 1.37],
  xi_117 = [10.00, 10.00, 3.79, 10.00, 6.42, 10.00, 7.16, 10.00, 7.77, 7.09, 7.40, 9.34, 1.83, 5.69, 8.57, 5.98, 10.00, 8.88, 9.56, 10.00],
  xi_118 = [6.10, 9.35, 1.99, 6.30, 1.00, 3.01, 6.18, 1.00, 7.31, 2.75, 10.00, 2.10, 1.85, 6.28, 8.99, 9.52, 6.78, 6.37, 6.69, 5.91],
  xi_119 = [1.73, 9.31, 4.28, 9.83, 7.29, 8.14, 1.00, 6.99, 8.34, 9.73, 6.01, 1.26, 9.89, 1.00, 8.51, 5.86, 1.00, 10.00, 6.97, 7.63],
  xi_1110 = [8.51, 6.54, 5.57, 4.57, 3.63, 5.86, 2.73, 5.55, 2.53, 5.03, 10.00, 4.02, 1.48, 8.03, 7.82, 5.42, 6.22, 6.12, 5.06, 9.68],
  xi_121 = [1.04, 3.14, 1.90, 1.00, 1.00, 1.00, 1.00, 7.09, 1.00, 3.52, 2.56, 1.00, 1.00, 1.00, 1.00, 1.04, 1.00, 1.00, 6.57, 1.24],
  xi_122 = [1.91, 1.87, 1.76, 5.30, 2.00, 7.73, 8.52, 4.18, 2.84, 2.05, 7.40, 1.14, 3.34, 1.96, 2.10, 2.44, 1.89, 3.75, 1.00, 4.80],
  xi_123 = [2.62, 1.07, 1.17, 1.00, 3.93, 1.08, 5.73, 2.38, 1.00, 1.24, 4.52, 1.00, 2.95, 1.14, 9.50, 4.83, 1.00, 1.05, 1.00, 2.55],
  xi_124 = [1.11, 4.63, 2.95, 2.93, 2.92, 8.05, 4.16, 2.68, 5.73, 2.45, 8.66, 6.00, 7.03, 4.11, 4.77, 2.98, 1.00, 1.00, 3.71, 2.87],
  xi_125 = [4.19, 6.36, 4.23, 5.98, 1.71, 3.23, 6.93, 2.17, 3.23, 3.30, 9.51, 1.00, 3.00, 3.09, 3.32, 3.96, 5.87, 4.32, 3.06, 3.12],
  xi_126 = [1.00, 5.14, 9.87, 1.16, 1.01, 4.01, 1.63, 1.00, 8.07, 1.06, 1.66, 1.00, 9.57, 4.94, 1.06, 1.00, 1.00, 1.38, 3.46, 4.29],
  xi_127 = [7.60, 3.91, 10.00, 6.07, 7.15, 7.57, 10.00, 7.20, 10.00, 8.31, 6.28, 8.25, 7.00, 7.64, 6.55, 7.65, 1.47, 7.49, 9.83, 2.24],
  xi_128 = [7.05, 1.99, 6.11, 1.83, 4.96, 5.35, 4.09, 3.82, 3.20, 4.72, 4.92, 4.22, 1.00, 5.59, 6.08, 4.55, 10.00, 4.08, 6.88, 8.57],
  xi_129 = [1.91, 3.79, 1.00, 2.62, 1.48, 5.89, 1.07, 2.12, 2.21, 6.08, 2.00, 7.73, 3.07, 3.41, 2.34, 1.03, 2.10, 3.55, 2.78, 4.96],
  xi_1210 = [2.05, 7.95, 2.32, 1.21, 1.95, 2.06, 1.90, 2.25, 9.63, 2.44, 7.66, 2.57, 2.50, 9.40, 1.85, 1.05, 1.99, 1.90, 1.82, 2.67],
  xi_131 = [4.44, 7.40, 5.32, 8.65, 1.00, 1.94, 1.00, 8.87, 10.00, 2.34, 4.59, 1.80, 7.74, 6.55, 4.96, 8.40, 8.34, 8.87, 8.65, 1.74],
  xi_132 = [10.00, 9.41, 3.43, 8.27, 7.29, 1.52, 8.76, 10.00, 10.00, 10.00, 8.90, 3.74, 3.14, 2.87, 8.11, 9.62, 8.32, 10.00, 10.00, 8.55],
  xi_133 = [4.77, 1.73, 2.63, 2.83, 2.53, 3.94, 3.18, 6.12, 6.17, 2.96, 4.92, 9.30, 7.45, 2.28, 2.48, 3.10, 3.55, 2.26, 9.72, 4.87],
  xi_134 = [1.82, 3.46, 5.94, 8.89, 4.87, 1.00, 8.38, 3.70, 8.38, 8.64, 3.78, 7.62, 3.89, 4.84, 4.25, 5.32, 7.77, 5.35, 4.16, 2.28],
  xi_135 = [10.00, 7.74, 1.02, 10.00, 4.93, 7.88, 10.00, 6.51, 8.39, 4.82, 5.88, 3.38, 3.31, 6.83, 7.43, 9.52, 8.02, 1.06, 9.96, 8.81],
  xi_136 = [2.30, 8.29, 8.35, 1.25, 8.10, 1.88, 1.93, 2.04, 3.70, 4.44, 1.09, 2.33, 2.00, 1.83, 8.01, 7.18, 2.08, 8.06, 2.13, 1.94],
  xi_137 = [8.54, 1.90, 1.53, 1.00, 1.00, 9.02, 6.23, 1.02, 1.00, 1.00, 1.00, 1.00, 1.03, 2.42, 1.00, 2.09, 1.13, 6.30, 1.00, 6.26],
  xi_138 = [7.07, 7.15, 4.00, 5.65, 9.58, 10.00, 7.49, 3.10, 7.71, 8.53, 10.00, 9.38, 5.99, 6.86, 9.91, 10.00, 1.82, 8.14, 6.03, 10.00],
  xi_139 = [4.13, 6.93, 4.32, 6.58, 4.10, 9.70, 4.22, 8.33, 1.36, 3.28, 9.00, 3.67, 4.99, 6.94, 4.05, 4.25, 7.18, 2.58, 4.64, 3.88],
  xi_1310 = [1.00, 3.24, 4.16, 6.34, 1.00, 1.72, 2.07, 2.65, 1.12, 1.08, 1.00, 1.00, 4.96, 9.83, 1.00, 1.00, 1.00, 1.00, 1.00, 1.00],
  xi_141 = [3.06, 1.23, 7.78, 1.00, 1.00, 8.88, 1.00, 1.00, 6.30, 1.00, 1.00, 6.54, 5.40, 1.00, 1.00, 4.41, 1.04, 1.00, 1.99, 1.00],
  xi_142 = [9.04, 7.99, 2.27, 3.10, 1.00, 1.47, 9.84, 3.17, 6.28, 1.00, 1.19, 2.76, 2.82, 2.57, 2.41, 2.93, 3.38, 4.26, 2.75, 1.65],
  xi_143 = [2.33, 9.46, 1.07, 1.06, 5.49, 6.16, 1.04, 1.00, 6.50, 6.10, 7.35, 2.69, 1.00, 1.12, 3.66, 1.00, 1.00, 1.00, 1.00, 1.00],
  xi_144 = [7.33, 2.61, 6.45, 10.00, 4.66, 1.00, 1.00, 10.00, 6.92, 4.16, 9.96, 10.00, 5.94, 5.78, 6.70, 5.57, 4.90, 5.60, 5.25, 2.58],
  xi_145 = [2.79, 3.02, 1.02, 1.00, 1.78, 1.00, 8.57, 1.00, 4.59, 3.31, 1.00, 9.61, 1.00, 1.80, 1.00, 3.89, 1.26, 3.86, 2.17, 9.07],
  xi_146 = [7.79, 5.16, 2.50, 8.71, 2.19, 5.87, 6.71, 8.46, 6.70, 6.96, 5.30, 7.16, 9.43, 5.37, 6.43, 5.73, 3.59, 6.29, 5.43, 9.17],
  xi_147 = [7.09, 8.05, 1.26, 8.15, 8.00, 9.46, 7.33, 7.86, 10.00, 4.36, 5.55, 8.73, 10.00, 8.29, 1.00, 9.26, 10.00, 6.66, 10.00, 5.14],
  xi_148 = [9.62, 3.60, 5.64, 3.16, 3.65, 6.30, 1.19, 3.90, 2.70, 5.34, 9.35, 1.76, 3.10, 3.91, 3.13, 2.80, 2.90, 1.00, 3.17, 2.94],
  xi_149 = [7.07, 3.30, 6.77, 5.05, 10.00, 6.67, 1.21, 7.58, 7.62, 6.96, 7.69, 5.98, 1.96, 6.69, 1.74, 7.44, 2.43, 10.00, 7.44, 4.40],
  xi_1410 = [1.59, 7.84, 4.37, 5.77, 2.08, 5.74, 10.00, 10.00, 10.00, 8.63, 10.00, 10.00, 1.67, 10.00, 10.00, 9.33, 10.00, 5.13, 9.47, 10.00],
  xi_151 = [8.25, 7.42, 1.78, 1.00, 8.63, 2.09, 2.01, 2.09, 2.36, 9.35, 3.42, 1.00, 6.07, 2.05, 1.72, 1.00, 1.00, 1.97, 4.43, 1.85],
  xi_152 = [4.92, 3.26, 2.95, 3.08, 3.32, 2.61, 3.05, 3.23, 3.01, 2.02, 2.23, 3.10, 9.29, 3.53, 3.03, 2.85, 4.39, 3.02, 3.72, 7.02],
  xi_153 = [5.17, 6.17, 1.00, 3.97, 1.79, 2.48, 4.70, 5.68, 7.06, 6.02, 6.78, 5.20, 6.78, 10.00, 4.93, 6.01, 4.06, 5.24, 5.49, 9.28],
  xi_154 = [6.00, 5.87, 9.84, 6.65, 4.91, 3.28, 5.77, 5.24, 10.00, 8.33, 10.00, 4.11, 2.80, 5.14, 4.38, 10.00, 1.00, 1.11, 5.01, 1.00],
  xi_155 = [1.00, 3.40, 1.18, 1.07, 7.31, 6.13, 1.00, 3.49, 1.57, 3.14, 1.14, 1.00, 2.44, 5.26, 1.00, 1.00, 1.00, 1.00, 1.12, 9.46],
  xi_156 = [8.01, 5.89, 7.01, 6.90, 4.91, 7.89, 7.10, 5.04, 7.30, 2.43, 7.14, 9.49, 6.70, 10.00, 10.00, 7.84, 2.73, 4.59, 6.26, 3.61],
  xi_157 = [3.12, 1.09, 2.02, 10.00, 8.74, 5.15, 7.40, 6.99, 3.24, 8.28, 7.44, 9.10, 8.90, 8.34, 10.00, 8.84, 6.79, 8.36, 9.06, 10.00],
  xi_158 = [8.30, 5.02, 10.00, 8.41, 3.60, 5.55, 6.92, 10.00, 1.00, 8.21, 10.00, 9.75, 7.34, 7.76, 1.21, 9.97, 7.64, 7.55, 8.18, 4.12],
  xi_159 = [1.84, 7.72, 6.05, 10.00, 10.00, 9.57, 9.23, 10.00, 9.02, 1.00, 7.89, 6.48, 9.69, 9.34, 5.05, 2.84, 5.57, 9.78, 8.84, 10.00],
  xi_1510 = [2.57, 8.22, 4.63, 3.51, 8.84, 8.65, 6.69, 4.62, 5.37, 9.46, 7.16, 7.65, 6.42, 1.12, 6.61, 6.80, 1.00, 7.66, 5.83, 2.07],
  xi_161 = [8.14, 9.73, 1.14, 2.40, 3.77, 6.55, 7.37, 3.31, 7.82, 3.27, 2.97, 1.00, 1.37, 9.40, 3.28, 9.18, 7.88, 3.40, 5.32, 3.32],
  xi_162 = [9.97, 1.82, 3.46, 1.91, 1.62, 1.00, 1.42, 1.87, 9.30, 3.66, 2.41, 3.75, 1.00, 3.31, 1.00, 1.00, 9.72, 2.38, 1.00, 6.56],
  xi_163 = [10.00, 3.59, 10.00, 7.59, 8.67, 10.00, 7.57, 1.47, 4.74, 8.45, 2.20, 5.25, 6.69, 3.82, 10.00, 8.14, 8.43, 10.00, 4.81, 10.00],
  xi_164 = [1.83, 2.43, 1.94, 1.95, 2.60, 2.26, 2.24, 1.68, 3.01, 2.65, 5.72, 1.15, 7.32, 5.24, 1.91, 2.73, 2.15, 1.79, 1.09, 2.05],
  xi_165 = [10.00, 8.42, 4.36, 4.82, 1.13, 1.15, 10.00, 10.00, 4.42, 10.00, 8.54, 8.80, 1.00, 1.00, 10.00, 8.29, 8.60, 7.84, 8.90, 10.00],
  xi_166 = [3.44, 3.60, 4.87, 4.70, 7.13, 1.46, 3.64, 5.80, 3.96, 4.75, 4.29, 3.96, 4.38, 9.84, 4.35, 1.00, 3.62, 4.04, 4.34, 3.81],
  xi_167 = [1.00, 8.57, 6.08, 1.00, 6.60, 1.39, 9.72, 6.52, 5.91, 4.55, 9.07, 6.27, 3.78, 2.19, 5.82, 3.00, 5.78, 2.59, 6.32, 5.60],
  xi_168 = [4.17, 2.71, 3.74, 9.01, 4.65, 3.77, 3.52, 3.95, 4.98, 4.11, 1.76, 4.37, 4.22, 3.34, 4.13, 6.96, 7.39, 3.97, 4.56, 4.04],
  xi_169 = [5.98, 7.42, 5.75, 6.56, 8.67, 9.48, 6.57, 5.29, 6.74, 4.71, 5.22, 10.00, 9.79, 6.58, 7.69, 5.91, 10.00, 9.54, 5.95, 1.45],
  xi_1610 = [6.11, 3.25, 3.08, 9.18, 2.88, 8.67, 2.79, 3.44, 2.43, 3.06, 2.77, 9.55, 2.95, 2.77, 2.11, 3.37, 5.82, 3.02, 8.88, 1.00],
  xi_171 = [10.00, 10.00, 1.00, 8.57, 9.61, 8.41, 7.77, 9.88, 3.87, 10.00, 4.71, 8.10, 10.00, 8.73, 8.43, 2.96, 1.00, 1.16, 9.52, 3.54],
  xi_172 = [4.03, 6.24, 1.98, 5.81, 7.62, 3.31, 5.54, 10.00, 1.99, 6.11, 5.93, 1.39, 5.89, 5.77, 1.42, 7.32, 1.12, 2.86, 3.05, 7.52],
  xi_173 = [1.00, 1.00, 1.00, 1.06, 1.24, 1.00, 1.48, 5.55, 1.08, 3.22, 1.00, 3.79, 7.19, 1.00, 1.19, 3.10, 1.18, 5.63, 8.51, 1.07],
  xi_174 = [2.70, 7.08, 1.00, 1.58, 9.12, 7.16, 7.53, 7.22, 8.96, 4.73, 10.00, 6.60, 7.08, 9.41, 3.99, 6.52, 1.01, 4.31, 4.36, 5.10],
  xi_175 = [10.00, 4.43, 4.67, 9.39, 3.66, 9.56, 10.00, 10.00, 4.20, 1.92, 10.00, 10.00, 1.00, 7.50, 10.00, 9.63, 8.32, 10.00, 10.00, 2.66],
  xi_176 = [5.65, 3.80, 3.97, 4.02, 5.72, 10.00, 2.16, 5.04, 1.00, 4.38, 4.47, 4.04, 7.43, 7.85, 1.00, 3.96, 7.02, 3.77, 1.90, 5.15],
  xi_177 = [3.93, 4.66, 8.15, 1.00, 4.83, 1.56, 3.89, 2.13, 3.14, 4.85, 1.76, 4.96, 4.26, 3.27, 2.04, 4.55, 3.90, 4.72, 3.44, 5.86],
  xi_178 = [3.46, 1.00, 1.05, 1.00, 1.12, 3.28, 1.45, 3.35, 1.00, 8.93, 1.00, 9.60, 1.00, 1.37, 1.00, 6.25, 1.16, 1.00, 9.17, 1.00],
  xi_179 = [8.80, 1.00, 3.36, 3.53, 10.00, 4.03, 9.39, 7.82, 6.30, 10.00, 6.73, 1.27, 10.00, 6.00, 1.63, 5.70, 3.28, 3.67, 8.38, 9.69],
  xi_1710 = [5.35, 2.68, 4.94, 3.63, 4.89, 3.67, 2.70, 3.53, 7.35, 4.36, 3.76, 3.90, 10.00, 5.04, 3.71, 3.39, 3.42, 7.66, 6.17, 4.11],
  xi_181 = [4.68, 6.37, 5.09, 8.61, 7.02, 3.24, 1.11, 1.00, 9.50, 2.67, 5.18, 1.00, 10.00, 1.09, 1.00, 3.50, 2.24, 6.24, 2.59, 10.00],
  xi_182 = [3.92, 10.00, 2.03, 9.23, 8.75, 9.20, 10.00, 9.06, 9.35, 1.00, 4.44, 1.55, 1.56, 10.00, 8.53, 10.00, 2.49, 10.00, 10.00, 10.00],
  xi_183 = [4.41, 3.91, 3.82, 2.19, 4.23, 4.79, 5.13, 3.60, 8.00, 3.75, 5.73, 4.46, 4.12, 3.76, 5.03, 1.71, 10.00, 8.59, 4.32, 3.13],
  xi_184 = [5.17, 9.29, 1.00, 2.76, 10.00, 9.95, 2.14, 6.24, 7.01, 4.75, 10.00, 4.41, 7.52, 4.80, 4.51, 5.60, 5.33, 5.65, 10.00, 9.70],
  xi_185 = [5.73, 2.90, 4.11, 2.27, 6.23, 1.00, 8.87, 9.57, 6.38, 10.00, 6.88, 7.60, 2.35, 5.80, 4.14, 5.96, 6.31, 7.67, 6.85, 5.81],
  xi_186 = [6.19, 9.28, 4.08, 2.23, 7.36, 6.69, 6.39, 6.10, 6.14, 6.99, 10.00, 7.17, 4.52, 3.22, 5.85, 6.18, 2.31, 7.77, 6.62, 6.98],
  xi_187 = [3.14, 9.98, 2.14, 8.42, 1.98, 5.05, 4.49, 5.19, 3.15, 10.00, 1.89, 5.93, 6.53, 4.35, 5.54, 5.84, 8.08, 1.00, 10.00, 4.98],
  xi_188 = [7.43, 1.00, 7.54, 8.23, 6.79, 7.71, 6.55, 10.00, 7.19, 6.50, 6.44, 10.00, 10.00, 10.00, 1.27, 8.20, 8.18, 6.43, 3.99, 8.01],
  xi_189 = [5.08, 5.19, 2.53, 5.83, 9.46, 7.47, 5.29, 4.44, 10.00, 9.26, 7.91, 5.34, 2.90, 4.50, 4.02, 5.82, 3.88, 5.97, 4.05, 4.86],
  xi_1810 = [1.00, 1.67, 1.00, 1.00, 1.00, 1.00, 1.00, 1.00, 1.00, 1.03, 1.62, 1.00, 6.42, 6.59, 1.07, 1.16, 4.76, 1.00, 1.09, 2.03],
  xi_191 = [1.54, 6.68, 2.30, 2.02, 5.99, 2.11, 1.68, 4.08, 3.00, 3.38, 1.93, 2.41, 2.55, 1.87, 1.00, 2.30, 2.13, 1.23, 2.25, 1.97],
  xi_192 = [9.45, 10.00, 8.10, 10.00, 8.92, 1.00, 9.92, 10.00, 8.00, 6.44, 10.00, 4.89, 10.00, 5.56, 10.00, 7.67, 1.26, 1.88, 4.99, 10.00],
  xi_193 = [3.67, 2.63, 2.70, 3.56, 3.36, 1.30, 9.07, 2.98, 9.59, 3.14, 3.38, 2.32, 5.39, 1.00, 2.80, 8.30, 2.84, 9.28, 1.00, 5.97],
  xi_194 = [5.99, 3.90, 4.61, 1.00, 5.18, 2.65, 4.41, 2.06, 7.72, 5.03, 4.58, 1.88, 4.64, 7.99, 4.30, 10.00, 1.00, 6.20, 1.00, 2.85],
  xi_195 = [9.68, 6.55, 7.59, 6.35, 5.57, 5.97, 3.92, 5.36, 8.91, 6.03, 9.24, 6.28, 5.22, 1.00, 1.97, 7.39, 6.76, 6.92, 5.50, 5.17],
  xi_196 = [1.00, 3.16, 7.03, 4.99, 5.40, 4.60, 2.91, 1.33, 2.02, 2.03, 6.07, 2.91, 2.09, 9.05, 2.66, 1.00, 4.97, 4.64, 3.69, 3.63],
  xi_197 = [5.57, 7.54, 2.85, 10.00, 1.00, 9.19, 1.00, 5.55, 1.97, 1.00, 7.70, 5.83, 6.75, 5.55, 6.29, 8.04, 5.45, 7.22, 9.61, 8.96],
  xi_198 = [1.18, 1.37, 1.00, 1.00, 1.18, 1.00, 1.00, 3.59, 1.00, 2.20, 1.00, 1.16, 1.08, 1.00, 1.00, 7.75, 1.00, 6.40, 1.16, 8.20],
  xi_199 = [6.63, 6.73, 6.95, 4.40, 8.07, 7.21, 9.00, 6.83, 1.03, 7.62, 8.06, 6.07, 10.00, 1.00, 7.17, 6.60, 10.00, 3.61, 7.93, 5.78],
  xi_1910 = [8.07, 3.00, 7.28, 6.53, 10.00, 8.84, 8.29, 6.88, 9.95, 6.26, 7.14, 8.31, 7.71, 8.54, 6.52, 10.00, 7.75, 10.00, 10.00, 7.21],
  xi_201 = [4.70, 6.83, 8.95, 3.55, 4.42, 2.34, 4.24, 1.00, 9.57, 3.94, 1.00, 4.21, 4.74, 2.83, 1.00, 5.51, 3.72, 9.17, 3.10, 1.00],
  xi_202 = [1.00, 10.00, 3.44, 2.49, 7.18, 6.76, 3.92, 4.75, 3.86, 4.59, 6.23, 4.64, 6.02, 10.00, 4.31, 1.78, 4.97, 4.90, 1.26, 5.53],
  xi_203 = [6.10, 3.47, 8.49, 4.36, 2.57, 1.09, 2.88, 2.32, 3.11, 1.65, 3.00, 3.85, 2.57, 3.19, 1.63, 7.20, 3.05, 5.43, 2.75, 1.36],
  xi_204 = [2.72, 1.84, 2.51, 2.21, 1.91, 2.08, 2.21, 1.70, 6.38, 4.55, 1.00, 1.57, 1.92, 2.14, 5.04, 5.56, 2.28, 3.60, 7.52, 1.81],
  xi_205 = [3.59, 6.17, 7.71, 6.50, 10.00, 10.00, 7.36, 2.03, 9.37, 10.00, 6.26, 7.37, 5.76, 3.30, 10.00, 6.20, 7.01, 10.00, 6.37, 10.00],
  xi_206 = [9.12, 7.02, 9.15, 10.00, 6.83, 9.64, 6.42, 5.95, 9.67, 10.00, 7.78, 10.00, 5.00, 7.22, 7.02, 5.27, 9.87, 10.00, 8.71, 10.00],
  xi_207 = [3.97, 5.53, 1.00, 3.67, 1.82, 3.83, 1.88, 1.84, 7.41, 8.94, 4.20, 2.24, 1.84, 1.00, 1.78, 1.76, 1.70, 1.00, 1.00, 8.79],
  xi_208 = [8.85, 4.50, 9.25, 7.74, 3.88, 8.91, 6.61, 7.90, 1.00, 9.00, 7.48, 1.27, 10.00, 8.82, 1.00, 9.44, 5.47, 9.53, 10.00, 10.00],
  xi_209 = [6.99, 9.43, 8.62, 8.73, 8.40, 7.36, 6.55, 7.37, 7.90, 5.85, 10.00, 9.14, 10.00, 9.87, 4.07, 7.49, 1.43, 2.59, 6.94, 9.92],
  xi_2010 = [6.88, 3.33, 8.94, 8.76, 10.00, 3.90, 8.12, 6.23, 2.20, 1.00, 1.00, 6.54, 7.66, 1.00, 10.00, 6.89, 1.65, 5.87, 6.59, 9.64],
]

Transportation Costs (cjk) = [
  [0.21, 5.58, 0.76, 1.79, 10.00, 2.79, 8.30, 10.00, 1.50, 10.00],
  [2.77, 10.00, 2.36, 3.78, 0.67, 2.63, 1.36, 5.53, 10.00, 5.48],
  [4.80, 1.91, 6.87, 2.61, 3.40, 7.32, 10.00, 2.66, 1.74, 10.00],
  [5.62, 1.41, 9.45, 6.49, 0.10, 0.10, 8.19, 1.78, 0.10, 2.66],
  [7.94, 6.49, 10.00, 2.97, 3.29, 0.38, 7.01, 3.73, 5.37, 0.72],
  [0.97, 4.53, 2.12, 0.21, 1.13, 0.91, 10.00, 0.40, 0.36, 7.67],
  [0.65, 10.00, 7.45, 7.62, 4.24, 10.00, 5.27, 1.00, 5.14, 3.92],
  [10.00, 10.00, 1.86, 4.98, 9.63, 6.62, 0.10, 10.00, 10.00, 0.69],
  [4.77, 2.75, 0.10, 10.00, 10.00, 8.86, 0.10, 1.76, 10.00, 2.07],
  [9.51, 1.00, 0.10, 5.30, 6.78, 3.99, 5.59, 2.04, 1.29, 10.00],
  [1.89, 0.10, 1.78, 2.85, 10.00, 2.73, 10.00, 2.39, 2.17, 0.91],
  [7.25, 6.67, 2.36, 0.53, 6.05, 6.54, 10.00, 2.70, 3.79, 6.82],
  [10.00, 0.51, 2.56, 0.10, 0.10, 0.10, 6.46, 2.12, 0.10, 3.11],
  [10.00, 2.32, 0.76, 5.86, 0.10, 10.00, 2.00, 5.43, 1.23, 8.09],
  [2.84, 2.32, 10.00, 6.49, 0.24, 7.44, 2.08, 0.10, 10.00, 6.36],
  [10.00, 4.14, 0.10, 9.41, 0.33, 0.10, 5.43, 6.80, 6.63, 7.06],
  [2.38, 8.43, 1.26, 5.19, 6.97, 2.00, 0.10, 8.72, 5.04, 3.42],
  [6.47, 1.99, 7.82, 0.10, 1.51, 10.00, 8.75, 0.10, 10.00, 9.72],
  [4.46, 0.10, 0.10, 9.71, 2.29, 0.55, 6.25, 7.75, 0.10, 0.36],
  [10.00, 3.02, 5.89, 1.05, 0.90, 2.67, 9.78, 2.21, 4.26, 8.99],
]

Mean Service Times (¦Ì_{jk}) = [
  mu_11 = [6.08],
  mu_12 = [5.37],
  mu_13 = [2.62],
  mu_14 = [5.09],
  mu_15 = [3.74],
  mu_16 = [4.12],
  mu_17 = [4.93],
  mu_18 = [1.41],
  mu_19 = [4.28],
  mu_110 = [6.74],
  mu_21 = [7.49],
  mu_22 = [6.45],
  mu_23 = [5.45],
  mu_24 = [5.75],
  mu_25 = [6.15],
  mu_26 = [3.67],
  mu_27 = [8.35],
  mu_28 = [2.51],
  mu_29 = [2.78],
  mu_210 = [7.61],
  mu_31 = [2.85],
  mu_32 = [6.31],
  mu_33 = [6.31],
  mu_34 = [6.85],
  mu_35 = [3.31],
  mu_36 = [5.88],
  mu_37 = [6.65],
  mu_38 = [6.39],
  mu_39 = [2.39],
  mu_310 = [6.44],
  mu_41 = [3.47],
  mu_42 = [4.45],
  mu_43 = [7.26],
  mu_44 = [6.20],
  mu_45 = [6.57],
  mu_46 = [7.93],
  mu_47 = [6.45],
  mu_48 = [5.19],
  mu_49 = [4.14],
  mu_410 = [6.58],
  mu_51 = [7.04],
  mu_52 = [7.01],
  mu_53 = [5.03],
  mu_54 = [4.53],
  mu_55 = [3.10],
  mu_56 = [1.47],
  mu_57 = [6.61],
  mu_58 = [7.10],
  mu_59 = [7.16],
  mu_510 = [5.37],
  mu_61 = [4.93],
  mu_62 = [7.25],
  mu_63 = [5.05],
  mu_64 = [6.45],
  mu_65 = [6.54],
  mu_66 = [5.96],
  mu_67 = [5.73],
  mu_68 = [3.35],
  mu_69 = [8.37],
  mu_610 = [5.75],
  mu_71 = [7.67],
  mu_72 = [5.80],
  mu_73 = [4.29],
  mu_74 = [5.91],
  mu_75 = [4.80],
  mu_76 = [4.89],
  mu_77 = [3.70],
  mu_78 = [6.03],
  mu_79 = [4.96],
  mu_710 = [5.52],
  mu_81 = [5.44],
  mu_82 = [4.06],
  mu_83 = [6.50],
  mu_84 = [7.15],
  mu_85 = [3.42],
  mu_86 = [7.89],
  mu_87 = [6.55],
  mu_88 = [5.70],
  mu_89 = [4.16],
  mu_810 = [2.10],
  mu_91 = [7.24],
  mu_92 = [7.23],
  mu_93 = [4.13],
  mu_94 = [6.20],
  mu_95 = [3.16],
  mu_96 = [7.17],
  mu_97 = [6.65],
  mu_98 = [5.63],
  mu_99 = [3.37],
  mu_910 = [5.45],
  mu_101 = [4.06],
  mu_102 = [5.80],
  mu_103 = [6.13],
  mu_104 = [3.10],
  mu_105 = [7.09],
  mu_106 = [3.75],
  mu_107 = [6.96],
  mu_108 = [6.43],
  mu_109 = [3.12],
  mu_1010 = [3.06],
  mu_111 = [6.62],
  mu_112 = [4.61],
  mu_113 = [6.18],
  mu_114 = [1.85],
  mu_115 = [5.61],
  mu_116 = [1.54],
  mu_117 = [7.97],
  mu_118 = [5.48],
  mu_119 = [6.24],
  mu_1110 = [5.72],
  mu_121 = [1.95],
  mu_122 = [3.40],
  mu_123 = [2.54],
  mu_124 = [3.99],
  mu_125 = [4.08],
  mu_126 = [3.17],
  mu_127 = [7.11],
  mu_128 = [4.95],
  mu_129 = [3.06],
  mu_1210 = [3.36],
  mu_131 = [5.63],
  mu_132 = [7.60],
  mu_133 = [4.34],
  mu_134 = [5.22],
  mu_135 = [6.77],
  mu_136 = [3.95],
  mu_137 = [2.77],
  mu_138 = [7.42],
  mu_139 = [5.21],
  mu_1310 = [2.36],
  mu_141 = [2.83],
  mu_142 = [3.59],
  mu_143 = [3.05],
  mu_144 = [5.82],
  mu_145 = [3.14],
  mu_146 = [6.25],
  mu_147 = [7.31],
  mu_148 = [3.96],
  mu_149 = [5.90],
  mu_1410 = [7.58],
  mu_151 = [3.47],
  mu_152 = [3.68],
  mu_153 = [5.39],
  mu_154 = [5.52],
  mu_155 = [2.69],
  mu_156 = [6.54],
  mu_157 = [7.14],
  mu_158 = [7.03],
  mu_159 = [7.50],
  mu_1510 = [5.74],
  mu_161 = [5.03],
  mu_162 = [3.41],
  mu_163 = [7.07],
  mu_164 = [2.69],
  mu_165 = [6.86],
  mu_166 = [4.35],
  mu_167 = [5.09],
  mu_168 = [4.47],
  mu_169 = [6.96],
  mu_1610 = [4.36],
  mu_171 = [6.86],
  mu_172 = [4.75],
  mu_173 = [2.57],
  mu_174 = [5.77],
  mu_175 = [7.35],
  mu_176 = [4.62],
  mu_177 = [3.85],
  mu_178 = [2.91],
  mu_179 = [6.03],
  mu_1710 = [4.71],
  mu_181 = [4.61],
  mu_182 = [7.06],
  mu_183 = [4.73],
  mu_184 = [6.29],
  mu_185 = [5.82],
  mu_186 = [6.10],
  mu_187 = [5.38],
  mu_188 = [7.07],
  mu_189 = [5.69],
  mu_1810 = [1.87],
  mu_191 = [2.62],
  mu_192 = [7.40],
  mu_193 = [4.21],
  mu_194 = [4.35],
  mu_195 = [6.07],
  mu_196 = [3.76],
  mu_197 = [5.85],
  mu_198 = [2.21],
  mu_199 = [6.53],
  mu_1910 = [7.91],
  mu_201 = [4.29],
  mu_202 = [4.88],
  mu_203 = [3.50],
  mu_204 = [3.03],
  mu_205 = [7.25],
  mu_206 = [8.23],
  mu_207 = [3.26],
  mu_208 = [7.03],
  mu_209 = [7.43],
  mu_2010 = [5.81],
]

Mean Transportation Times (¦Ó_{jk}) = [
  tau_11 = [2.59],
  tau_12 = [1.52],
  tau_13 = [1.75],
  tau_14 = [2.97],
  tau_15 = [1.58],
  tau_16 = [1.62],
  tau_17 = [1.83],
  tau_18 = [1.91],
  tau_19 = [2.81],
  tau_110 = [3.44],
  tau_21 = [3.30],
  tau_22 = [3.26],
  tau_23 = [2.55],
  tau_24 = [1.29],
  tau_25 = [3.57],
  tau_26 = [1.90],
  tau_27 = [3.81],
  tau_28 = [2.00],
  tau_29 = [4.11],
  tau_210 = [3.59],
  tau_31 = [2.16],
  tau_32 = [3.84],
  tau_33 = [1.54],
  tau_34 = [2.34],
  tau_35 = [2.57],
  tau_36 = [2.03],
  tau_37 = [1.30],
  tau_38 = [3.91],
  tau_39 = [2.91],
  tau_310 = [3.39],
  tau_41 = [3.15],
  tau_42 = [1.64],
  tau_43 = [2.29],
  tau_44 = [3.35],
  tau_45 = [2.50],
  tau_46 = [3.03],
  tau_47 = [3.24],
  tau_48 = [3.89],
  tau_49 = [2.25],
  tau_410 = [2.48],
  tau_51 = [2.48],
  tau_52 = [2.09],
  tau_53 = [1.29],
  tau_54 = [3.46],
  tau_55 = [2.16],
  tau_56 = [3.41],
  tau_57 = [2.75],
  tau_58 = [2.23],
  tau_59 = [3.40],
  tau_510 = [3.57],
  tau_61 = [2.53],
  tau_62 = [3.48],
  tau_63 = [3.05],
  tau_64 = [3.49],
  tau_65 = [1.39],
  tau_66 = [2.35],
  tau_67 = [3.64],
  tau_68 = [3.03],
  tau_69 = [1.78],
  tau_610 = [3.64],
  tau_71 = [1.66],
  tau_72 = [1.91],
  tau_73 = [3.51],
  tau_74 = [1.59],
  tau_75 = [3.64],
  tau_76 = [3.89],
  tau_77 = [2.75],
  tau_78 = [2.55],
  tau_79 = [2.39],
  tau_710 = [3.30],
  tau_81 = [3.72],
  tau_82 = [2.95],
  tau_83 = [3.76],
  tau_84 = [2.07],
  tau_85 = [1.87],
  tau_86 = [3.28],
  tau_87 = [3.01],
  tau_88 = [2.20],
  tau_89 = [1.70],
  tau_810 = [3.42],
  tau_91 = [2.73],
  tau_92 = [2.80],
  tau_93 = [3.29],
  tau_94 = [3.52],
  tau_95 = [2.85],
  tau_96 = [1.62],
  tau_97 = [3.15],
  tau_98 = [2.29],
  tau_99 = [1.88],
  tau_910 = [3.92],
  tau_101 = [4.43],
  tau_102 = [3.15],
  tau_103 = [4.24],
  tau_104 = [2.55],
  tau_105 = [3.97],
  tau_106 = [2.66],
  tau_107 = [3.10],
  tau_108 = [1.98],
  tau_109 = [3.01],
  tau_1010 = [2.35],
  tau_111 = [1.82],
  tau_112 = [2.22],
  tau_113 = [3.36],
  tau_114 = [2.02],
  tau_115 = [3.04],
  tau_116 = [3.43],
  tau_117 = [3.16],
  tau_118 = [4.10],
  tau_119 = [2.53],
  tau_1110 = [2.52],
  tau_121 = [2.10],
  tau_122 = [2.43],
  tau_123 = [3.36],
  tau_124 = [1.29],
  tau_125 = [1.73],
  tau_126 = [3.33],
  tau_127 = [1.97],
  tau_128 = [2.38],
  tau_129 = [1.90],
  tau_1210 = [1.47],
  tau_131 = [3.04],
  tau_132 = [3.62],
  tau_133 = [1.44],
  tau_134 = [1.54],
  tau_135 = [1.97],
  tau_136 = [2.60],
  tau_137 = [2.13],
  tau_138 = [3.77],
  tau_139 = [3.71],
  tau_1310 = [2.67],
  tau_141 = [2.31],
  tau_142 = [3.62],
  tau_143 = [2.39],
  tau_144 = [1.83],
  tau_145 = [1.88],
  tau_146 = [3.85],
  tau_147 = [2.11],
  tau_148 = [2.47],
  tau_149 = [1.95],
  tau_1410 = [2.89],
  tau_151 = [3.46],
  tau_152 = [2.85],
  tau_153 = [2.90],
  tau_154 = [3.81],
  tau_155 = [2.23],
  tau_156 = [2.62],
  tau_157 = [2.46],
  tau_158 = [3.29],
  tau_159 = [1.35],
  tau_1510 = [3.18],
  tau_161 = [3.74],
  tau_162 = [3.57],
  tau_163 = [3.98],
  tau_164 = [1.69],
  tau_165 = [2.78],
  tau_166 = [2.03],
  tau_167 = [1.60],
  tau_168 = [3.42],
  tau_169 = [3.20],
  tau_1610 = [1.82],
  tau_171 = [3.56],
  tau_172 = [3.15],
  tau_173 = [1.92],
  tau_174 = [3.51],
  tau_175 = [3.65],
  tau_176 = [4.07],
  tau_177 = [2.24],
  tau_178 = [3.09],
  tau_179 = [1.10],
  tau_1710 = [1.78],
  tau_181 = [3.30],
  tau_182 = [4.06],
  tau_183 = [3.95],
  tau_184 = [3.74],
  tau_185 = [4.12],
  tau_186 = [2.85],
  tau_187 = [2.72],
  tau_188 = [3.67],
  tau_189 = [3.30],
  tau_1810 = [2.37],
  tau_191 = [3.62],
  tau_192 = [3.15],
  tau_193 = [3.36],
  tau_194 = [2.65],
  tau_195 = [2.84],
  tau_196 = [2.66],
  tau_197 = [4.07],
  tau_198 = [3.37],
  tau_199 = [1.69],
  tau_1910 = [1.74],
  tau_201 = [3.06],
  tau_202 = [3.33],
  tau_203 = [2.99],
  tau_204 = [1.39],
  tau_205 = [3.88],
  tau_206 = [3.36],
  tau_207 = [2.00],
  tau_208 = [2.91],
  tau_209 = [2.97],
  tau_2010 = [4.42],
]

Epsilon + ¦Ì_{jk} = [
  epsilon_plus_mu_11 = [9.12],
  epsilon_plus_mu_12 = [8.05],
  epsilon_plus_mu_13 = [3.93],
  epsilon_plus_mu_14 = [7.64],
  epsilon_plus_mu_15 = [5.61],
  epsilon_plus_mu_16 = [6.18],
  epsilon_plus_mu_17 = [7.39],
  epsilon_plus_mu_18 = [2.12],
  epsilon_plus_mu_19 = [6.43],
  epsilon_plus_mu_110 = [10.12],
  epsilon_plus_mu_21 = [11.24],
  epsilon_plus_mu_22 = [9.67],
  epsilon_plus_mu_23 = [8.18],
  epsilon_plus_mu_24 = [8.63],
  epsilon_plus_mu_25 = [9.23],
  epsilon_plus_mu_26 = [5.50],
  epsilon_plus_mu_27 = [12.52],
  epsilon_plus_mu_28 = [3.77],
  epsilon_plus_mu_29 = [4.17],
  epsilon_plus_mu_210 = [11.42],
  epsilon_plus_mu_31 = [4.27],
  epsilon_plus_mu_32 = [9.46],
  epsilon_plus_mu_33 = [9.46],
  epsilon_plus_mu_34 = [10.27],
  epsilon_plus_mu_35 = [4.97],
  epsilon_plus_mu_36 = [8.82],
  epsilon_plus_mu_37 = [9.98],
  epsilon_plus_mu_38 = [9.59],
  epsilon_plus_mu_39 = [3.59],
  epsilon_plus_mu_310 = [9.66],
  epsilon_plus_mu_41 = [5.20],
  epsilon_plus_mu_42 = [6.67],
  epsilon_plus_mu_43 = [10.89],
  epsilon_plus_mu_44 = [9.31],
  epsilon_plus_mu_45 = [9.86],
  epsilon_plus_mu_46 = [11.90],
  epsilon_plus_mu_47 = [9.68],
  epsilon_plus_mu_48 = [7.78],
  epsilon_plus_mu_49 = [6.20],
  epsilon_plus_mu_410 = [9.87],
  epsilon_plus_mu_51 = [10.56],
  epsilon_plus_mu_52 = [10.52],
  epsilon_plus_mu_53 = [7.55],
  epsilon_plus_mu_54 = [6.79],
  epsilon_plus_mu_55 = [4.66],
  epsilon_plus_mu_56 = [2.20],
  epsilon_plus_mu_57 = [9.92],
  epsilon_plus_mu_58 = [10.66],
  epsilon_plus_mu_59 = [10.73],
  epsilon_plus_mu_510 = [8.06],
  epsilon_plus_mu_61 = [7.40],
  epsilon_plus_mu_62 = [10.88],
  epsilon_plus_mu_63 = [7.57],
  epsilon_plus_mu_64 = [9.67],
  epsilon_plus_mu_65 = [9.81],
  epsilon_plus_mu_66 = [8.94],
  epsilon_plus_mu_67 = [8.59],
  epsilon_plus_mu_68 = [5.03],
  epsilon_plus_mu_69 = [12.55],
  epsilon_plus_mu_610 = [8.62],
  epsilon_plus_mu_71 = [11.51],
  epsilon_plus_mu_72 = [8.69],
  epsilon_plus_mu_73 = [6.44],
  epsilon_plus_mu_74 = [8.86],
  epsilon_plus_mu_75 = [7.21],
  epsilon_plus_mu_76 = [7.33],
  epsilon_plus_mu_77 = [5.55],
  epsilon_plus_mu_78 = [9.04],
  epsilon_plus_mu_79 = [7.44],
  epsilon_plus_mu_710 = [8.28],
  epsilon_plus_mu_81 = [8.16],
  epsilon_plus_mu_82 = [6.09],
  epsilon_plus_mu_83 = [9.76],
  epsilon_plus_mu_84 = [10.73],
  epsilon_plus_mu_85 = [5.12],
  epsilon_plus_mu_86 = [11.83],
  epsilon_plus_mu_87 = [9.83],
  epsilon_plus_mu_88 = [8.54],
  epsilon_plus_mu_89 = [6.24],
  epsilon_plus_mu_810 = [3.15],
  epsilon_plus_mu_91 = [10.87],
  epsilon_plus_mu_92 = [10.85],
  epsilon_plus_mu_93 = [6.20],
  epsilon_plus_mu_94 = [9.30],
  epsilon_plus_mu_95 = [4.74],
  epsilon_plus_mu_96 = [10.76],
  epsilon_plus_mu_97 = [9.98],
  epsilon_plus_mu_98 = [8.45],
  epsilon_plus_mu_99 = [5.06],
  epsilon_plus_mu_910 = [8.17],
  epsilon_plus_mu_101 = [6.09],
  epsilon_plus_mu_102 = [8.70],
  epsilon_plus_mu_103 = [9.20],
  epsilon_plus_mu_104 = [4.64],
  epsilon_plus_mu_105 = [10.64],
  epsilon_plus_mu_106 = [5.63],
  epsilon_plus_mu_107 = [10.44],
  epsilon_plus_mu_108 = [9.64],
  epsilon_plus_mu_109 = [4.67],
  epsilon_plus_mu_1010 = [4.59],
  epsilon_plus_mu_111 = [9.93],
  epsilon_plus_mu_112 = [6.92],
  epsilon_plus_mu_113 = [9.27],
  epsilon_plus_mu_114 = [2.78],
  epsilon_plus_mu_115 = [8.42],
  epsilon_plus_mu_116 = [2.31],
  epsilon_plus_mu_117 = [11.96],
  epsilon_plus_mu_118 = [8.21],
  epsilon_plus_mu_119 = [9.36],
  epsilon_plus_mu_1110 = [8.58],
  epsilon_plus_mu_121 = [2.93],
  epsilon_plus_mu_122 = [5.10],
  epsilon_plus_mu_123 = [3.81],
  epsilon_plus_mu_124 = [5.98],
  epsilon_plus_mu_125 = [6.12],
  epsilon_plus_mu_126 = [4.75],
  epsilon_plus_mu_127 = [10.67],
  epsilon_plus_mu_128 = [7.43],
  epsilon_plus_mu_129 = [4.59],
  epsilon_plus_mu_1210 = [5.04],
  epsilon_plus_mu_131 = [8.45],
  epsilon_plus_mu_132 = [11.40],
  epsilon_plus_mu_133 = [6.51],
  epsilon_plus_mu_134 = [7.83],
  epsilon_plus_mu_135 = [10.16],
  epsilon_plus_mu_136 = [5.92],
  epsilon_plus_mu_137 = [4.16],
  epsilon_plus_mu_138 = [11.13],
  epsilon_plus_mu_139 = [7.81],
  epsilon_plus_mu_1310 = [3.54],
  epsilon_plus_mu_141 = [4.25],
  epsilon_plus_mu_142 = [5.39],
  epsilon_plus_mu_143 = [4.58],
  epsilon_plus_mu_144 = [8.73],
  epsilon_plus_mu_145 = [4.71],
  epsilon_plus_mu_146 = [9.37],
  epsilon_plus_mu_147 = [10.97],
  epsilon_plus_mu_148 = [5.94],
  epsilon_plus_mu_149 = [8.85],
  epsilon_plus_mu_1410 = [11.37],
  epsilon_plus_mu_151 = [5.21],
  epsilon_plus_mu_152 = [5.52],
  epsilon_plus_mu_153 = [8.08],
  epsilon_plus_mu_154 = [8.28],
  epsilon_plus_mu_155 = [4.03],
  epsilon_plus_mu_156 = [9.81],
  epsilon_plus_mu_157 = [10.71],
  epsilon_plus_mu_158 = [10.54],
  epsilon_plus_mu_159 = [11.24],
  epsilon_plus_mu_1510 = [8.62],
  epsilon_plus_mu_161 = [7.55],
  epsilon_plus_mu_162 = [5.11],
  epsilon_plus_mu_163 = [10.61],
  epsilon_plus_mu_164 = [4.03],
  epsilon_plus_mu_165 = [10.30],
  epsilon_plus_mu_166 = [6.52],
  epsilon_plus_mu_167 = [7.63],
  epsilon_plus_mu_168 = [6.70],
  epsilon_plus_mu_169 = [10.45],
  epsilon_plus_mu_1610 = [6.53],
  epsilon_plus_mu_171 = [10.29],
  epsilon_plus_mu_172 = [7.12],
  epsilon_plus_mu_173 = [3.85],
  epsilon_plus_mu_174 = [8.66],
  epsilon_plus_mu_175 = [11.02],
  epsilon_plus_mu_176 = [6.92],
  epsilon_plus_mu_177 = [5.77],
  epsilon_plus_mu_178 = [4.36],
  epsilon_plus_mu_179 = [9.05],
  epsilon_plus_mu_1710 = [7.07],
  epsilon_plus_mu_181 = [6.91],
  epsilon_plus_mu_182 = [10.58],
  epsilon_plus_mu_183 = [7.10],
  epsilon_plus_mu_184 = [9.44],
  epsilon_plus_mu_185 = [8.73],
  epsilon_plus_mu_186 = [9.16],
  epsilon_plus_mu_187 = [8.08],
  epsilon_plus_mu_188 = [10.61],
  epsilon_plus_mu_189 = [8.53],
  epsilon_plus_mu_1810 = [2.81],
  epsilon_plus_mu_191 = [3.93],
  epsilon_plus_mu_192 = [11.11],
  epsilon_plus_mu_193 = [6.32],
  epsilon_plus_mu_194 = [6.52],
  epsilon_plus_mu_195 = [9.10],
  epsilon_plus_mu_196 = [5.64],
  epsilon_plus_mu_197 = [8.78],
  epsilon_plus_mu_198 = [3.32],
  epsilon_plus_mu_199 = [9.80],
  epsilon_plus_mu_1910 = [11.87],
  epsilon_plus_mu_201 = [6.44],
  epsilon_plus_mu_202 = [7.32],
  epsilon_plus_mu_203 = [5.26],
  epsilon_plus_mu_204 = [4.54],
  epsilon_plus_mu_205 = [10.88],
  epsilon_plus_mu_206 = [12.35],
  epsilon_plus_mu_207 = [4.89],
  epsilon_plus_mu_208 = [10.55],
  epsilon_plus_mu_209 = [11.15],
  epsilon_plus_mu_2010 = [8.71],
]

Epsilon - ¦Ì_{jk} = [
  epsilon_minus_mu_11 = [-3.04],
  epsilon_minus_mu_12 = [-2.68],
  epsilon_minus_mu_13 = [-1.31],
  epsilon_minus_mu_14 = [-2.55],
  epsilon_minus_mu_15 = [-1.87],
  epsilon_minus_mu_16 = [-2.06],
  epsilon_minus_mu_17 = [-2.46],
  epsilon_minus_mu_18 = [-0.71],
  epsilon_minus_mu_19 = [-2.14],
  epsilon_minus_mu_110 = [-3.37],
  epsilon_minus_mu_21 = [-3.75],
  epsilon_minus_mu_22 = [-3.22],
  epsilon_minus_mu_23 = [-2.73],
  epsilon_minus_mu_24 = [-2.88],
  epsilon_minus_mu_25 = [-3.08],
  epsilon_minus_mu_26 = [-1.83],
  epsilon_minus_mu_27 = [-4.17],
  epsilon_minus_mu_28 = [-1.26],
  epsilon_minus_mu_29 = [-1.39],
  epsilon_minus_mu_210 = [-3.81],
  epsilon_minus_mu_31 = [-1.42],
  epsilon_minus_mu_32 = [-3.15],
  epsilon_minus_mu_33 = [-3.15],
  epsilon_minus_mu_34 = [-3.42],
  epsilon_minus_mu_35 = [-1.66],
  epsilon_minus_mu_36 = [-2.94],
  epsilon_minus_mu_37 = [-3.33],
  epsilon_minus_mu_38 = [-3.20],
  epsilon_minus_mu_39 = [-1.20],
  epsilon_minus_mu_310 = [-3.22],
  epsilon_minus_mu_41 = [-1.73],
  epsilon_minus_mu_42 = [-2.22],
  epsilon_minus_mu_43 = [-3.63],
  epsilon_minus_mu_44 = [-3.10],
  epsilon_minus_mu_45 = [-3.29],
  epsilon_minus_mu_46 = [-3.97],
  epsilon_minus_mu_47 = [-3.23],
  epsilon_minus_mu_48 = [-2.59],
  epsilon_minus_mu_49 = [-2.07],
  epsilon_minus_mu_410 = [-3.29],
  epsilon_minus_mu_51 = [-3.52],
  epsilon_minus_mu_52 = [-3.51],
  epsilon_minus_mu_53 = [-2.52],
  epsilon_minus_mu_54 = [-2.26],
  epsilon_minus_mu_55 = [-1.55],
  epsilon_minus_mu_56 = [-0.73],
  epsilon_minus_mu_57 = [-3.31],
  epsilon_minus_mu_58 = [-3.55],
  epsilon_minus_mu_59 = [-3.58],
  epsilon_minus_mu_510 = [-2.69],
  epsilon_minus_mu_61 = [-2.47],
  epsilon_minus_mu_62 = [-3.63],
  epsilon_minus_mu_63 = [-2.52],
  epsilon_minus_mu_64 = [-3.22],
  epsilon_minus_mu_65 = [-3.27],
  epsilon_minus_mu_66 = [-2.98],
  epsilon_minus_mu_67 = [-2.86],
  epsilon_minus_mu_68 = [-1.68],
  epsilon_minus_mu_69 = [-4.18],
  epsilon_minus_mu_610 = [-2.87],
  epsilon_minus_mu_71 = [-3.84],
  epsilon_minus_mu_72 = [-2.90],
  epsilon_minus_mu_73 = [-2.15],
  epsilon_minus_mu_74 = [-2.95],
  epsilon_minus_mu_75 = [-2.40],
  epsilon_minus_mu_76 = [-2.44],
  epsilon_minus_mu_77 = [-1.85],
  epsilon_minus_mu_78 = [-3.01],
  epsilon_minus_mu_79 = [-2.48],
  epsilon_minus_mu_710 = [-2.76],
  epsilon_minus_mu_81 = [-2.72],
  epsilon_minus_mu_82 = [-2.03],
  epsilon_minus_mu_83 = [-3.25],
  epsilon_minus_mu_84 = [-3.58],
  epsilon_minus_mu_85 = [-1.71],
  epsilon_minus_mu_86 = [-3.94],
  epsilon_minus_mu_87 = [-3.28],
  epsilon_minus_mu_88 = [-2.85],
  epsilon_minus_mu_89 = [-2.08],
  epsilon_minus_mu_810 = [-1.05],
  epsilon_minus_mu_91 = [-3.62],
  epsilon_minus_mu_92 = [-3.62],
  epsilon_minus_mu_93 = [-2.07],
  epsilon_minus_mu_94 = [-3.10],
  epsilon_minus_mu_95 = [-1.58],
  epsilon_minus_mu_96 = [-3.59],
  epsilon_minus_mu_97 = [-3.33],
  epsilon_minus_mu_98 = [-2.82],
  epsilon_minus_mu_99 = [-1.69],
  epsilon_minus_mu_910 = [-2.72],
  epsilon_minus_mu_101 = [-2.03],
  epsilon_minus_mu_102 = [-2.90],
  epsilon_minus_mu_103 = [-3.07],
  epsilon_minus_mu_104 = [-1.55],
  epsilon_minus_mu_105 = [-3.55],
  epsilon_minus_mu_106 = [-1.88],
  epsilon_minus_mu_107 = [-3.48],
  epsilon_minus_mu_108 = [-3.21],
  epsilon_minus_mu_109 = [-1.56],
  epsilon_minus_mu_1010 = [-1.53],
  epsilon_minus_mu_111 = [-3.31],
  epsilon_minus_mu_112 = [-2.31],
  epsilon_minus_mu_113 = [-3.09],
  epsilon_minus_mu_114 = [-0.93],
  epsilon_minus_mu_115 = [-2.81],
  epsilon_minus_mu_116 = [-0.77],
  epsilon_minus_mu_117 = [-3.99],
  epsilon_minus_mu_118 = [-2.74],
  epsilon_minus_mu_119 = [-3.12],
  epsilon_minus_mu_1110 = [-2.86],
  epsilon_minus_mu_121 = [-0.98],
  epsilon_minus_mu_122 = [-1.70],
  epsilon_minus_mu_123 = [-1.27],
  epsilon_minus_mu_124 = [-1.99],
  epsilon_minus_mu_125 = [-2.04],
  epsilon_minus_mu_126 = [-1.58],
  epsilon_minus_mu_127 = [-3.56],
  epsilon_minus_mu_128 = [-2.48],
  epsilon_minus_mu_129 = [-1.53],
  epsilon_minus_mu_1210 = [-1.68],
  epsilon_minus_mu_131 = [-2.82],
  epsilon_minus_mu_132 = [-3.80],
  epsilon_minus_mu_133 = [-2.17],
  epsilon_minus_mu_134 = [-2.61],
  epsilon_minus_mu_135 = [-3.39],
  epsilon_minus_mu_136 = [-1.97],
  epsilon_minus_mu_137 = [-1.39],
  epsilon_minus_mu_138 = [-3.71],
  epsilon_minus_mu_139 = [-2.60],
  epsilon_minus_mu_1310 = [-1.18],
  epsilon_minus_mu_141 = [-1.42],
  epsilon_minus_mu_142 = [-1.80],
  epsilon_minus_mu_143 = [-1.53],
  epsilon_minus_mu_144 = [-2.91],
  epsilon_minus_mu_145 = [-1.57],
  epsilon_minus_mu_146 = [-3.12],
  epsilon_minus_mu_147 = [-3.66],
  epsilon_minus_mu_148 = [-1.98],
  epsilon_minus_mu_149 = [-2.95],
  epsilon_minus_mu_1410 = [-3.79],
  epsilon_minus_mu_151 = [-1.74],
  epsilon_minus_mu_152 = [-1.84],
  epsilon_minus_mu_153 = [-2.69],
  epsilon_minus_mu_154 = [-2.76],
  epsilon_minus_mu_155 = [-1.34],
  epsilon_minus_mu_156 = [-3.27],
  epsilon_minus_mu_157 = [-3.57],
  epsilon_minus_mu_158 = [-3.51],
  epsilon_minus_mu_159 = [-3.75],
  epsilon_minus_mu_1510 = [-2.87],
  epsilon_minus_mu_161 = [-2.52],
  epsilon_minus_mu_162 = [-1.70],
  epsilon_minus_mu_163 = [-3.54],
  epsilon_minus_mu_164 = [-1.34],
  epsilon_minus_mu_165 = [-3.43],
  epsilon_minus_mu_166 = [-2.17],
  epsilon_minus_mu_167 = [-2.54],
  epsilon_minus_mu_168 = [-2.23],
  epsilon_minus_mu_169 = [-3.48],
  epsilon_minus_mu_1610 = [-2.18],
  epsilon_minus_mu_171 = [-3.43],
  epsilon_minus_mu_172 = [-2.37],
  epsilon_minus_mu_173 = [-1.28],
  epsilon_minus_mu_174 = [-2.89],
  epsilon_minus_mu_175 = [-3.67],
  epsilon_minus_mu_176 = [-2.31],
  epsilon_minus_mu_177 = [-1.92],
  epsilon_minus_mu_178 = [-1.45],
  epsilon_minus_mu_179 = [-3.02],
  epsilon_minus_mu_1710 = [-2.36],
  epsilon_minus_mu_181 = [-2.30],
  epsilon_minus_mu_182 = [-3.53],
  epsilon_minus_mu_183 = [-2.37],
  epsilon_minus_mu_184 = [-3.15],
  epsilon_minus_mu_185 = [-2.91],
  epsilon_minus_mu_186 = [-3.05],
  epsilon_minus_mu_187 = [-2.69],
  epsilon_minus_mu_188 = [-3.54],
  epsilon_minus_mu_189 = [-2.84],
  epsilon_minus_mu_1810 = [-0.94],
  epsilon_minus_mu_191 = [-1.31],
  epsilon_minus_mu_192 = [-3.70],
  epsilon_minus_mu_193 = [-2.11],
  epsilon_minus_mu_194 = [-2.17],
  epsilon_minus_mu_195 = [-3.03],
  epsilon_minus_mu_196 = [-1.88],
  epsilon_minus_mu_197 = [-2.93],
  epsilon_minus_mu_198 = [-1.11],
  epsilon_minus_mu_199 = [-3.27],
  epsilon_minus_mu_1910 = [-3.96],
  epsilon_minus_mu_201 = [-2.15],
  epsilon_minus_mu_202 = [-2.44],
  epsilon_minus_mu_203 = [-1.75],
  epsilon_minus_mu_204 = [-1.51],
  epsilon_minus_mu_205 = [-3.63],
  epsilon_minus_mu_206 = [-4.12],
  epsilon_minus_mu_207 = [-1.63],
  epsilon_minus_mu_208 = [-3.52],
  epsilon_minus_mu_209 = [-3.72],
  epsilon_minus_mu_2010 = [-2.90],
]

Sigma + ¦Ó_{jk} = [
  sigma_plus_tau_11 = [3.89],
  sigma_plus_tau_12 = [2.29],
  sigma_plus_tau_13 = [2.62],
  sigma_plus_tau_14 = [4.45],
  sigma_plus_tau_15 = [2.37],
  sigma_plus_tau_16 = [2.44],
  sigma_plus_tau_17 = [2.74],
  sigma_plus_tau_18 = [2.86],
  sigma_plus_tau_19 = [4.22],
  sigma_plus_tau_110 = [5.16],
  sigma_plus_tau_21 = [4.95],
  sigma_plus_tau_22 = [4.89],
  sigma_plus_tau_23 = [3.83],
  sigma_plus_tau_24 = [1.94],
  sigma_plus_tau_25 = [5.35],
  sigma_plus_tau_26 = [2.86],
  sigma_plus_tau_27 = [5.72],
  sigma_plus_tau_28 = [3.01],
  sigma_plus_tau_29 = [6.16],
  sigma_plus_tau_210 = [5.38],
  sigma_plus_tau_31 = [3.24],
  sigma_plus_tau_32 = [5.76],
  sigma_plus_tau_33 = [2.31],
  sigma_plus_tau_34 = [3.51],
  sigma_plus_tau_35 = [3.85],
  sigma_plus_tau_36 = [3.04],
  sigma_plus_tau_37 = [1.94],
  sigma_plus_tau_38 = [5.86],
  sigma_plus_tau_39 = [4.36],
  sigma_plus_tau_310 = [5.08],
  sigma_plus_tau_41 = [4.73],
  sigma_plus_tau_42 = [2.45],
  sigma_plus_tau_43 = [3.44],
  sigma_plus_tau_44 = [5.02],
  sigma_plus_tau_45 = [3.75],
  sigma_plus_tau_46 = [4.54],
  sigma_plus_tau_47 = [4.86],
  sigma_plus_tau_48 = [5.84],
  sigma_plus_tau_49 = [3.37],
  sigma_plus_tau_410 = [3.72],
  sigma_plus_tau_51 = [3.71],
  sigma_plus_tau_52 = [3.14],
  sigma_plus_tau_53 = [1.94],
  sigma_plus_tau_54 = [5.19],
  sigma_plus_tau_55 = [3.23],
  sigma_plus_tau_56 = [5.11],
  sigma_plus_tau_57 = [4.12],
  sigma_plus_tau_58 = [3.35],
  sigma_plus_tau_59 = [5.10],
  sigma_plus_tau_510 = [5.35],
  sigma_plus_tau_61 = [3.79],
  sigma_plus_tau_62 = [5.22],
  sigma_plus_tau_63 = [4.58],
  sigma_plus_tau_64 = [5.24],
  sigma_plus_tau_65 = [2.08],
  sigma_plus_tau_66 = [3.53],
  sigma_plus_tau_67 = [5.46],
  sigma_plus_tau_68 = [4.54],
  sigma_plus_tau_69 = [2.67],
  sigma_plus_tau_610 = [5.47],
  sigma_plus_tau_71 = [2.49],
  sigma_plus_tau_72 = [2.87],
  sigma_plus_tau_73 = [5.27],
  sigma_plus_tau_74 = [2.38],
  sigma_plus_tau_75 = [5.45],
  sigma_plus_tau_76 = [5.84],
  sigma_plus_tau_77 = [4.13],
  sigma_plus_tau_78 = [3.82],
  sigma_plus_tau_79 = [3.58],
  sigma_plus_tau_710 = [4.96],
  sigma_plus_tau_81 = [5.58],
  sigma_plus_tau_82 = [4.42],
  sigma_plus_tau_83 = [5.64],
  sigma_plus_tau_84 = [3.10],
  sigma_plus_tau_85 = [2.80],
  sigma_plus_tau_86 = [4.92],
  sigma_plus_tau_87 = [4.51],
  sigma_plus_tau_88 = [3.30],
  sigma_plus_tau_89 = [2.55],
  sigma_plus_tau_810 = [5.13],
  sigma_plus_tau_91 = [4.09],
  sigma_plus_tau_92 = [4.21],
  sigma_plus_tau_93 = [4.93],
  sigma_plus_tau_94 = [5.28],
  sigma_plus_tau_95 = [4.27],
  sigma_plus_tau_96 = [2.42],
  sigma_plus_tau_97 = [4.72],
  sigma_plus_tau_98 = [3.43],
  sigma_plus_tau_99 = [2.81],
  sigma_plus_tau_910 = [5.88],
  sigma_plus_tau_101 = [6.64],
  sigma_plus_tau_102 = [4.73],
  sigma_plus_tau_103 = [6.35],
  sigma_plus_tau_104 = [3.83],
  sigma_plus_tau_105 = [5.95],
  sigma_plus_tau_106 = [3.99],
  sigma_plus_tau_107 = [4.65],
  sigma_plus_tau_108 = [2.97],
  sigma_plus_tau_109 = [4.51],
  sigma_plus_tau_1010 = [3.52],
  sigma_plus_tau_111 = [2.73],
  sigma_plus_tau_112 = [3.33],
  sigma_plus_tau_113 = [5.04],
  sigma_plus_tau_114 = [3.03],
  sigma_plus_tau_115 = [4.56],
  sigma_plus_tau_116 = [5.15],
  sigma_plus_tau_117 = [4.74],
  sigma_plus_tau_118 = [6.15],
  sigma_plus_tau_119 = [3.79],
  sigma_plus_tau_1110 = [3.79],
  sigma_plus_tau_121 = [3.14],
  sigma_plus_tau_122 = [3.64],
  sigma_plus_tau_123 = [5.04],
  sigma_plus_tau_124 = [1.94],
  sigma_plus_tau_125 = [2.59],
  sigma_plus_tau_126 = [4.99],
  sigma_plus_tau_127 = [2.96],
  sigma_plus_tau_128 = [3.56],
  sigma_plus_tau_129 = [2.85],
  sigma_plus_tau_1210 = [2.21],
  sigma_plus_tau_131 = [4.56],
  sigma_plus_tau_132 = [5.43],
  sigma_plus_tau_133 = [2.15],
  sigma_plus_tau_134 = [2.31],
  sigma_plus_tau_135 = [2.95],
  sigma_plus_tau_136 = [3.90],
  sigma_plus_tau_137 = [3.19],
  sigma_plus_tau_138 = [5.65],
  sigma_plus_tau_139 = [5.56],
  sigma_plus_tau_1310 = [4.01],
  sigma_plus_tau_141 = [3.47],
  sigma_plus_tau_142 = [5.44],
  sigma_plus_tau_143 = [3.59],
  sigma_plus_tau_144 = [2.75],
  sigma_plus_tau_145 = [2.82],
  sigma_plus_tau_146 = [5.78],
  sigma_plus_tau_147 = [3.16],
  sigma_plus_tau_148 = [3.71],
  sigma_plus_tau_149 = [2.92],
  sigma_plus_tau_1410 = [4.34],
  sigma_plus_tau_151 = [5.19],
  sigma_plus_tau_152 = [4.28],
  sigma_plus_tau_153 = [4.34],
  sigma_plus_tau_154 = [5.71],
  sigma_plus_tau_155 = [3.34],
  sigma_plus_tau_156 = [3.92],
  sigma_plus_tau_157 = [3.69],
  sigma_plus_tau_158 = [4.94],
  sigma_plus_tau_159 = [2.03],
  sigma_plus_tau_1510 = [4.77],
  sigma_plus_tau_161 = [5.60],
  sigma_plus_tau_162 = [5.35],
  sigma_plus_tau_163 = [5.97],
  sigma_plus_tau_164 = [2.54],
  sigma_plus_tau_165 = [4.16],
  sigma_plus_tau_166 = [3.05],
  sigma_plus_tau_167 = [2.40],
  sigma_plus_tau_168 = [5.14],
  sigma_plus_tau_169 = [4.80],
  sigma_plus_tau_1610 = [2.73],
  sigma_plus_tau_171 = [5.34],
  sigma_plus_tau_172 = [4.73],
  sigma_plus_tau_173 = [2.88],
  sigma_plus_tau_174 = [5.26],
  sigma_plus_tau_175 = [5.48],
  sigma_plus_tau_176 = [6.11],
  sigma_plus_tau_177 = [3.35],
  sigma_plus_tau_178 = [4.63],
  sigma_plus_tau_179 = [1.65],
  sigma_plus_tau_1710 = [2.66],
  sigma_plus_tau_181 = [4.95],
  sigma_plus_tau_182 = [6.08],
  sigma_plus_tau_183 = [5.92],
  sigma_plus_tau_184 = [5.61],
  sigma_plus_tau_185 = [6.18],
  sigma_plus_tau_186 = [4.28],
  sigma_plus_tau_187 = [4.08],
  sigma_plus_tau_188 = [5.51],
  sigma_plus_tau_189 = [4.95],
  sigma_plus_tau_1810 = [3.55],
  sigma_plus_tau_191 = [5.43],
  sigma_plus_tau_192 = [4.73],
  sigma_plus_tau_193 = [5.03],
  sigma_plus_tau_194 = [3.97],
  sigma_plus_tau_195 = [4.26],
  sigma_plus_tau_196 = [3.99],
  sigma_plus_tau_197 = [6.10],
  sigma_plus_tau_198 = [5.05],
  sigma_plus_tau_199 = [2.53],
  sigma_plus_tau_1910 = [2.61],
  sigma_plus_tau_201 = [4.59],
  sigma_plus_tau_202 = [4.99],
  sigma_plus_tau_203 = [4.49],
  sigma_plus_tau_204 = [2.09],
  sigma_plus_tau_205 = [5.83],
  sigma_plus_tau_206 = [5.04],
  sigma_plus_tau_207 = [2.99],
  sigma_plus_tau_208 = [4.36],
  sigma_plus_tau_209 = [4.46],
  sigma_plus_tau_2010 = [6.63],
]

Sigma - ¦Ó_{jk} = [
  sigma_minus_tau_11 = [-1.30],
  sigma_minus_tau_12 = [-0.76],
  sigma_minus_tau_13 = [-0.87],
  sigma_minus_tau_14 = [-1.48],
  sigma_minus_tau_15 = [-0.79],
  sigma_minus_tau_16 = [-0.81],
  sigma_minus_tau_17 = [-0.91],
  sigma_minus_tau_18 = [-0.95],
  sigma_minus_tau_19 = [-1.41],
  sigma_minus_tau_110 = [-1.72],
  sigma_minus_tau_21 = [-1.65],
  sigma_minus_tau_22 = [-1.63],
  sigma_minus_tau_23 = [-1.28],
  sigma_minus_tau_24 = [-0.65],
  sigma_minus_tau_25 = [-1.78],
  sigma_minus_tau_26 = [-0.95],
  sigma_minus_tau_27 = [-1.91],
  sigma_minus_tau_28 = [-1.00],
  sigma_minus_tau_29 = [-2.05],
  sigma_minus_tau_210 = [-1.79],
  sigma_minus_tau_31 = [-1.08],
  sigma_minus_tau_32 = [-1.92],
  sigma_minus_tau_33 = [-0.77],
  sigma_minus_tau_34 = [-1.17],
  sigma_minus_tau_35 = [-1.28],
  sigma_minus_tau_36 = [-1.01],
  sigma_minus_tau_37 = [-0.65],
  sigma_minus_tau_38 = [-1.95],
  sigma_minus_tau_39 = [-1.45],
  sigma_minus_tau_310 = [-1.69],
  sigma_minus_tau_41 = [-1.58],
  sigma_minus_tau_42 = [-0.82],
  sigma_minus_tau_43 = [-1.15],
  sigma_minus_tau_44 = [-1.67],
  sigma_minus_tau_45 = [-1.25],
  sigma_minus_tau_46 = [-1.51],
  sigma_minus_tau_47 = [-1.62],
  sigma_minus_tau_48 = [-1.95],
  sigma_minus_tau_49 = [-1.12],
  sigma_minus_tau_410 = [-1.24],
  sigma_minus_tau_51 = [-1.24],
  sigma_minus_tau_52 = [-1.05],
  sigma_minus_tau_53 = [-0.65],
  sigma_minus_tau_54 = [-1.73],
  sigma_minus_tau_55 = [-1.08],
  sigma_minus_tau_56 = [-1.70],
  sigma_minus_tau_57 = [-1.37],
  sigma_minus_tau_58 = [-1.12],
  sigma_minus_tau_59 = [-1.70],
  sigma_minus_tau_510 = [-1.78],
  sigma_minus_tau_61 = [-1.26],
  sigma_minus_tau_62 = [-1.74],
  sigma_minus_tau_63 = [-1.53],
  sigma_minus_tau_64 = [-1.75],
  sigma_minus_tau_65 = [-0.69],
  sigma_minus_tau_66 = [-1.18],
  sigma_minus_tau_67 = [-1.82],
  sigma_minus_tau_68 = [-1.51],
  sigma_minus_tau_69 = [-0.89],
  sigma_minus_tau_610 = [-1.82],
  sigma_minus_tau_71 = [-0.83],
  sigma_minus_tau_72 = [-0.96],
  sigma_minus_tau_73 = [-1.76],
  sigma_minus_tau_74 = [-0.79],
  sigma_minus_tau_75 = [-1.82],
  sigma_minus_tau_76 = [-1.95],
  sigma_minus_tau_77 = [-1.38],
  sigma_minus_tau_78 = [-1.27],
  sigma_minus_tau_79 = [-1.19],
  sigma_minus_tau_710 = [-1.65],
  sigma_minus_tau_81 = [-1.86],
  sigma_minus_tau_82 = [-1.47],
  sigma_minus_tau_83 = [-1.88],
  sigma_minus_tau_84 = [-1.03],
  sigma_minus_tau_85 = [-0.93],
  sigma_minus_tau_86 = [-1.64],
  sigma_minus_tau_87 = [-1.50],
  sigma_minus_tau_88 = [-1.10],
  sigma_minus_tau_89 = [-0.85],
  sigma_minus_tau_810 = [-1.71],
  sigma_minus_tau_91 = [-1.36],
  sigma_minus_tau_92 = [-1.40],
  sigma_minus_tau_93 = [-1.64],
  sigma_minus_tau_94 = [-1.76],
  sigma_minus_tau_95 = [-1.42],
  sigma_minus_tau_96 = [-0.81],
  sigma_minus_tau_97 = [-1.57],
  sigma_minus_tau_98 = [-1.14],
  sigma_minus_tau_99 = [-0.94],
  sigma_minus_tau_910 = [-1.96],
  sigma_minus_tau_101 = [-2.21],
  sigma_minus_tau_102 = [-1.58],
  sigma_minus_tau_103 = [-2.12],
  sigma_minus_tau_104 = [-1.28],
  sigma_minus_tau_105 = [-1.98],
  sigma_minus_tau_106 = [-1.33],
  sigma_minus_tau_107 = [-1.55],
  sigma_minus_tau_108 = [-0.99],
  sigma_minus_tau_109 = [-1.50],
  sigma_minus_tau_1010 = [-1.17],
  sigma_minus_tau_111 = [-0.91],
  sigma_minus_tau_112 = [-1.11],
  sigma_minus_tau_113 = [-1.68],
  sigma_minus_tau_114 = [-1.01],
  sigma_minus_tau_115 = [-1.52],
  sigma_minus_tau_116 = [-1.72],
  sigma_minus_tau_117 = [-1.58],
  sigma_minus_tau_118 = [-2.05],
  sigma_minus_tau_119 = [-1.26],
  sigma_minus_tau_1110 = [-1.26],
  sigma_minus_tau_121 = [-1.05],
  sigma_minus_tau_122 = [-1.21],
  sigma_minus_tau_123 = [-1.68],
  sigma_minus_tau_124 = [-0.65],
  sigma_minus_tau_125 = [-0.86],
  sigma_minus_tau_126 = [-1.66],
  sigma_minus_tau_127 = [-0.99],
  sigma_minus_tau_128 = [-1.19],
  sigma_minus_tau_129 = [-0.95],
  sigma_minus_tau_1210 = [-0.74],
  sigma_minus_tau_131 = [-1.52],
  sigma_minus_tau_132 = [-1.81],
  sigma_minus_tau_133 = [-0.72],
  sigma_minus_tau_134 = [-0.77],
  sigma_minus_tau_135 = [-0.98],
  sigma_minus_tau_136 = [-1.30],
  sigma_minus_tau_137 = [-1.06],
  sigma_minus_tau_138 = [-1.88],
  sigma_minus_tau_139 = [-1.85],
  sigma_minus_tau_1310 = [-1.34],
  sigma_minus_tau_141 = [-1.16],
  sigma_minus_tau_142 = [-1.81],
  sigma_minus_tau_143 = [-1.20],
  sigma_minus_tau_144 = [-0.92],
  sigma_minus_tau_145 = [-0.94],
  sigma_minus_tau_146 = [-1.93],
  sigma_minus_tau_147 = [-1.05],
  sigma_minus_tau_148 = [-1.24],
  sigma_minus_tau_149 = [-0.97],
  sigma_minus_tau_1410 = [-1.45],
  sigma_minus_tau_151 = [-1.73],
  sigma_minus_tau_152 = [-1.43],
  sigma_minus_tau_153 = [-1.45],
  sigma_minus_tau_154 = [-1.90],
  sigma_minus_tau_155 = [-1.11],
  sigma_minus_tau_156 = [-1.31],
  sigma_minus_tau_157 = [-1.23],
  sigma_minus_tau_158 = [-1.65],
  sigma_minus_tau_159 = [-0.68],
  sigma_minus_tau_1510 = [-1.59],
  sigma_minus_tau_161 = [-1.87],
  sigma_minus_tau_162 = [-1.78],
  sigma_minus_tau_163 = [-1.99],
  sigma_minus_tau_164 = [-0.85],
  sigma_minus_tau_165 = [-1.39],
  sigma_minus_tau_166 = [-1.02],
  sigma_minus_tau_167 = [-0.80],
  sigma_minus_tau_168 = [-1.71],
  sigma_minus_tau_169 = [-1.60],
  sigma_minus_tau_1610 = [-0.91],
  sigma_minus_tau_171 = [-1.78],
  sigma_minus_tau_172 = [-1.58],
  sigma_minus_tau_173 = [-0.96],
  sigma_minus_tau_174 = [-1.75],
  sigma_minus_tau_175 = [-1.83],
  sigma_minus_tau_176 = [-2.04],
  sigma_minus_tau_177 = [-1.12],
  sigma_minus_tau_178 = [-1.54],
  sigma_minus_tau_179 = [-0.55],
  sigma_minus_tau_1710 = [-0.89],
  sigma_minus_tau_181 = [-1.65],
  sigma_minus_tau_182 = [-2.03],
  sigma_minus_tau_183 = [-1.97],
  sigma_minus_tau_184 = [-1.87],
  sigma_minus_tau_185 = [-2.06],
  sigma_minus_tau_186 = [-1.43],
  sigma_minus_tau_187 = [-1.36],
  sigma_minus_tau_188 = [-1.84],
  sigma_minus_tau_189 = [-1.65],
  sigma_minus_tau_1810 = [-1.18],
  sigma_minus_tau_191 = [-1.81],
  sigma_minus_tau_192 = [-1.58],
  sigma_minus_tau_193 = [-1.68],
  sigma_minus_tau_194 = [-1.32],
  sigma_minus_tau_195 = [-1.42],
  sigma_minus_tau_196 = [-1.33],
  sigma_minus_tau_197 = [-2.03],
  sigma_minus_tau_198 = [-1.68],
  sigma_minus_tau_199 = [-0.84],
  sigma_minus_tau_1910 = [-0.87],
  sigma_minus_tau_201 = [-1.53],
  sigma_minus_tau_202 = [-1.66],
  sigma_minus_tau_203 = [-1.50],
  sigma_minus_tau_204 = [-0.70],
  sigma_minus_tau_205 = [-1.94],
  sigma_minus_tau_206 = [-1.68],
  sigma_minus_tau_207 = [-1.00],
  sigma_minus_tau_208 = [-1.45],
  sigma_minus_tau_209 = [-1.49],
  sigma_minus_tau_2010 = [-2.21],
]

Probabilities (p_s) = [
0.05, 0.05, 0.05, 0.05, 0.05, 0.05, 0.05, 0.05, 0.05, 0.05, 0.05, 0.05, 0.05, 0.05, 0.05, 0.05, 0.05, 0.05, 0.05, 0.05
]

c_bar = 5.22
