Jobs = 20
Machines = 10
Scenarios = 20

Ready Times (rj) = [
0.00, 0.00, 0.00, 0.00, 0.00, 0.00, 0.00, 0.00, 0.00, 0.00, 0.00, 0.00, 0.00, 0.00, 0.00, 0.00, 0.00, 0.00, 0.00, 0.00
]

Transportation Times (tjk^s) = [
  tjk_11 = [5.00, 5.00, 4.34, 4.59, 3.75, 2.31, 5.00, 5.00, 2.11, 3.35, 4.64, 5.00, 5.00, 1.74, 4.30, 1.99, 4.26, 5.00, 5.00, 5.00],
  tjk_12 = [3.73, 2.65, 1.25, 1.93, 5.00, 4.88, 2.14, 0.74, 1.46, 5.00, 1.38, 4.63, 5.00, 3.20, 3.49, 3.53, 1.75, 1.91, 2.95, 3.30],
  tjk_13 = [4.59, 5.00, 4.83, 4.61, 5.00, 1.11, 0.10, 4.62, 1.83, 4.60, 3.44, 0.10, 2.24, 5.00, 5.00, 1.14, 1.88, 3.48, 5.00, 2.54],
  tjk_14 = [1.62, 4.56, 2.31, 0.87, 3.74, 5.00, 4.93, 0.85, 4.67, 3.66, 4.64, 5.00, 2.05, 2.99, 1.49, 5.00, 5.00, 2.12, 5.00, 4.59],
  tjk_15 = [2.29, 1.26, 5.00, 3.81, 3.52, 4.02, 3.78, 5.00, 4.70, 4.06, 3.62, 5.00, 2.03, 4.25, 2.88, 3.00, 2.11, 3.85, 5.00, 2.59],
  tjk_16 = [3.90, 3.37, 3.71, 4.34, 5.00, 1.36, 3.87, 3.27, 1.82, 1.22, 3.03, 1.99, 1.07, 5.00, 2.85, 2.85, 3.09, 2.64, 3.89, 4.59],
  tjk_17 = [4.47, 2.14, 4.72, 3.01, 2.29, 3.84, 2.99, 2.20, 2.42, 1.76, 0.10, 1.61, 2.06, 3.58, 2.04, 4.29, 1.65, 1.15, 1.75, 1.87],
  tjk_18 = [5.00, 4.18, 3.30, 4.40, 4.50, 4.28, 4.09, 5.00, 3.32, 5.00, 5.00, 1.17, 5.00, 5.00, 4.58, 5.00, 4.93, 3.02, 1.47, 4.41],
  tjk_19 = [2.60, 0.91, 0.98, 1.90, 2.34, 0.14, 0.98, 1.93, 1.04, 0.91, 1.12, 1.05, 2.06, 0.23, 0.10, 0.98, 0.41, 1.09, 1.20, 0.10],
  tjk_110 = [3.73, 3.18, 1.18, 5.00, 4.32, 4.34, 4.61, 3.72, 1.07, 3.52, 4.12, 4.79, 5.00, 3.44, 2.56, 4.41, 4.02, 4.92, 5.00, 1.04],
  tjk_21 = [1.41, 2.12, 2.27, 0.36, 2.55, 2.51, 4.21, 2.37, 1.12, 1.89, 2.89, 3.34, 0.94, 1.85, 1.78, 3.62, 1.76, 3.48, 1.27, 2.15],
  tjk_22 = [1.43, 1.04, 1.32, 3.78, 1.03, 1.10, 1.84, 0.86, 0.10, 1.21, 3.22, 0.90, 0.10, 0.48, 1.08, 1.60, 1.37, 1.26, 1.01, 1.01],
  tjk_23 = [0.10, 1.69, 3.25, 1.40, 2.10, 2.01, 2.26, 2.58, 2.11, 1.82, 2.03, 3.26, 2.33, 1.93, 1.91, 2.02, 3.38, 1.94, 2.26, 2.01],
  tjk_24 = [2.70, 1.82, 1.40, 3.23, 2.37, 1.86, 2.24, 1.49, 4.43, 2.67, 1.80, 0.10, 1.65, 2.34, 2.09, 1.89, 2.12, 1.58, 2.94, 0.68],
  tjk_25 = [4.43, 5.00, 2.70, 5.00, 3.20, 5.00, 1.35, 5.00, 0.10, 4.46, 2.86, 3.55, 4.52, 5.00, 4.89, 3.22, 1.57, 4.22, 5.00, 3.60],
  tjk_26 = [4.15, 2.29, 2.02, 0.10, 1.83, 1.89, 1.41, 2.58, 2.73, 3.79, 2.80, 0.23, 2.12, 1.94, 3.59, 2.22, 1.91, 0.95, 2.23, 4.46],
  tjk_27 = [5.00, 3.94, 3.94, 1.52, 5.00, 3.62, 5.00, 1.45, 5.00, 4.54, 4.15, 2.27, 1.87, 3.65, 1.04, 5.00, 5.00, 5.00, 3.43, 4.62],
  tjk_28 = [1.03, 0.77, 1.26, 1.08, 4.10, 1.12, 4.64, 0.98, 2.04, 4.67, 1.06, 2.36, 1.77, 4.53, 4.92, 0.64, 1.17, 3.58, 2.02, 2.71],
  tjk_29 = [0.10, 1.52, 3.46, 3.57, 3.22, 2.92, 2.08, 2.72, 2.73, 3.23, 1.66, 0.69, 4.33, 2.17, 2.78, 2.95, 4.44, 2.57, 5.00, 0.53],
  tjk_210 = [5.00, 2.79, 1.90, 2.28, 4.58, 3.25, 3.82, 2.24, 2.32, 3.53, 4.10, 4.38, 3.58, 2.73, 5.00, 4.11, 1.43, 0.23, 1.30, 3.65],
  tjk_31 = [4.95, 4.91, 5.00, 5.00, 5.00, 5.00, 4.96, 4.56, 5.00, 2.90, 3.30, 4.76, 2.78, 1.53, 4.99, 1.68, 4.91, 4.58, 5.00, 5.00],
  tjk_32 = [0.96, 1.93, 0.10, 0.14, 0.73, 1.10, 1.01, 2.63, 4.75, 1.74, 3.97, 0.10, 2.01, 0.90, 1.32, 0.29, 0.90, 0.12, 4.77, 1.03],
  tjk_33 = [0.10, 0.99, 3.31, 2.23, 1.07, 0.95, 0.42, 1.06, 1.37, 1.71, 2.93, 0.60, 0.96, 3.69, 2.67, 1.10, 1.17, 1.41, 1.29, 0.10],
  tjk_34 = [1.26, 2.50, 3.02, 2.13, 1.85, 2.12, 1.99, 3.92, 2.73, 1.86, 2.10, 4.65, 1.17, 1.67, 4.90, 0.10, 2.03, 4.09, 3.71, 3.31],
  tjk_35 = [0.10, 5.00, 0.99, 0.64, 3.10, 5.00, 3.66, 2.68, 3.14, 3.31, 2.08, 2.93, 4.43, 1.18, 1.30, 4.32, 3.06, 0.88, 2.67, 4.84],
  tjk_36 = [2.62, 1.90, 2.10, 2.12, 1.97, 1.75, 3.04, 2.20, 1.82, 1.30, 2.49, 2.70, 1.94, 1.89, 1.90, 4.39, 3.23, 3.82, 1.15, 2.17],
  tjk_37 = [2.70, 4.64, 2.97, 1.12, 5.00, 5.00, 2.78, 5.00, 1.94, 5.00, 4.98, 5.00, 1.22, 4.60, 3.91, 5.00, 5.00, 1.11, 5.00, 5.00],
  tjk_38 = [5.00, 4.68, 3.70, 1.62, 5.00, 2.67, 1.71, 2.11, 4.39, 1.64, 3.48, 5.00, 5.00, 5.00, 5.00, 2.60, 5.00, 4.37, 5.00, 5.00],
  tjk_39 = [1.98, 3.83, 0.10, 5.00, 3.59, 4.47, 5.00, 1.64, 2.77, 3.68, 2.63, 2.85, 3.23, 4.24, 0.69, 3.66, 3.35, 2.15, 1.71, 2.99],
  tjk_310 = [1.08, 0.85, 0.66, 1.80, 1.01, 1.00, 4.56, 0.27, 1.33, 1.13, 1.82, 2.50, 0.88, 0.88, 1.56, 2.12, 1.94, 4.87, 2.07, 4.63],
  tjk_41 = [0.70, 3.12, 1.80, 4.09, 1.49, 1.14, 0.94, 2.99, 1.27, 0.20, 1.07, 2.85, 0.98, 2.90, 1.26, 3.85, 1.00, 1.01, 1.01, 1.33],
  tjk_42 = [1.93, 1.83, 4.06, 1.42, 1.01, 1.07, 0.30, 1.44, 1.10, 4.76, 2.05, 4.24, 0.82, 0.90, 4.21, 0.70, 1.45, 3.92, 3.19, 0.10],
  tjk_43 = [0.10, 3.14, 2.97, 1.60, 4.43, 2.94, 2.07, 3.16, 2.84, 3.81, 3.95, 2.97, 3.04, 3.12, 1.73, 4.39, 4.89, 2.68, 4.70, 2.96],
  tjk_44 = [3.58, 3.89, 4.91, 4.66, 3.72, 3.86, 3.74, 0.10, 2.66, 2.85, 1.84, 1.96, 1.68, 2.25, 3.36, 1.04, 2.63, 4.19, 3.14, 3.74],
  tjk_45 = [5.00, 5.00, 5.00, 3.45, 1.33, 5.00, 5.00, 5.00, 5.00, 2.84, 5.00, 2.81, 1.60, 4.49, 0.16, 4.45, 2.92, 5.00, 3.48, 4.68],
  tjk_46 = [5.00, 5.00, 5.00, 5.00, 1.54, 4.65, 3.33, 4.05, 1.04, 4.34, 1.85, 3.79, 4.80, 3.37, 4.70, 4.80, 1.08, 5.00, 5.00, 3.60],
  tjk_47 = [1.61, 1.09, 1.02, 0.10, 2.15, 4.69, 4.74, 2.77, 1.43, 1.06, 1.89, 1.17, 4.40, 1.75, 2.25, 1.73, 1.31, 3.95, 1.21, 0.90],
  tjk_48 = [3.89, 2.85, 2.83, 2.59, 1.94, 2.98, 2.09, 3.47, 2.14, 2.53, 2.57, 4.99, 4.52, 2.58, 3.10, 1.85, 3.70, 3.14, 2.67, 3.31],
  tjk_49 = [1.23, 0.27, 1.17, 1.43, 1.06, 1.56, 0.95, 1.61, 1.76, 2.37, 3.70, 0.97, 1.05, 1.10, 1.02, 1.93, 1.13, 0.10, 0.15, 1.23],
  tjk_410 = [3.25, 1.57, 3.64, 2.54, 3.74, 0.44, 5.00, 0.66, 2.69, 2.83, 3.70, 3.10, 3.11, 5.00, 3.24, 4.11, 5.00, 2.15, 5.00, 3.46],
  tjk_51 = [2.64, 1.77, 5.00, 2.79, 4.68, 1.18, 2.80, 2.62, 2.27, 4.61, 0.10, 3.06, 1.95, 3.11, 4.35, 1.35, 4.53, 0.90, 5.00, 1.40],
  tjk_52 = [2.61, 2.86, 5.00, 2.93, 2.36, 1.86, 2.95, 3.76, 0.10, 3.10, 3.01, 3.20, 4.80, 4.97, 4.88, 2.41, 4.36, 3.47, 2.77, 3.79],
  tjk_53 = [0.58, 1.89, 0.92, 0.51, 0.97, 4.13, 3.39, 0.94, 1.26, 1.65, 1.00, 1.64, 1.50, 0.10, 4.15, 1.98, 5.00, 0.95, 0.80, 4.23],
  tjk_54 = [3.92, 4.57, 3.02, 4.14, 4.44, 3.96, 4.91, 1.50, 0.82, 2.38, 2.79, 0.95, 4.55, 0.27, 0.92, 0.84, 2.17, 0.96, 1.48, 0.87],
  tjk_55 = [4.82, 4.16, 4.06, 5.00, 5.00, 4.14, 5.00, 5.00, 4.33, 5.00, 5.00, 0.92, 5.00, 5.00, 3.12, 5.00, 2.36, 5.00, 4.72, 5.00],
  tjk_56 = [0.78, 0.66, 1.02, 1.18, 4.34, 0.58, 1.10, 3.11, 0.89, 0.97, 0.97, 4.17, 1.07, 1.17, 0.98, 1.07, 0.89, 0.95, 0.38, 1.21],
  tjk_57 = [4.41, 5.00, 1.38, 2.08, 2.34, 4.82, 5.00, 1.51, 0.94, 3.34, 5.00, 2.61, 3.61, 3.59, 4.06, 4.08, 2.62, 3.95, 3.17, 2.05],
  tjk_58 = [1.69, 3.99, 5.00, 0.10, 4.92, 3.06, 2.46, 2.53, 4.11, 5.00, 5.00, 4.45, 5.00, 4.96, 3.03, 4.83, 5.00, 5.00, 5.00, 4.52],
  tjk_59 = [2.63, 4.94, 4.64, 3.25, 1.70, 0.10, 5.00, 3.69, 2.83, 2.77, 4.27, 3.33, 3.47, 3.50, 2.59, 4.20, 1.85, 3.39, 3.25, 2.82],
  tjk_510 = [3.01, 1.47, 0.21, 3.07, 2.97, 2.88, 5.00, 3.41, 1.04, 0.10, 2.23, 2.44, 0.23, 3.15, 3.64, 3.05, 2.78, 3.38, 4.73, 1.81],
  tjk_61 = [2.80, 5.00, 2.64, 3.31, 0.10, 0.94, 3.10, 4.31, 4.54, 4.89, 2.90, 5.00, 2.94, 3.33, 2.94, 5.00, 2.69, 2.74, 3.19, 4.23],
  tjk_62 = [2.31, 1.63, 0.10, 2.83, 1.21, 4.46, 4.62, 0.10, 1.76, 0.10, 1.78, 2.33, 1.58, 2.74, 2.13, 4.76, 1.70, 3.31, 1.61, 2.10],
  tjk_63 = [2.09, 4.71, 2.07, 2.63, 5.00, 1.40, 1.76, 5.00, 5.00, 5.00, 2.11, 5.00, 2.45, 4.98, 2.98, 4.81, 5.00, 5.00, 4.27, 1.91],
  tjk_64 = [1.90, 1.87, 1.12, 4.25, 1.84, 2.02, 0.31, 2.17, 2.31, 1.32, 2.63, 4.91, 1.62, 2.07, 3.70, 1.89, 2.52, 3.23, 2.18, 3.59],
  tjk_65 = [4.72, 5.00, 5.00, 5.00, 4.64, 5.00, 2.41, 5.00, 4.38, 1.45, 1.71, 4.32, 5.00, 5.00, 0.10, 5.00, 4.50, 3.36, 5.00, 5.00],
  tjk_66 = [2.40, 2.88, 5.00, 5.00, 4.46, 4.79, 3.57, 3.93, 2.38, 4.97, 3.70, 2.95, 5.00, 0.24, 3.84, 3.08, 3.09, 3.80, 3.73, 4.34],
  tjk_67 = [0.97, 1.12, 1.27, 0.97, 0.10, 1.42, 1.38, 4.19, 3.91, 0.15, 0.10, 0.62, 1.10, 0.95, 2.63, 1.01, 1.73, 0.90, 0.58, 0.16],
  tjk_68 = [1.09, 3.65, 2.77, 4.12, 4.87, 3.99, 0.60, 4.29, 2.75, 1.12, 1.53, 3.22, 5.00, 3.23, 3.39, 3.96, 3.88, 2.83, 3.08, 3.36],
  tjk_69 = [1.08, 0.10, 2.96, 0.96, 4.68, 1.58, 3.98, 3.01, 4.73, 5.00, 1.60, 2.25, 3.48, 1.16, 4.60, 4.75, 4.53, 3.15, 2.66, 3.03],
  tjk_610 = [5.00, 5.00, 2.97, 4.73, 4.70, 4.07, 4.22, 0.10, 3.60, 1.27, 5.00, 2.25, 2.83, 3.85, 4.93, 5.00, 2.31, 5.00, 5.00, 1.35],
  tjk_71 = [1.63, 4.10, 5.00, 3.81, 2.31, 4.16, 4.38, 5.00, 3.22, 4.03, 3.47, 1.68, 4.41, 3.99, 4.91, 3.71, 4.35, 5.00, 3.82, 3.48],
  tjk_72 = [2.60, 2.73, 3.69, 3.77, 2.93, 4.09, 2.97, 2.62, 1.67, 3.50, 2.48, 5.00, 2.90, 3.75, 0.10, 2.77, 1.13, 3.89, 3.92, 2.91],
  tjk_73 = [0.10, 3.04, 0.10, 2.04, 0.10, 3.31, 1.98, 2.27, 4.43, 2.15, 1.13, 1.14, 1.83, 0.35, 1.64, 3.45, 3.45, 1.97, 1.27, 2.03],
  tjk_74 = [4.37, 2.49, 2.44, 4.72, 2.26, 3.24, 2.03, 2.08, 3.80, 2.13, 5.00, 4.23, 4.11, 0.87, 5.00, 1.35, 2.04, 5.00, 2.51, 4.11],
  tjk_75 = [5.00, 4.93, 5.00, 4.81, 3.97, 5.00, 3.68, 4.91, 3.11, 5.00, 1.11, 5.00, 4.44, 3.04, 5.00, 4.46, 5.00, 3.43, 4.61, 5.00],
  tjk_76 = [5.00, 5.00, 4.81, 5.00, 3.43, 1.78, 5.00, 5.00, 5.00, 4.90, 2.73, 5.00, 5.00, 3.91, 1.90, 5.00, 3.61, 1.47, 2.11, 2.88],
  tjk_77 = [3.48, 0.10, 5.00, 4.63, 0.32, 5.00, 2.20, 3.50, 5.00, 4.86, 3.71, 5.00, 1.60, 5.00, 4.37, 5.00, 0.10, 5.00, 4.63, 4.97],
  tjk_78 = [1.21, 0.95, 1.23, 0.95, 1.30, 1.06, 2.81, 0.96, 3.33, 0.48, 3.97, 4.94, 0.10, 3.11, 2.88, 1.96, 0.80, 3.83, 0.91, 1.61],
  tjk_79 = [2.99, 1.73, 1.91, 4.49, 3.06, 1.99, 4.35, 2.05, 1.92, 2.77, 1.78, 4.10, 3.83, 3.48, 4.35, 4.68, 1.79, 2.13, 3.65, 2.09],
  tjk_710 = [3.61, 5.00, 1.52, 3.30, 1.46, 3.78, 2.12, 3.78, 3.34, 1.12, 4.26, 3.43, 3.19, 2.46, 3.47, 2.66, 5.00, 1.92, 2.70, 3.45],
  tjk_81 = [5.00, 4.68, 5.00, 5.00, 4.00, 4.87, 4.74, 5.00, 5.00, 0.10, 3.60, 5.00, 4.52, 3.43, 2.29, 4.19, 4.73, 5.00, 4.06, 5.00],
  tjk_82 = [5.00, 5.00, 3.56, 4.23, 1.61, 1.15, 2.19, 2.07, 2.95, 3.43, 2.46, 3.09, 5.00, 4.28, 4.47, 2.94, 2.82, 2.90, 3.08, 2.65],
  tjk_83 = [4.02, 4.76, 5.00, 1.70, 5.00, 5.00, 0.78, 5.00, 1.07, 1.26, 4.71, 5.00, 2.74, 2.88, 4.52, 2.55, 4.83, 1.47, 5.00, 5.00],
  tjk_84 = [2.03, 2.82, 5.00, 3.80, 5.00, 2.79, 5.00, 2.38, 4.55, 2.45, 4.37, 5.00, 1.05, 4.63, 5.00, 5.00, 4.83, 5.00, 5.00, 5.00],
  tjk_85 = [3.27, 1.19, 3.67, 2.82, 4.53, 3.31, 4.07, 1.28, 4.29, 2.42, 5.00, 4.60, 3.33, 2.97, 3.09, 2.85, 5.00, 2.51, 5.00, 5.00],
  tjk_86 = [1.55, 1.05, 2.77, 4.40, 4.07, 5.00, 5.00, 4.22, 4.26, 2.66, 4.01, 2.52, 3.36, 4.22, 3.43, 4.10, 3.88, 4.61, 4.65, 3.94],
  tjk_87 = [0.78, 2.52, 2.10, 0.40, 2.41, 2.15, 1.88, 2.94, 1.95, 1.70, 2.39, 1.77, 2.56, 0.16, 2.24, 3.93, 2.38, 0.54, 3.60, 1.99],
  tjk_88 = [4.47, 4.11, 2.04, 5.00, 5.00, 2.46, 2.04, 4.50, 0.10, 0.10, 1.12, 2.43, 5.00, 4.41, 5.00, 5.00, 1.64, 4.12, 4.94, 4.65],
  tjk_89 = [3.42, 1.78, 0.10, 1.60, 5.00, 4.23, 3.06, 3.92, 5.00, 3.75, 4.78, 3.63, 3.81, 2.67, 4.65, 5.00, 3.59, 4.99, 5.00, 2.14],
  tjk_810 = [2.35, 3.65, 2.08, 4.00, 1.82, 1.03, 2.51, 1.71, 3.12, 2.03, 2.00, 2.03, 1.03, 2.21, 3.65, 2.34, 3.57, 1.89, 2.34, 4.28],
  tjk_91 = [0.91, 4.70, 1.26, 0.96, 0.10, 0.10, 4.75, 0.71, 4.02, 1.39, 1.03, 4.67, 1.91, 0.89, 1.06, 4.90, 0.88, 0.85, 1.01, 0.10],
  tjk_92 = [2.88, 2.17, 1.12, 0.10, 1.90, 2.22, 1.85, 3.71, 1.55, 2.78, 1.94, 1.99, 2.54, 1.27, 2.82, 0.27, 0.10, 2.11, 2.30, 2.93],
  tjk_93 = [5.00, 3.93, 1.32, 4.55, 5.00, 3.12, 2.83, 3.19, 5.00, 2.99, 5.00, 3.67, 2.03, 2.64, 5.00, 3.59, 2.44, 0.10, 2.68, 5.00],
  tjk_94 = [2.01, 4.76, 4.73, 3.65, 0.10, 3.86, 1.83, 1.64, 4.58, 4.61, 4.21, 3.89, 4.71, 0.10, 2.92, 2.53, 4.38, 1.69, 1.42, 2.58],
  tjk_95 = [4.36, 0.10, 3.92, 5.00, 0.61, 3.76, 5.00, 4.01, 4.06, 3.74, 4.24, 4.15, 1.72, 4.75, 3.03, 1.20, 2.75, 5.00, 3.36, 4.32],
  tjk_96 = [4.52, 5.00, 5.00, 2.36, 4.08, 5.00, 4.77, 0.46, 3.21, 5.00, 4.98, 2.59, 4.86, 4.63, 4.73, 0.10, 4.96, 5.00, 5.00, 2.11],
  tjk_97 = [1.63, 3.03, 3.60, 0.10, 4.24, 4.83, 4.94, 4.39, 2.61, 2.17, 1.96, 1.13, 2.84, 2.89, 3.59, 3.11, 1.76, 3.85, 1.60, 5.00],
  tjk_98 = [0.52, 1.02, 0.88, 1.14, 0.88, 0.33, 3.35, 2.48, 3.36, 1.92, 2.02, 0.80, 3.27, 3.05, 0.90, 3.99, 1.25, 0.10, 1.35, 2.48],
  tjk_99 = [4.58, 4.85, 3.71, 1.31, 2.97, 3.78, 2.09, 1.17, 5.00, 5.00, 1.15, 5.00, 4.82, 4.54, 0.10, 0.10, 5.00, 2.62, 4.52, 5.00],
  tjk_910 = [3.51, 2.48, 3.80, 2.61, 1.60, 1.79, 4.68, 1.35, 0.10, 0.10, 4.29, 2.76, 2.26, 4.68, 1.80, 4.90, 1.67, 4.09, 2.25, 4.46],
  tjk_101 = [3.39, 4.02, 4.46, 3.44, 2.25, 4.22, 0.70, 4.88, 3.76, 5.00, 0.70, 5.00, 5.00, 5.00, 2.01, 0.10, 5.00, 4.47, 4.99, 2.79],
  tjk_102 = [3.40, 3.24, 4.02, 3.51, 4.37, 2.64, 3.74, 1.54, 4.16, 2.95, 0.58, 3.54, 2.68, 3.29, 2.86, 2.05, 4.08, 3.12, 2.81, 0.61],
  tjk_103 = [5.00, 1.94, 0.10, 5.00, 0.10, 3.99, 3.08, 2.71, 3.83, 4.29, 4.03, 3.68, 1.35, 3.76, 1.51, 4.45, 4.34, 3.63, 1.44, 3.74],
  tjk_104 = [1.02, 4.36, 3.52, 4.15, 3.81, 0.10, 4.38, 4.14, 5.00, 2.70, 4.86, 1.02, 4.31, 4.15, 0.35, 0.10, 4.00, 1.92, 3.93, 3.77],
  tjk_105 = [5.00, 0.10, 4.46, 5.00, 4.56, 3.39, 3.86, 3.98, 5.00, 4.62, 5.00, 2.17, 4.28, 5.00, 4.01, 5.00, 1.39, 5.00, 4.13, 4.95],
  tjk_106 = [5.00, 4.97, 5.00, 5.00, 3.07, 1.47, 4.23, 4.47, 4.36, 1.54, 4.60, 4.47, 4.29, 5.00, 1.84, 5.00, 1.83, 5.00, 5.00, 0.10],
  tjk_107 = [3.08, 2.24, 0.81, 2.36, 0.68, 4.37, 0.10, 1.86, 0.10, 0.10, 3.62, 1.68, 2.48, 1.71, 4.71, 2.29, 1.74, 1.76, 2.60, 2.35],
  tjk_108 = [4.06, 5.00, 4.22, 3.05, 4.37, 0.10, 2.67, 5.00, 3.10, 2.27, 3.02, 2.76, 4.96, 2.72, 3.06, 3.11, 5.00, 1.42, 1.04, 2.55],
  tjk_109 = [1.75, 2.71, 4.11, 2.02, 2.15, 2.13, 2.15, 2.87, 1.77, 3.09, 1.88, 1.63, 3.33, 4.62, 1.92, 1.90, 3.00, 1.65, 2.30, 2.49],
  tjk_1010 = [0.10, 3.98, 1.59, 3.26, 4.54, 3.78, 1.51, 4.52, 2.75, 1.70, 4.15, 2.18, 4.00, 1.84, 3.38, 2.17, 1.95, 1.87, 2.22, 2.20],
  tjk_111 = [2.43, 3.09, 0.10, 0.15, 1.82, 1.76, 2.91, 2.83, 1.63, 2.11, 1.68, 3.05, 0.10, 4.14, 1.87, 1.78, 2.21, 3.55, 5.00, 3.20],
  tjk_112 = [2.11, 2.12, 2.84, 0.76, 0.35, 3.85, 2.47, 1.93, 2.43, 4.02, 4.11, 2.80, 3.13, 0.72, 2.05, 2.12, 0.83, 4.04, 0.38, 0.55],
  tjk_113 = [0.10, 2.37, 1.20, 1.12, 5.00, 5.00, 4.92, 5.00, 2.69, 5.00, 4.98, 3.21, 5.00, 4.57, 2.30, 2.48, 1.29, 3.59, 5.00, 3.86],
  tjk_114 = [3.08, 2.89, 3.06, 3.03, 4.11, 2.72, 4.15, 4.29, 2.30, 2.66, 2.55, 2.23, 5.00, 1.57, 2.37, 4.23, 2.58, 2.02, 2.62, 2.97],
  tjk_115 = [3.03, 4.38, 3.69, 4.68, 3.76, 3.70, 4.99, 4.31, 4.34, 3.56, 3.94, 4.39, 1.20, 3.70, 2.48, 4.69, 4.49, 2.02, 1.83, 3.89],
  tjk_116 = [0.10, 4.92, 0.68, 2.86, 1.65, 0.10, 4.24, 3.02, 3.36, 2.25, 1.98, 0.10, 3.16, 1.74, 4.33, 1.64, 4.01, 3.76, 1.76, 2.88],
  tjk_117 = [2.53, 1.39, 3.40, 2.81, 1.21, 2.91, 3.41, 2.66, 3.09, 2.76, 2.99, 1.27, 3.35, 1.61, 2.03, 3.38, 2.95, 2.61, 4.94, 4.51],
  tjk_118 = [1.05, 3.07, 4.34, 0.10, 2.35, 4.64, 1.79, 3.13, 3.05, 0.97, 3.14, 5.00, 3.24, 4.37, 2.66, 3.49, 1.89, 3.48, 1.77, 0.10],
  tjk_119 = [1.34, 0.94, 1.67, 1.05, 1.09, 3.51, 1.90, 1.29, 2.01, 2.17, 1.39, 3.47, 0.57, 0.10, 1.00, 2.26, 3.68, 0.90, 1.47, 0.22],
  tjk_1110 = [3.84, 5.00, 2.56, 3.46, 4.00, 4.01, 2.27, 2.66, 3.88, 5.00, 1.61, 4.90, 1.83, 5.00, 1.05, 0.10, 2.93, 2.95, 3.74, 4.34],
  tjk_121 = [4.54, 1.28, 5.00, 4.98, 4.59, 2.80, 2.24, 5.00, 4.25, 2.12, 2.99, 5.00, 3.78, 5.00, 5.00, 5.00, 4.07, 5.00, 4.53, 5.00],
  tjk_122 = [2.28, 1.77, 4.87, 0.62, 2.43, 2.38, 1.95, 1.75, 1.75, 2.23, 1.21, 2.08, 2.31, 2.84, 3.88, 1.61, 1.87, 2.15, 4.71, 3.48],
  tjk_123 = [2.33, 1.54, 3.93, 0.10, 0.10, 1.67, 1.97, 2.18, 2.97, 3.02, 4.28, 3.03, 2.58, 1.87, 1.07, 1.01, 3.17, 1.83, 1.56, 1.70],
  tjk_124 = [3.88, 4.11, 0.10, 4.19, 5.00, 2.45, 5.00, 4.04, 3.36, 3.98, 1.06, 4.13, 4.04, 4.26, 5.00, 4.62, 0.10, 3.71, 5.00, 4.53],
  tjk_125 = [4.88, 2.37, 4.70, 2.81, 4.85, 5.00, 4.74, 1.74, 4.61, 4.96, 5.00, 4.45, 5.00, 1.05, 0.10, 4.59, 4.29, 2.71, 2.84, 3.30],
  tjk_126 = [4.31, 1.40, 1.31, 2.67, 1.70, 4.56, 1.76, 2.35, 2.68, 2.16, 0.10, 2.57, 3.91, 2.09, 3.18, 4.66, 4.00, 2.18, 1.72, 1.96],
  tjk_127 = [3.89, 4.85, 4.33, 4.82, 4.04, 4.69, 5.00, 5.00, 5.00, 4.35, 2.37, 2.05, 5.00, 5.00, 5.00, 2.83, 4.21, 5.00, 4.40, 5.00],
  tjk_128 = [5.00, 5.00, 3.17, 1.17, 5.00, 5.00, 4.98, 4.76, 5.00, 4.37, 2.59, 5.00, 3.01, 3.36, 5.00, 4.50, 2.87, 2.95, 4.90, 2.44],
  tjk_129 = [3.09, 1.48, 3.34, 1.77, 2.39, 3.06, 3.32, 3.36, 2.58, 2.57, 3.02, 2.89, 0.10, 2.62, 3.91, 2.07, 3.70, 5.00, 2.26, 3.85],
  tjk_1210 = [5.00, 5.00, 4.70, 5.00, 5.00, 2.02, 4.24, 5.00, 5.00, 1.43, 5.00, 5.00, 0.10, 1.74, 1.56, 4.71, 2.27, 2.92, 3.13, 5.00],
  tjk_131 = [3.34, 3.55, 3.97, 2.82, 2.43, 2.93, 1.04, 3.05, 3.20, 3.30, 2.81, 3.56, 0.10, 1.59, 3.31, 4.16, 3.54, 3.42, 5.00, 1.12],
  tjk_132 = [1.15, 1.07, 4.36, 1.42, 1.39, 2.25, 2.50, 1.03, 1.33, 1.10, 3.32, 0.76, 1.00, 0.48, 1.60, 1.88, 4.53, 1.12, 0.92, 1.56],
  tjk_133 = [0.10, 2.52, 5.00, 5.00, 4.17, 5.00, 2.46, 4.15, 2.31, 5.00, 4.51, 4.48, 4.34, 0.10, 5.00, 3.82, 1.04, 0.10, 3.95, 4.49],
  tjk_134 = [4.69, 3.19, 2.14, 1.36, 3.01, 1.78, 1.65, 3.94, 3.39, 4.12, 3.32, 3.10, 3.54, 0.10, 2.99, 5.00, 3.73, 3.42, 2.54, 3.20],
  tjk_135 = [4.56, 4.46, 1.01, 3.57, 0.49, 3.77, 5.00, 3.50, 3.05, 4.69, 4.71, 4.29, 3.32, 5.00, 4.69, 3.84, 3.87, 1.03, 3.71, 4.02],
  tjk_136 = [2.98, 2.44, 1.78, 5.00, 5.00, 4.21, 5.00, 2.47, 2.33, 1.13, 3.92, 4.51, 4.58, 1.10, 4.79, 2.54, 3.40, 2.09, 4.76, 5.00],
  tjk_137 = [2.03, 0.10, 2.98, 2.39, 1.53, 2.18, 4.01, 1.80, 2.02, 3.74, 1.66, 3.52, 1.86, 4.47, 2.19, 2.27, 3.54, 2.19, 3.80, 4.17],
  tjk_138 = [5.00, 4.84, 2.77, 4.14, 5.00, 5.00, 1.91, 1.22, 1.62, 0.10, 5.00, 1.19, 3.80, 4.42, 4.44, 4.36, 4.46, 3.92, 4.84, 5.00],
  tjk_139 = [1.69, 2.75, 2.63, 3.02, 3.33, 3.07, 3.53, 2.57, 3.27, 3.97, 0.10, 2.86, 2.89, 1.21, 5.00, 3.62, 1.15, 3.25, 2.96, 3.00],
  tjk_1310 = [1.88, 2.04, 2.90, 3.22, 2.18, 2.50, 1.69, 2.21, 2.01, 0.76, 1.10, 0.72, 2.10, 1.97, 2.05, 1.98, 3.96, 3.37, 1.86, 3.82],
  tjk_141 = [1.04, 0.16, 1.62, 1.99, 0.95, 0.93, 3.27, 2.40, 2.86, 0.79, 3.98, 2.70, 0.97, 0.89, 3.27, 3.65, 2.02, 0.65, 1.04, 3.58],
  tjk_142 = [3.41, 2.07, 1.49, 2.03, 2.21, 3.25, 2.03, 1.81, 1.40, 2.19, 1.47, 1.87, 2.04, 3.96, 2.05, 2.05, 2.17, 4.81, 2.97, 3.25],
  tjk_143 = [4.68, 2.24, 1.44, 0.11, 1.40, 0.90, 1.90, 0.86, 1.45, 0.83, 2.58, 4.32, 1.07, 0.71, 0.95, 1.58, 1.57, 1.17, 1.04, 4.08],
  tjk_144 = [0.92, 1.06, 2.38, 3.68, 1.66, 1.17, 2.35, 0.38, 2.15, 0.11, 0.79, 4.81, 2.42, 0.93, 2.26, 0.91, 1.93, 0.96, 0.92, 0.37],
  tjk_145 = [1.24, 4.33, 1.94, 1.89, 1.33, 0.10, 0.91, 1.09, 1.20, 1.16, 1.05, 1.29, 3.52, 0.91, 1.04, 0.86, 1.03, 1.03, 0.99, 1.25],
  tjk_146 = [5.00, 5.00, 2.17, 5.00, 4.49, 5.00, 5.00, 5.00, 4.28, 2.92, 4.69, 5.00, 4.82, 5.00, 2.74, 3.49, 5.00, 3.07, 3.60, 1.00],
  tjk_147 = [0.34, 2.88, 1.08, 0.97, 1.40, 3.88, 1.23, 3.86, 1.04, 0.83, 2.75, 1.02, 0.89, 2.10, 3.79, 4.04, 4.80, 0.44, 3.42, 0.87],
  tjk_148 = [5.00, 3.80, 2.93, 1.26, 1.87, 4.56, 4.93, 1.81, 3.23, 4.82, 5.00, 0.77, 2.28, 4.80, 3.02, 5.00, 2.38, 0.55, 5.00, 4.97],
  tjk_149 = [0.75, 2.07, 2.18, 0.27, 1.14, 4.10, 1.23, 1.68, 1.01, 0.44, 1.26, 1.10, 1.29, 0.88, 1.45, 1.32, 1.18, 3.47, 4.93, 0.88],
  tjk_1410 = [5.00, 2.95, 3.74, 2.93, 5.00, 3.52, 2.52, 1.71, 3.15, 3.87, 2.98, 4.62, 3.29, 2.79, 5.00, 4.73, 0.10, 2.65, 2.51, 3.10],
  tjk_151 = [4.57, 5.00, 5.00, 4.61, 0.18, 4.61, 5.00, 4.77, 1.66, 0.10, 1.73, 4.00, 5.00, 5.00, 3.28, 1.45, 4.37, 4.55, 1.20, 0.96],
  tjk_152 = [3.11, 2.13, 5.00, 3.37, 2.84, 2.55, 5.00, 3.66, 3.05, 1.52, 3.13, 1.20, 2.56, 3.25, 1.13, 1.80, 2.62, 0.10, 3.00, 1.57],
  tjk_153 = [4.02, 5.00, 1.09, 4.28, 3.77, 3.94, 4.64, 2.27, 4.22, 4.31, 5.00, 3.90, 3.76, 1.45, 4.23, 1.72, 4.04, 4.07, 4.42, 3.45],
  tjk_154 = [3.24, 1.97, 1.73, 1.61, 1.90, 2.57, 1.55, 3.30, 0.10, 3.20, 2.41, 5.00, 2.66, 2.73, 0.21, 2.20, 2.57, 2.42, 3.33, 2.41],
  tjk_155 = [3.19, 1.16, 0.89, 2.06, 0.65, 2.67, 3.21, 1.08, 1.95, 2.18, 1.03, 4.79, 1.13, 0.87, 1.07, 0.93, 1.20, 3.11, 0.96, 4.54],
  tjk_156 = [4.06, 4.08, 3.61, 5.00, 2.41, 5.00, 4.79, 1.75, 2.70, 4.51, 2.62, 4.17, 4.71, 1.37, 4.57, 4.16, 3.71, 3.72, 5.00, 5.00],
  tjk_157 = [4.72, 1.83, 4.03, 1.27, 5.00, 4.08, 4.93, 2.74, 3.80, 4.26, 4.36, 3.95, 5.00, 3.09, 1.03, 4.55, 3.86, 4.59, 4.97, 4.21],
  tjk_158 = [3.99, 1.09, 3.24, 4.59, 3.77, 3.28, 3.28, 0.10, 3.92, 3.42, 1.80, 4.28, 2.91, 4.00, 2.63, 4.65, 0.10, 4.30, 1.68, 5.00],
  tjk_159 = [3.46, 4.91, 2.80, 3.22, 5.00, 1.25, 4.33, 3.72, 3.42, 4.17, 5.00, 5.00, 1.05, 0.84, 3.39, 4.67, 0.57, 1.53, 3.58, 2.62],
  tjk_1510 = [3.99, 3.70, 0.10, 2.99, 5.00, 1.66, 1.64, 4.29, 3.63, 4.26, 2.15, 2.99, 0.10, 1.62, 4.49, 4.15, 1.62, 3.43, 3.97, 2.05],
  tjk_161 = [3.97, 2.15, 4.26, 2.40, 3.28, 1.80, 1.59, 0.10, 1.93, 2.36, 2.30, 2.26, 1.53, 4.09, 4.61, 1.04, 3.09, 2.42, 2.36, 1.28],
  tjk_162 = [0.10, 1.77, 1.40, 3.00, 3.04, 1.94, 3.43, 3.00, 1.61, 2.39, 3.95, 3.28, 5.00, 1.26, 5.00, 2.72, 1.66, 4.21, 4.23, 4.95],
  tjk_163 = [4.02, 5.00, 4.32, 1.19, 3.10, 0.90, 3.86, 2.65, 4.34, 3.97, 2.65, 3.77, 5.00, 3.11, 4.53, 4.26, 3.27, 3.48, 3.55, 4.60],
  tjk_164 = [2.12, 3.24, 1.24, 2.20, 2.06, 1.94, 0.49, 2.59, 1.76, 3.28, 4.45, 1.76, 3.25, 1.73, 1.83, 0.10, 1.76, 0.82, 1.15, 2.44],
  tjk_165 = [4.72, 5.00, 2.54, 3.93, 5.00, 0.10, 5.00, 5.00, 1.57, 3.35, 4.65, 3.83, 4.86, 2.18, 4.56, 3.22, 5.00, 2.72, 1.70, 3.03],
  tjk_166 = [4.81, 5.00, 2.20, 2.85, 4.74, 3.13, 1.92, 5.00, 3.29, 5.00, 2.34, 4.81, 4.77, 5.00, 0.10, 5.00, 3.99, 4.68, 4.59, 5.00],
  tjk_167 = [1.28, 1.17, 2.24, 2.19, 2.82, 4.45, 2.11, 1.41, 3.96, 4.03, 1.76, 2.20, 0.10, 4.57, 4.27, 1.76, 2.67, 1.69, 0.19, 2.07],
  tjk_168 = [2.08, 5.00, 1.24, 4.39, 5.00, 4.98, 2.88, 4.78, 1.59, 5.00, 0.10, 5.00, 4.65, 5.00, 5.00, 5.00, 5.00, 3.10, 3.55, 2.74],
  tjk_169 = [4.89, 4.14, 1.51, 5.00, 4.65, 3.82, 3.87, 4.40, 4.48, 4.97, 2.50, 1.76, 5.00, 3.60, 5.00, 1.30, 1.32, 4.90, 1.67, 4.12],
  tjk_1610 = [2.26, 1.02, 0.94, 0.93, 2.24, 1.31, 1.05, 1.49, 2.02, 1.22, 1.31, 1.89, 0.63, 1.03, 1.21, 1.74, 1.24, 0.10, 0.10, 0.10],
  tjk_171 = [1.53, 3.35, 3.01, 2.78, 3.49, 3.43, 1.90, 3.22, 5.00, 4.15, 2.60, 3.24, 2.96, 2.31, 3.11, 3.39, 5.00, 3.11, 5.00, 0.10],
  tjk_172 = [4.56, 4.39, 3.96, 4.60, 3.56, 0.44, 4.28, 2.55, 0.72, 1.83, 1.07, 3.90, 4.13, 4.67, 4.17, 4.75, 4.70, 0.10, 5.00, 3.24],
  tjk_173 = [2.87, 2.79, 4.05, 2.71, 3.81, 3.85, 2.52, 4.98, 4.63, 3.37, 4.15, 1.09, 5.00, 4.26, 5.00, 4.55, 3.93, 0.10, 4.30, 3.91],
  tjk_174 = [4.79, 2.03, 0.75, 5.00, 1.05, 5.00, 5.00, 5.00, 1.87, 5.00, 5.00, 5.00, 2.91, 5.00, 5.00, 5.00, 4.80, 5.00, 5.00, 4.69],
  tjk_175 = [3.90, 5.00, 2.71, 0.10, 4.69, 1.62, 4.43, 5.00, 5.00, 2.00, 3.71, 3.96, 4.21, 1.33, 2.11, 5.00, 3.73, 0.10, 1.24, 3.02],
  tjk_176 = [1.02, 0.10, 3.10, 0.86, 0.97, 0.98, 1.74, 2.83, 2.00, 1.06, 0.76, 0.99, 1.10, 0.99, 1.05, 0.99, 2.12, 0.89, 0.86, 0.13],
  tjk_177 = [2.93, 2.03, 2.48, 1.79, 3.19, 1.05, 1.18, 3.32, 4.29, 4.75, 5.00, 1.86, 1.33, 3.38, 3.28, 3.12, 0.23, 2.83, 2.45, 2.79],
  tjk_178 = [3.39, 3.18, 2.19, 2.67, 2.68, 2.37, 0.24, 0.77, 3.51, 2.69, 5.00, 0.10, 3.44, 3.52, 0.10, 3.40, 3.77, 1.23, 2.76, 2.98],
  tjk_179 = [1.12, 1.27, 3.28, 2.36, 1.10, 0.87, 0.10, 4.28, 1.01, 0.92, 1.14, 0.32, 2.02, 0.91, 0.10, 1.11, 4.58, 1.23, 0.83, 1.78],
  tjk_1710 = [2.02, 3.60, 2.05, 0.76, 2.16, 1.96, 2.47, 5.00, 1.91, 0.10, 5.00, 2.24, 2.86, 1.31, 3.47, 3.28, 2.02, 2.08, 2.47, 1.43],
  tjk_181 = [3.97, 5.00, 3.63, 4.35, 5.00, 1.32, 2.27, 2.97, 5.00, 1.83, 0.10, 4.40, 4.81, 4.47, 3.90, 3.28, 1.47, 3.81, 3.87, 4.25],
  tjk_182 = [1.97, 5.00, 4.76, 4.88, 0.10, 5.00, 5.00, 1.89, 3.11, 4.95, 2.20, 5.00, 5.00, 5.00, 0.10, 2.47, 2.54, 5.00, 2.51, 2.21],
  tjk_183 = [5.00, 1.18, 1.43, 2.30, 4.64, 4.29, 4.53, 1.53, 3.05, 4.95, 3.16, 5.00, 4.61, 3.12, 4.98, 1.20, 2.83, 5.00, 3.78, 3.47],
  tjk_184 = [4.24, 5.00, 4.86, 2.03, 3.58, 1.18, 3.07, 3.35, 3.08, 3.47, 2.67, 4.94, 0.10, 5.00, 3.63, 4.26, 3.13, 2.48, 2.11, 1.46],
  tjk_185 = [1.56, 0.94, 0.95, 0.10, 2.00, 1.81, 0.94, 1.17, 0.81, 0.87, 0.89, 2.26, 1.54, 0.96, 1.28, 0.92, 1.04, 1.63, 0.98, 0.95],
  tjk_186 = [1.72, 3.70, 4.63, 3.47, 2.05, 4.49, 0.10, 5.00, 0.50, 3.45, 3.38, 4.25, 3.23, 3.98, 5.00, 4.26, 0.10, 2.04, 2.62, 3.94],
  tjk_187 = [3.51, 4.50, 2.23, 2.51, 2.65, 0.10, 3.42, 3.16, 2.99, 2.92, 1.10, 3.01, 3.87, 0.72, 2.65, 1.35, 3.34, 1.46, 2.00, 3.47],
  tjk_188 = [3.14, 2.08, 1.02, 1.58, 2.55, 3.96, 2.75, 3.12, 3.20, 0.10, 1.27, 1.60, 1.64, 2.53, 3.50, 2.50, 2.89, 3.24, 1.05, 5.00],
  tjk_189 = [2.99, 2.71, 1.27, 3.57, 3.37, 3.34, 2.96, 1.66, 4.96, 2.05, 4.63, 2.96, 2.89, 2.81, 5.00, 1.18, 2.60, 3.01, 3.20, 2.70],
  tjk_1810 = [2.07, 2.08, 1.76, 3.37, 1.15, 0.10, 3.42, 4.19, 4.78, 4.95, 4.17, 2.11, 3.08, 4.48, 1.65, 2.07, 2.47, 2.66, 2.10, 1.94],
  tjk_191 = [5.00, 4.92, 0.10, 5.00, 2.43, 5.00, 4.93, 5.00, 4.99, 0.84, 4.89, 2.98, 3.46, 5.00, 4.38, 4.87, 0.10, 2.99, 0.10, 4.18],
  tjk_192 = [1.02, 4.92, 1.09, 2.98, 1.08, 1.74, 1.09, 0.62, 0.10, 3.56, 2.46, 3.98, 2.22, 0.97, 0.93, 3.10, 0.99, 0.25, 1.23, 1.21],
  tjk_193 = [3.81, 5.00, 5.00, 5.00, 4.67, 4.57, 4.91, 5.00, 4.45, 2.30, 0.10, 4.67, 5.00, 5.00, 1.63, 1.18, 1.90, 5.00, 0.61, 5.00],
  tjk_194 = [1.17, 1.89, 1.90, 1.77, 1.91, 3.52, 2.10, 1.83, 2.27, 2.05, 2.88, 2.08, 4.48, 2.05, 4.36, 4.05, 1.97, 2.15, 2.45, 2.13],
  tjk_195 = [1.72, 1.93, 3.43, 5.00, 1.12, 3.25, 0.10, 1.99, 1.89, 1.69, 0.49, 4.45, 4.54, 1.82, 1.68, 2.73, 1.72, 2.11, 2.96, 3.23],
  tjk_196 = [1.71, 4.47, 1.83, 3.11, 2.01, 2.31, 2.86, 2.71, 1.54, 4.59, 1.89, 2.46, 1.63, 3.84, 1.91, 4.27, 0.99, 1.07, 1.60, 2.16],
  tjk_197 = [1.70, 1.38, 3.69, 0.67, 1.32, 0.96, 2.30, 2.51, 0.73, 1.16, 1.04, 3.75, 1.87, 0.20, 1.98, 1.06, 1.15, 4.22, 0.87, 0.96],
  tjk_198 = [3.83, 4.99, 2.46, 4.37, 4.23, 3.91, 2.23, 2.19, 3.30, 4.24, 4.34, 4.25, 3.45, 3.40, 5.00, 0.10, 5.00, 1.17, 3.27, 4.05],
  tjk_199 = [0.93, 2.29, 1.97, 5.00, 1.18, 1.63, 4.63, 1.77, 2.12, 4.89, 4.21, 1.78, 4.11, 2.95, 2.09, 3.53, 3.54, 2.08, 0.10, 1.94],
  tjk_1910 = [1.73, 1.88, 2.96, 2.15, 3.93, 1.93, 1.97, 1.78, 2.10, 1.63, 4.17, 2.92, 3.64, 1.90, 1.98, 4.14, 3.95, 2.73, 1.83, 1.64],
  tjk_201 = [1.42, 5.00, 5.00, 1.38, 0.31, 5.00, 4.33, 5.00, 3.85, 4.93, 4.47, 4.58, 5.00, 5.00, 5.00, 0.37, 5.00, 4.77, 3.87, 5.00],
  tjk_202 = [0.81, 1.06, 3.58, 1.12, 0.91, 4.67, 1.80, 0.95, 0.88, 2.46, 1.46, 1.86, 1.07, 2.91, 1.10, 2.63, 0.91, 1.02, 2.90, 1.10],
  tjk_203 = [3.08, 3.63, 1.06, 0.10, 2.72, 2.88, 4.12, 5.00, 4.26, 0.10, 2.59, 2.45, 2.14, 2.84, 4.66, 2.62, 3.48, 3.43, 4.65, 2.56],
  tjk_204 = [1.86, 2.97, 1.46, 2.02, 2.91, 2.43, 2.49, 2.82, 2.88, 4.07, 2.53, 2.28, 2.84, 1.39, 3.60, 3.03, 1.05, 3.87, 2.11, 4.77],
  tjk_205 = [3.09, 2.13, 2.91, 3.10, 3.16, 1.04, 3.52, 2.04, 1.96, 2.09, 1.67, 2.21, 2.12, 1.99, 4.17, 4.79, 2.10, 3.58, 2.93, 3.48],
  tjk_206 = [4.67, 1.13, 0.91, 2.35, 0.10, 2.81, 2.53, 0.99, 1.08, 0.96, 0.55, 1.03, 0.93, 1.79, 4.62, 1.09, 1.19, 0.26, 1.11, 0.94],
  tjk_207 = [3.87, 5.00, 5.00, 1.08, 2.50, 4.43, 4.80, 2.13, 3.80, 4.13, 2.95, 5.00, 3.57, 4.57, 4.67, 3.18, 5.00, 5.00, 5.00, 5.00],
  tjk_208 = [1.94, 1.31, 4.37, 4.02, 2.57, 1.60, 1.54, 4.01, 1.58, 0.10, 3.88, 0.36, 4.32, 3.87, 4.00, 4.59, 5.00, 4.84, 3.92, 4.12],
  tjk_209 = [1.88, 2.10, 2.64, 2.17, 1.16, 3.30, 1.87, 1.95, 1.29, 1.35, 2.62, 2.93, 4.68, 1.93, 3.23, 2.05, 3.14, 4.22, 2.85, 1.29],
  tjk_2010 = [4.00, 3.78, 2.94, 4.06, 1.90, 4.62, 1.38, 1.33, 3.11, 3.85, 3.86, 3.75, 3.78, 4.22, 4.51, 4.32, 3.82, 4.42, 4.03, 3.24],
]

Service Times (¦Î_{jk}^s) = [
  xi_11 = [3.03, 9.55, 10.00, 10.00, 4.68, 4.76, 2.75, 3.91, 5.24, 3.29, 4.09, 3.98, 3.39, 5.87, 4.10, 3.91, 1.35, 3.68, 4.58, 7.24],
  xi_12 = [3.22, 8.13, 7.97, 1.00, 4.90, 4.04, 8.62, 4.54, 10.00, 6.96, 1.14, 8.13, 2.27, 5.22, 9.90, 9.14, 1.00, 1.00, 5.02, 7.48],
  xi_13 = [8.19, 4.96, 8.40, 4.36, 4.41, 3.81, 7.57, 4.51, 2.48, 4.77, 4.42, 4.73, 8.12, 9.79, 7.51, 4.93, 8.68, 4.92, 5.00, 5.18],
  xi_14 = [7.62, 1.24, 8.11, 1.52, 9.34, 4.57, 9.79, 1.01, 4.65, 3.91, 5.29, 7.36, 8.81, 10.00, 6.96, 1.05, 8.37, 4.05, 7.82, 10.00],
  xi_15 = [7.56, 6.65, 7.29, 7.92, 10.00, 9.55, 4.10, 7.90, 6.27, 6.20, 1.00, 6.33, 9.13, 6.21, 5.85, 1.95, 8.01, 10.00, 7.36, 3.28],
  xi_16 = [6.81, 8.67, 8.35, 7.50, 4.96, 6.86, 4.46, 8.93, 10.00, 8.57, 8.75, 7.71, 9.19, 8.94, 10.00, 10.00, 10.00, 8.94, 5.81, 7.31],
  xi_17 = [8.15, 2.55, 1.91, 3.51, 6.62, 3.01, 1.77, 4.96, 7.72, 6.54, 7.40, 7.97, 2.11, 4.79, 2.32, 1.53, 9.20, 2.97, 3.37, 9.40],
  xi_18 = [1.02, 1.77, 5.49, 4.19, 8.34, 4.68, 3.12, 8.98, 10.00, 9.66, 10.00, 9.35, 1.00, 8.24, 9.90, 9.48, 8.14, 7.53, 10.00, 3.00],
  xi_19 = [4.20, 1.93, 6.73, 10.00, 6.09, 7.16, 6.36, 6.58, 7.64, 7.49, 4.89, 5.43, 3.84, 2.65, 7.10, 2.86, 1.02, 5.14, 6.77, 1.48],
  xi_110 = [4.48, 1.08, 1.27, 1.91, 1.00, 5.44, 1.07, 1.00, 1.39, 1.08, 1.13, 5.79, 1.00, 3.46, 5.71, 6.62, 1.34, 6.55, 4.08, 1.00],
  xi_21 = [1.83, 2.04, 9.19, 2.15, 1.00, 1.47, 3.99, 1.77, 3.14, 1.52, 2.23, 2.09, 2.24, 2.20, 1.96, 8.59, 1.00, 3.43, 2.82, 2.03],
  xi_22 = [2.91, 1.17, 1.01, 7.78, 1.07, 1.00, 1.00, 1.00, 1.00, 1.00, 1.00, 1.00, 4.76, 1.01, 1.00, 1.00, 2.40, 9.13, 1.00, 1.08],
  xi_23 = [9.47, 6.94, 2.50, 6.51, 10.00, 10.00, 3.08, 9.75, 10.00, 8.31, 7.23, 8.74, 10.00, 1.00, 10.00, 10.00, 8.77, 8.90, 4.63, 7.24],
  xi_24 = [2.97, 5.86, 3.23, 4.15, 3.23, 2.71, 3.37, 1.12, 2.33, 4.24, 2.58, 6.48, 4.00, 3.80, 4.92, 3.17, 2.90, 3.75, 3.31, 9.62],
  xi_25 = [4.50, 5.55, 7.67, 5.66, 3.40, 5.36, 8.84, 9.08, 1.00, 4.44, 8.97, 10.00, 4.31, 6.13, 1.00, 8.14, 2.91, 10.00, 1.29, 9.71],
  xi_26 = [1.00, 7.29, 3.32, 4.96, 8.52, 7.70, 7.10, 10.00, 7.61, 1.00, 9.54, 7.84, 6.05, 9.03, 7.20, 10.00, 8.75, 3.56, 7.90, 4.00],
  xi_27 = [5.82, 4.16, 7.84, 1.00, 4.36, 10.00, 5.20, 2.18, 2.16, 2.68, 4.91, 7.28, 6.73, 5.58, 9.06, 5.41, 2.40, 5.88, 1.00, 4.36],
  xi_28 = [1.89, 4.99, 4.22, 5.40, 1.83, 5.52, 3.97, 2.99, 2.29, 6.57, 2.18, 2.30, 1.00, 2.24, 8.04, 2.07, 6.01, 6.19, 1.40, 2.75],
  xi_29 = [6.31, 7.40, 5.31, 8.70, 8.49, 4.23, 1.00, 9.14, 1.62, 2.20, 3.43, 5.10, 8.23, 4.59, 2.32, 2.82, 1.73, 1.26, 2.14, 2.04],
  xi_210 = [2.63, 2.80, 2.66, 2.77, 7.30, 2.95, 2.98, 1.41, 1.00, 1.57, 3.14, 5.35, 1.17, 3.86, 1.72, 7.75, 3.57, 9.82, 5.27, 2.97],
  xi_31 = [1.48, 9.07, 6.27, 1.00, 4.68, 3.41, 4.42, 5.77, 6.16, 4.44, 1.00, 5.00, 2.33, 4.02, 9.97, 6.10, 3.89, 3.54, 3.85, 4.59],
  xi_32 = [9.49, 8.59, 8.16, 1.34, 8.48, 8.69, 7.92, 7.30, 7.65, 3.38, 6.06, 9.33, 4.35, 9.35, 9.80, 6.68, 10.00, 5.11, 9.22, 6.88],
  xi_33 = [4.34, 1.36, 1.00, 3.62, 5.75, 4.88, 6.40, 4.44, 2.16, 1.12, 7.53, 1.82, 5.27, 3.78, 2.55, 4.46, 2.40, 3.50, 4.01, 9.54],
  xi_34 = [10.00, 1.25, 7.50, 5.05, 8.30, 5.51, 4.91, 5.86, 2.16, 6.25, 5.33, 6.90, 5.30, 3.86, 6.32, 8.14, 5.61, 4.99, 5.48, 3.16],
  xi_35 = [2.97, 7.03, 2.88, 4.34, 2.61, 2.55, 5.25, 2.64, 7.60, 1.78, 3.19, 2.20, 2.93, 6.22, 2.84, 2.72, 6.83, 2.83, 4.39, 5.79],
  xi_36 = [9.68, 6.94, 5.77, 5.18, 6.13, 1.00, 7.65, 10.00, 6.39, 2.94, 8.32, 4.51, 7.67, 7.52, 7.38, 8.33, 5.94, 1.00, 7.70, 3.91],
  xi_37 = [4.52, 4.28, 3.47, 4.24, 7.41, 1.00, 1.56, 1.92, 4.30, 4.00, 6.21, 10.00, 2.82, 5.99, 7.81, 9.71, 4.42, 6.31, 9.44, 6.38],
  xi_38 = [2.13, 8.43, 10.00, 8.99, 1.41, 10.00, 1.00, 7.71, 6.95, 7.86, 8.67, 7.88, 9.07, 8.34, 7.67, 2.30, 8.26, 8.27, 9.69, 6.80],
  xi_39 = [9.57, 5.58, 6.79, 2.10, 1.00, 2.13, 2.17, 1.38, 5.17, 1.66, 2.02, 1.73, 1.00, 1.83, 9.27, 1.03, 5.57, 1.00, 3.66, 6.71],
  xi_310 = [1.00, 1.00, 6.40, 6.79, 1.00, 1.06, 1.00, 7.49, 1.16, 1.00, 1.02, 4.86, 8.19, 2.50, 1.12, 5.97, 9.81, 5.21, 1.17, 1.06],
  xi_41 = [3.75, 2.91, 3.39, 4.37, 8.69, 6.63, 4.22, 7.01, 9.28, 5.85, 3.67, 1.00, 2.37, 9.76, 2.77, 5.90, 1.00, 6.67, 4.11, 2.04],
  xi_42 = [2.29, 3.09, 2.92, 3.08, 3.44, 3.42, 2.90, 2.74, 4.22, 3.05, 1.01, 2.96, 2.10, 3.64, 3.73, 2.77, 2.64, 2.23, 3.00, 4.31],
  xi_43 = [4.52, 2.68, 2.87, 4.10, 5.82, 1.77, 2.88, 5.36, 5.01, 4.56, 6.20, 3.56, 3.08, 1.00, 3.77, 4.44, 9.08, 8.93, 1.00, 5.22],
  xi_44 = [10.00, 3.30, 8.53, 10.00, 10.00, 5.98, 5.68, 2.24, 10.00, 3.82, 8.74, 5.57, 10.00, 2.06, 9.77, 3.14, 5.83, 1.00, 6.00, 9.76],
  xi_45 = [1.82, 2.69, 1.00, 1.92, 1.00, 3.35, 1.94, 1.00, 2.21, 1.83, 8.79, 2.44, 3.34, 1.77, 1.00, 7.34, 1.99, 3.79, 2.33, 1.00],
  xi_46 = [3.35, 1.89, 2.03, 1.90, 1.83, 4.07, 3.79, 8.93, 1.71, 2.05, 8.10, 6.02, 1.22, 8.01, 5.22, 8.29, 2.43, 1.72, 2.71, 2.01],
  xi_47 = [1.31, 4.21, 1.46, 4.14, 3.46, 1.32, 3.37, 4.01, 3.72, 3.94, 2.49, 3.32, 5.76, 9.05, 3.76, 6.64, 3.53, 2.34, 4.14, 1.00],
  xi_48 = [2.85, 6.33, 6.25, 2.54, 7.47, 4.34, 1.57, 2.66, 7.06, 2.22, 8.57, 3.17, 3.05, 3.19, 1.23, 4.88, 4.12, 2.40, 5.34, 4.93],
  xi_49 = [9.93, 10.00, 1.58, 1.32, 3.78, 10.00, 10.00, 8.89, 6.95, 7.81, 9.92, 8.80, 6.70, 6.70, 10.00, 8.23, 8.03, 2.42, 10.00, 6.42],
  xi_410 = [6.03, 5.46, 10.00, 5.47, 5.57, 5.46, 6.90, 6.05, 7.71, 4.89, 7.25, 6.47, 5.19, 10.00, 5.98, 6.14, 5.38, 9.93, 1.20, 5.92],
  xi_51 = [6.31, 7.11, 6.57, 10.00, 6.90, 6.39, 6.97, 5.54, 5.26, 7.41, 7.12, 7.27, 7.68, 7.37, 7.50, 3.42, 5.10, 3.67, 7.26, 9.25],
  xi_52 = [6.49, 10.00, 8.39, 2.95, 8.20, 8.50, 7.42, 7.72, 9.29, 9.92, 10.00, 5.26, 9.65, 10.00, 6.41, 7.05, 1.03, 10.00, 10.00, 5.48],
  xi_53 = [9.50, 3.41, 5.89, 1.24, 5.29, 8.14, 5.18, 7.01, 3.35, 3.22, 6.59, 10.00, 5.03, 6.44, 7.59, 9.87, 5.75, 4.56, 10.00, 5.42],
  xi_54 = [10.00, 4.70, 9.32, 1.00, 10.00, 3.37, 5.02, 9.30, 3.08, 1.41, 10.00, 5.68, 10.00, 10.00, 10.00, 2.64, 8.70, 2.34, 4.74, 5.17],
  xi_55 = [5.03, 5.10, 4.22, 1.00, 5.30, 2.19, 5.24, 2.55, 5.12, 1.34, 3.41, 5.36, 10.00, 1.56, 3.30, 4.59, 1.83, 3.67, 8.32, 8.38],
  xi_56 = [1.00, 6.93, 5.43, 7.68, 6.70, 10.00, 6.71, 9.78, 7.44, 5.25, 1.00, 8.15, 6.21, 4.40, 3.29, 6.63, 8.34, 5.67, 10.00, 4.73],
  xi_57 = [3.59, 5.19, 4.98, 3.93, 10.00, 5.21, 5.59, 6.07, 5.48, 3.46, 1.12, 10.00, 1.00, 1.00, 5.28, 5.18, 9.18, 4.62, 5.43, 5.95],
  xi_58 = [9.41, 4.14, 9.89, 2.66, 10.00, 2.85, 10.00, 10.00, 7.76, 1.00, 10.00, 9.61, 1.87, 7.84, 9.12, 7.54, 10.00, 9.92, 9.20, 10.00],
  xi_59 = [7.54, 5.79, 10.00, 1.40, 6.39, 8.53, 10.00, 8.68, 10.00, 2.24, 9.48, 8.19, 8.58, 8.39, 8.44, 4.07, 10.00, 9.13, 3.33, 7.76],
  xi_510 = [3.65, 1.00, 9.13, 8.90, 1.10, 10.00, 8.26, 9.58, 10.00, 2.70, 9.95, 10.00, 9.98, 10.00, 6.67, 10.00, 10.00, 10.00, 10.00, 3.09],
  xi_61 = [8.87, 4.64, 8.91, 5.05, 9.41, 1.00, 8.11, 5.31, 10.00, 8.93, 3.28, 1.99, 10.00, 5.14, 9.86, 8.07, 10.00, 8.46, 8.74, 8.73],
  xi_62 = [1.00, 8.67, 10.00, 8.80, 4.95, 10.00, 6.18, 8.76, 9.52, 7.80, 9.94, 1.80, 2.21, 9.33, 9.09, 8.17, 10.00, 4.15, 7.68, 9.71],
  xi_63 = [3.86, 3.48, 4.89, 3.82, 3.71, 4.24, 5.97, 5.99, 4.24, 4.60, 1.11, 3.96, 1.00, 5.77, 2.96, 2.98, 4.03, 9.97, 8.67, 1.39],
  xi_64 = [4.88, 5.25, 5.78, 4.13, 7.41, 10.00, 1.72, 3.88, 4.90, 6.01, 7.38, 8.13, 1.00, 4.67, 10.00, 7.24, 7.46, 9.85, 10.00, 4.54],
  xi_65 = [10.00, 10.00, 10.00, 5.91, 1.00, 9.47, 8.76, 9.70, 2.46, 10.00, 8.75, 2.72, 10.00, 4.16, 9.62, 10.00, 8.13, 3.51, 5.74, 8.47],
  xi_66 = [8.43, 10.00, 9.35, 2.78, 8.51, 6.73, 2.77, 1.69, 8.40, 7.81, 6.35, 7.87, 7.17, 7.30, 1.53, 7.82, 1.80, 7.19, 8.01, 10.00],
  xi_67 = [5.96, 1.10, 1.05, 5.31, 2.35, 2.03, 1.02, 1.54, 8.12, 1.13, 1.00, 1.09, 4.11, 1.24, 1.00, 9.15, 1.00, 1.48, 8.13, 1.55],
  xi_68 = [1.00, 4.26, 3.99, 2.00, 3.76, 2.20, 3.43, 4.98, 4.21, 5.44, 5.72, 4.36, 7.81, 2.38, 3.79, 7.87, 1.00, 1.00, 4.34, 3.85],
  xi_69 = [2.01, 1.73, 2.66, 1.80, 1.64, 7.16, 3.24, 1.78, 1.00, 1.59, 2.06, 2.25, 2.88, 4.68, 1.00, 4.83, 2.26, 7.44, 2.70, 2.27],
  xi_610 = [9.71, 8.81, 10.00, 8.54, 5.37, 2.68, 4.94, 9.72, 9.42, 10.00, 10.00, 8.33, 9.68, 5.48, 7.04, 9.50, 9.55, 9.99, 9.46, 6.04],
  xi_71 = [6.96, 2.69, 1.00, 7.56, 7.12, 9.26, 10.00, 6.71, 4.06, 7.73, 1.07, 5.32, 1.67, 9.24, 6.47, 7.08, 7.14, 6.78, 5.93, 6.80],
  xi_72 = [4.11, 1.00, 5.97, 9.01, 6.47, 2.97, 3.80, 3.47, 8.08, 2.20, 8.95, 5.38, 9.01, 5.96, 4.02, 8.69, 2.14, 4.63, 2.82, 4.57],
  xi_73 = [7.41, 6.54, 4.29, 2.35, 3.80, 1.88, 1.00, 10.00, 8.12, 6.45, 7.24, 4.26, 3.79, 6.61, 10.00, 7.05, 7.47, 5.79, 7.09, 4.96],
  xi_74 = [2.53, 2.66, 4.92, 9.62, 3.08, 5.72, 3.68, 3.22, 3.74, 2.74, 2.06, 2.95, 2.85, 2.86, 2.95, 3.31, 6.92, 1.75, 3.35, 1.00],
  xi_75 = [5.55, 7.24, 4.74, 4.79, 7.26, 6.12, 4.12, 5.40, 6.81, 4.61, 1.06, 5.34, 6.21, 4.94, 9.69, 5.69, 4.65, 7.45, 1.00, 3.15],
  xi_76 = [8.48, 8.99, 10.00, 8.30, 3.00, 10.00, 9.21, 9.07, 4.54, 5.10, 9.06, 2.79, 4.10, 1.00, 8.46, 8.31, 2.64, 10.00, 8.93, 9.91],
  xi_77 = [7.32, 8.39, 6.34, 7.30, 3.58, 7.37, 4.27, 2.73, 5.95, 7.07, 6.86, 7.16, 6.69, 9.91, 7.90, 7.33, 5.54, 6.84, 8.94, 7.44],
  xi_78 = [7.49, 2.07, 5.00, 1.82, 1.86, 2.04, 2.34, 1.06, 4.33, 5.21, 8.85, 3.83, 9.34, 2.05, 2.44, 1.79, 4.60, 3.38, 4.66, 1.65],
  xi_79 = [5.85, 10.00, 5.17, 5.53, 9.99, 5.78, 7.07, 8.86, 6.91, 7.28, 5.50, 6.81, 1.29, 5.60, 4.18, 1.00, 5.49, 1.60, 6.17, 6.33],
  xi_710 = [10.00, 7.00, 5.46, 10.00, 7.14, 8.01, 1.00, 1.00, 6.81, 9.44, 7.13, 1.00, 10.00, 1.80, 6.79, 5.24, 1.20, 9.94, 7.33, 2.92],
  xi_81 = [3.55, 10.00, 8.57, 2.55, 9.08, 1.00, 1.00, 7.96, 7.48, 10.00, 10.00, 8.28, 4.42, 8.54, 6.09, 5.96, 6.85, 9.50, 7.79, 8.30],
  xi_82 = [8.72, 8.59, 10.00, 6.88, 1.00, 10.00, 5.96, 8.89, 10.00, 1.72, 10.00, 5.04, 2.05, 1.36, 1.94, 9.66, 10.00, 8.10, 7.35, 10.00],
  xi_83 = [1.71, 6.07, 4.86, 2.76, 2.23, 3.53, 2.59, 1.17, 2.07, 2.03, 3.46, 5.87, 1.00, 2.05, 2.05, 2.81, 1.57, 3.78, 2.66, 2.44],
  xi_84 = [1.67, 8.19, 1.00, 1.25, 1.04, 1.18, 1.05, 1.06, 1.00, 5.59, 1.00, 7.82, 1.11, 1.00, 1.30, 1.96, 6.35, 1.01, 1.30, 7.88],
  xi_85 = [1.00, 3.43, 8.88, 4.29, 1.89, 3.37, 3.57, 7.50, 10.00, 4.49, 9.26, 2.04, 3.54, 1.67, 4.00, 4.33, 4.23, 4.85, 6.02, 1.00],
  xi_86 = [4.80, 2.50, 2.60, 7.12, 8.10, 4.25, 7.17, 5.20, 5.97, 8.37, 8.36, 10.00, 1.00, 2.72, 1.00, 7.87, 6.92, 7.76, 1.24, 8.76],
  xi_87 = [6.80, 5.53, 2.70, 9.71, 1.00, 1.00, 7.73, 9.48, 5.09, 10.00, 10.00, 10.00, 6.87, 6.69, 10.00, 7.52, 10.00, 7.01, 7.16, 2.58],
  xi_88 = [2.87, 6.98, 5.84, 1.00, 2.60, 3.18, 3.51, 7.09, 3.25, 4.34, 2.72, 3.55, 9.73, 4.44, 6.95, 1.00, 2.77, 8.51, 5.96, 2.63],
  xi_89 = [9.82, 2.32, 4.22, 9.50, 9.93, 3.36, 5.32, 10.00, 10.00, 1.00, 10.00, 8.20, 1.00, 3.61, 7.27, 7.84, 6.06, 9.63, 8.45, 5.37],
  xi_810 = [10.00, 4.62, 10.00, 10.00, 9.06, 1.00, 4.93, 7.43, 9.38, 10.00, 8.43, 10.00, 3.49, 10.00, 8.84, 2.46, 10.00, 10.00, 10.00, 10.00],
  xi_91 = [9.16, 5.82, 5.87, 10.00, 9.03, 5.46, 10.00, 9.72, 8.34, 3.35, 9.28, 9.42, 8.86, 8.88, 9.60, 8.13, 6.63, 10.00, 5.42, 1.04],
  xi_92 = [7.68, 1.00, 8.45, 7.09, 7.70, 6.30, 1.00, 6.16, 10.00, 7.79, 6.53, 10.00, 1.00, 6.46, 10.00, 8.25, 5.53, 7.82, 8.41, 8.96],
  xi_93 = [3.69, 4.10, 6.27, 4.50, 4.02, 3.68, 6.00, 9.61, 3.40, 9.90, 4.72, 3.87, 6.56, 9.16, 8.68, 6.06, 9.96, 3.80, 7.99, 2.70],
  xi_94 = [4.73, 1.00, 3.19, 2.13, 1.00, 7.69, 2.18, 4.28, 4.43, 4.33, 1.71, 1.00, 5.65, 1.00, 1.94, 1.94, 1.77, 1.13, 3.78, 2.41],
  xi_95 = [1.61, 7.94, 6.28, 3.64, 2.05, 1.98, 2.19, 1.02, 1.00, 2.31, 6.42, 7.21, 2.00, 3.11, 1.47, 1.00, 2.18, 2.00, 2.25, 1.11],
  xi_96 = [10.00, 8.72, 4.60, 4.90, 5.22, 9.17, 10.00, 6.67, 7.79, 3.57, 4.92, 4.11, 5.27, 4.26, 9.63, 5.73, 2.93, 5.28, 5.25, 6.91],
  xi_97 = [5.67, 6.17, 1.33, 3.00, 1.00, 3.18, 2.88, 1.92, 3.05, 1.00, 5.69, 3.78, 1.05, 2.51, 1.19, 1.14, 7.83, 2.21, 3.33, 1.00],
  xi_98 = [1.00, 10.00, 2.07, 2.80, 2.95, 3.99, 6.83, 1.00, 3.01, 6.17, 4.54, 2.75, 3.86, 4.94, 6.20, 4.07, 3.62, 4.27, 4.11, 3.57],
  xi_99 = [8.45, 1.76, 5.10, 3.33, 7.88, 1.00, 10.00, 6.75, 5.81, 10.00, 6.95, 3.42, 3.98, 8.95, 8.70, 7.64, 8.53, 6.78, 6.06, 7.73],
  xi_910 = [8.78, 1.54, 1.00, 3.64, 6.91, 1.32, 5.71, 7.65, 7.11, 9.38, 9.47, 6.34, 6.60, 2.37, 10.00, 1.43, 9.30, 4.31, 7.13, 7.93],
  xi_101 = [1.06, 1.06, 8.30, 2.17, 8.97, 6.11, 1.00, 1.00, 1.55, 1.00, 6.57, 1.08, 6.91, 1.08, 1.00, 9.73, 1.37, 1.00, 8.05, 4.46],
  xi_102 = [1.04, 2.48, 1.67, 1.07, 7.18, 9.45, 4.46, 1.11, 1.53, 8.02, 6.32, 1.66, 1.17, 7.98, 1.53, 7.34, 1.69, 7.39, 9.60, 4.79],
  xi_103 = [6.41, 2.17, 1.00, 1.99, 3.86, 5.45, 2.51, 2.31, 4.85, 2.97, 2.08, 3.11, 2.71, 2.11, 3.90, 1.47, 1.69, 1.99, 1.89, 2.29],
  xi_104 = [2.58, 1.35, 4.34, 7.04, 7.37, 6.38, 1.00, 2.39, 2.79, 2.92, 5.05, 2.97, 2.96, 1.74, 9.02, 7.52, 2.86, 3.20, 4.49, 6.07],
  xi_105 = [9.20, 7.82, 2.45, 2.33, 1.21, 2.61, 1.00, 5.66, 3.35, 2.79, 2.87, 2.86, 9.93, 1.00, 5.16, 3.06, 9.66, 2.94, 3.36, 6.32],
  xi_106 = [6.84, 10.00, 8.39, 8.92, 7.63, 1.00, 8.10, 3.29, 9.59, 7.42, 9.38, 8.36, 8.64, 8.86, 10.00, 8.08, 10.00, 7.47, 10.00, 8.70],
  xi_107 = [7.74, 5.71, 2.66, 8.58, 9.19, 8.38, 10.00, 5.36, 10.00, 1.63, 10.00, 9.49, 7.51, 8.60, 6.52, 9.67, 3.02, 7.97, 1.05, 1.00],
  xi_108 = [8.85, 1.00, 2.22, 2.95, 9.61, 10.00, 9.58, 1.00, 5.72, 9.63, 9.03, 7.37, 7.84, 7.43, 6.71, 8.18, 9.65, 7.65, 6.93, 7.38],
  xi_109 = [7.10, 2.36, 3.72, 2.71, 2.49, 1.00, 3.80, 3.11, 3.51, 2.71, 4.92, 3.11, 3.15, 2.85, 5.72, 7.64, 3.38, 1.00, 3.04, 3.06],
  xi_1010 = [8.69, 7.75, 7.56, 5.98, 1.00, 5.15, 4.50, 6.91, 5.12, 1.59, 5.80, 5.35, 10.00, 5.70, 4.66, 3.34, 7.72, 5.29, 5.40, 4.76],
  xi_111 = [1.38, 3.13, 1.76, 8.42, 8.57, 7.91, 7.74, 1.34, 6.87, 7.65, 8.82, 8.72, 6.91, 6.85, 6.14, 7.79, 6.62, 9.43, 6.18, 6.44],
  xi_112 = [8.41, 10.00, 4.16, 8.17, 8.07, 8.20, 10.00, 8.30, 9.22, 1.38, 9.22, 1.00, 7.35, 5.61, 8.43, 5.15, 2.20, 7.66, 1.00, 3.33],
  xi_113 = [9.41, 6.68, 2.81, 5.19, 7.48, 2.27, 2.40, 9.39, 4.21, 8.86, 2.84, 2.89, 1.00, 3.71, 1.10, 2.72, 1.78, 2.81, 4.76, 5.45],
  xi_114 = [3.37, 1.14, 9.87, 3.47, 2.92, 4.05, 1.30, 3.63, 4.32, 9.77, 5.65, 4.32, 3.77, 2.89, 3.43, 3.00, 2.03, 3.30, 3.40, 2.74],
  xi_115 = [4.79, 5.66, 9.23, 4.68, 4.34, 7.07, 4.75, 1.32, 3.63, 6.35, 5.92, 7.82, 6.19, 5.32, 4.52, 5.02, 3.81, 3.40, 3.60, 2.65],
  xi_116 = [4.45, 6.10, 8.27, 7.06, 6.98, 4.55, 10.00, 8.01, 9.77, 9.61, 7.67, 7.89, 3.79, 10.00, 8.77, 7.69, 1.51, 1.08, 9.54, 8.30],
  xi_117 = [5.30, 5.29, 3.95, 10.00, 4.13, 4.91, 9.82, 4.46, 4.79, 7.77, 6.40, 5.37, 4.32, 5.77, 5.08, 2.84, 5.58, 1.57, 8.05, 2.50],
  xi_118 = [10.00, 10.00, 1.00, 9.53, 10.00, 10.00, 10.00, 10.00, 6.63, 10.00, 8.10, 2.02, 10.00, 10.00, 10.00, 4.04, 9.82, 10.00, 10.00, 10.00],
  xi_119 = [4.34, 10.00, 8.69, 9.82, 10.00, 8.50, 9.21, 5.59, 1.62, 1.00, 1.48, 1.00, 9.99, 7.53, 10.00, 10.00, 9.30, 6.58, 4.15, 7.78],
  xi_1110 = [2.30, 1.80, 4.05, 4.85, 3.16, 2.44, 4.94, 1.00, 3.18, 2.84, 1.00, 8.63, 8.78, 2.99, 3.81, 2.66, 4.49, 3.56, 2.83, 1.30],
  xi_121 = [3.02, 7.16, 6.68, 1.00, 1.00, 6.01, 7.38, 10.00, 1.00, 4.00, 6.80, 10.00, 7.32, 8.32, 1.01, 1.00, 7.56, 6.08, 5.74, 6.88],
  xi_122 = [3.60, 1.95, 2.35, 1.92, 8.68, 1.00, 9.50, 1.66, 2.17, 2.47, 7.70, 3.06, 9.62, 2.03, 3.84, 4.80, 1.00, 3.58, 1.00, 8.89],
  xi_123 = [8.24, 6.66, 9.64, 4.82, 6.97, 8.92, 10.00, 7.83, 1.00, 7.80, 6.78, 10.00, 8.55, 2.58, 6.07, 5.57, 5.50, 8.69, 5.05, 1.38],
  xi_124 = [7.26, 5.15, 4.79, 5.76, 4.97, 3.76, 4.79, 5.77, 5.34, 6.59, 2.99, 5.34, 6.69, 4.36, 1.99, 9.55, 9.75, 2.86, 1.95, 4.65],
  xi_125 = [1.00, 1.00, 1.00, 1.00, 2.63, 3.79, 1.00, 8.56, 1.00, 8.59, 9.59, 1.00, 1.77, 1.00, 1.00, 1.08, 1.00, 1.00, 1.08, 1.47],
  xi_126 = [8.72, 7.30, 7.19, 3.06, 10.00, 9.65, 10.00, 6.46, 6.41, 1.00, 10.00, 7.65, 1.00, 3.42, 6.63, 5.63, 9.18, 6.52, 7.56, 4.03],
  xi_127 = [10.00, 2.73, 9.71, 2.32, 5.29, 2.15, 8.24, 10.00, 8.25, 9.06, 10.00, 8.46, 8.94, 5.08, 10.00, 7.33, 5.46, 9.49, 6.42, 7.51],
  xi_128 = [9.90, 3.90, 8.93, 1.75, 2.00, 1.28, 7.70, 4.89, 4.45, 2.03, 2.08, 4.08, 5.38, 1.00, 1.74, 1.00, 6.45, 1.73, 4.08, 1.86],
  xi_129 = [2.30, 3.19, 8.13, 6.09, 1.00, 3.58, 1.53, 4.37, 1.00, 1.11, 1.00, 1.00, 1.00, 1.48, 1.97, 9.46, 1.00, 7.64, 1.05, 1.00],
  xi_1210 = [5.84, 1.82, 7.60, 5.72, 4.85, 5.26, 5.22, 9.65, 5.63, 4.10, 6.34, 2.95, 5.69, 6.65, 5.86, 10.00, 9.06, 1.00, 3.13, 6.44],
  xi_131 = [8.09, 1.78, 5.93, 6.61, 5.74, 9.92, 5.53, 6.34, 6.51, 2.74, 3.19, 6.62, 6.51, 5.90, 5.86, 6.10, 2.58, 9.93, 6.22, 6.22],
  xi_132 = [4.40, 4.06, 3.63, 8.28, 4.01, 1.86, 2.95, 3.72, 6.69, 4.14, 1.00, 3.21, 1.52, 3.51, 3.63, 6.09, 1.00, 3.24, 9.24, 7.62],
  xi_133 = [8.73, 5.50, 8.09, 10.00, 4.66, 5.23, 9.28, 9.07, 1.00, 5.47, 10.00, 6.05, 8.30, 9.23, 10.00, 10.00, 5.09, 10.00, 9.16, 8.84],
  xi_134 = [9.54, 10.00, 10.00, 10.00, 9.76, 4.52, 9.20, 8.62, 2.46, 9.30, 5.18, 9.51, 8.75, 4.91, 9.18, 8.34, 1.00, 5.71, 5.19, 6.14],
  xi_135 = [8.06, 7.05, 2.08, 9.89, 1.00, 9.14, 1.00, 7.96, 2.59, 3.30, 6.74, 9.28, 8.95, 6.88, 5.74, 9.46, 10.00, 9.73, 2.69, 7.06],
  xi_136 = [7.84, 6.78, 7.13, 3.09, 8.40, 6.64, 8.71, 4.89, 6.42, 4.82, 7.25, 5.90, 7.70, 10.00, 2.15, 2.27, 3.22, 10.00, 6.97, 7.05],
  xi_137 = [5.40, 4.74, 8.09, 5.48, 4.96, 1.48, 5.72, 7.81, 9.11, 7.94, 6.96, 5.56, 1.12, 9.54, 5.67, 9.47, 5.94, 2.72, 2.64, 4.49],
  xi_138 = [9.76, 9.38, 10.00, 7.69, 8.52, 10.00, 10.00, 7.73, 6.55, 10.00, 8.45, 9.15, 4.19, 4.68, 9.79, 3.54, 2.29, 6.87, 6.41, 6.92],
  xi_139 = [6.17, 6.42, 6.87, 4.57, 3.50, 5.86, 5.84, 9.92, 7.55, 10.00, 6.57, 6.40, 10.00, 9.45, 4.06, 6.21, 2.07, 4.99, 10.00, 9.13],
  xi_1310 = [4.59, 8.66, 3.60, 5.79, 3.61, 4.09, 6.63, 3.93, 4.15, 3.00, 3.42, 1.49, 1.07, 7.75, 6.17, 3.43, 6.09, 4.42, 3.86, 4.70],
  xi_141 = [6.72, 6.90, 6.47, 6.18, 2.20, 10.00, 8.17, 5.33, 6.19, 5.72, 6.36, 5.75, 6.15, 5.59, 5.46, 8.61, 4.41, 10.00, 6.48, 6.90],
  xi_142 = [5.97, 7.72, 10.00, 10.00, 1.00, 1.59, 1.00, 8.22, 1.48, 9.86, 10.00, 8.67, 9.85, 8.04, 6.02, 8.54, 6.24, 8.95, 8.55, 6.88],
  xi_143 = [10.00, 5.49, 8.87, 10.00, 10.00, 8.66, 9.05, 6.10, 9.47, 3.52, 7.82, 5.68, 4.29, 9.50, 7.32, 10.00, 9.66, 2.59, 2.31, 5.78],
  xi_144 = [10.00, 5.63, 10.00, 10.00, 10.00, 10.00, 10.00, 9.89, 1.58, 9.15, 4.63, 10.00, 5.61, 10.00, 8.53, 10.00, 10.00, 2.93, 6.85, 9.41],
  xi_145 = [1.81, 10.00, 10.00, 1.13, 10.00, 4.83, 3.71, 10.00, 2.59, 9.94, 10.00, 3.97, 10.00, 9.47, 9.10, 8.94, 10.00, 1.68, 2.84, 7.90],
  xi_146 = [10.00, 10.00, 1.27, 8.44, 10.00, 7.05, 9.96, 1.35, 10.00, 8.92, 9.06, 8.19, 10.00, 2.32, 5.88, 9.23, 4.41, 9.62, 10.00, 10.00],
  xi_147 = [9.33, 4.35, 3.84, 2.71, 4.58, 2.70, 4.02, 4.40, 4.11, 3.69, 10.00, 3.79, 4.03, 9.33, 1.83, 4.26, 4.03, 4.63, 1.42, 5.39],
  xi_148 = [1.36, 8.83, 6.53, 10.00, 5.10, 10.00, 10.00, 10.00, 7.47, 10.00, 10.00, 8.64, 8.95, 5.17, 9.52, 9.60, 7.05, 4.20, 8.30, 3.59],
  xi_149 = [3.57, 1.00, 4.38, 4.14, 9.29, 4.43, 3.79, 7.16, 4.12, 2.77, 4.06, 8.95, 5.50, 2.31, 7.59, 7.77, 6.61, 2.59, 3.92, 3.52],
  xi_1410 = [2.04, 2.95, 2.79, 1.00, 3.13, 1.00, 2.14, 9.61, 1.47, 2.97, 6.23, 9.70, 1.57, 5.64, 3.25, 3.12, 9.32, 1.00, 2.62, 6.46],
  xi_151 = [6.74, 1.00, 3.09, 7.17, 2.05, 2.09, 3.21, 2.40, 1.00, 2.13, 1.00, 5.44, 8.15, 1.63, 2.26, 1.17, 1.00, 4.60, 1.00, 2.09],
  xi_152 = [5.42, 2.27, 1.41, 1.69, 8.41, 1.85, 1.61, 9.57, 1.35, 2.10, 2.01, 2.45, 2.98, 8.32, 7.69, 3.35, 2.50, 2.21, 2.05, 2.54],
  xi_153 = [3.13, 6.04, 6.55, 2.79, 9.70, 6.18, 6.05, 5.20, 6.22, 6.18, 6.49, 6.72, 6.31, 2.22, 6.11, 5.65, 4.95, 1.00, 3.76, 6.66],
  xi_154 = [3.66, 7.03, 10.00, 5.66, 3.63, 1.49, 2.95, 4.23, 4.18, 2.26, 3.73, 2.42, 4.50, 2.54, 1.71, 3.65, 10.00, 3.12, 5.88, 3.29],
  xi_155 = [7.64, 5.19, 7.69, 7.78, 5.53, 7.11, 8.07, 8.60, 9.40, 7.05, 7.97, 7.20, 5.72, 6.94, 10.00, 7.56, 7.15, 7.16, 10.00, 3.68],
  xi_156 = [7.66, 7.15, 1.00, 10.00, 3.67, 10.00, 10.00, 10.00, 10.00, 10.00, 10.00, 10.00, 8.60, 10.00, 2.59, 3.63, 9.86, 10.00, 8.40, 9.31],
  xi_157 = [1.68, 4.82, 1.77, 1.39, 1.94, 2.02, 1.00, 8.06, 2.03, 5.63, 1.00, 1.95, 1.00, 2.04, 3.55, 1.00, 3.35, 6.39, 2.82, 1.78],
  xi_158 = [1.09, 3.94, 5.06, 1.16, 1.00, 1.00, 1.02, 1.16, 4.46, 1.00, 1.11, 1.09, 1.00, 1.52, 1.00, 1.04, 9.99, 1.00, 1.70, 1.44],
  xi_159 = [1.00, 9.09, 8.35, 2.10, 8.08, 3.52, 6.04, 10.00, 10.00, 4.14, 8.78, 10.00, 4.80, 7.03, 1.00, 9.46, 1.12, 8.72, 5.67, 8.87],
  xi_1510 = [4.23, 7.82, 7.87, 10.00, 4.31, 9.49, 1.75, 10.00, 4.40, 5.25, 10.00, 1.61, 7.06, 8.07, 7.09, 10.00, 2.93, 9.15, 1.56, 5.32],
  xi_161 = [10.00, 5.47, 10.00, 9.02, 1.22, 1.00, 8.16, 9.29, 8.86, 6.79, 9.03, 8.43, 9.22, 7.38, 8.47, 8.73, 2.80, 8.06, 10.00, 1.42],
  xi_162 = [5.66, 1.00, 3.37, 3.38, 2.53, 5.07, 1.08, 5.74, 3.71, 8.11, 2.56, 5.75, 7.43, 2.64, 2.88, 3.99, 3.62, 4.51, 1.93, 8.84],
  xi_163 = [7.86, 6.44, 6.19, 1.54, 6.86, 4.22, 1.00, 10.00, 5.98, 10.00, 8.80, 7.09, 4.58, 6.27, 6.65, 6.49, 6.77, 6.41, 7.16, 1.98],
  xi_164 = [1.00, 8.38, 1.69, 1.90, 2.17, 1.78, 2.05, 1.89, 2.23, 2.04, 2.26, 5.08, 1.00, 2.57, 7.56, 1.96, 5.98, 2.30, 4.07, 2.15],
  xi_165 = [6.67, 3.67, 7.87, 1.00, 1.14, 6.69, 4.01, 8.67, 3.59, 4.21, 1.82, 3.23, 7.18, 3.04, 3.65, 7.72, 6.69, 6.04, 3.84, 6.26],
  xi_166 = [8.68, 6.69, 10.00, 5.65, 7.12, 5.67, 1.00, 5.15, 6.08, 4.29, 6.68, 1.00, 1.31, 5.83, 1.00, 8.78, 1.00, 6.58, 6.25, 2.79],
  xi_167 = [1.15, 4.08, 7.63, 5.25, 4.91, 6.45, 9.38, 5.13, 6.06, 10.00, 5.39, 5.73, 4.30, 5.25, 4.15, 4.78, 7.86, 1.00, 4.98, 7.29],
  xi_168 = [1.00, 6.20, 6.69, 8.12, 5.76, 6.42, 6.49, 1.59, 10.00, 9.81, 5.25, 1.00, 1.48, 6.82, 4.69, 6.08, 2.29, 5.46, 6.10, 5.96],
  xi_169 = [1.00, 6.84, 8.92, 2.44, 8.47, 3.88, 8.90, 7.93, 1.88, 7.20, 10.00, 6.62, 7.30, 4.87, 10.00, 6.70, 9.53, 6.40, 7.26, 8.08],
  xi_1610 = [7.56, 6.03, 5.97, 6.13, 6.81, 6.38, 5.71, 8.06, 6.36, 7.30, 7.18, 8.79, 9.78, 6.35, 6.58, 2.99, 7.82, 1.91, 6.74, 7.12],
  xi_171 = [5.64, 3.96, 4.04, 2.74, 9.15, 6.88, 8.25, 10.00, 2.16, 8.46, 3.68, 6.59, 1.00, 8.27, 3.51, 2.69, 1.00, 8.96, 4.92, 6.83],
  xi_172 = [3.41, 2.75, 2.88, 5.31, 2.57, 2.87, 6.93, 1.53, 3.12, 2.83, 3.72, 9.17, 3.07, 2.60, 2.50, 7.38, 7.64, 4.82, 3.36, 3.15],
  xi_173 = [6.62, 6.07, 6.04, 5.30, 1.00, 4.12, 4.54, 1.79, 10.00, 10.00, 9.48, 6.86, 5.43, 7.64, 7.28, 9.05, 3.58, 6.07, 8.09, 7.63],
  xi_174 = [6.97, 3.30, 5.58, 4.30, 5.28, 4.10, 7.78, 1.07, 7.63, 4.69, 4.85, 7.68, 1.00, 1.00, 5.04, 4.80, 6.62, 9.91, 5.41, 4.56],
  xi_175 = [4.53, 8.66, 2.09, 5.92, 5.76, 5.40, 3.96, 4.55, 4.93, 4.78, 9.98, 5.21, 6.64, 3.05, 1.00, 5.05, 4.81, 2.57, 5.22, 5.40],
  xi_176 = [5.82, 1.14, 2.60, 8.01, 3.25, 8.12, 6.86, 3.06, 2.96, 2.78, 9.28, 4.15, 1.45, 3.27, 5.10, 1.00, 4.68, 3.56, 6.28, 4.86],
  xi_177 = [10.00, 10.00, 6.99, 7.18, 4.13, 1.93, 5.11, 10.00, 7.11, 2.99, 7.92, 7.54, 3.95, 1.00, 8.29, 7.29, 1.00, 1.00, 8.60, 8.04],
  xi_178 = [10.00, 2.96, 9.98, 7.65, 10.00, 7.76, 9.41, 1.25, 9.76, 10.00, 6.06, 10.00, 8.54, 1.00, 3.64, 10.00, 10.00, 10.00, 10.00, 10.00],
  xi_179 = [10.00, 10.00, 9.22, 9.86, 2.90, 5.83, 10.00, 9.15, 4.04, 3.82, 9.94, 1.00, 10.00, 9.39, 5.64, 8.34, 5.43, 6.17, 10.00, 2.31],
  xi_1710 = [1.00, 1.42, 1.04, 1.02, 1.62, 1.00, 7.24, 1.02, 1.00, 1.44, 9.98, 7.69, 1.08, 1.00, 1.00, 1.00, 1.00, 1.00, 7.35, 1.00],
  xi_181 = [1.14, 1.00, 7.12, 5.45, 3.75, 1.00, 6.24, 3.78, 4.25, 5.08, 8.00, 4.27, 2.47, 8.47, 5.66, 7.70, 6.30, 8.54, 1.00, 8.84],
  xi_182 = [6.03, 3.13, 6.38, 10.00, 3.36, 1.53, 6.08, 10.00, 6.66, 5.32, 2.48, 6.50, 6.19, 1.66, 9.27, 8.71, 6.55, 1.00, 6.12, 1.00],
  xi_183 = [2.19, 6.54, 4.57, 4.24, 3.62, 1.78, 3.74, 5.14, 4.78, 1.48, 2.95, 1.00, 4.62, 3.63, 4.48, 1.00, 4.39, 4.55, 4.66, 4.00],
  xi_184 = [1.70, 9.06, 2.04, 3.11, 2.68, 2.41, 6.91, 2.02, 7.50, 1.76, 2.08, 7.28, 1.50, 3.90, 1.00, 1.34, 3.87, 2.85, 1.99, 5.84],
  xi_185 = [10.00, 9.20, 8.96, 8.32, 8.12, 8.59, 4.52, 7.33, 8.24, 8.95, 10.00, 4.06, 10.00, 8.26, 5.05, 7.03, 5.12, 7.68, 2.40, 7.89],
  xi_186 = [8.77, 7.27, 2.17, 2.79, 10.00, 5.13, 4.84, 4.43, 2.66, 4.20, 4.64, 5.22, 6.45, 4.33, 9.05, 1.73, 3.91, 1.35, 5.01, 5.55],
  xi_187 = [4.82, 1.00, 4.07, 5.02, 2.57, 2.27, 10.00, 10.00, 2.85, 5.04, 1.06, 3.46, 7.98, 1.00, 4.29, 5.26, 8.65, 5.63, 2.19, 2.16],
  xi_188 = [9.37, 10.00, 6.41, 9.43, 8.08, 5.63, 9.37, 2.34, 2.91, 3.99, 6.18, 3.16, 9.14, 8.64, 1.56, 10.00, 9.68, 6.69, 8.79, 7.53],
  xi_189 = [6.73, 6.76, 2.15, 1.00, 1.44, 3.58, 5.65, 7.27, 6.39, 5.85, 1.00, 4.07, 6.38, 4.31, 8.16, 4.85, 6.25, 10.00, 1.35, 6.47],
  xi_1810 = [10.00, 6.50, 7.10, 4.69, 7.36, 6.96, 6.80, 8.77, 6.17, 7.61, 7.58, 9.57, 2.77, 7.15, 8.48, 8.67, 7.32, 1.66, 10.00, 7.98],
  xi_191 = [1.17, 2.74, 5.20, 7.09, 9.69, 10.00, 7.75, 7.81, 6.64, 7.40, 6.29, 8.69, 5.74, 6.69, 7.57, 2.33, 10.00, 6.24, 10.00, 9.39],
  xi_192 = [1.35, 3.25, 5.54, 9.00, 10.00, 5.39, 5.36, 8.95, 4.17, 2.51, 9.83, 5.96, 4.54, 5.14, 5.13, 9.66, 8.16, 1.98, 4.33, 5.72],
  xi_193 = [8.42, 3.11, 5.21, 2.14, 10.00, 9.47, 6.34, 8.55, 6.61, 10.00, 2.75, 4.34, 1.00, 10.00, 8.75, 1.00, 10.00, 8.74, 8.64, 10.00],
  xi_194 = [5.91, 6.54, 5.92, 5.61, 8.63, 6.08, 5.46, 1.00, 9.63, 1.06, 5.69, 3.75, 7.81, 5.33, 9.69, 10.00, 6.27, 6.83, 3.68, 4.49],
  xi_195 = [5.83, 7.79, 5.99, 5.68, 7.97, 6.26, 7.20, 1.85, 6.81, 6.73, 10.00, 2.18, 6.92, 4.85, 6.73, 7.02, 10.00, 6.62, 4.95, 4.27],
  xi_196 = [9.01, 10.00, 9.14, 8.45, 7.94, 8.34, 8.60, 10.00, 9.83, 9.98, 3.15, 10.00, 7.78, 9.17, 9.13, 2.35, 3.29, 7.73, 10.00, 3.74],
  xi_197 = [8.29, 5.94, 5.57, 8.09, 6.84, 6.02, 4.61, 1.00, 6.10, 5.09, 5.39, 8.01, 6.00, 4.15, 6.30, 10.00, 1.90, 6.44, 5.45, 2.96],
  xi_198 = [5.84, 10.00, 2.71, 1.00, 2.34, 10.00, 1.33, 3.91, 10.00, 5.84, 3.00, 5.43, 4.13, 8.50, 1.00, 1.00, 5.72, 8.78, 1.00, 8.65],
  xi_199 = [4.48, 1.45, 10.00, 6.87, 10.00, 10.00, 10.00, 7.28, 9.50, 4.80, 7.39, 2.07, 2.84, 6.01, 3.73, 7.90, 10.00, 6.30, 10.00, 6.70],
  xi_1910 = [4.67, 5.43, 3.31, 5.58, 5.70, 7.47, 1.57, 10.00, 6.86, 4.54, 10.00, 7.49, 6.24, 8.79, 3.96, 10.00, 7.97, 5.39, 5.90, 7.96],
  xi_201 = [4.04, 6.18, 7.66, 8.19, 1.00, 6.84, 10.00, 7.13, 6.21, 8.15, 6.30, 7.84, 10.00, 9.77, 4.32, 6.59, 9.44, 10.00, 6.36, 7.55],
  xi_202 = [9.66, 8.39, 10.00, 8.52, 9.41, 1.00, 8.49, 6.78, 9.06, 9.28, 7.33, 8.19, 8.36, 4.69, 5.47, 9.85, 10.00, 2.06, 8.68, 10.00],
  xi_203 = [2.49, 8.10, 1.00, 8.66, 2.96, 10.00, 6.90, 5.77, 8.89, 8.04, 7.97, 7.32, 10.00, 3.24, 9.85, 8.27, 6.40, 2.02, 8.84, 6.62],
  xi_204 = [10.00, 9.17, 8.20, 4.93, 9.87, 9.01, 1.42, 9.00, 10.00, 5.17, 9.75, 8.77, 10.00, 8.74, 10.00, 9.48, 10.00, 8.16, 3.47, 2.51],
  xi_205 = [8.20, 2.89, 1.00, 1.00, 3.52, 1.30, 1.00, 7.56, 3.59, 3.44, 3.61, 4.17, 2.75, 3.11, 6.26, 2.14, 5.61, 3.55, 2.90, 9.94],
  xi_206 = [1.75, 1.06, 1.96, 1.00, 6.58, 1.06, 1.08, 1.00, 1.27, 9.29, 1.00, 6.47, 1.56, 1.02, 1.59, 1.14, 1.00, 1.09, 2.34, 4.62],
  xi_207 = [8.22, 3.13, 1.89, 9.48, 4.91, 4.19, 7.26, 9.80, 10.00, 9.01, 5.23, 9.16, 8.65, 6.24, 10.00, 8.72, 9.88, 8.74, 10.00, 10.00],
  xi_208 = [10.00, 2.74, 8.11, 7.98, 8.89, 10.00, 3.98, 7.44, 9.69, 6.45, 7.44, 8.09, 1.74, 3.45, 10.00, 3.29, 10.00, 9.18, 8.93, 10.00],
  xi_209 = [1.00, 1.49, 1.00, 1.00, 1.00, 1.12, 1.07, 1.06, 9.68, 1.09, 1.00, 1.06, 1.00, 1.29, 1.00, 1.89, 1.00, 1.00, 1.02, 1.51],
  xi_2010 = [10.00, 5.95, 6.85, 4.43, 6.10, 5.24, 5.92, 7.92, 6.21, 6.38, 10.00, 10.00, 8.38, 8.13, 7.59, 7.81, 3.40, 5.64, 7.60, 6.86],
]

Transportation Costs (cjk) = [
  [3.75, 10.00, 2.99, 7.90, 1.71, 2.62, 5.48, 9.65, 10.00, 3.68],
  [6.89, 0.65, 10.00, 0.60, 0.10, 1.53, 0.52, 1.17, 0.10, 7.88],
  [10.00, 8.48, 2.64, 2.18, 4.74, 10.00, 6.23, 1.13, 0.52, 1.69],
  [0.86, 2.08, 8.43, 10.00, 2.71, 1.51, 3.96, 2.63, 5.19, 9.47],
  [7.51, 9.77, 2.93, 2.96, 10.00, 10.00, 9.07, 0.52, 3.47, 10.00],
  [3.69, 5.64, 4.34, 1.88, 9.78, 1.97, 0.29, 5.09, 0.31, 0.62],
  [10.00, 3.11, 0.92, 0.10, 9.03, 8.41, 8.26, 0.10, 1.49, 7.13],
  [4.06, 0.14, 0.55, 1.16, 2.64, 0.10, 4.56, 0.84, 0.36, 1.64],
  [9.23, 8.36, 4.74, 3.85, 5.79, 5.74, 9.80, 2.26, 10.00, 2.50],
  [1.38, 1.13, 8.03, 2.12, 4.08, 2.49, 9.67, 0.10, 0.28, 2.94],
  [10.00, 3.52, 1.19, 2.90, 0.10, 8.52, 6.71, 3.36, 10.00, 9.25],
  [10.00, 0.55, 3.65, 2.01, 2.96, 0.10, 2.13, 10.00, 1.97, 1.94],
  [10.00, 1.27, 10.00, 4.07, 0.57, 10.00, 3.42, 3.57, 1.70, 2.07],
  [3.12, 2.03, 8.91, 4.95, 9.88, 2.29, 3.46, 10.00, 0.81, 4.35],
  [0.73, 10.00, 0.70, 4.50, 5.89, 6.23, 0.72, 2.95, 10.00, 0.73],
  [0.10, 0.10, 0.85, 2.40, 10.00, 5.52, 0.10, 1.05, 10.00, 4.90],
  [0.52, 0.10, 9.72, 9.74, 10.00, 1.44, 10.00, 1.52, 6.18, 10.00],
  [4.17, 0.10, 10.00, 1.82, 2.71, 1.76, 3.58, 0.10, 7.80, 2.94],
  [9.00, 0.10, 10.00, 10.00, 1.07, 1.73, 0.38, 10.00, 3.80, 1.62],
  [6.74, 2.79, 10.00, 3.20, 1.72, 0.10, 3.30, 5.38, 0.35, 5.75],
]

Mean Service Times (¦Ì_{jk}) = [
  mu_11 = [4.97],
  mu_12 = [5.48],
  mu_13 = [5.84],
  mu_14 = [6.07],
  mu_15 = [6.63],
  mu_16 = [8.09],
  mu_17 = [4.89],
  mu_18 = [6.69],
  mu_19 = [5.27],
  mu_110 = [2.82],
  mu_21 = [2.83],
  mu_22 = [2.12],
  mu_23 = [7.65],
  mu_24 = [3.89],
  mu_25 = [5.90],
  mu_26 = [6.62],
  mu_27 = [4.90],
  mu_28 = [3.69],
  mu_29 = [4.40],
  mu_210 = [3.63],
  mu_31 = [4.55],
  mu_32 = [7.39],
  mu_33 = [4.00],
  mu_34 = [5.59],
  mu_35 = [3.98],
  mu_36 = [6.20],
  mu_37 = [5.29],
  mu_38 = [7.07],
  mu_39 = [3.57],
  mu_310 = [3.44],
  mu_41 = [4.77],
  mu_42 = [2.98],
  mu_43 = [4.29],
  mu_44 = [6.57],
  mu_45 = [2.63],
  mu_46 = [3.86],
  mu_47 = [3.65],
  mu_48 = [4.21],
  mu_49 = [7.37],
  mu_410 = [6.35],
  mu_51 = [6.71],
  mu_52 = [7.69],
  mu_53 = [6.17],
  mu_54 = [6.32],
  mu_55 = [4.38],
  mu_56 = [6.27],
  mu_57 = [5.11],
  mu_58 = [7.64],
  mu_59 = [7.40],
  mu_510 = [7.70],
  mu_61 = [7.23],
  mu_62 = [7.39],
  mu_63 = [4.33],
  mu_64 = [6.21],
  mu_65 = [7.42],
  mu_66 = [6.58],
  mu_67 = [2.97],
  mu_68 = [3.87],
  mu_69 = [2.85],
  mu_610 = [8.21],
  mu_71 = [6.03],
  mu_72 = [5.16],
  mu_73 = [5.80],
  mu_74 = [3.60],
  mu_75 = [5.29],
  mu_76 = [7.09],
  mu_77 = [6.75],
  mu_78 = [3.79],
  mu_79 = [5.82],
  mu_710 = [5.96],
  mu_81 = [6.85],
  mu_82 = [6.86],
  mu_83 = [2.83],
  mu_84 = [2.69],
  mu_85 = [4.47],
  mu_86 = [5.59],
  mu_87 = [6.84],
  mu_88 = [4.44],
  mu_89 = [6.65],
  mu_810 = [7.98],
  mu_91 = [7.70],
  mu_92 = [6.81],
  mu_93 = [5.93],
  mu_94 = [2.86],
  mu_95 = [2.94],
  mu_96 = [6.25],
  mu_97 = [2.95],
  mu_98 = [4.09],
  mu_99 = [6.44],
  mu_910 = [5.90],
  mu_101 = [3.67],
  mu_102 = [4.37],
  mu_103 = [2.84],
  mu_104 = [4.20],
  mu_105 = [4.28],
  mu_106 = [8.03],
  mu_107 = [6.70],
  mu_108 = [6.94],
  mu_109 = [3.52],
  mu_1010 = [5.61],
  mu_111 = [6.43],
  mu_112 = [6.34],
  mu_113 = [4.39],
  mu_114 = [3.92],
  mu_115 = [5.00],
  mu_116 = [7.05],
  mu_117 = [5.39],
  mu_118 = [8.56],
  mu_119 = [6.83],
  mu_1110 = [3.53],
  mu_121 = [5.40],
  mu_122 = [4.04],
  mu_123 = [6.60],
  mu_124 = [5.22],
  mu_125 = [2.48],
  mu_126 = [6.57],
  mu_127 = [7.32],
  mu_128 = [3.81],
  mu_129 = [2.95],
  mu_1210 = [5.64],
  mu_131 = [5.92],
  mu_132 = [4.19],
  mu_133 = [7.68],
  mu_134 = [7.37],
  mu_135 = [6.43],
  mu_136 = [6.36],
  mu_137 = [5.74],
  mu_138 = [7.60],
  mu_139 = [6.78],
  mu_1310 = [4.52],
  mu_141 = [6.48],
  mu_142 = [6.93],
  mu_143 = [7.31],
  mu_144 = [8.21],
  mu_145 = [6.90],
  mu_146 = [7.78],
  mu_147 = [4.62],
  mu_148 = [7.71],
  mu_149 = [4.87],
  mu_1410 = [3.90],
  mu_151 = [2.96],
  mu_152 = [3.59],
  mu_153 = [5.40],
  mu_154 = [4.30],
  mu_155 = [7.37],
  mu_156 = [8.09],
  mu_157 = [2.76],
  mu_158 = [2.09],
  mu_159 = [6.39],
  mu_1510 = [6.40],
  mu_161 = [7.17],
  mu_162 = [4.19],
  mu_163 = [6.11],
  mu_164 = [3.00],
  mu_165 = [4.85],
  mu_166 = [5.08],
  mu_167 = [5.54],
  mu_168 = [5.36],
  mu_169 = [6.71],
  mu_1610 = [6.58],
  mu_171 = [5.44],
  mu_172 = [4.08],
  mu_173 = [6.33],
  mu_174 = [5.08],
  mu_175 = [4.98],
  mu_176 = [4.41],
  mu_177 = [6.00],
  mu_178 = [7.90],
  mu_179 = [7.15],
  mu_1710 = [2.49],
  mu_181 = [5.00],
  mu_182 = [5.40],
  mu_183 = [3.67],
  mu_184 = [3.54],
  mu_185 = [7.49],
  mu_186 = [4.98],
  mu_187 = [4.47],
  mu_188 = [6.94],
  mu_189 = [4.98],
  mu_1810 = [7.16],
  mu_191 = [6.92],
  mu_192 = [5.80],
  mu_193 = [6.75],
  mu_194 = [5.97],
  mu_195 = [6.28],
  mu_196 = [7.88],
  mu_197 = [5.71],
  mu_198 = [5.01],
  mu_199 = [6.87],
  mu_1910 = [6.44],
  mu_201 = [7.18],
  mu_202 = [7.76],
  mu_203 = [6.67],
  mu_204 = [7.88],
  mu_205 = [3.88],
  mu_206 = [2.39],
  mu_207 = [7.72],
  mu_208 = [7.37],
  mu_209 = [1.56],
  mu_2010 = [7.02],
]

Mean Transportation Times (¦Ó_{jk}) = [
  tau_11 = [4.12],
  tau_12 = [3.00],
  tau_13 = [3.31],
  tau_14 = [3.50],
  tau_15 = [3.59],
  tau_16 = [3.14],
  tau_17 = [2.50],
  tau_18 = [4.13],
  tau_19 = [1.10],
  tau_110 = [3.70],
  tau_21 = [2.19],
  tau_22 = [1.29],
  tau_23 = [2.12],
  tau_24 = [2.07],
  tau_25 = [3.73],
  tau_26 = [2.26],
  tau_27 = [3.75],
  tau_28 = [2.32],
  tau_29 = [2.63],
  tau_210 = [3.11],
  tau_31 = [4.29],
  tau_32 = [1.52],
  tau_33 = [1.46],
  tau_34 = [2.56],
  tau_35 = [2.77],
  tau_36 = [2.32],
  tau_37 = [3.85],
  tau_38 = [3.90],
  tau_39 = [2.98],
  tau_310 = [1.85],
  tau_41 = [1.75],
  tau_42 = [2.03],
  tau_43 = [3.07],
  tau_44 = [2.99],
  tau_45 = [3.86],
  tau_46 = [3.85],
  tau_47 = [2.06],
  tau_48 = [2.99],
  tau_49 = [1.29],
  tau_410 = [3.21],
  tau_51 = [2.80],
  tau_52 = [3.26],
  tau_53 = [1.88],
  tau_54 = [2.47],
  tau_55 = [4.38],
  tau_56 = [1.37],
  tau_57 = [3.28],
  tau_58 = [3.98],
  tau_59 = [3.21],
  tau_510 = [2.53],
  tau_61 = [3.33],
  tau_62 = [2.16],
  tau_63 = [3.66],
  tau_64 = [2.37],
  tau_65 = [4.08],
  tau_66 = [3.66],
  tau_67 = [1.26],
  tau_68 = [3.14],
  tau_69 = [2.96],
  tau_610 = [3.66],
  tau_71 = [3.82],
  tau_72 = [2.97],
  tau_73 = [1.89],
  tau_74 = [3.19],
  tau_75 = [4.32],
  tau_76 = [3.93],
  tau_77 = [3.67],
  tau_78 = [1.92],
  tau_79 = [2.96],
  tau_710 = [3.08],
  tau_81 = [4.26],
  tau_82 = [3.24],
  tau_83 = [3.61],
  tau_84 = [4.04],
  tau_85 = [3.51],
  tau_86 = [3.68],
  tau_87 = [2.02],
  tau_88 = [3.41],
  tau_89 = [3.61],
  tau_810 = [2.48],
  tau_91 = [1.81],
  tau_92 = [1.93],
  tau_93 = [3.45],
  tau_94 = [3.01],
  tau_95 = [3.45],
  tau_96 = [3.92],
  tau_97 = [2.96],
  tau_98 = [1.75],
  tau_99 = [3.37],
  tau_910 = [2.76],
  tau_101 = [3.56],
  tau_102 = [2.96],
  tau_103 = [3.10],
  tau_104 = [3.08],
  tau_105 = [4.04],
  tau_106 = [3.81],
  tau_107 = [2.03],
  tau_108 = [3.17],
  tau_109 = [2.47],
  tau_1010 = [2.68],
  tau_111 = [2.27],
  tau_112 = [2.18],
  tau_113 = [3.43],
  tau_114 = [3.02],
  tau_115 = [3.65],
  tau_116 = [2.43],
  tau_117 = [2.79],
  tau_118 = [2.68],
  tau_119 = [1.60],
  tau_1110 = [3.26],
  tau_121 = [4.11],
  tau_122 = [2.41],
  tau_123 = [2.10],
  tau_124 = [3.63],
  tau_125 = [3.70],
  tau_126 = [2.56],
  tau_127 = [4.34],
  tau_128 = [4.00],
  tau_129 = [2.82],
  tau_1210 = [3.69],
  tau_131 = [2.91],
  tau_132 = [1.74],
  tau_133 = [3.38],
  tau_134 = [3.01],
  tau_135 = [3.63],
  tau_136 = [3.45],
  tau_137 = [2.62],
  tau_138 = [3.65],
  tau_139 = [2.79],
  tau_1310 = [2.22],
  tau_141 = [1.94],
  tau_142 = [2.43],
  tau_143 = [1.74],
  tau_144 = [1.61],
  tau_145 = [1.41],
  tau_146 = [4.11],
  tau_147 = [2.08],
  tau_148 = [3.40],
  tau_149 = [1.63],
  tau_1410 = [3.31],
  tau_151 = [3.35],
  tau_152 = [2.63],
  tau_153 = [3.68],
  tau_154 = [2.36],
  tau_155 = [1.93],
  tau_156 = [3.85],
  tau_157 = [3.81],
  tau_158 = [3.10],
  tau_159 = [3.23],
  tau_1510 = [2.89],
  tau_161 = [2.44],
  tau_162 = [2.90],
  tau_163 = [3.58],
  tau_164 = [2.01],
  tau_165 = [3.60],
  tau_166 = [3.91],
  tau_167 = [2.35],
  tau_168 = [3.80],
  tau_169 = [3.64],
  tau_1610 = [1.19],
  tau_171 = [3.13],
  tau_172 = [3.33],
  tau_173 = [3.59],
  tau_174 = [4.14],
  tau_175 = [3.14],
  tau_176 = [1.23],
  tau_177 = [2.66],
  tau_178 = [2.50],
  tau_179 = [1.52],
  tau_1710 = [2.41],
  tau_181 = [3.48],
  tau_182 = [3.43],
  tau_183 = [3.50],
  tau_184 = [3.18],
  tau_185 = [1.18],
  tau_186 = [3.10],
  tau_187 = [2.55],
  tau_188 = [2.44],
  tau_189 = [2.99],
  tau_1810 = [2.73],
  tau_191 = [3.56],
  tau_192 = [1.78],
  tau_193 = [3.74],
  tau_194 = [2.45],
  tau_195 = [2.39],
  tau_196 = [2.45],
  tau_197 = [1.68],
  tau_198 = [3.49],
  tau_199 = [2.64],
  tau_1910 = [2.55],
  tau_201 = [3.96],
  tau_202 = [1.76],
  tau_203 = [2.92],
  tau_204 = [2.67],
  tau_205 = [2.70],
  tau_206 = [1.55],
  tau_207 = [4.03],
  tau_208 = [3.10],
  tau_209 = [2.43],
  tau_2010 = [3.55],
]

Epsilon + ¦Ì_{jk} = [
  epsilon_plus_mu_11 = [7.45],
  epsilon_plus_mu_12 = [8.23],
  epsilon_plus_mu_13 = [8.76],
  epsilon_plus_mu_14 = [9.11],
  epsilon_plus_mu_15 = [9.94],
  epsilon_plus_mu_16 = [12.13],
  epsilon_plus_mu_17 = [7.34],
  epsilon_plus_mu_18 = [10.04],
  epsilon_plus_mu_19 = [7.90],
  epsilon_plus_mu_110 = [4.23],
  epsilon_plus_mu_21 = [4.25],
  epsilon_plus_mu_22 = [3.17],
  epsilon_plus_mu_23 = [11.48],
  epsilon_plus_mu_24 = [5.83],
  epsilon_plus_mu_25 = [8.85],
  epsilon_plus_mu_26 = [9.93],
  epsilon_plus_mu_27 = [7.35],
  epsilon_plus_mu_28 = [5.54],
  epsilon_plus_mu_29 = [6.60],
  epsilon_plus_mu_210 = [5.45],
  epsilon_plus_mu_31 = [6.83],
  epsilon_plus_mu_32 = [11.08],
  epsilon_plus_mu_33 = [5.99],
  epsilon_plus_mu_34 = [8.39],
  epsilon_plus_mu_35 = [5.97],
  epsilon_plus_mu_36 = [9.30],
  epsilon_plus_mu_37 = [7.93],
  epsilon_plus_mu_38 = [10.61],
  epsilon_plus_mu_39 = [5.35],
  epsilon_plus_mu_310 = [5.16],
  epsilon_plus_mu_41 = [7.15],
  epsilon_plus_mu_42 = [4.47],
  epsilon_plus_mu_43 = [6.44],
  epsilon_plus_mu_44 = [9.86],
  epsilon_plus_mu_45 = [3.94],
  epsilon_plus_mu_46 = [5.79],
  epsilon_plus_mu_47 = [5.47],
  epsilon_plus_mu_48 = [6.31],
  epsilon_plus_mu_49 = [11.06],
  epsilon_plus_mu_410 = [9.53],
  epsilon_plus_mu_51 = [10.06],
  epsilon_plus_mu_52 = [11.53],
  epsilon_plus_mu_53 = [9.26],
  epsilon_plus_mu_54 = [9.48],
  epsilon_plus_mu_55 = [6.56],
  epsilon_plus_mu_56 = [9.40],
  epsilon_plus_mu_57 = [7.67],
  epsilon_plus_mu_58 = [11.46],
  epsilon_plus_mu_59 = [11.10],
  epsilon_plus_mu_510 = [11.55],
  epsilon_plus_mu_61 = [10.84],
  epsilon_plus_mu_62 = [11.08],
  epsilon_plus_mu_63 = [6.50],
  epsilon_plus_mu_64 = [9.32],
  epsilon_plus_mu_65 = [11.13],
  epsilon_plus_mu_66 = [9.86],
  epsilon_plus_mu_67 = [4.45],
  epsilon_plus_mu_68 = [5.80],
  epsilon_plus_mu_69 = [4.27],
  epsilon_plus_mu_610 = [12.32],
  epsilon_plus_mu_71 = [9.04],
  epsilon_plus_mu_72 = [7.75],
  epsilon_plus_mu_73 = [8.71],
  epsilon_plus_mu_74 = [5.39],
  epsilon_plus_mu_75 = [7.94],
  epsilon_plus_mu_76 = [10.64],
  epsilon_plus_mu_77 = [10.12],
  epsilon_plus_mu_78 = [5.68],
  epsilon_plus_mu_79 = [8.73],
  epsilon_plus_mu_710 = [8.94],
  epsilon_plus_mu_81 = [10.27],
  epsilon_plus_mu_82 = [10.30],
  epsilon_plus_mu_83 = [4.25],
  epsilon_plus_mu_84 = [4.03],
  epsilon_plus_mu_85 = [6.70],
  epsilon_plus_mu_86 = [8.38],
  epsilon_plus_mu_87 = [10.27],
  epsilon_plus_mu_88 = [6.67],
  epsilon_plus_mu_89 = [9.97],
  epsilon_plus_mu_810 = [11.97],
  epsilon_plus_mu_91 = [11.55],
  epsilon_plus_mu_92 = [10.21],
  epsilon_plus_mu_93 = [8.90],
  epsilon_plus_mu_94 = [4.30],
  epsilon_plus_mu_95 = [4.41],
  epsilon_plus_mu_96 = [9.37],
  epsilon_plus_mu_97 = [4.42],
  epsilon_plus_mu_98 = [6.13],
  epsilon_plus_mu_99 = [9.66],
  epsilon_plus_mu_910 = [8.84],
  epsilon_plus_mu_101 = [5.51],
  epsilon_plus_mu_102 = [6.56],
  epsilon_plus_mu_103 = [4.26],
  epsilon_plus_mu_104 = [6.30],
  epsilon_plus_mu_105 = [6.42],
  epsilon_plus_mu_106 = [12.05],
  epsilon_plus_mu_107 = [10.05],
  epsilon_plus_mu_108 = [10.40],
  epsilon_plus_mu_109 = [5.28],
  epsilon_plus_mu_1010 = [8.42],
  epsilon_plus_mu_111 = [9.65],
  epsilon_plus_mu_112 = [9.51],
  epsilon_plus_mu_113 = [6.58],
  epsilon_plus_mu_114 = [5.88],
  epsilon_plus_mu_115 = [7.51],
  epsilon_plus_mu_116 = [10.58],
  epsilon_plus_mu_117 = [8.09],
  epsilon_plus_mu_118 = [12.84],
  epsilon_plus_mu_119 = [10.24],
  epsilon_plus_mu_1110 = [5.30],
  epsilon_plus_mu_121 = [8.10],
  epsilon_plus_mu_122 = [6.06],
  epsilon_plus_mu_123 = [9.91],
  epsilon_plus_mu_124 = [7.82],
  epsilon_plus_mu_125 = [3.72],
  epsilon_plus_mu_126 = [9.86],
  epsilon_plus_mu_127 = [10.98],
  epsilon_plus_mu_128 = [5.72],
  epsilon_plus_mu_129 = [4.42],
  epsilon_plus_mu_1210 = [8.46],
  epsilon_plus_mu_131 = [8.87],
  epsilon_plus_mu_132 = [6.28],
  epsilon_plus_mu_133 = [11.53],
  epsilon_plus_mu_134 = [11.05],
  epsilon_plus_mu_135 = [9.65],
  epsilon_plus_mu_136 = [9.54],
  epsilon_plus_mu_137 = [8.61],
  epsilon_plus_mu_138 = [11.39],
  epsilon_plus_mu_139 = [10.17],
  epsilon_plus_mu_1310 = [6.79],
  epsilon_plus_mu_141 = [9.72],
  epsilon_plus_mu_142 = [10.39],
  epsilon_plus_mu_143 = [10.96],
  epsilon_plus_mu_144 = [12.32],
  epsilon_plus_mu_145 = [10.34],
  epsilon_plus_mu_146 = [11.68],
  epsilon_plus_mu_147 = [6.93],
  epsilon_plus_mu_148 = [11.57],
  epsilon_plus_mu_149 = [7.31],
  epsilon_plus_mu_1410 = [5.85],
  epsilon_plus_mu_151 = [4.44],
  epsilon_plus_mu_152 = [5.38],
  epsilon_plus_mu_153 = [8.09],
  epsilon_plus_mu_154 = [6.44],
  epsilon_plus_mu_155 = [11.06],
  epsilon_plus_mu_156 = [12.14],
  epsilon_plus_mu_157 = [4.14],
  epsilon_plus_mu_158 = [3.13],
  epsilon_plus_mu_159 = [9.58],
  epsilon_plus_mu_1510 = [9.59],
  epsilon_plus_mu_161 = [10.75],
  epsilon_plus_mu_162 = [6.29],
  epsilon_plus_mu_163 = [9.17],
  epsilon_plus_mu_164 = [4.51],
  epsilon_plus_mu_165 = [7.27],
  epsilon_plus_mu_166 = [7.62],
  epsilon_plus_mu_167 = [8.31],
  epsilon_plus_mu_168 = [8.04],
  epsilon_plus_mu_169 = [10.06],
  epsilon_plus_mu_1610 = [9.87],
  epsilon_plus_mu_171 = [8.15],
  epsilon_plus_mu_172 = [6.12],
  epsilon_plus_mu_173 = [9.49],
  epsilon_plus_mu_174 = [7.62],
  epsilon_plus_mu_175 = [7.47],
  epsilon_plus_mu_176 = [6.62],
  epsilon_plus_mu_177 = [9.01],
  epsilon_plus_mu_178 = [11.85],
  epsilon_plus_mu_179 = [10.73],
  epsilon_plus_mu_1710 = [3.74],
  epsilon_plus_mu_181 = [7.50],
  epsilon_plus_mu_182 = [8.10],
  epsilon_plus_mu_183 = [5.50],
  epsilon_plus_mu_184 = [5.31],
  epsilon_plus_mu_185 = [11.23],
  epsilon_plus_mu_186 = [7.46],
  epsilon_plus_mu_187 = [6.70],
  epsilon_plus_mu_188 = [10.42],
  epsilon_plus_mu_189 = [7.47],
  epsilon_plus_mu_1810 = [10.74],
  epsilon_plus_mu_191 = [10.38],
  epsilon_plus_mu_192 = [8.70],
  epsilon_plus_mu_193 = [10.13],
  epsilon_plus_mu_194 = [8.95],
  epsilon_plus_mu_195 = [9.42],
  epsilon_plus_mu_196 = [11.82],
  epsilon_plus_mu_197 = [8.56],
  epsilon_plus_mu_198 = [7.51],
  epsilon_plus_mu_199 = [10.30],
  epsilon_plus_mu_1910 = [9.66],
  epsilon_plus_mu_201 = [10.77],
  epsilon_plus_mu_202 = [11.64],
  epsilon_plus_mu_203 = [10.00],
  epsilon_plus_mu_204 = [11.82],
  epsilon_plus_mu_205 = [5.82],
  epsilon_plus_mu_206 = [3.59],
  epsilon_plus_mu_207 = [11.59],
  epsilon_plus_mu_208 = [11.05],
  epsilon_plus_mu_209 = [2.35],
  epsilon_plus_mu_2010 = [10.53],
]

Epsilon - ¦Ì_{jk} = [
  epsilon_minus_mu_11 = [-2.48],
  epsilon_minus_mu_12 = [-2.74],
  epsilon_minus_mu_13 = [-2.92],
  epsilon_minus_mu_14 = [-3.04],
  epsilon_minus_mu_15 = [-3.31],
  epsilon_minus_mu_16 = [-4.04],
  epsilon_minus_mu_17 = [-2.45],
  epsilon_minus_mu_18 = [-3.35],
  epsilon_minus_mu_19 = [-2.63],
  epsilon_minus_mu_110 = [-1.41],
  epsilon_minus_mu_21 = [-1.42],
  epsilon_minus_mu_22 = [-1.06],
  epsilon_minus_mu_23 = [-3.83],
  epsilon_minus_mu_24 = [-1.94],
  epsilon_minus_mu_25 = [-2.95],
  epsilon_minus_mu_26 = [-3.31],
  epsilon_minus_mu_27 = [-2.45],
  epsilon_minus_mu_28 = [-1.85],
  epsilon_minus_mu_29 = [-2.20],
  epsilon_minus_mu_210 = [-1.82],
  epsilon_minus_mu_31 = [-2.28],
  epsilon_minus_mu_32 = [-3.69],
  epsilon_minus_mu_33 = [-2.00],
  epsilon_minus_mu_34 = [-2.80],
  epsilon_minus_mu_35 = [-1.99],
  epsilon_minus_mu_36 = [-3.10],
  epsilon_minus_mu_37 = [-2.64],
  epsilon_minus_mu_38 = [-3.54],
  epsilon_minus_mu_39 = [-1.78],
  epsilon_minus_mu_310 = [-1.72],
  epsilon_minus_mu_41 = [-2.38],
  epsilon_minus_mu_42 = [-1.49],
  epsilon_minus_mu_43 = [-2.15],
  epsilon_minus_mu_44 = [-3.29],
  epsilon_minus_mu_45 = [-1.31],
  epsilon_minus_mu_46 = [-1.93],
  epsilon_minus_mu_47 = [-1.82],
  epsilon_minus_mu_48 = [-2.10],
  epsilon_minus_mu_49 = [-3.69],
  epsilon_minus_mu_410 = [-3.18],
  epsilon_minus_mu_51 = [-3.35],
  epsilon_minus_mu_52 = [-3.84],
  epsilon_minus_mu_53 = [-3.09],
  epsilon_minus_mu_54 = [-3.16],
  epsilon_minus_mu_55 = [-2.19],
  epsilon_minus_mu_56 = [-3.13],
  epsilon_minus_mu_57 = [-2.56],
  epsilon_minus_mu_58 = [-3.82],
  epsilon_minus_mu_59 = [-3.70],
  epsilon_minus_mu_510 = [-3.85],
  epsilon_minus_mu_61 = [-3.61],
  epsilon_minus_mu_62 = [-3.69],
  epsilon_minus_mu_63 = [-2.17],
  epsilon_minus_mu_64 = [-3.11],
  epsilon_minus_mu_65 = [-3.71],
  epsilon_minus_mu_66 = [-3.29],
  epsilon_minus_mu_67 = [-1.48],
  epsilon_minus_mu_68 = [-1.93],
  epsilon_minus_mu_69 = [-1.42],
  epsilon_minus_mu_610 = [-4.11],
  epsilon_minus_mu_71 = [-3.01],
  epsilon_minus_mu_72 = [-2.58],
  epsilon_minus_mu_73 = [-2.90],
  epsilon_minus_mu_74 = [-1.80],
  epsilon_minus_mu_75 = [-2.65],
  epsilon_minus_mu_76 = [-3.55],
  epsilon_minus_mu_77 = [-3.37],
  epsilon_minus_mu_78 = [-1.89],
  epsilon_minus_mu_79 = [-2.91],
  epsilon_minus_mu_710 = [-2.98],
  epsilon_minus_mu_81 = [-3.42],
  epsilon_minus_mu_82 = [-3.43],
  epsilon_minus_mu_83 = [-1.42],
  epsilon_minus_mu_84 = [-1.34],
  epsilon_minus_mu_85 = [-2.23],
  epsilon_minus_mu_86 = [-2.79],
  epsilon_minus_mu_87 = [-3.42],
  epsilon_minus_mu_88 = [-2.22],
  epsilon_minus_mu_89 = [-3.32],
  epsilon_minus_mu_810 = [-3.99],
  epsilon_minus_mu_91 = [-3.85],
  epsilon_minus_mu_92 = [-3.40],
  epsilon_minus_mu_93 = [-2.97],
  epsilon_minus_mu_94 = [-1.43],
  epsilon_minus_mu_95 = [-1.47],
  epsilon_minus_mu_96 = [-3.12],
  epsilon_minus_mu_97 = [-1.47],
  epsilon_minus_mu_98 = [-2.04],
  epsilon_minus_mu_99 = [-3.22],
  epsilon_minus_mu_910 = [-2.95],
  epsilon_minus_mu_101 = [-1.84],
  epsilon_minus_mu_102 = [-2.19],
  epsilon_minus_mu_103 = [-1.42],
  epsilon_minus_mu_104 = [-2.10],
  epsilon_minus_mu_105 = [-2.14],
  epsilon_minus_mu_106 = [-4.02],
  epsilon_minus_mu_107 = [-3.35],
  epsilon_minus_mu_108 = [-3.47],
  epsilon_minus_mu_109 = [-1.76],
  epsilon_minus_mu_1010 = [-2.81],
  epsilon_minus_mu_111 = [-3.22],
  epsilon_minus_mu_112 = [-3.17],
  epsilon_minus_mu_113 = [-2.19],
  epsilon_minus_mu_114 = [-1.96],
  epsilon_minus_mu_115 = [-2.50],
  epsilon_minus_mu_116 = [-3.53],
  epsilon_minus_mu_117 = [-2.70],
  epsilon_minus_mu_118 = [-4.28],
  epsilon_minus_mu_119 = [-3.41],
  epsilon_minus_mu_1110 = [-1.77],
  epsilon_minus_mu_121 = [-2.70],
  epsilon_minus_mu_122 = [-2.02],
  epsilon_minus_mu_123 = [-3.30],
  epsilon_minus_mu_124 = [-2.61],
  epsilon_minus_mu_125 = [-1.24],
  epsilon_minus_mu_126 = [-3.29],
  epsilon_minus_mu_127 = [-3.66],
  epsilon_minus_mu_128 = [-1.91],
  epsilon_minus_mu_129 = [-1.47],
  epsilon_minus_mu_1210 = [-2.82],
  epsilon_minus_mu_131 = [-2.96],
  epsilon_minus_mu_132 = [-2.09],
  epsilon_minus_mu_133 = [-3.84],
  epsilon_minus_mu_134 = [-3.68],
  epsilon_minus_mu_135 = [-3.22],
  epsilon_minus_mu_136 = [-3.18],
  epsilon_minus_mu_137 = [-2.87],
  epsilon_minus_mu_138 = [-3.80],
  epsilon_minus_mu_139 = [-3.39],
  epsilon_minus_mu_1310 = [-2.26],
  epsilon_minus_mu_141 = [-3.24],
  epsilon_minus_mu_142 = [-3.46],
  epsilon_minus_mu_143 = [-3.65],
  epsilon_minus_mu_144 = [-4.11],
  epsilon_minus_mu_145 = [-3.45],
  epsilon_minus_mu_146 = [-3.89],
  epsilon_minus_mu_147 = [-2.31],
  epsilon_minus_mu_148 = [-3.86],
  epsilon_minus_mu_149 = [-2.44],
  epsilon_minus_mu_1410 = [-1.95],
  epsilon_minus_mu_151 = [-1.48],
  epsilon_minus_mu_152 = [-1.79],
  epsilon_minus_mu_153 = [-2.70],
  epsilon_minus_mu_154 = [-2.15],
  epsilon_minus_mu_155 = [-3.69],
  epsilon_minus_mu_156 = [-4.05],
  epsilon_minus_mu_157 = [-1.38],
  epsilon_minus_mu_158 = [-1.04],
  epsilon_minus_mu_159 = [-3.19],
  epsilon_minus_mu_1510 = [-3.20],
  epsilon_minus_mu_161 = [-3.58],
  epsilon_minus_mu_162 = [-2.10],
  epsilon_minus_mu_163 = [-3.06],
  epsilon_minus_mu_164 = [-1.50],
  epsilon_minus_mu_165 = [-2.42],
  epsilon_minus_mu_166 = [-2.54],
  epsilon_minus_mu_167 = [-2.77],
  epsilon_minus_mu_168 = [-2.68],
  epsilon_minus_mu_169 = [-3.35],
  epsilon_minus_mu_1610 = [-3.29],
  epsilon_minus_mu_171 = [-2.72],
  epsilon_minus_mu_172 = [-2.04],
  epsilon_minus_mu_173 = [-3.16],
  epsilon_minus_mu_174 = [-2.54],
  epsilon_minus_mu_175 = [-2.49],
  epsilon_minus_mu_176 = [-2.21],
  epsilon_minus_mu_177 = [-3.00],
  epsilon_minus_mu_178 = [-3.95],
  epsilon_minus_mu_179 = [-3.58],
  epsilon_minus_mu_1710 = [-1.25],
  epsilon_minus_mu_181 = [-2.50],
  epsilon_minus_mu_182 = [-2.70],
  epsilon_minus_mu_183 = [-1.83],
  epsilon_minus_mu_184 = [-1.77],
  epsilon_minus_mu_185 = [-3.74],
  epsilon_minus_mu_186 = [-2.49],
  epsilon_minus_mu_187 = [-2.23],
  epsilon_minus_mu_188 = [-3.47],
  epsilon_minus_mu_189 = [-2.49],
  epsilon_minus_mu_1810 = [-3.58],
  epsilon_minus_mu_191 = [-3.46],
  epsilon_minus_mu_192 = [-2.90],
  epsilon_minus_mu_193 = [-3.38],
  epsilon_minus_mu_194 = [-2.98],
  epsilon_minus_mu_195 = [-3.14],
  epsilon_minus_mu_196 = [-3.94],
  epsilon_minus_mu_197 = [-2.85],
  epsilon_minus_mu_198 = [-2.50],
  epsilon_minus_mu_199 = [-3.43],
  epsilon_minus_mu_1910 = [-3.22],
  epsilon_minus_mu_201 = [-3.59],
  epsilon_minus_mu_202 = [-3.88],
  epsilon_minus_mu_203 = [-3.33],
  epsilon_minus_mu_204 = [-3.94],
  epsilon_minus_mu_205 = [-1.94],
  epsilon_minus_mu_206 = [-1.20],
  epsilon_minus_mu_207 = [-3.86],
  epsilon_minus_mu_208 = [-3.68],
  epsilon_minus_mu_209 = [-0.78],
  epsilon_minus_mu_2010 = [-3.51],
]

Sigma + ¦Ó_{jk} = [
  sigma_plus_tau_11 = [6.18],
  sigma_plus_tau_12 = [4.49],
  sigma_plus_tau_13 = [4.96],
  sigma_plus_tau_14 = [5.26],
  sigma_plus_tau_15 = [5.38],
  sigma_plus_tau_16 = [4.72],
  sigma_plus_tau_17 = [3.75],
  sigma_plus_tau_18 = [6.20],
  sigma_plus_tau_19 = [1.65],
  sigma_plus_tau_110 = [5.55],
  sigma_plus_tau_21 = [3.29],
  sigma_plus_tau_22 = [1.93],
  sigma_plus_tau_23 = [3.18],
  sigma_plus_tau_24 = [3.10],
  sigma_plus_tau_25 = [5.60],
  sigma_plus_tau_26 = [3.39],
  sigma_plus_tau_27 = [5.63],
  sigma_plus_tau_28 = [3.48],
  sigma_plus_tau_29 = [3.95],
  sigma_plus_tau_210 = [4.67],
  sigma_plus_tau_31 = [6.44],
  sigma_plus_tau_32 = [2.29],
  sigma_plus_tau_33 = [2.18],
  sigma_plus_tau_34 = [3.83],
  sigma_plus_tau_35 = [4.15],
  sigma_plus_tau_36 = [3.49],
  sigma_plus_tau_37 = [5.77],
  sigma_plus_tau_38 = [5.85],
  sigma_plus_tau_39 = [4.47],
  sigma_plus_tau_310 = [2.77],
  sigma_plus_tau_41 = [2.63],
  sigma_plus_tau_42 = [3.04],
  sigma_plus_tau_43 = [4.61],
  sigma_plus_tau_44 = [4.49],
  sigma_plus_tau_45 = [5.79],
  sigma_plus_tau_46 = [5.77],
  sigma_plus_tau_47 = [3.09],
  sigma_plus_tau_48 = [4.48],
  sigma_plus_tau_49 = [1.93],
  sigma_plus_tau_410 = [4.82],
  sigma_plus_tau_51 = [4.21],
  sigma_plus_tau_52 = [4.89],
  sigma_plus_tau_53 = [2.82],
  sigma_plus_tau_54 = [3.71],
  sigma_plus_tau_55 = [6.57],
  sigma_plus_tau_56 = [2.06],
  sigma_plus_tau_57 = [4.92],
  sigma_plus_tau_58 = [5.97],
  sigma_plus_tau_59 = [4.82],
  sigma_plus_tau_510 = [3.80],
  sigma_plus_tau_61 = [4.99],
  sigma_plus_tau_62 = [3.24],
  sigma_plus_tau_63 = [5.49],
  sigma_plus_tau_64 = [3.56],
  sigma_plus_tau_65 = [6.12],
  sigma_plus_tau_66 = [5.49],
  sigma_plus_tau_67 = [1.90],
  sigma_plus_tau_68 = [4.70],
  sigma_plus_tau_69 = [4.45],
  sigma_plus_tau_610 = [5.49],
  sigma_plus_tau_71 = [5.73],
  sigma_plus_tau_72 = [4.46],
  sigma_plus_tau_73 = [2.83],
  sigma_plus_tau_74 = [4.78],
  sigma_plus_tau_75 = [6.49],
  sigma_plus_tau_76 = [5.89],
  sigma_plus_tau_77 = [5.51],
  sigma_plus_tau_78 = [2.88],
  sigma_plus_tau_79 = [4.44],
  sigma_plus_tau_710 = [4.62],
  sigma_plus_tau_81 = [6.39],
  sigma_plus_tau_82 = [4.87],
  sigma_plus_tau_83 = [5.42],
  sigma_plus_tau_84 = [6.05],
  sigma_plus_tau_85 = [5.27],
  sigma_plus_tau_86 = [5.53],
  sigma_plus_tau_87 = [3.03],
  sigma_plus_tau_88 = [5.11],
  sigma_plus_tau_89 = [5.41],
  sigma_plus_tau_810 = [3.72],
  sigma_plus_tau_91 = [2.71],
  sigma_plus_tau_92 = [2.89],
  sigma_plus_tau_93 = [5.18],
  sigma_plus_tau_94 = [4.52],
  sigma_plus_tau_95 = [5.18],
  sigma_plus_tau_96 = [5.88],
  sigma_plus_tau_97 = [4.44],
  sigma_plus_tau_98 = [2.63],
  sigma_plus_tau_99 = [5.05],
  sigma_plus_tau_910 = [4.14],
  sigma_plus_tau_101 = [5.34],
  sigma_plus_tau_102 = [4.44],
  sigma_plus_tau_103 = [4.65],
  sigma_plus_tau_104 = [4.62],
  sigma_plus_tau_105 = [6.07],
  sigma_plus_tau_106 = [5.72],
  sigma_plus_tau_107 = [3.05],
  sigma_plus_tau_108 = [4.76],
  sigma_plus_tau_109 = [3.71],
  sigma_plus_tau_1010 = [4.03],
  sigma_plus_tau_111 = [3.41],
  sigma_plus_tau_112 = [3.27],
  sigma_plus_tau_113 = [5.15],
  sigma_plus_tau_114 = [4.53],
  sigma_plus_tau_115 = [5.48],
  sigma_plus_tau_116 = [3.64],
  sigma_plus_tau_117 = [4.19],
  sigma_plus_tau_118 = [4.02],
  sigma_plus_tau_119 = [2.40],
  sigma_plus_tau_1110 = [4.89],
  sigma_plus_tau_121 = [6.16],
  sigma_plus_tau_122 = [3.61],
  sigma_plus_tau_123 = [3.14],
  sigma_plus_tau_124 = [5.44],
  sigma_plus_tau_125 = [5.55],
  sigma_plus_tau_126 = [3.84],
  sigma_plus_tau_127 = [6.51],
  sigma_plus_tau_128 = [6.01],
  sigma_plus_tau_129 = [4.23],
  sigma_plus_tau_1210 = [5.54],
  sigma_plus_tau_131 = [4.37],
  sigma_plus_tau_132 = [2.61],
  sigma_plus_tau_133 = [5.07],
  sigma_plus_tau_134 = [4.51],
  sigma_plus_tau_135 = [5.44],
  sigma_plus_tau_136 = [5.18],
  sigma_plus_tau_137 = [3.93],
  sigma_plus_tau_138 = [5.48],
  sigma_plus_tau_139 = [4.19],
  sigma_plus_tau_1310 = [3.32],
  sigma_plus_tau_141 = [2.91],
  sigma_plus_tau_142 = [3.64],
  sigma_plus_tau_143 = [2.62],
  sigma_plus_tau_144 = [2.41],
  sigma_plus_tau_145 = [2.11],
  sigma_plus_tau_146 = [6.17],
  sigma_plus_tau_147 = [3.12],
  sigma_plus_tau_148 = [5.10],
  sigma_plus_tau_149 = [2.45],
  sigma_plus_tau_1410 = [4.96],
  sigma_plus_tau_151 = [5.03],
  sigma_plus_tau_152 = [3.94],
  sigma_plus_tau_153 = [5.52],
  sigma_plus_tau_154 = [3.53],
  sigma_plus_tau_155 = [2.90],
  sigma_plus_tau_156 = [5.77],
  sigma_plus_tau_157 = [5.72],
  sigma_plus_tau_158 = [4.65],
  sigma_plus_tau_159 = [4.84],
  sigma_plus_tau_1510 = [4.34],
  sigma_plus_tau_161 = [3.66],
  sigma_plus_tau_162 = [4.35],
  sigma_plus_tau_163 = [5.37],
  sigma_plus_tau_164 = [3.01],
  sigma_plus_tau_165 = [5.40],
  sigma_plus_tau_166 = [5.87],
  sigma_plus_tau_167 = [3.52],
  sigma_plus_tau_168 = [5.71],
  sigma_plus_tau_169 = [5.47],
  sigma_plus_tau_1610 = [1.79],
  sigma_plus_tau_171 = [4.70],
  sigma_plus_tau_172 = [5.00],
  sigma_plus_tau_173 = [5.39],
  sigma_plus_tau_174 = [6.22],
  sigma_plus_tau_175 = [4.71],
  sigma_plus_tau_176 = [1.84],
  sigma_plus_tau_177 = [3.99],
  sigma_plus_tau_178 = [3.75],
  sigma_plus_tau_179 = [2.28],
  sigma_plus_tau_1710 = [3.61],
  sigma_plus_tau_181 = [5.23],
  sigma_plus_tau_182 = [5.15],
  sigma_plus_tau_183 = [5.25],
  sigma_plus_tau_184 = [4.77],
  sigma_plus_tau_185 = [1.77],
  sigma_plus_tau_186 = [4.64],
  sigma_plus_tau_187 = [3.82],
  sigma_plus_tau_188 = [3.65],
  sigma_plus_tau_189 = [4.49],
  sigma_plus_tau_1810 = [4.09],
  sigma_plus_tau_191 = [5.34],
  sigma_plus_tau_192 = [2.66],
  sigma_plus_tau_193 = [5.61],
  sigma_plus_tau_194 = [3.68],
  sigma_plus_tau_195 = [3.59],
  sigma_plus_tau_196 = [3.67],
  sigma_plus_tau_197 = [2.51],
  sigma_plus_tau_198 = [5.23],
  sigma_plus_tau_199 = [3.96],
  sigma_plus_tau_1910 = [3.82],
  sigma_plus_tau_201 = [5.95],
  sigma_plus_tau_202 = [2.64],
  sigma_plus_tau_203 = [4.38],
  sigma_plus_tau_204 = [4.00],
  sigma_plus_tau_205 = [4.06],
  sigma_plus_tau_206 = [2.33],
  sigma_plus_tau_207 = [6.05],
  sigma_plus_tau_208 = [4.65],
  sigma_plus_tau_209 = [3.65],
  sigma_plus_tau_2010 = [5.32],
]

Sigma - ¦Ó_{jk} = [
  sigma_minus_tau_11 = [-2.06],
  sigma_minus_tau_12 = [-1.50],
  sigma_minus_tau_13 = [-1.65],
  sigma_minus_tau_14 = [-1.75],
  sigma_minus_tau_15 = [-1.79],
  sigma_minus_tau_16 = [-1.57],
  sigma_minus_tau_17 = [-1.25],
  sigma_minus_tau_18 = [-2.07],
  sigma_minus_tau_19 = [-0.55],
  sigma_minus_tau_110 = [-1.85],
  sigma_minus_tau_21 = [-1.10],
  sigma_minus_tau_22 = [-0.64],
  sigma_minus_tau_23 = [-1.06],
  sigma_minus_tau_24 = [-1.03],
  sigma_minus_tau_25 = [-1.87],
  sigma_minus_tau_26 = [-1.13],
  sigma_minus_tau_27 = [-1.88],
  sigma_minus_tau_28 = [-1.16],
  sigma_minus_tau_29 = [-1.32],
  sigma_minus_tau_210 = [-1.56],
  sigma_minus_tau_31 = [-2.15],
  sigma_minus_tau_32 = [-0.76],
  sigma_minus_tau_33 = [-0.73],
  sigma_minus_tau_34 = [-1.28],
  sigma_minus_tau_35 = [-1.38],
  sigma_minus_tau_36 = [-1.16],
  sigma_minus_tau_37 = [-1.92],
  sigma_minus_tau_38 = [-1.95],
  sigma_minus_tau_39 = [-1.49],
  sigma_minus_tau_310 = [-0.92],
  sigma_minus_tau_41 = [-0.88],
  sigma_minus_tau_42 = [-1.01],
  sigma_minus_tau_43 = [-1.54],
  sigma_minus_tau_44 = [-1.50],
  sigma_minus_tau_45 = [-1.93],
  sigma_minus_tau_46 = [-1.92],
  sigma_minus_tau_47 = [-1.03],
  sigma_minus_tau_48 = [-1.49],
  sigma_minus_tau_49 = [-0.64],
  sigma_minus_tau_410 = [-1.61],
  sigma_minus_tau_51 = [-1.40],
  sigma_minus_tau_52 = [-1.63],
  sigma_minus_tau_53 = [-0.94],
  sigma_minus_tau_54 = [-1.24],
  sigma_minus_tau_55 = [-2.19],
  sigma_minus_tau_56 = [-0.69],
  sigma_minus_tau_57 = [-1.64],
  sigma_minus_tau_58 = [-1.99],
  sigma_minus_tau_59 = [-1.61],
  sigma_minus_tau_510 = [-1.27],
  sigma_minus_tau_61 = [-1.66],
  sigma_minus_tau_62 = [-1.08],
  sigma_minus_tau_63 = [-1.83],
  sigma_minus_tau_64 = [-1.19],
  sigma_minus_tau_65 = [-2.04],
  sigma_minus_tau_66 = [-1.83],
  sigma_minus_tau_67 = [-0.63],
  sigma_minus_tau_68 = [-1.57],
  sigma_minus_tau_69 = [-1.48],
  sigma_minus_tau_610 = [-1.83],
  sigma_minus_tau_71 = [-1.91],
  sigma_minus_tau_72 = [-1.49],
  sigma_minus_tau_73 = [-0.94],
  sigma_minus_tau_74 = [-1.59],
  sigma_minus_tau_75 = [-2.16],
  sigma_minus_tau_76 = [-1.96],
  sigma_minus_tau_77 = [-1.84],
  sigma_minus_tau_78 = [-0.96],
  sigma_minus_tau_79 = [-1.48],
  sigma_minus_tau_710 = [-1.54],
  sigma_minus_tau_81 = [-2.13],
  sigma_minus_tau_82 = [-1.62],
  sigma_minus_tau_83 = [-1.81],
  sigma_minus_tau_84 = [-2.02],
  sigma_minus_tau_85 = [-1.76],
  sigma_minus_tau_86 = [-1.84],
  sigma_minus_tau_87 = [-1.01],
  sigma_minus_tau_88 = [-1.70],
  sigma_minus_tau_89 = [-1.80],
  sigma_minus_tau_810 = [-1.24],
  sigma_minus_tau_91 = [-0.90],
  sigma_minus_tau_92 = [-0.96],
  sigma_minus_tau_93 = [-1.73],
  sigma_minus_tau_94 = [-1.51],
  sigma_minus_tau_95 = [-1.73],
  sigma_minus_tau_96 = [-1.96],
  sigma_minus_tau_97 = [-1.48],
  sigma_minus_tau_98 = [-0.88],
  sigma_minus_tau_99 = [-1.68],
  sigma_minus_tau_910 = [-1.38],
  sigma_minus_tau_101 = [-1.78],
  sigma_minus_tau_102 = [-1.48],
  sigma_minus_tau_103 = [-1.55],
  sigma_minus_tau_104 = [-1.54],
  sigma_minus_tau_105 = [-2.02],
  sigma_minus_tau_106 = [-1.91],
  sigma_minus_tau_107 = [-1.02],
  sigma_minus_tau_108 = [-1.59],
  sigma_minus_tau_109 = [-1.24],
  sigma_minus_tau_1010 = [-1.34],
  sigma_minus_tau_111 = [-1.14],
  sigma_minus_tau_112 = [-1.09],
  sigma_minus_tau_113 = [-1.72],
  sigma_minus_tau_114 = [-1.51],
  sigma_minus_tau_115 = [-1.83],
  sigma_minus_tau_116 = [-1.21],
  sigma_minus_tau_117 = [-1.40],
  sigma_minus_tau_118 = [-1.34],
  sigma_minus_tau_119 = [-0.80],
  sigma_minus_tau_1110 = [-1.63],
  sigma_minus_tau_121 = [-2.05],
  sigma_minus_tau_122 = [-1.20],
  sigma_minus_tau_123 = [-1.05],
  sigma_minus_tau_124 = [-1.81],
  sigma_minus_tau_125 = [-1.85],
  sigma_minus_tau_126 = [-1.28],
  sigma_minus_tau_127 = [-2.17],
  sigma_minus_tau_128 = [-2.00],
  sigma_minus_tau_129 = [-1.41],
  sigma_minus_tau_1210 = [-1.85],
  sigma_minus_tau_131 = [-1.46],
  sigma_minus_tau_132 = [-0.87],
  sigma_minus_tau_133 = [-1.69],
  sigma_minus_tau_134 = [-1.50],
  sigma_minus_tau_135 = [-1.81],
  sigma_minus_tau_136 = [-1.73],
  sigma_minus_tau_137 = [-1.31],
  sigma_minus_tau_138 = [-1.83],
  sigma_minus_tau_139 = [-1.40],
  sigma_minus_tau_1310 = [-1.11],
  sigma_minus_tau_141 = [-0.97],
  sigma_minus_tau_142 = [-1.21],
  sigma_minus_tau_143 = [-0.87],
  sigma_minus_tau_144 = [-0.80],
  sigma_minus_tau_145 = [-0.70],
  sigma_minus_tau_146 = [-2.06],
  sigma_minus_tau_147 = [-1.04],
  sigma_minus_tau_148 = [-1.70],
  sigma_minus_tau_149 = [-0.82],
  sigma_minus_tau_1410 = [-1.65],
  sigma_minus_tau_151 = [-1.68],
  sigma_minus_tau_152 = [-1.31],
  sigma_minus_tau_153 = [-1.84],
  sigma_minus_tau_154 = [-1.18],
  sigma_minus_tau_155 = [-0.97],
  sigma_minus_tau_156 = [-1.92],
  sigma_minus_tau_157 = [-1.91],
  sigma_minus_tau_158 = [-1.55],
  sigma_minus_tau_159 = [-1.61],
  sigma_minus_tau_1510 = [-1.45],
  sigma_minus_tau_161 = [-1.22],
  sigma_minus_tau_162 = [-1.45],
  sigma_minus_tau_163 = [-1.79],
  sigma_minus_tau_164 = [-1.00],
  sigma_minus_tau_165 = [-1.80],
  sigma_minus_tau_166 = [-1.96],
  sigma_minus_tau_167 = [-1.17],
  sigma_minus_tau_168 = [-1.90],
  sigma_minus_tau_169 = [-1.82],
  sigma_minus_tau_1610 = [-0.60],
  sigma_minus_tau_171 = [-1.57],
  sigma_minus_tau_172 = [-1.67],
  sigma_minus_tau_173 = [-1.80],
  sigma_minus_tau_174 = [-2.07],
  sigma_minus_tau_175 = [-1.57],
  sigma_minus_tau_176 = [-0.61],
  sigma_minus_tau_177 = [-1.33],
  sigma_minus_tau_178 = [-1.25],
  sigma_minus_tau_179 = [-0.76],
  sigma_minus_tau_1710 = [-1.20],
  sigma_minus_tau_181 = [-1.74],
  sigma_minus_tau_182 = [-1.72],
  sigma_minus_tau_183 = [-1.75],
  sigma_minus_tau_184 = [-1.59],
  sigma_minus_tau_185 = [-0.59],
  sigma_minus_tau_186 = [-1.55],
  sigma_minus_tau_187 = [-1.27],
  sigma_minus_tau_188 = [-1.22],
  sigma_minus_tau_189 = [-1.50],
  sigma_minus_tau_1810 = [-1.36],
  sigma_minus_tau_191 = [-1.78],
  sigma_minus_tau_192 = [-0.89],
  sigma_minus_tau_193 = [-1.87],
  sigma_minus_tau_194 = [-1.23],
  sigma_minus_tau_195 = [-1.20],
  sigma_minus_tau_196 = [-1.22],
  sigma_minus_tau_197 = [-0.84],
  sigma_minus_tau_198 = [-1.74],
  sigma_minus_tau_199 = [-1.32],
  sigma_minus_tau_1910 = [-1.27],
  sigma_minus_tau_201 = [-1.98],
  sigma_minus_tau_202 = [-0.88],
  sigma_minus_tau_203 = [-1.46],
  sigma_minus_tau_204 = [-1.33],
  sigma_minus_tau_205 = [-1.35],
  sigma_minus_tau_206 = [-0.78],
  sigma_minus_tau_207 = [-2.02],
  sigma_minus_tau_208 = [-1.55],
  sigma_minus_tau_209 = [-1.22],
  sigma_minus_tau_2010 = [-1.77],
]

Probabilities (p_s) = [
0.05, 0.05, 0.05, 0.05, 0.05, 0.05, 0.05, 0.05, 0.05, 0.05, 0.05, 0.05, 0.05, 0.05, 0.05, 0.05, 0.05, 0.05, 0.05, 0.05
]

c_bar = 5.52
