Jobs = 20
Machines = 5
Scenarios = 20

Ready Times (rj) = [
0.00, 0.00, 0.00, 0.00, 0.00, 0.00, 0.00, 0.00, 0.00, 0.00, 0.00, 0.00, 0.00, 0.00, 0.00, 0.00, 0.00, 0.00, 0.00, 0.00
]

Transportation Times (tjk^s) = [
  tjk_11 = [3.83, 0.52, 3.82, 3.72, 3.63, 3.84, 3.18, 2.62, 3.96, 1.57, 2.18, 2.30, 5.27, 3.11, 2.19, 7.84, 0.10, 2.84, 3.49, 2.60],
  tjk_12 = [1.36, 1.38, 0.93, 0.81, 0.68, 1.74, 0.55, 0.46, 1.05, 0.60, 1.14, 1.47, 1.56, 0.69, 1.21, 0.75, 0.58, 1.22, 2.13, 0.91],
  tjk_13 = [2.36, 3.24, 2.42, 2.60, 1.96, 1.79, 6.23, 2.85, 2.48, 3.46, 1.52, 0.80, 4.30, 3.53, 1.56, 5.79, 1.23, 4.27, 1.00, 5.03],
  tjk_14 = [1.68, 1.00, 1.35, 1.85, 0.49, 1.99, 1.33, 1.14, 0.92, 0.34, 1.63, 1.18, 0.98, 0.90, 0.10, 1.93, 1.29, 0.78, 1.11, 0.46],
  tjk_15 = [0.62, 0.46, 0.84, 1.11, 0.76, 1.01, 0.78, 1.69, 1.32, 1.29, 1.49, 1.79, 1.50, 0.93, 0.96, 1.02, 1.26, 0.82, 1.83, 1.01],
  tjk_21 = [0.43, 0.95, 1.16, 1.11, 1.02, 0.41, 0.91, 0.10, 0.38, 1.63, 1.13, 0.73, 0.10, 0.49, 1.42, 0.84, 2.55, 0.96, 1.03, 1.18],
  tjk_22 = [2.45, 3.17, 2.33, 0.10, 1.38, 1.85, 2.51, 3.86, 0.80, 3.21, 1.57, 1.02, 1.45, 2.03, 2.96, 1.87, 5.67, 2.82, 2.27, 1.39],
  tjk_23 = [2.12, 4.61, 0.37, 0.10, 5.41, 9.68, 7.01, 5.83, 3.09, 3.44, 5.72, 2.87, 4.13, 7.86, 8.13, 5.52, 11.11, 3.04, 1.73, 6.75],
  tjk_24 = [0.41, 0.97, 0.68, 1.32, 0.85, 1.25, 0.10, 0.48, 0.72, 0.69, 1.83, 1.34, 0.86, 0.56, 0.97, 1.11, 0.54, 3.18, 1.02, 0.82],
  tjk_25 = [2.75, 1.55, 1.45, 1.68, 1.12, 2.53, 0.69, 3.92, 2.14, 2.96, 2.47, 1.02, 5.05, 2.08, 0.79, 1.27, 3.02, 3.98, 1.54, 1.40],
  tjk_31 = [3.97, 1.30, 4.08, 1.88, 1.89, 5.05, 3.89, 2.52, 2.70, 1.53, 3.13, 8.29, 3.90, 3.98, 2.76, 0.73, 2.54, 7.02, 2.91, 4.16],
  tjk_32 = [2.69, 5.65, 3.76, 2.99, 1.79, 5.86, 4.91, 1.34, 3.49, 4.00, 2.27, 2.00, 2.36, 1.79, 3.56, 2.13, 2.24, 2.03, 3.99, 4.19],
  tjk_33 = [5.92, 6.25, 1.76, 4.52, 9.12, 6.46, 2.94, 1.22, 5.67, 5.54, 0.99, 1.42, 2.87, 5.81, 5.37, 7.48, 6.18, 1.78, 5.13, 3.37],
  tjk_34 = [2.36, 0.54, 2.64, 1.66, 3.31, 1.95, 2.04, 0.96, 4.16, 2.19, 2.30, 3.32, 0.72, 2.03, 2.07, 1.35, 0.92, 2.29, 2.09, 1.91],
  tjk_35 = [4.04, 3.52, 1.06, 3.37, 3.50, 5.88, 2.07, 3.66, 3.07, 2.68, 1.26, 6.06, 2.93, 2.75, 4.13, 4.74, 2.78, 3.19, 2.33, 2.88],
  tjk_41 = [6.55, 3.02, 2.11, 3.55, 2.54, 0.10, 4.04, 4.29, 0.81, 2.34, 3.28, 2.61, 2.77, 3.96, 3.23, 3.20, 2.20, 2.74, 1.65, 3.22],
  tjk_42 = [2.36, 2.17, 3.25, 2.82, 3.58, 0.85, 3.44, 1.70, 5.18, 1.40, 6.40, 0.10, 4.63, 2.22, 1.63, 2.26, 2.80, 0.82, 2.65, 4.78],
  tjk_43 = [2.04, 2.55, 0.90, 3.91, 2.24, 2.01, 3.17, 0.13, 1.44, 1.62, 1.23, 1.98, 1.45, 0.86, 3.69, 1.74, 1.55, 2.79, 3.13, 2.70],
  tjk_44 = [5.10, 5.80, 7.59, 4.58, 3.10, 4.48, 5.15, 1.38, 3.56, 2.53, 3.44, 3.13, 4.97, 1.81, 2.52, 1.69, 8.23, 3.72, 8.46, 3.32],
  tjk_45 = [2.83, 3.95, 1.38, 6.39, 1.98, 4.56, 6.23, 2.75, 1.83, 1.52, 5.52, 4.28, 6.77, 5.30, 1.87, 4.03, 1.00, 2.39, 2.03, 1.88],
  tjk_51 = [0.10, 0.10, 0.61, 0.53, 1.09, 1.17, 0.91, 0.48, 2.14, 0.75, 0.72, 0.86, 1.42, 1.60, 0.86, 0.60, 1.02, 2.17, 0.68, 1.09],
  tjk_52 = [3.82, 1.39, 1.67, 5.43, 0.44, 2.92, 4.65, 5.75, 10.42, 1.83, 6.20, 3.23, 5.10, 6.17, 5.37, 2.51, 5.82, 2.90, 4.33, 6.20],
  tjk_53 = [2.45, 5.60, 2.97, 7.01, 8.97, 6.76, 1.43, 3.35, 2.59, 8.01, 5.59, 7.65, 0.10, 4.66, 7.43, 3.71, 6.38, 3.59, 4.52, 2.46],
  tjk_54 = [2.01, 2.58, 8.46, 4.56, 7.05, 3.14, 2.71, 1.77, 9.36, 3.40, 1.46, 5.87, 2.62, 15.73, 4.95, 6.03, 1.63, 5.35, 5.95, 4.10],
  tjk_55 = [7.14, 2.62, 7.03, 0.73, 5.89, 6.22, 5.33, 4.43, 7.85, 3.08, 10.33, 4.63, 2.59, 3.53, 2.28, 3.90, 2.44, 7.22, 2.83, 14.00],
  tjk_61 = [2.54, 3.99, 3.79, 2.86, 5.12, 4.42, 3.33, 5.09, 3.30, 4.85, 6.66, 2.77, 3.54, 2.06, 4.70, 3.93, 3.54, 2.19, 3.75, 4.00],
  tjk_62 = [3.09, 1.13, 2.25, 1.90, 1.17, 2.41, 0.20, 3.52, 1.34, 2.33, 5.80, 1.60, 2.69, 0.84, 3.08, 1.34, 1.36, 1.74, 1.84, 4.05],
  tjk_63 = [0.58, 2.22, 1.23, 2.56, 2.42, 4.75, 1.52, 0.41, 0.65, 1.18, 6.16, 1.82, 1.77, 3.05, 2.84, 1.61, 1.98, 1.17, 1.44, 2.48],
  tjk_64 = [2.59, 2.40, 4.39, 3.26, 8.24, 4.53, 3.48, 3.59, 0.25, 4.89, 5.15, 3.13, 4.69, 3.54, 3.03, 2.14, 4.83, 5.82, 1.62, 5.41],
  tjk_65 = [2.42, 2.52, 1.60, 4.06, 3.27, 3.07, 3.51, 7.85, 1.70, 1.25, 3.15, 2.34, 2.62, 4.21, 2.50, 1.80, 2.60, 4.13, 1.21, 3.64],
  tjk_71 = [1.40, 1.17, 1.42, 1.96, 1.30, 0.24, 1.30, 1.24, 1.06, 0.30, 1.07, 0.93, 0.26, 1.11, 1.02, 1.82, 1.11, 0.89, 0.73, 0.16],
  tjk_72 = [2.14, 2.85, 1.24, 2.33, 1.39, 3.61, 2.22, 3.27, 1.51, 3.11, 1.49, 2.81, 2.35, 2.10, 2.73, 0.89, 5.41, 2.39, 2.00, 0.38],
  tjk_73 = [2.12, 2.38, 4.95, 2.96, 4.42, 3.62, 5.58, 3.10, 5.19, 0.10, 4.24, 1.25, 4.29, 5.43, 2.28, 2.10, 3.90, 4.99, 3.85, 4.29],
  tjk_74 = [2.91, 2.92, 0.62, 3.27, 1.91, 1.30, 2.84, 3.18, 1.99, 2.43, 2.94, 2.23, 3.10, 3.08, 4.32, 3.07, 2.29, 0.10, 1.35, 2.22],
  tjk_75 = [0.10, 4.61, 8.27, 11.09, 2.95, 4.81, 2.95, 4.91, 4.70, 4.50, 5.28, 5.84, 1.16, 2.82, 4.36, 3.89, 2.70, 1.82, 3.27, 3.07],
  tjk_81 = [1.95, 3.15, 2.61, 4.49, 4.32, 2.67, 2.21, 3.15, 0.62, 2.12, 3.32, 3.31, 0.97, 2.07, 4.35, 2.68, 2.98, 2.60, 1.50, 5.46],
  tjk_82 = [3.96, 0.10, 5.72, 2.18, 13.36, 3.20, 8.20, 9.68, 9.99, 5.81, 1.35, 3.10, 2.24, 5.75, 2.41, 0.11, 3.05, 7.18, 1.43, 10.22],
  tjk_83 = [1.98, 2.67, 0.13, 3.17, 7.36, 1.55, 4.74, 2.75, 3.57, 2.50, 1.95, 3.63, 3.78, 2.04, 1.00, 2.86, 3.31, 2.79, 4.03, 1.36],
  tjk_84 = [5.09, 9.76, 3.17, 7.48, 0.10, 8.03, 2.83, 4.57, 5.47, 0.53, 6.12, 2.17, 2.11, 3.44, 1.63, 1.46, 3.19, 5.96, 2.75, 3.97],
  tjk_85 = [2.71, 7.18, 6.28, 4.93, 6.29, 3.69, 4.27, 2.28, 5.69, 1.67, 5.67, 4.19, 6.30, 3.71, 3.93, 2.48, 6.26, 5.47, 2.03, 1.47],
  tjk_91 = [2.32, 4.54, 1.29, 2.30, 1.62, 2.11, 0.86, 4.77, 1.15, 1.74, 1.17, 1.28, 0.40, 3.05, 1.41, 5.59, 1.09, 1.48, 2.86, 0.99],
  tjk_92 = [4.79, 5.57, 1.18, 3.93, 6.89, 5.31, 3.38, 4.76, 4.68, 3.16, 3.16, 3.57, 1.85, 4.41, 2.95, 0.94, 5.35, 3.73, 2.01, 4.15],
  tjk_93 = [3.31, 0.89, 3.16, 2.20, 3.28, 1.97, 2.52, 3.40, 2.52, 4.38, 3.84, 4.11, 2.71, 1.41, 3.29, 7.47, 2.15, 1.89, 3.07, 1.45],
  tjk_94 = [0.72, 2.84, 2.51, 2.72, 2.45, 0.99, 0.73, 1.18, 2.13, 3.62, 1.18, 2.84, 3.10, 3.41, 2.00, 1.02, 3.85, 0.11, 1.60, 1.52],
  tjk_95 = [2.93, 2.88, 2.19, 3.68, 2.60, 1.21, 2.07, 2.89, 1.02, 1.92, 2.88, 1.69, 1.60, 2.19, 1.59, 2.16, 2.43, 1.95, 3.34, 0.50],
  tjk_101 = [0.97, 1.93, 2.30, 1.27, 0.76, 0.93, 0.24, 3.15, 1.62, 1.73, 2.54, 0.70, 1.04, 1.06, 0.38, 0.14, 0.70, 0.62, 0.81, 1.00],
  tjk_102 = [2.87, 3.83, 5.63, 2.65, 6.62, 4.65, 1.85, 6.08, 6.19, 4.81, 6.68, 2.84, 2.64, 5.00, 5.41, 3.78, 5.09, 5.92, 9.81, 4.27],
  tjk_103 = [7.09, 4.33, 2.70, 3.91, 5.31, 1.93, 2.05, 2.98, 7.34, 15.30, 5.05, 5.54, 1.90, 6.58, 7.73, 2.44, 1.01, 2.00, 2.31, 0.33],
  tjk_104 = [0.70, 0.72, 0.68, 0.80, 1.29, 1.36, 1.37, 0.99, 1.50, 0.68, 0.82, 0.73, 0.86, 0.99, 1.25, 0.99, 1.80, 0.29, 1.83, 1.17],
  tjk_105 = [12.09, 8.36, 11.56, 5.54, 6.94, 5.34, 4.47, 5.23, 7.53, 5.26, 19.85, 1.34, 4.86, 3.14, 5.49, 2.20, 5.39, 5.04, 4.06, 3.05],
  tjk_111 = [5.07, 5.90, 2.67, 4.14, 4.89, 3.46, 2.17, 7.17, 5.32, 0.27, 6.91, 4.50, 4.14, 0.56, 5.19, 6.34, 7.83, 5.74, 5.24, 11.87],
  tjk_112 = [4.01, 3.41, 4.12, 1.16, 1.58, 5.13, 2.41, 3.15, 0.99, 3.53, 3.55, 3.68, 2.29, 5.16, 1.90, 2.74, 2.92, 2.88, 2.95, 1.18],
  tjk_113 = [9.11, 4.16, 2.32, 7.00, 7.77, 6.57, 2.75, 3.58, 1.58, 4.15, 3.95, 2.29, 2.03, 3.79, 5.52, 4.22, 2.14, 3.94, 8.19, 4.86],
  tjk_114 = [0.59, 0.56, 0.91, 0.88, 1.55, 0.79, 1.47, 0.99, 1.57, 0.37, 1.39, 1.55, 1.07, 0.60, 0.73, 0.43, 1.88, 1.38, 2.14, 3.47],
  tjk_115 = [0.92, 0.77, 0.99, 0.82, 1.74, 0.73, 1.37, 2.24, 1.17, 0.93, 0.10, 0.48, 1.01, 2.25, 0.51, 1.00, 0.52, 0.67, 0.10, 1.74],
  tjk_121 = [12.71, 5.24, 2.70, 2.63, 5.18, 4.68, 8.87, 2.72, 10.07, 5.58, 7.63, 3.84, 8.41, 16.24, 7.60, 11.43, 3.07, 8.06, 3.99, 3.98],
  tjk_122 = [1.70, 2.08, 3.41, 4.03, 0.95, 3.06, 2.03, 3.52, 2.60, 3.78, 2.16, 1.52, 2.80, 0.52, 0.50, 2.13, 2.67, 2.20, 2.18, 0.75],
  tjk_123 = [6.67, 5.81, 7.12, 3.72, 5.50, 5.81, 4.69, 8.59, 4.05, 1.42, 4.15, 5.48, 4.23, 9.84, 2.07, 1.00, 2.13, 2.92, 3.04, 2.79],
  tjk_124 = [6.40, 1.59, 3.67, 3.59, 1.77, 3.66, 2.30, 1.56, 3.92, 5.46, 5.65, 3.78, 4.80, 3.44, 2.79, 2.20, 6.47, 3.41, 3.59, 3.00],
  tjk_125 = [3.32, 3.99, 7.51, 1.69, 5.33, 3.53, 1.50, 1.91, 6.24, 2.83, 5.55, 3.86, 3.40, 5.05, 3.74, 2.41, 5.73, 3.68, 5.60, 1.14],
  tjk_131 = [8.10, 0.25, 4.17, 2.67, 7.06, 3.64, 5.95, 1.71, 2.12, 7.65, 3.96, 10.79, 7.34, 9.58, 5.02, 12.71, 11.66, 4.81, 6.70, 3.91],
  tjk_132 = [2.11, 2.96, 1.16, 1.58, 0.10, 1.13, 1.29, 2.53, 3.12, 0.77, 1.23, 0.62, 0.28, 2.23, 1.18, 1.42, 2.29, 0.78, 1.55, 1.58],
  tjk_133 = [3.72, 3.35, 1.48, 3.33, 2.13, 1.05, 0.70, 4.70, 2.95, 1.25, 2.80, 2.65, 7.33, 1.66, 2.65, 2.53, 3.16, 1.73, 7.01, 2.94],
  tjk_134 = [0.75, 1.60, 1.48, 1.28, 2.01, 1.29, 0.96, 0.70, 1.59, 0.77, 1.22, 1.78, 0.89, 0.40, 1.00, 1.07, 0.87, 1.17, 1.19, 1.04],
  tjk_135 = [10.61, 5.17, 4.28, 7.59, 8.73, 7.39, 0.10, 7.68, 8.92, 1.32, 8.23, 4.72, 4.89, 6.71, 3.50, 4.39, 2.36, 4.51, 6.02, 4.99],
  tjk_141 = [3.89, 5.11, 3.69, 2.36, 1.37, 1.19, 1.11, 2.95, 3.50, 4.95, 3.06, 1.11, 3.72, 5.53, 2.73, 1.51, 5.21, 1.40, 4.04, 1.93],
  tjk_142 = [1.81, 2.38, 0.55, 1.47, 3.96, 3.12, 3.91, 2.30, 2.83, 3.55, 0.75, 1.09, 2.22, 2.17, 2.53, 1.18, 1.31, 1.25, 1.78, 0.10],
  tjk_143 = [5.20, 2.23, 1.65, 5.15, 3.61, 1.42, 2.06, 2.54, 0.69, 1.87, 0.78, 1.66, 3.11, 4.40, 1.98, 5.37, 3.44, 6.46, 2.43, 1.97],
  tjk_144 = [2.44, 1.08, 1.30, 0.70, 1.72, 1.30, 0.70, 1.35, 1.59, 0.77, 1.13, 0.96, 0.99, 2.96, 0.74, 1.39, 1.48, 0.34, 0.75, 0.67],
  tjk_145 = [1.41, 3.48, 1.33, 3.35, 2.44, 4.45, 1.57, 3.63, 3.12, 4.59, 3.25, 1.64, 3.05, 8.72, 2.18, 2.46, 8.02, 2.49, 1.91, 3.61],
  tjk_151 = [7.23, 10.74, 2.62, 5.31, 6.75, 5.30, 3.87, 2.58, 1.31, 6.68, 2.69, 4.86, 7.01, 5.64, 2.18, 2.98, 3.48, 5.83, 7.13, 3.28],
  tjk_152 = [3.63, 5.26, 3.21, 4.82, 3.28, 1.30, 1.76, 3.43, 3.55, 4.38, 2.41, 7.53, 4.50, 2.62, 1.16, 3.11, 0.10, 5.55, 4.59, 4.62],
  tjk_153 = [2.64, 5.13, 10.25, 3.67, 2.09, 9.84, 5.65, 3.99, 5.27, 1.09, 2.56, 5.10, 5.87, 8.00, 4.59, 3.41, 3.75, 7.52, 4.51, 1.46],
  tjk_154 = [6.29, 5.67, 8.28, 6.26, 6.58, 5.25, 9.07, 8.87, 6.54, 5.47, 4.94, 4.57, 11.68, 6.97, 3.75, 4.73, 4.91, 3.29, 7.17, 4.03],
  tjk_155 = [0.57, 1.10, 1.95, 0.66, 1.42, 1.29, 0.72, 1.16, 0.10, 0.57, 1.07, 1.43, 0.55, 1.89, 1.04, 0.58, 1.17, 0.94, 0.77, 0.34],
  tjk_161 = [2.07, 2.04, 0.10, 2.92, 4.07, 1.54, 2.98, 3.06, 4.16, 7.16, 2.35, 2.34, 3.57, 4.24, 1.83, 1.02, 2.00, 2.15, 1.03, 2.40],
  tjk_162 = [2.33, 3.40, 4.86, 8.79, 1.69, 5.79, 2.41, 3.47, 4.27, 5.57, 2.83, 3.04, 2.64, 5.67, 5.43, 4.45, 5.30, 2.73, 6.13, 4.52],
  tjk_163 = [4.15, 5.36, 1.43, 4.26, 3.34, 1.47, 5.58, 1.38, 6.66, 1.97, 5.22, 1.86, 4.28, 5.09, 6.23, 2.12, 6.23, 2.75, 3.23, 1.78],
  tjk_164 = [0.79, 0.44, 1.80, 0.65, 2.63, 1.44, 1.05, 1.09, 0.93, 1.04, 1.15, 1.21, 0.52, 1.13, 0.12, 0.33, 0.73, 0.98, 1.67, 2.29],
  tjk_165 = [8.96, 2.84, 3.90, 3.65, 5.46, 14.09, 2.07, 3.59, 5.98, 4.34, 4.63, 6.74, 3.09, 8.03, 2.40, 3.77, 2.28, 3.97, 7.97, 2.29],
  tjk_171 = [1.61, 2.17, 0.74, 3.53, 2.48, 1.25, 0.97, 3.96, 1.16, 3.06, 0.10, 3.02, 2.48, 1.95, 1.35, 2.97, 1.20, 2.26, 1.22, 4.24],
  tjk_172 = [2.88, 2.85, 3.15, 6.31, 2.09, 7.98, 4.81, 3.32, 2.07, 1.74, 7.94, 3.91, 2.52, 0.10, 4.96, 3.13, 15.48, 4.28, 5.10, 3.68],
  tjk_173 = [2.76, 2.05, 1.09, 2.48, 0.47, 0.90, 1.42, 2.29, 4.52, 2.32, 2.18, 2.48, 2.84, 2.25, 3.77, 1.76, 3.75, 4.99, 2.16, 1.05],
  tjk_174 = [0.95, 0.59, 1.18, 1.02, 1.41, 1.27, 1.18, 0.67, 0.84, 1.05, 2.64, 1.53, 0.62, 1.01, 0.48, 1.85, 0.74, 1.55, 1.58, 1.18],
  tjk_175 = [1.69, 2.12, 1.72, 1.99, 3.50, 2.82, 1.86, 2.40, 1.65, 2.51, 4.08, 3.20, 1.41, 1.56, 2.09, 1.48, 1.27, 0.98, 2.24, 2.26],
  tjk_181 = [0.88, 1.32, 1.15, 0.65, 0.58, 0.80, 0.86, 0.97, 0.89, 0.76, 1.21, 0.89, 0.98, 0.10, 0.94, 0.95, 0.88, 1.22, 0.97, 0.83],
  tjk_182 = [5.12, 3.16, 4.40, 2.29, 2.32, 4.78, 3.90, 4.27, 3.62, 2.01, 1.46, 0.26, 2.96, 1.29, 4.92, 2.26, 1.49, 1.25, 3.57, 4.31],
  tjk_183 = [1.80, 3.59, 2.07, 1.80, 2.01, 1.96, 0.47, 0.10, 3.20, 1.30, 0.98, 1.37, 2.32, 3.33, 2.46, 1.52, 2.88, 2.30, 2.16, 1.50],
  tjk_184 = [3.62, 0.87, 1.50, 3.81, 2.23, 2.74, 2.80, 0.93, 2.94, 2.24, 1.72, 2.27, 4.28, 2.37, 0.59, 2.14, 1.13, 1.98, 3.11, 2.46],
  tjk_185 = [0.82, 0.99, 0.66, 1.07, 1.81, 1.50, 0.57, 0.45, 0.81, 1.88, 0.41, 0.84, 1.13, 1.54, 0.74, 0.99, 1.26, 1.42, 1.90, 1.18],
  tjk_191 = [2.84, 0.90, 2.07, 1.42, 4.74, 5.29, 2.18, 2.39, 4.12, 3.96, 4.76, 5.17, 4.25, 1.42, 1.97, 2.97, 3.27, 2.38, 6.90, 2.85],
  tjk_192 = [1.48, 0.44, 1.67, 1.86, 1.63, 2.74, 3.09, 1.16, 4.07, 1.93, 4.09, 1.81, 3.08, 2.96, 3.34, 4.20, 8.25, 1.63, 2.11, 1.31],
  tjk_193 = [7.20, 4.53, 2.76, 6.31, 4.00, 7.27, 8.42, 5.11, 9.37, 2.91, 0.61, 2.06, 1.52, 9.29, 2.17, 7.33, 4.40, 4.64, 5.36, 3.44],
  tjk_194 = [0.67, 0.64, 1.32, 0.40, 1.07, 0.74, 0.64, 1.23, 0.98, 1.06, 0.10, 2.43, 1.09, 1.21, 1.54, 0.60, 1.22, 1.39, 0.29, 0.46],
  tjk_195 = [5.79, 6.59, 9.55, 6.66, 5.14, 0.84, 2.76, 0.10, 3.46, 0.62, 3.62, 4.43, 1.92, 3.18, 2.24, 7.80, 0.10, 3.19, 6.73, 5.35],
  tjk_201 = [4.69, 4.12, 5.84, 1.48, 13.38, 5.80, 0.80, 3.48, 6.43, 6.65, 3.98, 2.95, 2.94, 1.94, 3.58, 2.42, 2.68, 6.60, 5.27, 3.77],
  tjk_202 = [1.19, 0.69, 0.83, 0.59, 0.75, 0.76, 1.55, 1.78, 1.07, 1.33, 0.93, 1.51, 1.18, 0.51, 0.70, 1.48, 0.80, 0.50, 0.56, 0.41],
  tjk_203 = [1.05, 1.31, 1.40, 1.12, 0.32, 1.70, 1.31, 0.96, 2.14, 1.91, 1.04, 0.85, 1.22, 0.81, 1.91, 2.13, 0.75, 0.94, 1.21, 0.82],
  tjk_204 = [2.15, 0.98, 2.25, 1.99, 1.94, 1.72, 3.30, 2.48, 2.80, 4.80, 0.10, 2.31, 3.66, 3.60, 1.41, 3.16, 0.89, 3.73, 1.61, 2.99],
  tjk_205 = [1.25, 1.19, 0.60, 0.55, 0.71, 1.51, 1.20, 1.88, 0.91, 0.85, 2.77, 0.86, 0.54, 1.35, 1.00, 1.14, 0.55, 0.71, 0.41, 0.71],
]

Service Times (¦Î_{jk}^s) = [
  xi_11 = [16.44, 0.10, 2.00, 6.67, 0.28, 6.55, 33.13, 13.48, 13.79, 19.69, 0.10, 0.10, 16.03, 13.98, 3.59, 19.76, 3.56, 4.46, 5.88, 37.19],
  xi_12 = [0.74, 1.38, 0.66, 0.49, 0.27, 0.10, 1.92, 0.10, 0.93, 0.71, 1.66, 1.29, 0.10, 1.64, 1.67, 2.04, 1.18, 3.76, 0.10, 1.26],
  xi_13 = [0.15, 22.00, 17.49, 4.05, 17.49, 8.37, 20.07, 10.75, 0.10, 16.21, 9.85, 8.38, 0.10, 6.86, 12.44, 8.63, 22.18, 43.97, 14.49, 0.10],
  xi_14 = [2.73, 36.58, 9.27, 20.74, 0.10, 36.70, 11.26, 4.88, 14.95, 7.52, 0.10, 25.67, 0.10, 0.10, 17.63, 36.40, 14.60, 5.58, 0.10, 9.31],
  xi_15 = [35.61, 0.10, 0.10, 9.84, 29.85, 4.34, 4.65, 17.22, 0.10, 0.10, 6.53, 7.85, 1.91, 3.93, 0.10, 0.10, 7.00, 5.00, 6.86, 1.99],
  xi_21 = [0.10, 2.78, 0.10, 2.20, 3.38, 0.10, 6.56, 2.14, 2.43, 4.03, 4.53, 4.58, 3.70, 14.84, 12.53, 4.45, 5.89, 3.51, 8.78, 0.22],
  xi_22 = [0.10, 2.78, 1.28, 5.35, 2.38, 0.10, 2.93, 9.53, 4.00, 0.10, 7.87, 4.59, 5.07, 0.10, 0.10, 3.95, 2.40, 11.14, 4.64, 0.26],
  xi_23 = [1.34, 3.32, 4.80, 5.01, 7.80, 2.13, 4.10, 3.85, 5.47, 9.87, 0.10, 3.55, 6.35, 6.18, 5.19, 3.10, 4.58, 4.68, 0.10, 4.57],
  xi_24 = [0.10, 0.10, 5.53, 7.44, 0.10, 6.24, 6.39, 0.10, 9.92, 29.80, 16.04, 0.10, 5.72, 0.10, 12.59, 20.47, 0.10, 4.69, 0.10, 0.10],
  xi_25 = [0.10, 3.30, 2.41, 5.78, 7.32, 4.63, 1.99, 2.37, 3.63, 3.13, 6.55, 3.35, 11.41, 14.30, 7.87, 2.54, 11.63, 1.03, 6.55, 8.62],
  xi_31 = [4.86, 16.18, 0.10, 17.05, 5.37, 9.31, 7.66, 0.10, 10.14, 16.06, 0.10, 1.26, 17.97, 13.11, 0.10, 10.70, 0.10, 7.58, 17.51, 26.33],
  xi_32 = [4.62, 14.65, 6.02, 0.61, 6.53, 5.74, 7.43, 17.40, 26.33, 0.10, 16.91, 6.31, 8.53, 4.58, 49.23, 42.52, 0.10, 30.33, 3.70, 15.89],
  xi_33 = [0.10, 0.10, 3.86, 2.79, 1.37, 2.70, 11.82, 5.15, 2.53, 4.94, 0.10, 2.08, 3.20, 2.90, 2.31, 0.10, 7.25, 9.87, 9.86, 1.85],
  xi_34 = [0.85, 1.29, 2.75, 2.34, 0.10, 0.96, 0.37, 0.10, 1.19, 5.60, 3.79, 0.47, 1.06, 0.10, 3.39, 1.00, 1.50, 2.11, 0.71, 0.31],
  xi_35 = [4.02, 10.03, 3.68, 22.16, 0.10, 0.10, 7.07, 12.81, 16.63, 7.41, 17.12, 33.43, 8.73, 9.10, 15.99, 0.10, 9.93, 7.17, 3.83, 0.10],
  xi_41 = [11.88, 15.47, 16.03, 18.72, 25.25, 8.69, 0.10, 5.41, 12.16, 11.20, 41.30, 0.10, 0.10, 4.51, 13.14, 4.33, 29.80, 1.30, 13.06, 0.10],
  xi_42 = [0.10, 16.51, 22.74, 10.67, 2.97, 10.02, 0.10, 4.12, 3.32, 5.12, 10.07, 5.79, 0.10, 21.80, 18.00, 3.51, 5.25, 0.10, 7.92, 8.64],
  xi_43 = [2.11, 0.10, 23.32, 7.02, 18.21, 5.77, 7.07, 9.02, 14.61, 6.64, 4.00, 5.95, 1.26, 12.77, 16.89, 0.80, 23.18, 0.10, 28.93, 47.20],
  xi_44 = [4.97, 6.70, 16.73, 0.10, 27.71, 6.91, 0.10, 4.14, 16.13, 6.31, 31.98, 2.50, 10.22, 4.67, 6.54, 0.10, 12.29, 0.10, 4.24, 1.05],
  xi_45 = [0.69, 1.69, 1.67, 1.17, 0.10, 0.70, 0.10, 2.37, 1.00, 4.46, 0.71, 0.92, 1.72, 0.10, 0.10, 1.58, 0.10, 0.10, 0.75, 3.43],
  xi_51 = [12.80, 1.45, 3.96, 15.41, 0.10, 0.10, 0.10, 0.10, 0.91, 0.10, 2.48, 0.10, 2.38, 2.59, 2.91, 0.10, 2.55, 2.30, 16.74, 12.82],
  xi_52 = [5.50, 1.63, 2.06, 0.65, 1.64, 2.76, 1.64, 1.25, 0.80, 0.10, 1.05, 2.94, 1.37, 0.50, 1.51, 1.41, 1.31, 1.82, 0.10, 2.86],
  xi_53 = [10.17, 9.57, 5.36, 6.84, 6.29, 0.10, 7.82, 1.85, 18.39, 8.42, 13.65, 11.43, 9.36, 3.83, 0.10, 21.28, 9.99, 16.33, 6.30, 6.73],
  xi_54 = [0.90, 0.59, 0.10, 0.80, 0.83, 1.01, 0.98, 0.25, 0.10, 1.02, 0.10, 1.21, 4.40, 1.87, 0.10, 0.70, 2.06, 1.07, 0.10, 1.62],
  xi_55 = [4.71, 18.40, 7.41, 1.74, 10.90, 0.10, 3.45, 4.24, 4.22, 16.14, 0.10, 0.10, 3.68, 3.01, 2.35, 5.61, 0.10, 3.54, 0.10, 5.82],
  xi_61 = [3.35, 3.45, 0.10, 8.98, 2.63, 2.20, 0.10, 3.02, 2.73, 1.06, 1.46, 2.40, 11.55, 7.56, 10.68, 13.44, 1.64, 12.87, 3.71, 4.22],
  xi_62 = [8.57, 8.20, 0.10, 14.05, 21.48, 0.10, 0.10, 5.05, 34.42, 9.59, 8.34, 9.98, 0.10, 0.10, 60.00, 5.39, 22.77, 0.10, 9.47, 6.60],
  xi_63 = [12.94, 5.51, 6.36, 8.61, 15.84, 0.10, 19.91, 40.42, 0.10, 13.93, 2.68, 0.10, 9.81, 4.86, 3.50, 5.41, 7.43, 11.20, 4.98, 6.02],
  xi_64 = [4.40, 1.85, 0.10, 0.10, 5.76, 4.88, 4.16, 2.07, 3.37, 15.50, 11.91, 6.42, 3.23, 6.32, 15.24, 0.53, 0.10, 0.15, 0.10, 1.89],
  xi_65 = [6.19, 1.07, 0.10, 2.62, 1.95, 7.23, 4.65, 2.47, 0.10, 2.55, 3.32, 1.70, 12.67, 16.86, 4.42, 1.72, 0.10, 4.70, 5.20, 14.54],
  xi_71 = [0.10, 0.10, 12.06, 2.82, 5.65, 4.89, 7.88, 4.90, 15.00, 11.46, 0.10, 0.10, 14.23, 0.10, 5.76, 3.94, 5.65, 5.79, 21.25, 13.39],
  xi_72 = [0.10, 0.10, 4.14, 1.10, 1.05, 1.12, 0.85, 1.63, 0.10, 4.86, 1.01, 1.00, 0.10, 3.09, 2.54, 1.48, 0.10, 0.10, 0.10, 0.91],
  xi_73 = [6.04, 0.10, 6.22, 15.13, 0.10, 45.10, 6.00, 24.60, 8.73, 12.02, 0.10, 8.73, 14.12, 12.07, 8.31, 21.62, 6.64, 36.21, 3.92, 0.10],
  xi_74 = [3.19, 0.10, 2.32, 2.01, 0.67, 3.38, 0.36, 0.35, 0.10, 1.03, 1.93, 3.54, 0.97, 0.97, 1.72, 0.10, 3.69, 1.47, 2.35, 2.24],
  xi_75 = [2.40, 4.69, 7.33, 3.15, 3.01, 15.76, 0.10, 10.69, 4.22, 3.89, 3.45, 3.22, 11.62, 4.47, 2.27, 0.10, 3.97, 2.34, 0.83, 9.27],
  xi_81 = [2.31, 2.17, 7.19, 0.10, 0.10, 1.13, 4.38, 4.26, 0.10, 8.72, 3.40, 0.10, 2.81, 14.67, 2.51, 0.89, 9.87, 6.96, 5.38, 3.03],
  xi_82 = [8.11, 8.24, 4.71, 5.91, 0.10, 6.80, 4.22, 1.86, 0.10, 3.41, 2.76, 1.81, 3.10, 2.41, 0.10, 3.78, 3.71, 2.35, 0.93, 1.54],
  xi_83 = [2.00, 0.10, 1.99, 0.92, 8.18, 0.21, 2.28, 0.10, 9.16, 2.15, 2.18, 3.29, 2.81, 0.10, 3.52, 1.32, 1.89, 4.94, 8.32, 7.82],
  xi_84 = [3.60, 4.69, 10.92, 13.99, 0.10, 0.38, 0.10, 6.66, 5.66, 5.03, 0.10, 2.92, 1.58, 11.59, 13.18, 4.58, 1.15, 4.38, 0.10, 3.89],
  xi_85 = [5.90, 1.44, 5.69, 3.05, 2.70, 11.31, 1.98, 3.32, 2.51, 11.30, 3.30, 4.02, 8.39, 5.82, 2.18, 3.29, 5.66, 7.94, 1.76, 4.01],
  xi_91 = [21.15, 3.21, 4.15, 15.64, 10.19, 0.10, 8.13, 8.34, 37.95, 0.10, 31.83, 22.16, 7.92, 33.82, 11.25, 5.32, 0.10, 22.20, 11.99, 3.16],
  xi_92 = [6.77, 6.94, 9.01, 12.30, 4.50, 14.01, 3.98, 1.27, 3.79, 23.73, 3.56, 5.10, 3.68, 0.10, 12.35, 2.66, 24.16, 6.65, 2.36, 25.57],
  xi_93 = [5.64, 5.83, 0.10, 8.80, 8.40, 6.52, 0.10, 9.79, 0.10, 0.10, 9.86, 14.90, 15.49, 4.71, 11.94, 1.17, 0.10, 3.82, 4.78, 6.67],
  xi_94 = [3.62, 1.99, 2.57, 7.96, 1.77, 2.98, 2.08, 1.47, 8.03, 4.03, 0.77, 2.32, 1.93, 5.70, 1.22, 5.18, 3.81, 12.65, 3.61, 4.31],
  xi_95 = [22.85, 7.61, 54.08, 21.81, 24.59, 0.10, 16.95, 8.08, 0.10, 9.41, 11.70, 7.26, 33.93, 12.21, 0.10, 42.39, 42.07, 22.89, 15.90, 0.10],
  xi_101 = [0.10, 6.75, 3.76, 6.49, 33.49, 15.84, 8.08, 2.88, 22.63, 9.39, 31.35, 5.26, 11.49, 11.73, 15.77, 14.21, 10.34, 0.10, 14.96, 0.10],
  xi_102 = [0.10, 1.89, 2.86, 1.36, 0.95, 4.56, 2.41, 0.51, 2.65, 2.57, 1.69, 1.95, 0.84, 8.19, 0.47, 1.49, 1.15, 0.10, 0.10, 0.10],
  xi_103 = [2.53, 2.60, 3.57, 8.07, 0.10, 2.05, 3.16, 0.10, 3.64, 2.17, 1.66, 2.26, 0.10, 5.04, 9.78, 3.16, 0.10, 4.86, 1.37, 4.54],
  xi_104 = [1.80, 8.65, 1.45, 0.10, 2.23, 2.06, 7.43, 0.97, 0.11, 5.16, 9.94, 0.70, 3.64, 1.18, 0.46, 0.10, 0.10, 2.78, 2.15, 0.10],
  xi_105 = [15.79, 0.10, 6.61, 6.70, 8.46, 5.47, 29.85, 23.54, 17.80, 23.72, 13.79, 4.45, 9.61, 5.39, 14.78, 19.79, 8.53, 0.10, 0.10, 9.90],
  xi_111 = [1.57, 6.98, 1.81, 0.10, 1.72, 0.10, 2.99, 1.73, 1.02, 0.10, 3.20, 0.10, 3.33, 3.62, 0.10, 1.96, 1.32, 1.24, 0.40, 2.21],
  xi_112 = [27.34, 11.28, 0.10, 12.80, 0.76, 4.54, 0.10, 0.10, 10.54, 0.10, 0.10, 0.10, 5.36, 27.39, 18.47, 0.10, 9.02, 23.79, 3.39, 2.40],
  xi_113 = [8.25, 1.36, 1.44, 4.96, 0.10, 5.79, 0.10, 2.70, 2.27, 7.06, 1.92, 9.48, 7.20, 2.82, 1.10, 0.63, 1.84, 4.04, 0.78, 0.10],
  xi_114 = [8.65, 4.08, 12.26, 0.10, 0.10, 6.38, 17.59, 7.73, 60.00, 21.99, 11.13, 2.36, 14.39, 17.83, 0.10, 20.26, 3.57, 0.70, 7.65, 8.51],
  xi_115 = [0.10, 0.66, 1.21, 1.24, 3.19, 1.80, 3.31, 0.56, 0.92, 1.55, 4.60, 1.01, 1.99, 0.46, 0.91, 1.98, 1.84, 0.10, 0.10, 1.43],
  xi_121 = [16.42, 7.72, 0.10, 0.10, 12.54, 15.52, 35.73, 27.46, 10.95, 9.52, 16.27, 8.68, 11.80, 10.45, 0.10, 12.18, 12.59, 40.05, 0.10, 0.10],
  xi_122 = [1.58, 2.42, 10.39, 1.99, 8.53, 6.99, 21.52, 27.64, 5.59, 6.26, 5.86, 0.10, 11.56, 3.40, 19.09, 8.96, 0.10, 7.27, 9.13, 1.86],
  xi_123 = [20.41, 6.77, 9.11, 20.77, 0.10, 3.90, 50.31, 12.29, 0.10, 6.75, 17.52, 31.93, 6.91, 0.10, 15.91, 14.80, 11.71, 14.01, 4.76, 0.10],
  xi_124 = [5.64, 0.10, 2.97, 3.45, 22.91, 7.70, 3.69, 2.33, 2.98, 5.81, 0.10, 20.25, 2.25, 3.01, 1.59, 0.10, 5.46, 3.55, 3.24, 0.10],
  xi_125 = [7.85, 0.10, 4.56, 4.77, 5.92, 5.06, 2.28, 27.57, 8.12, 4.09, 24.09, 0.10, 0.10, 6.29, 18.11, 9.48, 18.77, 3.17, 3.63, 0.10],
  xi_131 = [8.29, 10.51, 5.95, 1.32, 4.61, 1.85, 2.56, 3.24, 4.69, 2.34, 3.64, 2.74, 4.23, 1.46, 1.84, 2.46, 0.10, 11.15, 1.51, 2.84],
  xi_132 = [7.41, 2.09, 34.08, 6.32, 0.10, 10.42, 10.90, 3.52, 7.84, 3.35, 7.75, 10.22, 6.11, 15.54, 4.60, 0.10, 10.19, 13.88, 20.50, 39.19],
  xi_133 = [0.10, 0.10, 2.66, 0.70, 3.18, 4.95, 0.10, 4.86, 7.63, 2.29, 11.13, 1.91, 3.31, 2.49, 0.10, 0.10, 2.37, 2.49, 3.14, 17.81],
  xi_134 = [10.59, 9.71, 5.91, 3.21, 13.18, 19.42, 0.10, 4.09, 3.80, 0.54, 3.68, 9.35, 1.77, 2.51, 14.24, 2.33, 3.75, 4.62, 18.62, 2.41],
  xi_135 = [2.67, 0.10, 3.29, 12.30, 8.50, 15.65, 15.72, 4.12, 6.07, 5.50, 60.00, 12.68, 20.45, 0.10, 8.95, 10.26, 12.32, 10.39, 3.39, 19.28],
  xi_141 = [4.10, 3.69, 15.23, 12.74, 4.37, 3.09, 2.15, 33.66, 6.18, 2.77, 4.37, 2.78, 0.10, 5.66, 10.65, 3.68, 4.59, 6.62, 4.12, 5.24],
  xi_142 = [1.89, 6.05, 11.39, 3.06, 0.69, 11.67, 4.63, 0.10, 7.18, 6.48, 0.10, 0.10, 19.39, 3.55, 5.53, 8.71, 10.50, 1.31, 4.81, 20.44],
  xi_143 = [6.20, 12.11, 6.79, 7.12, 11.42, 10.01, 12.24, 31.24, 4.34, 5.14, 1.77, 4.81, 18.24, 14.20, 8.62, 11.42, 24.36, 7.24, 10.91, 7.11],
  xi_144 = [0.90, 1.49, 4.47, 0.10, 0.94, 0.65, 2.47, 0.53, 0.65, 0.10, 0.77, 2.01, 3.21, 0.10, 2.89, 1.07, 0.90, 0.88, 0.10, 1.66],
  xi_145 = [0.97, 1.41, 3.07, 1.49, 0.78, 4.17, 0.10, 0.77, 4.34, 1.40, 1.41, 2.20, 0.76, 0.10, 0.38, 1.73, 4.04, 1.10, 4.81, 1.62],
  xi_151 = [11.05, 0.10, 9.09, 10.75, 29.26, 0.10, 5.16, 7.29, 9.55, 7.78, 0.10, 0.10, 28.19, 17.92, 0.10, 38.80, 0.38, 18.41, 0.10, 0.10],
  xi_152 = [10.85, 7.83, 0.10, 18.27, 10.18, 0.10, 2.80, 0.47, 0.10, 5.93, 22.00, 5.60, 3.75, 5.28, 2.42, 0.10, 7.10, 4.07, 10.40, 17.77],
  xi_153 = [6.05, 5.43, 4.75, 16.21, 0.10, 9.10, 7.09, 6.89, 6.32, 15.47, 2.72, 6.47, 0.10, 4.02, 0.10, 3.33, 5.60, 6.79, 17.03, 15.56],
  xi_154 = [0.57, 0.88, 7.27, 2.77, 2.20, 1.60, 0.53, 1.87, 3.20, 0.87, 0.78, 4.01, 0.64, 1.34, 0.10, 1.06, 1.05, 1.94, 4.43, 1.09],
  xi_155 = [6.45, 10.30, 0.10, 21.68, 39.72, 33.45, 4.46, 8.09, 6.90, 14.38, 28.65, 0.10, 4.20, 16.96, 27.65, 4.20, 10.42, 0.10, 12.18, 2.80],
  xi_161 = [0.10, 6.88, 3.19, 0.10, 6.99, 0.10, 7.74, 7.88, 7.48, 4.94, 6.90, 10.05, 3.14, 7.99, 6.94, 14.40, 15.39, 0.10, 7.53, 1.27],
  xi_162 = [0.10, 13.73, 0.10, 0.10, 14.46, 23.76, 6.79, 4.65, 0.10, 2.83, 3.33, 41.16, 4.07, 0.10, 3.74, 5.55, 0.10, 8.11, 7.23, 22.10],
  xi_163 = [6.38, 27.89, 26.62, 0.10, 8.43, 0.10, 6.95, 7.97, 4.71, 60.00, 0.10, 0.10, 9.31, 40.44, 10.66, 0.10, 47.05, 19.23, 21.57, 0.52],
  xi_164 = [0.10, 13.91, 8.13, 3.63, 11.15, 4.44, 0.10, 5.83, 35.96, 8.28, 7.13, 0.10, 6.22, 6.15, 44.89, 7.31, 0.10, 19.51, 17.86, 6.74],
  xi_165 = [11.58, 25.66, 18.82, 0.10, 7.86, 6.04, 2.39, 8.19, 12.16, 0.10, 0.10, 2.36, 2.10, 7.17, 3.44, 5.56, 0.10, 1.42, 15.55, 0.10],
  xi_171 = [0.10, 0.10, 8.65, 15.72, 7.72, 7.56, 0.10, 8.96, 27.25, 14.18, 13.43, 9.29, 37.45, 41.60, 11.08, 5.65, 11.36, 9.35, 5.21, 14.22],
  xi_172 = [10.24, 29.34, 15.25, 0.10, 9.25, 15.04, 4.35, 0.10, 1.70, 39.66, 2.12, 8.15, 6.45, 6.20, 5.85, 3.61, 19.19, 0.10, 6.52, 7.83],
  xi_173 = [6.46, 18.65, 0.10, 7.16, 0.10, 17.93, 11.94, 9.24, 0.10, 6.53, 5.34, 10.26, 5.78, 10.31, 20.56, 34.46, 4.79, 10.60, 0.10, 6.76],
  xi_174 = [1.23, 15.90, 19.34, 13.39, 0.10, 0.10, 11.59, 6.96, 6.42, 24.55, 11.78, 4.77, 4.87, 12.06, 5.86, 28.92, 4.30, 0.10, 10.43, 1.68],
  xi_175 = [2.56, 4.06, 1.76, 0.55, 0.10, 0.10, 2.28, 1.66, 1.37, 0.10, 0.76, 1.28, 1.73, 1.24, 2.76, 0.18, 0.26, 1.65, 3.05, 1.39],
  xi_181 = [0.10, 5.67, 2.71, 1.07, 0.10, 0.10, 0.10, 9.23, 8.02, 4.29, 0.10, 4.16, 1.59, 0.10, 0.10, 0.10, 1.59, 8.10, 9.75, 0.10],
  xi_182 = [2.60, 4.72, 2.55, 5.87, 4.73, 13.69, 0.10, 16.43, 3.31, 0.10, 0.10, 6.56, 28.28, 13.79, 0.10, 1.29, 8.73, 2.59, 0.10, 15.03],
  xi_183 = [0.10, 0.10, 0.10, 18.77, 0.10, 12.51, 3.72, 6.89, 7.57, 23.08, 3.77, 8.22, 5.99, 0.10, 3.20, 22.39, 3.07, 5.24, 3.87, 9.48],
  xi_184 = [6.13, 3.66, 3.62, 5.85, 0.10, 3.93, 3.58, 2.11, 6.42, 4.79, 4.42, 10.03, 10.40, 6.37, 8.29, 2.67, 4.02, 0.10, 2.79, 6.95],
  xi_185 = [13.00, 33.01, 21.83, 6.06, 0.10, 10.14, 4.96, 13.71, 13.59, 7.28, 2.78, 16.22, 34.91, 11.19, 12.76, 9.82, 2.54, 35.14, 10.37, 0.10],
  xi_191 = [13.44, 6.00, 4.13, 2.43, 14.41, 0.10, 0.10, 0.10, 60.00, 16.82, 23.99, 19.36, 11.55, 31.82, 8.88, 20.40, 4.61, 31.81, 15.20, 10.73],
  xi_192 = [12.14, 0.10, 22.36, 9.91, 5.38, 11.21, 7.11, 10.68, 17.12, 4.53, 17.88, 9.29, 4.19, 7.33, 3.81, 6.43, 13.68, 12.04, 9.76, 26.32],
  xi_193 = [5.62, 7.18, 8.79, 1.62, 13.56, 5.07, 3.89, 3.63, 0.53, 0.10, 11.86, 21.68, 6.37, 3.37, 1.33, 0.10, 1.42, 2.97, 5.02, 4.00],
  xi_194 = [2.34, 10.95, 7.68, 0.10, 8.57, 4.38, 14.72, 14.22, 5.04, 5.76, 10.93, 15.14, 19.60, 2.19, 15.10, 19.03, 6.29, 16.38, 7.49, 3.67],
  xi_195 = [3.57, 3.15, 2.86, 5.91, 0.10, 2.84, 6.08, 0.10, 0.23, 1.71, 2.27, 1.08, 3.48, 0.10, 0.10, 3.31, 0.10, 1.78, 1.31, 4.18],
  xi_201 = [6.64, 0.10, 6.04, 40.97, 13.16, 23.20, 14.96, 0.10, 12.05, 5.65, 8.74, 13.13, 0.10, 34.55, 5.50, 11.35, 19.50, 4.62, 6.35, 29.37],
  xi_202 = [3.40, 9.04, 4.84, 7.49, 14.08, 0.10, 27.41, 0.10, 7.25, 0.10, 11.67, 8.64, 25.53, 5.81, 9.97, 0.10, 9.30, 0.10, 9.00, 2.67],
  xi_203 = [1.73, 4.52, 1.02, 1.13, 0.41, 0.10, 4.84, 1.09, 2.05, 0.71, 1.02, 3.37, 1.05, 1.31, 0.77, 1.62, 2.20, 1.28, 2.01, 1.25],
  xi_204 = [6.90, 4.14, 6.13, 0.10, 4.78, 6.25, 0.10, 3.59, 3.63, 19.30, 0.10, 7.78, 8.38, 5.54, 4.97, 6.37, 11.07, 0.10, 5.37, 5.87],
  xi_205 = [4.49, 6.77, 2.38, 5.90, 3.41, 7.11, 2.33, 2.91, 15.60, 0.10, 3.71, 3.95, 11.64, 2.09, 0.10, 25.00, 18.76, 2.89, 0.10, 2.40],
]

Transportation Costs (cjk) = [
  [2.86, 1.27, 2.89, 1.70, 3.78],
  [10.28, 8.58, 10.49, 1.32, 0.52],
  [7.47, 7.20, 2.78, 8.92, 1.37],
  [8.72, 8.58, 4.68, 4.63, 5.46],
  [2.36, 0.10, 10.06, 12.96, 3.88],
  [2.23, 2.61, 2.87, 3.92, 1.70],
  [3.50, 2.65, 4.91, 3.75, 3.89],
  [1.55, 7.22, 6.09, 3.42, 4.03],
  [9.64, 2.18, 1.93, 4.33, 3.69],
  [7.79, 12.37, 10.30, 3.55, 3.85],
  [1.11, 8.04, 1.43, 8.60, 1.49],
  [1.70, 24.05, 3.01, 0.10, 3.08],
  [1.09, 4.48, 3.70, 1.77, 8.24],
  [5.24, 2.06, 1.64, 1.71, 15.01],
  [2.66, 0.37, 7.21, 3.96, 11.55],
  [1.84, 5.00, 8.12, 3.93, 4.69],
  [0.10, 7.91, 2.23, 12.45, 10.11],
  [1.31, 8.07, 8.50, 8.64, 2.75],
  [1.55, 2.87, 12.03, 4.91, 0.92],
  [0.10, 13.88, 0.55, 6.06, 5.94],
]

Mean Service Times (¦Ì_{jk}) = [
  mu_11 = [10.84],
  mu_12 = [1.10],
  mu_13 = [12.18],
  mu_14 = [12.72],
  mu_15 = [7.16],
  mu_21 = [4.34],
  mu_22 = [3.43],
  mu_23 = [4.30],
  mu_24 = [6.29],
  mu_25 = [5.43],
  mu_31 = [9.08],
  mu_32 = [13.38],
  mu_33 = [3.74],
  mu_34 = [1.50],
  mu_35 = [9.48],
  mu_41 = [11.63],
  mu_42 = [7.84],
  mu_43 = [11.75],
  mu_44 = [8.18],
  mu_45 = [1.17],
  mu_51 = [4.00],
  mu_52 = [1.65],
  mu_53 = [8.69],
  mu_54 = [0.99],
  mu_55 = [4.79],
  mu_61 = [4.86],
  mu_62 = [11.23],
  mu_63 = [8.98],
  mu_64 = [4.40],
  mu_65 = [4.71],
  mu_71 = [6.76],
  mu_72 = [1.27],
  mu_73 = [11.79],
  mu_74 = [1.62],
  mu_75 = [4.84],
  mu_81 = [4.00],
  mu_82 = [3.30],
  mu_83 = [3.16],
  mu_84 = [4.73],
  mu_85 = [4.78],
  mu_91 = [12.94],
  mu_92 = [8.62],
  mu_93 = [5.94],
  mu_94 = [3.90],
  mu_95 = [17.71],
  mu_101 = [11.24],
  mu_102 = [1.80],
  mu_103 = [3.04],
  mu_104 = [2.56],
  mu_105 = [11.22],
  mu_111 = [1.78],
  mu_112 = [7.89],
  mu_113 = [3.20],
  mu_114 = [11.27],
  mu_115 = [1.45],
  mu_121 = [12.42],
  mu_122 = [8.01],
  mu_123 = [12.41],
  mu_124 = [4.86],
  mu_125 = [7.71],
  mu_131 = [3.87],
  mu_132 = [10.71],
  mu_133 = [3.57],
  mu_134 = [6.69],
  mu_135 = [11.59],
  mu_141 = [6.79],
  mu_142 = [6.38],
  mu_143 = [10.77],
  mu_144 = [1.29],
  mu_145 = [1.83],
  mu_151 = [9.72],
  mu_152 = [6.76],
  mu_153 = [6.96],
  mu_154 = [1.91],
  mu_155 = [12.64],
  mu_161 = [5.95],
  mu_162 = [8.11],
  mu_163 = [14.91],
  mu_164 = [10.38],
  mu_165 = [6.54],
  mu_171 = [12.45],
  mu_172 = [9.55],
  mu_173 = [9.36],
  mu_174 = [9.22],
  mu_175 = [1.44],
  mu_181 = [2.85],
  mu_182 = [6.53],
  mu_183 = [6.91],
  mu_184 = [4.81],
  mu_185 = [12.98],
  mu_191 = [14.79],
  mu_192 = [10.56],
  mu_193 = [5.41],
  mu_194 = [9.48],
  mu_195 = [2.21],
  mu_201 = [12.80],
  mu_202 = [7.83],
  mu_203 = [1.67],
  mu_204 = [5.52],
  mu_205 = [6.08],
]

Mean Transportation Times (¦Ó_{jk}) = [
  tau_11 = [3.13],
  tau_12 = [1.06],
  tau_13 = [2.92],
  tau_14 = [1.12],
  tau_15 = [1.12],
  tau_21 = [0.93],
  tau_22 = [2.23],
  tau_23 = [4.93],
  tau_24 = [0.98],
  tau_25 = [2.17],
  tau_31 = [3.41],
  tau_32 = [3.15],
  tau_33 = [4.49],
  tau_34 = [2.04],
  tau_35 = [3.30],
  tau_41 = [2.91],
  tau_42 = [2.75],
  tau_43 = [2.06],
  tau_44 = [4.23],
  tau_45 = [3.42],
  tau_51 = [0.94],
  tau_52 = [4.31],
  tau_53 = [4.76],
  tau_54 = [4.94],
  tau_55 = [5.20],
  tau_61 = [3.82],
  tau_62 = [2.18],
  tau_63 = [2.09],
  tau_64 = [3.85],
  tau_65 = [2.97],
  tau_71 = [1.02],
  tau_72 = [2.31],
  tau_73 = [3.55],
  tau_74 = [2.40],
  tau_75 = [4.15],
  tau_81 = [2.83],
  tau_82 = [4.95],
  tau_83 = [2.86],
  tau_84 = [3.99],
  tau_85 = [4.32],
  tau_91 = [2.10],
  tau_92 = [3.79],
  tau_93 = [2.95],
  tau_94 = [2.03],
  tau_95 = [2.18],
  tau_101 = [1.19],
  tau_102 = [4.83],
  tau_103 = [4.39],
  tau_104 = [1.04],
  tau_105 = [6.34],
  tau_111 = [4.97],
  tau_112 = [2.94],
  tau_113 = [4.50],
  tau_114 = [1.22],
  tau_115 = [1.00],
  tau_121 = [6.73],
  tau_122 = [2.23],
  tau_123 = [4.55],
  tau_124 = [3.65],
  tau_125 = [3.90],
  tau_131 = [5.99],
  tau_132 = [1.49],
  tau_133 = [2.96],
  tau_134 = [1.15],
  tau_135 = [5.61],
  tau_141 = [3.02],
  tau_142 = [2.01],
  tau_143 = [2.90],
  tau_144 = [1.22],
  tau_145 = [3.33],
  tau_151 = [4.87],
  tau_152 = [3.54],
  tau_153 = [4.82],
  tau_154 = [6.21],
  tau_155 = [0.97],
  tau_161 = [2.65],
  tau_162 = [4.27],
  tau_163 = [3.72],
  tau_164 = [1.10],
  tau_165 = [5.00],
  tau_171 = [2.09],
  tau_172 = [4.42],
  tau_173 = [2.38],
  tau_174 = [1.17],
  tau_175 = [2.14],
  tau_181 = [0.89],
  tau_182 = [2.98],
  tau_183 = [1.96],
  tau_184 = [2.29],
  tau_185 = [1.10],
  tau_191 = [3.29],
  tau_192 = [2.64],
  tau_193 = [4.93],
  tau_194 = [0.95],
  tau_195 = [4.00],
  tau_201 = [4.44],
  tau_202 = [0.96],
  tau_203 = [1.24],
  tau_204 = [2.39],
  tau_205 = [1.03],
]

Epsilon + ¦Ì_{jk} = [
  epsilon_plus_mu_11 = [16.26],
  epsilon_plus_mu_12 = [1.65],
  epsilon_plus_mu_13 = [18.28],
  epsilon_plus_mu_14 = [19.07],
  epsilon_plus_mu_15 = [10.74],
  epsilon_plus_mu_21 = [6.51],
  epsilon_plus_mu_22 = [5.15],
  epsilon_plus_mu_23 = [6.46],
  epsilon_plus_mu_24 = [9.43],
  epsilon_plus_mu_25 = [8.14],
  epsilon_plus_mu_31 = [13.62],
  epsilon_plus_mu_32 = [20.07],
  epsilon_plus_mu_33 = [5.62],
  epsilon_plus_mu_34 = [2.25],
  epsilon_plus_mu_35 = [14.21],
  epsilon_plus_mu_41 = [17.45],
  epsilon_plus_mu_42 = [11.76],
  epsilon_plus_mu_43 = [17.62],
  epsilon_plus_mu_44 = [12.26],
  epsilon_plus_mu_45 = [1.76],
  epsilon_plus_mu_51 = [6.00],
  epsilon_plus_mu_52 = [2.47],
  epsilon_plus_mu_53 = [13.04],
  epsilon_plus_mu_54 = [1.49],
  epsilon_plus_mu_55 = [7.18],
  epsilon_plus_mu_61 = [7.29],
  epsilon_plus_mu_62 = [16.84],
  epsilon_plus_mu_63 = [13.48],
  epsilon_plus_mu_64 = [6.61],
  epsilon_plus_mu_65 = [7.06],
  epsilon_plus_mu_71 = [10.14],
  epsilon_plus_mu_72 = [1.91],
  epsilon_plus_mu_73 = [17.69],
  epsilon_plus_mu_74 = [2.44],
  epsilon_plus_mu_75 = [7.26],
  epsilon_plus_mu_81 = [6.01],
  epsilon_plus_mu_82 = [4.95],
  epsilon_plus_mu_83 = [4.74],
  epsilon_plus_mu_84 = [7.10],
  epsilon_plus_mu_85 = [7.17],
  epsilon_plus_mu_91 = [19.40],
  epsilon_plus_mu_92 = [12.94],
  epsilon_plus_mu_93 = [8.91],
  epsilon_plus_mu_94 = [5.85],
  epsilon_plus_mu_95 = [26.56],
  epsilon_plus_mu_101 = [16.85],
  epsilon_plus_mu_102 = [2.69],
  epsilon_plus_mu_103 = [4.56],
  epsilon_plus_mu_104 = [3.83],
  epsilon_plus_mu_105 = [16.84],
  epsilon_plus_mu_111 = [2.67],
  epsilon_plus_mu_112 = [11.83],
  epsilon_plus_mu_113 = [4.80],
  epsilon_plus_mu_114 = [16.90],
  epsilon_plus_mu_115 = [2.17],
  epsilon_plus_mu_121 = [18.63],
  epsilon_plus_mu_122 = [12.02],
  epsilon_plus_mu_123 = [18.62],
  epsilon_plus_mu_124 = [7.29],
  epsilon_plus_mu_125 = [11.56],
  epsilon_plus_mu_131 = [5.80],
  epsilon_plus_mu_132 = [16.06],
  epsilon_plus_mu_133 = [5.36],
  epsilon_plus_mu_134 = [10.04],
  epsilon_plus_mu_135 = [17.38],
  epsilon_plus_mu_141 = [10.18],
  epsilon_plus_mu_142 = [9.57],
  epsilon_plus_mu_143 = [16.15],
  epsilon_plus_mu_144 = [1.94],
  epsilon_plus_mu_145 = [2.75],
  epsilon_plus_mu_151 = [14.57],
  epsilon_plus_mu_152 = [10.13],
  epsilon_plus_mu_153 = [10.43],
  epsilon_plus_mu_154 = [2.86],
  epsilon_plus_mu_155 = [18.96],
  epsilon_plus_mu_161 = [8.93],
  epsilon_plus_mu_162 = [12.16],
  epsilon_plus_mu_163 = [22.37],
  epsilon_plus_mu_164 = [15.57],
  epsilon_plus_mu_165 = [9.81],
  epsilon_plus_mu_171 = [18.67],
  epsilon_plus_mu_172 = [14.33],
  epsilon_plus_mu_173 = [14.04],
  epsilon_plus_mu_174 = [13.83],
  epsilon_plus_mu_175 = [2.16],
  epsilon_plus_mu_181 = [4.28],
  epsilon_plus_mu_182 = [9.80],
  epsilon_plus_mu_183 = [10.37],
  epsilon_plus_mu_184 = [7.22],
  epsilon_plus_mu_185 = [19.46],
  epsilon_plus_mu_191 = [22.19],
  epsilon_plus_mu_192 = [15.85],
  epsilon_plus_mu_193 = [8.11],
  epsilon_plus_mu_194 = [14.22],
  epsilon_plus_mu_195 = [3.32],
  epsilon_plus_mu_201 = [19.21],
  epsilon_plus_mu_202 = [11.75],
  epsilon_plus_mu_203 = [2.51],
  epsilon_plus_mu_204 = [8.28],
  epsilon_plus_mu_205 = [9.12],
]

Epsilon - ¦Ì_{jk} = [
  epsilon_minus_mu_11 = [-5.42],
  epsilon_minus_mu_12 = [-0.55],
  epsilon_minus_mu_13 = [-6.09],
  epsilon_minus_mu_14 = [-6.36],
  epsilon_minus_mu_15 = [-3.58],
  epsilon_minus_mu_21 = [-2.17],
  epsilon_minus_mu_22 = [-1.72],
  epsilon_minus_mu_23 = [-2.15],
  epsilon_minus_mu_24 = [-3.14],
  epsilon_minus_mu_25 = [-2.71],
  epsilon_minus_mu_31 = [-4.54],
  epsilon_minus_mu_32 = [-6.69],
  epsilon_minus_mu_33 = [-1.87],
  epsilon_minus_mu_34 = [-0.75],
  epsilon_minus_mu_35 = [-4.74],
  epsilon_minus_mu_41 = [-5.82],
  epsilon_minus_mu_42 = [-3.92],
  epsilon_minus_mu_43 = [-5.87],
  epsilon_minus_mu_44 = [-4.09],
  epsilon_minus_mu_45 = [-0.59],
  epsilon_minus_mu_51 = [-2.00],
  epsilon_minus_mu_52 = [-0.82],
  epsilon_minus_mu_53 = [-4.35],
  epsilon_minus_mu_54 = [-0.50],
  epsilon_minus_mu_55 = [-2.39],
  epsilon_minus_mu_61 = [-2.43],
  epsilon_minus_mu_62 = [-5.61],
  epsilon_minus_mu_63 = [-4.49],
  epsilon_minus_mu_64 = [-2.20],
  epsilon_minus_mu_65 = [-2.35],
  epsilon_minus_mu_71 = [-3.38],
  epsilon_minus_mu_72 = [-0.64],
  epsilon_minus_mu_73 = [-5.90],
  epsilon_minus_mu_74 = [-0.81],
  epsilon_minus_mu_75 = [-2.42],
  epsilon_minus_mu_81 = [-2.00],
  epsilon_minus_mu_82 = [-1.65],
  epsilon_minus_mu_83 = [-1.58],
  epsilon_minus_mu_84 = [-2.37],
  epsilon_minus_mu_85 = [-2.39],
  epsilon_minus_mu_91 = [-6.47],
  epsilon_minus_mu_92 = [-4.31],
  epsilon_minus_mu_93 = [-2.97],
  epsilon_minus_mu_94 = [-1.95],
  epsilon_minus_mu_95 = [-8.85],
  epsilon_minus_mu_101 = [-5.62],
  epsilon_minus_mu_102 = [-0.90],
  epsilon_minus_mu_103 = [-1.52],
  epsilon_minus_mu_104 = [-1.28],
  epsilon_minus_mu_105 = [-5.61],
  epsilon_minus_mu_111 = [-0.89],
  epsilon_minus_mu_112 = [-3.94],
  epsilon_minus_mu_113 = [-1.60],
  epsilon_minus_mu_114 = [-5.63],
  epsilon_minus_mu_115 = [-0.72],
  epsilon_minus_mu_121 = [-6.21],
  epsilon_minus_mu_122 = [-4.01],
  epsilon_minus_mu_123 = [-6.21],
  epsilon_minus_mu_124 = [-2.43],
  epsilon_minus_mu_125 = [-3.85],
  epsilon_minus_mu_131 = [-1.93],
  epsilon_minus_mu_132 = [-5.35],
  epsilon_minus_mu_133 = [-1.79],
  epsilon_minus_mu_134 = [-3.35],
  epsilon_minus_mu_135 = [-5.79],
  epsilon_minus_mu_141 = [-3.39],
  epsilon_minus_mu_142 = [-3.19],
  epsilon_minus_mu_143 = [-5.38],
  epsilon_minus_mu_144 = [-0.65],
  epsilon_minus_mu_145 = [-0.92],
  epsilon_minus_mu_151 = [-4.86],
  epsilon_minus_mu_152 = [-3.38],
  epsilon_minus_mu_153 = [-3.48],
  epsilon_minus_mu_154 = [-0.95],
  epsilon_minus_mu_155 = [-6.32],
  epsilon_minus_mu_161 = [-2.98],
  epsilon_minus_mu_162 = [-4.05],
  epsilon_minus_mu_163 = [-7.46],
  epsilon_minus_mu_164 = [-5.19],
  epsilon_minus_mu_165 = [-3.27],
  epsilon_minus_mu_171 = [-6.22],
  epsilon_minus_mu_172 = [-4.78],
  epsilon_minus_mu_173 = [-4.68],
  epsilon_minus_mu_174 = [-4.61],
  epsilon_minus_mu_175 = [-0.72],
  epsilon_minus_mu_181 = [-1.43],
  epsilon_minus_mu_182 = [-3.27],
  epsilon_minus_mu_183 = [-3.46],
  epsilon_minus_mu_184 = [-2.41],
  epsilon_minus_mu_185 = [-6.49],
  epsilon_minus_mu_191 = [-7.40],
  epsilon_minus_mu_192 = [-5.28],
  epsilon_minus_mu_193 = [-2.70],
  epsilon_minus_mu_194 = [-4.74],
  epsilon_minus_mu_195 = [-1.11],
  epsilon_minus_mu_201 = [-6.40],
  epsilon_minus_mu_202 = [-3.92],
  epsilon_minus_mu_203 = [-0.84],
  epsilon_minus_mu_204 = [-2.76],
  epsilon_minus_mu_205 = [-3.04],
]

Sigma + ¦Ó_{jk} = [
  sigma_plus_tau_11 = [4.70],
  sigma_plus_tau_12 = [1.59],
  sigma_plus_tau_13 = [4.38],
  sigma_plus_tau_14 = [1.69],
  sigma_plus_tau_15 = [1.69],
  sigma_plus_tau_21 = [1.39],
  sigma_plus_tau_22 = [3.35],
  sigma_plus_tau_23 = [7.39],
  sigma_plus_tau_24 = [1.48],
  sigma_plus_tau_25 = [3.26],
  sigma_plus_tau_31 = [5.12],
  sigma_plus_tau_32 = [4.73],
  sigma_plus_tau_33 = [6.73],
  sigma_plus_tau_34 = [3.06],
  sigma_plus_tau_35 = [4.94],
  sigma_plus_tau_41 = [4.36],
  sigma_plus_tau_42 = [4.13],
  sigma_plus_tau_43 = [3.08],
  sigma_plus_tau_44 = [6.34],
  sigma_plus_tau_45 = [5.14],
  sigma_plus_tau_51 = [1.42],
  sigma_plus_tau_52 = [6.46],
  sigma_plus_tau_53 = [7.14],
  sigma_plus_tau_54 = [7.40],
  sigma_plus_tau_55 = [7.81],
  sigma_plus_tau_61 = [5.73],
  sigma_plus_tau_62 = [3.28],
  sigma_plus_tau_63 = [3.14],
  sigma_plus_tau_64 = [5.77],
  sigma_plus_tau_65 = [4.46],
  sigma_plus_tau_71 = [1.54],
  sigma_plus_tau_72 = [3.47],
  sigma_plus_tau_73 = [5.33],
  sigma_plus_tau_74 = [3.60],
  sigma_plus_tau_75 = [6.23],
  sigma_plus_tau_81 = [4.24],
  sigma_plus_tau_82 = [7.43],
  sigma_plus_tau_83 = [4.29],
  sigma_plus_tau_84 = [5.99],
  sigma_plus_tau_85 = [6.49],
  sigma_plus_tau_91 = [3.15],
  sigma_plus_tau_92 = [5.68],
  sigma_plus_tau_93 = [4.43],
  sigma_plus_tau_94 = [3.04],
  sigma_plus_tau_95 = [3.28],
  sigma_plus_tau_101 = [1.79],
  sigma_plus_tau_102 = [7.25],
  sigma_plus_tau_103 = [6.59],
  sigma_plus_tau_104 = [1.56],
  sigma_plus_tau_105 = [9.51],
  sigma_plus_tau_111 = [7.45],
  sigma_plus_tau_112 = [4.40],
  sigma_plus_tau_113 = [6.74],
  sigma_plus_tau_114 = [1.82],
  sigma_plus_tau_115 = [1.50],
  sigma_plus_tau_121 = [10.10],
  sigma_plus_tau_122 = [3.35],
  sigma_plus_tau_123 = [6.83],
  sigma_plus_tau_124 = [5.48],
  sigma_plus_tau_125 = [5.85],
  sigma_plus_tau_131 = [8.98],
  sigma_plus_tau_132 = [2.24],
  sigma_plus_tau_133 = [4.44],
  sigma_plus_tau_134 = [1.73],
  sigma_plus_tau_135 = [8.41],
  sigma_plus_tau_141 = [4.53],
  sigma_plus_tau_142 = [3.02],
  sigma_plus_tau_143 = [4.35],
  sigma_plus_tau_144 = [1.83],
  sigma_plus_tau_145 = [5.00],
  sigma_plus_tau_151 = [7.31],
  sigma_plus_tau_152 = [5.31],
  sigma_plus_tau_153 = [7.23],
  sigma_plus_tau_154 = [9.32],
  sigma_plus_tau_155 = [1.45],
  sigma_plus_tau_161 = [3.98],
  sigma_plus_tau_162 = [6.40],
  sigma_plus_tau_163 = [5.58],
  sigma_plus_tau_164 = [1.65],
  sigma_plus_tau_165 = [7.50],
  sigma_plus_tau_171 = [3.13],
  sigma_plus_tau_172 = [6.62],
  sigma_plus_tau_173 = [3.57],
  sigma_plus_tau_174 = [1.75],
  sigma_plus_tau_175 = [3.21],
  sigma_plus_tau_181 = [1.34],
  sigma_plus_tau_182 = [4.47],
  sigma_plus_tau_183 = [2.93],
  sigma_plus_tau_184 = [3.43],
  sigma_plus_tau_185 = [1.65],
  sigma_plus_tau_191 = [4.94],
  sigma_plus_tau_192 = [3.96],
  sigma_plus_tau_193 = [7.40],
  sigma_plus_tau_194 = [1.43],
  sigma_plus_tau_195 = [6.01],
  sigma_plus_tau_201 = [6.66],
  sigma_plus_tau_202 = [1.43],
  sigma_plus_tau_203 = [1.87],
  sigma_plus_tau_204 = [3.59],
  sigma_plus_tau_205 = [1.55],
]

Sigma - ¦Ó_{jk} = [
  sigma_minus_tau_11 = [-1.57],
  sigma_minus_tau_12 = [-0.53],
  sigma_minus_tau_13 = [-1.46],
  sigma_minus_tau_14 = [-0.56],
  sigma_minus_tau_15 = [-0.56],
  sigma_minus_tau_21 = [-0.46],
  sigma_minus_tau_22 = [-1.12],
  sigma_minus_tau_23 = [-2.46],
  sigma_minus_tau_24 = [-0.49],
  sigma_minus_tau_25 = [-1.09],
  sigma_minus_tau_31 = [-1.71],
  sigma_minus_tau_32 = [-1.58],
  sigma_minus_tau_33 = [-2.24],
  sigma_minus_tau_34 = [-1.02],
  sigma_minus_tau_35 = [-1.65],
  sigma_minus_tau_41 = [-1.45],
  sigma_minus_tau_42 = [-1.38],
  sigma_minus_tau_43 = [-1.03],
  sigma_minus_tau_44 = [-2.11],
  sigma_minus_tau_45 = [-1.71],
  sigma_minus_tau_51 = [-0.47],
  sigma_minus_tau_52 = [-2.15],
  sigma_minus_tau_53 = [-2.38],
  sigma_minus_tau_54 = [-2.47],
  sigma_minus_tau_55 = [-2.60],
  sigma_minus_tau_61 = [-1.91],
  sigma_minus_tau_62 = [-1.09],
  sigma_minus_tau_63 = [-1.05],
  sigma_minus_tau_64 = [-1.92],
  sigma_minus_tau_65 = [-1.49],
  sigma_minus_tau_71 = [-0.51],
  sigma_minus_tau_72 = [-1.16],
  sigma_minus_tau_73 = [-1.78],
  sigma_minus_tau_74 = [-1.20],
  sigma_minus_tau_75 = [-2.08],
  sigma_minus_tau_81 = [-1.41],
  sigma_minus_tau_82 = [-2.48],
  sigma_minus_tau_83 = [-1.43],
  sigma_minus_tau_84 = [-2.00],
  sigma_minus_tau_85 = [-2.16],
  sigma_minus_tau_91 = [-1.05],
  sigma_minus_tau_92 = [-1.89],
  sigma_minus_tau_93 = [-1.48],
  sigma_minus_tau_94 = [-1.01],
  sigma_minus_tau_95 = [-1.09],
  sigma_minus_tau_101 = [-0.60],
  sigma_minus_tau_102 = [-2.42],
  sigma_minus_tau_103 = [-2.20],
  sigma_minus_tau_104 = [-0.52],
  sigma_minus_tau_105 = [-3.17],
  sigma_minus_tau_111 = [-2.48],
  sigma_minus_tau_112 = [-1.47],
  sigma_minus_tau_113 = [-2.25],
  sigma_minus_tau_114 = [-0.61],
  sigma_minus_tau_115 = [-0.50],
  sigma_minus_tau_121 = [-3.37],
  sigma_minus_tau_122 = [-1.12],
  sigma_minus_tau_123 = [-2.28],
  sigma_minus_tau_124 = [-1.83],
  sigma_minus_tau_125 = [-1.95],
  sigma_minus_tau_131 = [-2.99],
  sigma_minus_tau_132 = [-0.75],
  sigma_minus_tau_133 = [-1.48],
  sigma_minus_tau_134 = [-0.58],
  sigma_minus_tau_135 = [-2.80],
  sigma_minus_tau_141 = [-1.51],
  sigma_minus_tau_142 = [-1.01],
  sigma_minus_tau_143 = [-1.45],
  sigma_minus_tau_144 = [-0.61],
  sigma_minus_tau_145 = [-1.67],
  sigma_minus_tau_151 = [-2.44],
  sigma_minus_tau_152 = [-1.77],
  sigma_minus_tau_153 = [-2.41],
  sigma_minus_tau_154 = [-3.11],
  sigma_minus_tau_155 = [-0.48],
  sigma_minus_tau_161 = [-1.33],
  sigma_minus_tau_162 = [-2.13],
  sigma_minus_tau_163 = [-1.86],
  sigma_minus_tau_164 = [-0.55],
  sigma_minus_tau_165 = [-2.50],
  sigma_minus_tau_171 = [-1.04],
  sigma_minus_tau_172 = [-2.21],
  sigma_minus_tau_173 = [-1.19],
  sigma_minus_tau_174 = [-0.58],
  sigma_minus_tau_175 = [-1.07],
  sigma_minus_tau_181 = [-0.45],
  sigma_minus_tau_182 = [-1.49],
  sigma_minus_tau_183 = [-0.98],
  sigma_minus_tau_184 = [-1.14],
  sigma_minus_tau_185 = [-0.55],
  sigma_minus_tau_191 = [-1.65],
  sigma_minus_tau_192 = [-1.32],
  sigma_minus_tau_193 = [-2.47],
  sigma_minus_tau_194 = [-0.48],
  sigma_minus_tau_195 = [-2.00],
  sigma_minus_tau_201 = [-2.22],
  sigma_minus_tau_202 = [-0.48],
  sigma_minus_tau_203 = [-0.62],
  sigma_minus_tau_204 = [-1.20],
  sigma_minus_tau_205 = [-0.52],
]

Probabilities (p_s) = [
0.05, 0.05, 0.05, 0.05, 0.05, 0.05, 0.05, 0.05, 0.05, 0.05, 0.05, 0.05, 0.05, 0.05, 0.05, 0.05, 0.05, 0.05, 0.05, 0.05
]

c_bar = 6.96
