Jobs = 20
Machines = 5
Scenarios = 20

Ready Times (rj) = [
0.00, 0.00, 0.00, 0.00, 0.00, 0.00, 0.00, 0.00, 0.00, 0.00, 0.00, 0.00, 0.00, 0.00, 0.00, 0.00, 0.00, 0.00, 0.00, 0.00
]

Transportation Times (tjk^s) = [
  tjk_11 = [5.02, 3.90, 0.34, 7.57, 10.85, 5.32, 3.95, 5.05, 5.38, 4.78, 6.73, 4.81, 5.06, 10.79, 0.10, 3.73, 17.16, 3.84, 7.01, 9.30],
  tjk_12 = [6.55, 6.47, 6.12, 4.60, 4.35, 3.40, 3.99, 1.45, 5.69, 4.63, 4.22, 4.33, 3.09, 3.40, 5.56, 2.61, 4.39, 3.75, 5.31, 4.74],
  tjk_13 = [4.07, 5.58, 2.65, 5.58, 4.22, 1.80, 8.57, 2.64, 1.61, 1.25, 2.66, 3.62, 3.66, 5.02, 6.03, 5.00, 2.77, 3.44, 1.74, 3.88],
  tjk_14 = [1.59, 1.39, 1.22, 1.63, 3.29, 1.06, 1.81, 0.29, 0.96, 0.94, 3.07, 4.92, 2.53, 3.63, 1.56, 3.20, 2.15, 1.17, 1.75, 1.96],
  tjk_15 = [1.01, 0.78, 0.85, 0.54, 0.76, 1.50, 1.15, 0.41, 1.10, 1.59, 0.24, 1.09, 0.10, 0.62, 0.79, 0.43, 1.14, 1.13, 0.87, 1.14],
  tjk_21 = [2.57, 5.34, 2.63, 3.01, 8.96, 3.39, 2.70, 6.67, 4.45, 8.13, 1.19, 6.32, 3.35, 8.99, 7.22, 2.46, 2.62, 0.27, 5.18, 3.60],
  tjk_22 = [2.03, 5.14, 3.86, 2.71, 2.73, 4.71, 1.84, 3.12, 4.72, 5.27, 3.52, 2.39, 2.63, 2.11, 2.69, 1.96, 4.31, 1.38, 3.27, 2.87],
  tjk_23 = [5.20, 2.03, 1.82, 3.78, 7.80, 4.40, 4.08, 2.26, 2.08, 2.52, 1.91, 1.59, 4.83, 3.15, 7.32, 3.13, 5.75, 3.09, 3.84, 1.72],
  tjk_24 = [3.35, 1.23, 3.43, 3.46, 1.69, 3.06, 2.03, 1.18, 2.21, 2.85, 1.85, 0.89, 2.04, 1.96, 2.03, 1.57, 3.18, 1.99, 2.74, 1.97],
  tjk_25 = [2.59, 1.61, 4.54, 3.33, 4.14, 3.26, 4.94, 0.54, 3.83, 5.55, 4.52, 3.28, 1.81, 2.56, 2.14, 5.06, 5.30, 3.11, 4.63, 2.91],
  tjk_31 = [3.20, 5.82, 2.01, 2.98, 5.84, 5.28, 2.70, 3.08, 4.13, 1.05, 4.86, 5.82, 5.12, 2.96, 5.17, 0.75, 6.30, 4.86, 2.67, 3.56],
  tjk_32 = [1.49, 3.57, 2.06, 2.26, 4.04, 3.10, 2.23, 0.84, 3.54, 2.31, 1.02, 2.84, 2.62, 2.51, 3.35, 2.90, 1.43, 1.31, 1.21, 3.49],
  tjk_33 = [0.13, 1.93, 1.04, 1.43, 1.06, 0.94, 1.71, 1.13, 0.76, 1.17, 1.13, 1.62, 2.06, 0.60, 0.16, 0.78, 0.73, 0.20, 0.77, 0.93],
  tjk_34 = [3.09, 5.70, 4.59, 4.43, 4.93, 7.13, 8.25, 3.79, 7.26, 11.00, 2.78, 3.16, 3.23, 1.12, 2.39, 3.22, 4.95, 3.25, 4.42, 4.89],
  tjk_35 = [1.05, 1.02, 1.53, 0.66, 0.68, 0.83, 0.72, 1.17, 0.68, 1.36, 1.22, 1.16, 1.57, 0.86, 0.92, 1.44, 0.95, 0.68, 1.16, 0.90],
  tjk_41 = [2.63, 1.68, 1.20, 4.43, 2.07, 2.57, 2.92, 0.44, 2.83, 1.29, 1.66, 0.98, 1.63, 1.74, 0.93, 1.43, 2.73, 1.42, 2.04, 2.47],
  tjk_42 = [4.24, 4.66, 3.92, 5.49, 7.18, 3.14, 6.23, 4.99, 10.40, 2.55, 2.03, 6.19, 4.08, 4.70, 1.88, 5.20, 0.10, 3.42, 2.99, 3.22],
  tjk_43 = [6.58, 3.68, 7.23, 3.07, 4.71, 7.16, 3.56, 16.34, 3.78, 10.91, 3.76, 12.63, 6.43, 7.25, 4.56, 5.58, 3.61, 5.41, 9.99, 3.46],
  tjk_44 = [1.04, 1.21, 1.18, 0.67, 1.15, 0.98, 0.57, 1.39, 1.30, 0.72, 1.25, 1.68, 1.19, 0.27, 0.86, 0.89, 1.07, 2.61, 0.72, 0.10],
  tjk_45 = [2.54, 2.94, 3.06, 1.81, 3.76, 3.14, 2.09, 5.68, 3.26, 2.56, 7.11, 5.08, 0.97, 2.74, 1.78, 2.60, 1.62, 2.20, 4.49, 1.26],
  tjk_51 = [3.84, 0.10, 4.70, 2.15, 5.64, 5.82, 6.83, 3.38, 2.49, 5.16, 0.82, 4.28, 3.19, 4.59, 9.63, 6.30, 8.63, 4.13, 4.73, 2.79],
  tjk_52 = [2.84, 1.62, 0.76, 1.14, 4.37, 2.52, 1.04, 2.75, 2.86, 0.69, 1.36, 2.17, 3.74, 1.63, 1.13, 1.67, 2.75, 0.95, 1.70, 3.24],
  tjk_53 = [6.91, 6.23, 8.11, 12.53, 3.96, 4.01, 6.38, 7.50, 1.94, 5.99, 0.36, 4.37, 9.21, 2.27, 6.80, 5.26, 0.10, 4.78, 4.77, 2.01],
  tjk_54 = [6.35, 4.10, 5.84, 1.81, 4.10, 4.27, 1.23, 3.76, 4.99, 5.31, 6.73, 5.13, 4.20, 5.05, 2.35, 4.26, 4.28, 6.14, 2.78, 1.90],
  tjk_55 = [0.70, 2.00, 0.95, 1.89, 1.04, 0.94, 0.94, 0.73, 0.53, 1.27, 1.23, 1.46, 0.84, 1.38, 0.34, 1.19, 0.10, 1.48, 1.29, 0.83],
  tjk_61 = [6.71, 3.43, 4.25, 3.46, 4.58, 5.59, 3.27, 5.33, 11.01, 3.29, 2.81, 2.33, 6.06, 3.49, 5.77, 4.22, 2.63, 2.90, 4.44, 4.93],
  tjk_62 = [1.38, 0.66, 1.51, 11.60, 2.43, 2.19, 2.01, 2.09, 1.92, 1.41, 4.63, 4.76, 9.24, 3.09, 2.67, 5.49, 1.32, 2.09, 2.68, 1.85],
  tjk_63 = [7.78, 1.77, 5.84, 6.15, 2.30, 3.89, 1.63, 1.17, 2.32, 0.40, 3.08, 5.50, 0.10, 3.47, 3.18, 6.50, 7.20, 3.41, 4.52, 1.29],
  tjk_64 = [1.73, 0.10, 4.31, 8.75, 3.96, 1.92, 8.13, 3.31, 5.81, 0.59, 3.89, 3.68, 4.37, 2.92, 5.52, 0.10, 3.78, 4.64, 2.72, 7.87],
  tjk_65 = [2.87, 3.73, 5.52, 2.91, 1.54, 3.82, 2.87, 4.48, 5.92, 3.26, 2.40, 3.85, 4.22, 3.31, 2.07, 2.40, 4.83, 2.93, 6.84, 2.75],
  tjk_71 = [0.37, 1.83, 0.51, 0.55, 0.87, 1.26, 1.02, 1.43, 1.11, 0.88, 2.76, 1.34, 1.01, 0.75, 2.14, 2.48, 1.74, 1.34, 0.83, 0.72],
  tjk_72 = [2.19, 1.09, 3.04, 0.95, 4.66, 2.21, 2.86, 1.96, 1.62, 1.35, 0.88, 1.41, 8.66, 2.41, 0.83, 1.79, 1.55, 1.98, 1.04, 0.96],
  tjk_73 = [5.23, 4.99, 2.31, 7.23, 4.97, 6.23, 5.12, 3.50, 3.65, 10.27, 7.38, 3.84, 2.70, 9.76, 6.98, 6.96, 1.51, 7.78, 6.04, 7.08],
  tjk_74 = [7.48, 7.63, 2.54, 4.31, 7.50, 3.68, 5.16, 5.91, 4.53, 3.48, 5.09, 5.26, 3.16, 0.10, 2.52, 7.24, 0.50, 2.76, 6.13, 5.27],
  tjk_75 = [1.00, 0.75, 0.69, 0.10, 0.55, 1.25, 1.63, 0.62, 1.01, 0.74, 1.46, 0.98, 1.30, 0.83, 1.13, 0.94, 1.11, 0.79, 0.60, 0.65],
  tjk_81 = [2.87, 3.08, 1.50, 2.97, 1.43, 2.87, 3.58, 1.37, 2.63, 3.26, 3.19, 1.56, 2.79, 0.46, 1.28, 2.05, 1.88, 4.26, 1.61, 0.66],
  tjk_82 = [0.88, 2.71, 3.30, 3.00, 2.03, 0.66, 1.45, 2.58, 3.28, 0.63, 2.62, 2.12, 3.82, 1.73, 1.03, 1.78, 1.93, 2.19, 1.32, 3.29],
  tjk_83 = [0.61, 3.10, 2.73, 2.21, 8.69, 1.80, 2.83, 4.82, 1.17, 2.54, 3.73, 1.89, 2.92, 4.10, 0.80, 1.88, 1.87, 2.85, 4.12, 1.42],
  tjk_84 = [4.20, 3.36, 5.65, 3.13, 4.73, 9.04, 7.08, 0.59, 5.72, 0.10, 2.29, 5.98, 6.20, 5.49, 4.63, 2.90, 0.51, 4.96, 5.56, 6.19],
  tjk_85 = [8.91, 10.45, 8.82, 0.10, 7.83, 9.04, 2.75, 9.19, 8.05, 14.10, 2.07, 4.07, 5.59, 4.43, 1.72, 4.13, 4.50, 3.78, 6.80, 2.92],
  tjk_91 = [2.71, 2.07, 3.38, 3.51, 0.10, 1.88, 0.86, 4.13, 1.93, 2.58, 1.45, 3.81, 1.97, 2.06, 3.65, 2.11, 2.76, 1.25, 5.07, 4.38],
  tjk_92 = [6.52, 1.83, 4.72, 1.82, 5.96, 5.82, 7.04, 4.44, 9.35, 3.59, 7.34, 1.39, 3.86, 4.18, 6.62, 5.73, 7.64, 4.57, 7.16, 4.12],
  tjk_93 = [1.49, 2.25, 3.27, 1.85, 3.10, 4.27, 0.10, 2.41, 7.41, 4.78, 3.41, 4.16, 1.21, 3.90, 2.58, 4.59, 3.59, 7.01, 1.21, 3.44],
  tjk_94 = [7.29, 3.04, 2.92, 6.20, 8.11, 12.70, 5.02, 5.30, 2.95, 5.33, 9.39, 5.61, 0.74, 4.62, 4.05, 1.94, 4.04, 4.82, 11.14, 4.67],
  tjk_95 = [1.48, 4.25, 0.64, 1.73, 5.80, 5.21, 3.31, 2.70, 2.82, 2.24, 0.52, 1.27, 2.61, 3.44, 5.97, 0.10, 2.93, 4.17, 3.84, 5.67],
  tjk_101 = [8.67, 7.43, 6.18, 6.67, 14.14, 5.62, 21.23, 4.08, 3.17, 6.33, 7.57, 6.17, 2.41, 5.93, 3.99, 1.87, 6.28, 5.45, 7.93, 3.66],
  tjk_102 = [4.50, 3.12, 4.62, 9.24, 1.34, 4.05, 1.24, 2.34, 3.90, 2.16, 3.14, 3.65, 2.37, 3.80, 1.68, 3.01, 1.87, 0.33, 2.40, 3.69],
  tjk_103 = [4.38, 0.21, 3.74, 1.74, 1.57, 1.14, 0.35, 5.14, 2.43, 4.21, 0.81, 3.29, 4.10, 1.09, 1.93, 1.96, 2.79, 1.93, 1.30, 1.22],
  tjk_104 = [3.54, 4.92, 1.57, 5.24, 6.84, 6.20, 4.58, 5.40, 3.24, 3.46, 10.66, 0.53, 7.48, 1.74, 4.11, 10.23, 4.62, 4.41, 3.14, 10.68],
  tjk_105 = [3.17, 2.76, 2.75, 2.20, 2.43, 7.91, 1.10, 1.20, 3.55, 4.78, 2.24, 3.60, 2.63, 4.76, 3.77, 7.39, 2.12, 4.06, 2.19, 5.04],
  tjk_111 = [3.27, 1.76, 3.97, 1.77, 3.68, 3.91, 1.25, 2.66, 4.68, 3.94, 3.66, 2.27, 3.12, 2.32, 2.60, 1.88, 3.01, 1.93, 1.37, 5.26],
  tjk_112 = [1.42, 4.77, 4.70, 6.86, 2.98, 4.81, 5.08, 3.39, 4.43, 3.26, 5.10, 1.52, 2.88, 6.53, 2.02, 7.82, 3.07, 3.84, 2.87, 4.64],
  tjk_113 = [7.63, 12.69, 3.33, 8.48, 5.15, 9.04, 3.70, 3.61, 2.16, 2.44, 6.12, 6.60, 3.28, 1.46, 6.37, 3.69, 10.28, 7.46, 6.97, 4.08],
  tjk_114 = [2.50, 4.48, 2.29, 8.19, 5.72, 3.61, 0.10, 4.04, 3.33, 3.77, 2.66, 7.51, 1.78, 3.74, 4.76, 3.02, 0.81, 6.34, 7.09, 2.24],
  tjk_115 = [3.85, 5.97, 8.56, 6.34, 2.40, 6.05, 6.15, 9.43, 3.47, 5.63, 5.07, 2.87, 4.50, 9.32, 0.76, 6.42, 3.54, 5.86, 5.32, 9.96],
  tjk_121 = [1.03, 1.46, 0.81, 0.64, 0.54, 1.85, 1.08, 1.15, 1.38, 0.54, 1.12, 0.67, 2.18, 0.36, 0.92, 0.75, 0.65, 0.80, 1.61, 1.36],
  tjk_122 = [1.10, 0.43, 1.54, 0.71, 1.66, 0.93, 0.52, 0.88, 2.12, 1.36, 1.52, 2.16, 1.27, 1.47, 1.04, 1.82, 1.17, 0.62, 1.41, 1.24],
  tjk_123 = [1.02, 1.03, 0.10, 1.03, 0.81, 1.72, 1.13, 0.10, 1.11, 0.51, 1.54, 0.86, 1.06, 0.73, 0.86, 1.36, 0.10, 0.90, 0.89, 0.82],
  tjk_124 = [4.76, 8.74, 5.54, 6.97, 2.49, 4.35, 4.15, 3.46, 3.23, 3.74, 8.31, 6.99, 4.21, 9.49, 0.10, 6.38, 0.10, 4.72, 5.52, 2.28],
  tjk_125 = [0.27, 3.58, 1.58, 3.29, 1.42, 2.57, 2.14, 1.44, 2.81, 2.31, 0.51, 1.65, 1.38, 2.60, 1.06, 2.31, 1.29, 1.42, 2.17, 0.10],
  tjk_131 = [1.80, 1.12, 2.15, 0.97, 3.06, 5.57, 1.61, 1.43, 3.51, 1.19, 3.16, 3.91, 1.18, 2.32, 2.59, 2.49, 3.59, 1.25, 0.10, 1.10],
  tjk_132 = [2.53, 3.94, 7.00, 3.46, 4.49, 4.01, 4.25, 4.55, 6.15, 2.39, 3.73, 7.14, 2.58, 5.29, 4.95, 2.36, 5.02, 2.35, 5.75, 3.71],
  tjk_133 = [5.69, 7.43, 5.14, 2.47, 2.52, 5.89, 3.61, 4.21, 5.81, 2.33, 4.67, 4.64, 3.40, 0.81, 3.86, 5.71, 3.86, 2.81, 5.26, 4.38],
  tjk_134 = [5.70, 11.09, 4.59, 7.30, 3.66, 13.09, 5.10, 4.66, 7.72, 4.47, 7.73, 7.05, 5.67, 4.88, 6.29, 8.36, 5.09, 5.60, 2.26, 9.58],
  tjk_135 = [0.84, 0.10, 0.48, 1.20, 1.12, 1.71, 1.71, 1.82, 1.49, 1.14, 0.22, 2.24, 0.91, 0.36, 1.37, 0.55, 2.51, 0.89, 0.80, 0.10],
  tjk_141 = [2.08, 1.89, 3.25, 2.62, 1.95, 3.12, 1.22, 3.41, 2.99, 2.52, 2.36, 18.59, 4.41, 2.47, 6.40, 2.03, 1.15, 0.48, 2.73, 2.11],
  tjk_142 = [2.57, 5.42, 6.19, 3.99, 2.13, 3.29, 2.70, 4.95, 2.86, 3.78, 2.65, 5.27, 3.96, 3.37, 4.71, 4.56, 4.62, 1.21, 3.87, 5.74],
  tjk_143 = [3.34, 8.87, 3.71, 7.90, 2.84, 6.33, 12.47, 5.44, 3.17, 7.08, 7.02, 8.25, 4.26, 5.33, 6.09, 3.64, 0.10, 1.01, 6.20, 7.26],
  tjk_144 = [1.21, 2.95, 2.56, 4.03, 1.16, 6.53, 4.27, 4.86, 5.36, 7.02, 2.35, 3.08, 3.22, 5.31, 3.73, 4.23, 3.78, 3.12, 4.80, 3.14],
  tjk_145 = [4.05, 1.63, 4.81, 1.21, 3.03, 2.34, 4.76, 3.19, 4.20, 2.67, 2.25, 0.98, 3.79, 1.91, 2.60, 0.44, 3.03, 3.72, 2.52, 2.17],
  tjk_151 = [2.70, 7.11, 5.82, 2.04, 4.41, 3.11, 6.85, 3.46, 2.09, 8.31, 1.47, 1.49, 5.92, 6.02, 4.69, 4.38, 4.93, 5.32, 6.09, 2.31],
  tjk_152 = [1.24, 2.90, 2.37, 2.66, 2.86, 4.12, 2.39, 2.01, 0.99, 1.26, 0.92, 3.50, 0.58, 1.63, 1.74, 3.07, 0.43, 2.38, 3.76, 1.28],
  tjk_153 = [0.85, 1.93, 0.83, 0.73, 0.27, 1.20, 1.61, 0.52, 1.86, 0.82, 1.13, 1.11, 1.13, 0.74, 0.75, 1.34, 0.56, 0.14, 2.34, 1.03],
  tjk_154 = [7.44, 7.68, 2.33, 4.88, 6.68, 9.42, 2.21, 5.56, 6.92, 9.51, 0.59, 7.39, 2.58, 4.64, 5.14, 8.05, 5.20, 5.38, 7.03, 6.53],
  tjk_155 = [0.56, 1.20, 1.07, 0.53, 0.58, 0.44, 0.56, 0.84, 1.42, 0.60, 0.47, 1.15, 1.29, 1.52, 2.37, 0.93, 0.71, 0.88, 0.36, 0.10],
  tjk_161 = [0.82, 1.02, 0.88, 1.85, 0.84, 0.76, 0.91, 0.85, 0.63, 0.71, 1.67, 0.32, 1.53, 0.61, 2.37, 0.35, 1.35, 2.44, 2.05, 1.30],
  tjk_162 = [5.35, 4.64, 3.32, 3.17, 9.55, 2.83, 6.30, 8.25, 16.01, 4.89, 7.54, 3.99, 2.82, 2.20, 14.37, 5.82, 9.65, 2.11, 4.20, 4.46],
  tjk_163 = [2.65, 2.98, 2.67, 0.85, 2.85, 2.80, 2.58, 3.78, 1.48, 2.20, 1.79, 5.42, 1.05, 1.69, 3.28, 3.35, 2.96, 2.23, 0.44, 1.84],
  tjk_164 = [6.54, 4.48, 2.08, 10.61, 7.15, 7.38, 5.86, 4.77, 9.29, 6.44, 7.15, 4.01, 12.01, 6.29, 2.74, 3.53, 5.43, 3.73, 3.44, 5.74],
  tjk_165 = [2.85, 4.29, 3.74, 4.72, 0.64, 3.76, 3.65, 1.65, 3.30, 1.97, 7.55, 4.33, 3.31, 2.86, 4.01, 0.53, 4.13, 3.46, 5.22, 2.82],
  tjk_171 = [2.62, 3.14, 3.16, 2.27, 0.91, 1.56, 3.57, 2.10, 3.80, 5.79, 1.39, 2.74, 3.80, 2.31, 3.08, 1.70, 2.12, 0.83, 2.39, 2.43],
  tjk_172 = [2.53, 10.04, 10.79, 7.16, 4.78, 4.88, 3.96, 6.96, 3.27, 0.33, 0.29, 8.10, 5.44, 1.57, 7.62, 5.60, 6.66, 4.36, 7.06, 1.57],
  tjk_173 = [2.28, 4.54, 4.11, 2.30, 1.83, 3.89, 2.48, 1.73, 2.04, 1.92, 2.47, 2.24, 2.40, 3.06, 3.80, 2.64, 4.80, 3.01, 3.75, 3.50],
  tjk_174 = [2.60, 3.26, 3.58, 3.12, 7.04, 7.27, 5.37, 10.54, 2.76, 5.41, 3.41, 9.88, 11.04, 5.50, 1.08, 3.76, 4.84, 8.49, 5.43, 6.75],
  tjk_175 = [2.32, 4.53, 5.64, 8.92, 6.16, 3.28, 3.71, 4.37, 5.38, 3.64, 3.98, 1.86, 2.92, 5.23, 3.51, 2.25, 9.94, 6.44, 1.71, 2.50],
  tjk_181 = [1.21, 1.17, 1.27, 0.76, 0.62, 0.84, 1.31, 0.73, 1.14, 0.55, 1.30, 0.56, 0.98, 0.70, 0.59, 0.29, 2.82, 1.16, 0.83, 1.60],
  tjk_182 = [2.95, 2.99, 3.42, 5.15, 2.50, 4.75, 0.67, 5.73, 2.57, 4.77, 1.50, 2.28, 3.30, 5.44, 3.48, 0.63, 1.31, 4.78, 2.52, 6.14],
  tjk_183 = [10.74, 7.03, 9.01, 2.56, 2.71, 2.17, 17.78, 5.61, 8.28, 2.87, 3.88, 2.17, 2.38, 7.06, 7.82, 4.97, 6.37, 4.52, 1.18, 4.23],
  tjk_184 = [1.45, 2.37, 4.43, 1.91, 1.42, 2.09, 1.19, 1.79, 4.75, 2.81, 2.40, 2.08, 1.97, 1.62, 2.70, 0.94, 1.56, 1.31, 2.51, 2.30],
  tjk_185 = [3.96, 2.36, 3.35, 6.78, 1.92, 5.26, 0.74, 0.49, 0.76, 5.65, 5.11, 6.47, 5.21, 5.10, 2.72, 4.51, 5.86, 3.08, 3.32, 3.92],
  tjk_191 = [3.22, 9.51, 7.97, 3.92, 1.74, 3.75, 1.20, 3.85, 1.01, 3.46, 2.56, 2.34, 4.99, 1.63, 1.17, 5.88, 4.83, 1.41, 1.43, 6.26],
  tjk_192 = [4.92, 1.76, 3.73, 1.63, 3.24, 3.09, 2.34, 5.46, 2.37, 2.52, 3.65, 6.20, 3.49, 4.51, 3.08, 2.69, 3.65, 2.00, 4.21, 3.86],
  tjk_193 = [0.77, 1.74, 2.18, 1.33, 1.59, 0.59, 3.65, 0.70, 0.93, 0.83, 1.82, 0.81, 0.49, 0.77, 0.91, 1.11, 0.65, 0.10, 0.62, 0.58],
  tjk_194 = [3.38, 1.59, 1.73, 3.26, 4.49, 1.99, 4.41, 6.75, 1.55, 3.29, 5.33, 5.25, 6.08, 4.51, 3.02, 3.48, 3.66, 4.08, 1.81, 1.74],
  tjk_195 = [3.31, 6.77, 8.17, 1.23, 0.10, 4.14, 4.47, 2.85, 0.10, 6.87, 0.10, 2.83, 4.41, 4.42, 6.67, 0.38, 4.00, 6.14, 5.82, 7.65],
  tjk_201 = [6.71, 12.98, 3.90, 1.88, 2.61, 1.35, 5.42, 2.66, 4.30, 7.87, 0.28, 3.38, 2.82, 2.18, 3.63, 6.82, 5.81, 5.20, 1.62, 3.97],
  tjk_202 = [1.87, 2.85, 2.41, 3.61, 3.35, 3.48, 2.97, 1.76, 2.38, 2.58, 1.71, 2.81, 1.71, 1.80, 1.62, 2.54, 1.53, 4.38, 1.09, 1.51],
  tjk_203 = [0.10, 2.45, 1.47, 3.74, 1.81, 5.32, 9.42, 4.51, 3.31, 3.09, 2.27, 3.74, 2.78, 3.47, 4.03, 5.58, 3.52, 4.59, 5.11, 2.60],
  tjk_204 = [1.97, 0.79, 0.82, 0.74, 0.45, 0.55, 0.77, 1.75, 0.52, 0.83, 0.84, 0.63, 0.35, 0.78, 0.58, 2.33, 0.80, 1.62, 2.90, 1.01],
  tjk_205 = [0.79, 0.55, 1.75, 0.88, 1.58, 1.17, 0.69, 0.55, 1.40, 0.63, 0.80, 1.64, 0.86, 0.34, 0.71, 1.21, 0.88, 1.38, 0.48, 1.48],
]

Service Times (¦Î_{jk}^s) = [
  xi_11 = [6.84, 8.23, 0.10, 37.23, 10.35, 8.53, 7.45, 7.03, 6.40, 10.51, 0.10, 16.12, 0.10, 14.11, 20.80, 14.01, 53.16, 23.74, 5.82, 43.87],
  xi_12 = [0.10, 19.12, 3.27, 0.10, 4.96, 21.22, 3.29, 7.23, 0.10, 0.10, 7.53, 0.10, 12.31, 11.35, 3.05, 0.10, 22.16, 5.85, 7.21, 0.10],
  xi_13 = [0.10, 1.87, 0.10, 1.65, 0.98, 6.82, 2.31, 4.40, 0.10, 4.29, 5.02, 1.78, 2.03, 0.10, 1.69, 0.10, 0.10, 2.07, 2.32, 2.14],
  xi_14 = [3.83, 7.36, 8.18, 19.70, 8.33, 20.01, 0.10, 13.08, 4.44, 3.94, 6.27, 5.72, 10.36, 32.95, 10.85, 28.31, 0.10, 4.98, 6.56, 7.97],
  xi_15 = [0.10, 11.13, 16.86, 11.48, 0.10, 28.74, 0.10, 4.13, 11.29, 10.11, 21.36, 6.61, 56.51, 4.61, 9.41, 0.10, 7.45, 5.42, 18.85, 28.14],
  xi_21 = [0.72, 0.54, 0.76, 0.10, 1.33, 1.75, 0.41, 0.68, 2.91, 0.80, 0.98, 0.42, 0.10, 2.26, 2.59, 1.42, 3.32, 0.80, 2.96, 3.72],
  xi_22 = [5.47, 5.70, 3.89, 5.78, 7.23, 0.10, 10.75, 2.40, 0.10, 5.34, 5.66, 8.69, 9.40, 3.63, 0.10, 1.20, 0.10, 3.49, 5.65, 0.10],
  xi_23 = [7.98, 0.10, 4.74, 9.07, 2.07, 5.37, 6.95, 0.10, 5.69, 1.76, 0.10, 7.60, 6.90, 11.52, 8.00, 20.38, 4.63, 8.58, 17.87, 4.96],
  xi_24 = [5.34, 0.10, 0.10, 1.87, 14.84, 0.10, 8.86, 9.54, 9.11, 4.21, 0.10, 5.85, 5.18, 2.59, 3.87, 16.65, 16.19, 5.89, 9.07, 3.24],
  xi_25 = [13.73, 11.93, 5.48, 8.91, 0.10, 10.99, 8.51, 10.67, 10.45, 6.19, 3.74, 0.10, 7.25, 10.91, 13.31, 7.19, 5.01, 3.53, 11.25, 47.07],
  xi_31 = [1.65, 0.10, 6.60, 1.15, 0.10, 1.86, 9.65, 2.80, 0.10, 0.10, 1.00, 0.10, 2.32, 4.59, 0.74, 0.69, 5.96, 6.41, 0.10, 6.37],
  xi_32 = [0.10, 13.13, 41.62, 5.91, 9.92, 0.10, 6.71, 0.33, 0.10, 9.19, 4.78, 0.10, 6.59, 3.74, 8.28, 9.63, 17.32, 9.03, 0.10, 4.19],
  xi_33 = [8.18, 2.37, 7.23, 11.19, 6.12, 4.79, 5.53, 5.26, 12.91, 5.72, 8.62, 0.10, 0.10, 2.80, 13.28, 4.24, 7.25, 3.82, 9.39, 17.97],
  xi_34 = [6.89, 3.47, 0.10, 0.10, 4.43, 12.08, 7.39, 13.51, 3.80, 0.10, 6.45, 0.10, 14.81, 6.66, 4.31, 0.10, 0.10, 9.42, 5.67, 3.25],
  xi_35 = [14.64, 11.82, 9.04, 10.04, 4.06, 3.91, 0.10, 3.38, 0.10, 8.73, 11.82, 6.72, 0.10, 2.11, 7.08, 0.71, 60.00, 0.10, 20.70, 0.10],
  xi_41 = [15.25, 19.31, 7.80, 8.13, 2.77, 2.91, 0.10, 7.24, 27.47, 1.27, 11.46, 0.10, 5.34, 11.20, 4.88, 5.47, 5.97, 1.23, 9.93, 3.77],
  xi_42 = [2.63, 2.21, 2.42, 1.79, 1.84, 14.29, 5.53, 4.80, 0.94, 0.10, 1.66, 4.61, 1.44, 0.10, 3.07, 3.19, 4.04, 8.92, 2.64, 8.04],
  xi_43 = [17.95, 9.83, 0.10, 0.10, 5.95, 0.10, 0.10, 20.47, 0.10, 4.07, 5.96, 8.15, 0.10, 29.04, 4.10, 5.03, 13.41, 6.89, 3.72, 7.93],
  xi_44 = [0.10, 0.10, 6.46, 6.53, 0.10, 5.15, 3.21, 13.69, 2.47, 3.74, 0.10, 6.96, 9.16, 14.69, 0.10, 6.05, 1.91, 3.09, 14.93, 0.10],
  xi_45 = [0.10, 8.83, 19.27, 0.10, 38.33, 7.06, 6.86, 0.10, 0.10, 7.49, 1.07, 16.85, 38.15, 15.35, 0.10, 21.71, 6.90, 0.10, 22.03, 4.24],
  xi_51 = [7.63, 12.43, 2.94, 5.65, 0.10, 7.14, 4.56, 15.28, 5.27, 6.54, 29.17, 8.53, 0.10, 32.50, 26.81, 0.10, 3.33, 13.45, 5.31, 0.10],
  xi_52 = [3.03, 0.10, 2.16, 8.30, 2.08, 2.99, 10.72, 5.35, 9.62, 0.10, 7.39, 3.71, 27.26, 4.50, 1.87, 5.34, 13.23, 3.71, 6.81, 1.54],
  xi_53 = [3.47, 1.65, 0.73, 5.88, 0.10, 0.10, 1.01, 2.88, 8.44, 0.10, 0.65, 0.10, 0.10, 2.19, 1.01, 2.54, 0.98, 1.36, 4.85, 2.05],
  xi_54 = [7.27, 9.53, 25.25, 16.28, 8.35, 13.52, 9.24, 5.97, 22.00, 12.36, 13.49, 0.10, 4.74, 0.10, 15.41, 5.40, 5.97, 8.03, 0.10, 3.33],
  xi_55 = [0.10, 27.24, 12.69, 8.66, 17.65, 0.10, 3.94, 6.35, 9.92, 10.47, 6.09, 8.90, 48.53, 21.92, 29.00, 0.10, 9.32, 16.39, 29.55, 57.20],
  xi_61 = [4.06, 0.10, 2.01, 16.88, 0.10, 20.28, 4.75, 7.19, 3.48, 4.41, 12.82, 0.10, 16.73, 5.16, 19.55, 0.10, 3.68, 3.00, 6.41, 15.92],
  xi_62 = [6.32, 2.35, 6.13, 0.10, 12.96, 6.33, 1.52, 0.10, 12.32, 10.03, 4.39, 8.84, 9.93, 0.10, 15.40, 7.07, 12.48, 9.14, 4.59, 15.42],
  xi_63 = [0.10, 23.40, 12.86, 39.37, 0.10, 14.64, 7.62, 27.98, 13.10, 9.78, 0.10, 1.23, 4.84, 10.59, 1.94, 11.43, 10.97, 46.74, 33.27, 22.75],
  xi_64 = [17.37, 4.55, 0.10, 10.49, 5.33, 5.25, 5.01, 1.88, 3.03, 6.11, 3.48, 2.72, 8.03, 0.10, 8.73, 7.23, 0.79, 12.92, 9.66, 4.19],
  xi_65 = [0.11, 39.78, 20.17, 10.45, 7.11, 11.18, 44.95, 12.81, 6.26, 22.63, 21.36, 11.70, 10.33, 11.91, 24.19, 10.04, 15.75, 4.42, 4.12, 9.91],
  xi_71 = [6.38, 2.35, 0.10, 6.50, 0.10, 1.33, 7.31, 2.41, 0.10, 2.58, 2.32, 4.07, 3.61, 2.34, 0.10, 2.08, 2.34, 5.82, 0.10, 2.17],
  xi_72 = [7.23, 3.16, 5.21, 2.82, 0.10, 0.10, 2.55, 2.60, 16.70, 5.34, 4.66, 0.10, 24.50, 2.07, 9.30, 16.98, 9.50, 5.77, 6.75, 24.35],
  xi_73 = [2.56, 9.85, 25.06, 25.09, 0.10, 11.90, 0.10, 9.67, 11.20, 13.74, 26.22, 6.92, 4.53, 22.04, 4.87, 11.93, 7.41, 19.47, 8.15, 0.10],
  xi_74 = [4.53, 3.33, 21.98, 3.71, 0.10, 4.68, 8.97, 37.49, 0.10, 26.78, 0.10, 5.47, 5.54, 6.67, 8.33, 9.78, 30.49, 5.15, 15.46, 9.56],
  xi_75 = [4.24, 3.94, 11.48, 27.69, 26.63, 23.43, 8.31, 5.19, 3.00, 11.12, 60.00, 14.86, 41.84, 12.34, 24.66, 14.64, 0.10, 54.85, 8.48, 19.22],
  xi_81 = [5.77, 0.10, 16.57, 6.91, 6.14, 17.49, 9.85, 0.10, 5.23, 14.83, 20.39, 31.94, 60.00, 2.37, 0.10, 0.10, 20.03, 59.61, 36.45, 0.10],
  xi_82 = [8.23, 11.72, 6.14, 5.78, 0.10, 6.27, 9.44, 22.92, 6.19, 0.10, 5.49, 15.83, 0.26, 5.92, 33.11, 6.63, 6.15, 4.12, 7.71, 10.60],
  xi_83 = [4.58, 8.00, 14.29, 9.69, 0.10, 14.75, 1.28, 6.38, 11.47, 0.54, 9.23, 1.87, 2.97, 2.16, 3.03, 7.69, 3.41, 5.72, 4.90, 2.88],
  xi_84 = [16.74, 14.13, 18.81, 5.62, 14.00, 9.84, 0.10, 0.10, 8.93, 0.98, 8.27, 29.53, 6.79, 13.13, 44.75, 3.70, 5.65, 18.22, 3.23, 10.83],
  xi_85 = [11.72, 4.49, 0.10, 16.46, 12.50, 7.42, 17.01, 11.62, 60.00, 0.10, 0.10, 15.77, 60.00, 16.12, 26.52, 18.07, 18.89, 0.10, 0.10, 7.62],
  xi_91 = [9.98, 22.30, 0.10, 21.89, 6.57, 33.00, 0.10, 1.95, 5.42, 4.05, 6.37, 7.04, 0.10, 10.79, 4.07, 9.02, 5.53, 0.10, 1.98, 5.21],
  xi_92 = [0.10, 8.82, 39.06, 15.35, 25.64, 24.54, 14.85, 10.82, 42.98, 8.76, 45.00, 12.27, 22.34, 36.83, 0.10, 0.10, 0.10, 21.15, 2.77, 0.10],
  xi_93 = [28.67, 9.00, 11.91, 9.21, 3.40, 27.77, 20.62, 7.77, 13.89, 4.72, 25.01, 6.42, 6.45, 0.10, 5.91, 32.26, 0.10, 6.47, 15.50, 0.10],
  xi_94 = [0.10, 3.38, 6.70, 0.10, 16.41, 4.41, 0.15, 5.33, 5.55, 6.06, 0.10, 2.51, 3.45, 9.62, 12.31, 0.10, 0.10, 6.59, 3.05, 5.20],
  xi_95 = [0.10, 0.10, 5.61, 9.53, 2.02, 11.19, 2.91, 11.56, 1.67, 0.10, 0.10, 3.48, 10.99, 4.42, 2.93, 6.10, 0.10, 3.34, 0.10, 17.83],
  xi_101 = [0.10, 8.13, 4.61, 2.93, 10.21, 35.01, 5.71, 15.91, 6.77, 0.10, 7.00, 3.37, 15.18, 8.01, 4.94, 10.99, 7.71, 34.03, 18.79, 0.10],
  xi_102 = [10.85, 13.50, 3.70, 5.46, 0.10, 13.63, 6.93, 0.10, 2.49, 5.35, 4.52, 3.41, 3.13, 0.10, 13.89, 2.93, 7.85, 4.85, 1.61, 6.92],
  xi_103 = [48.30, 13.65, 6.81, 10.03, 19.32, 7.28, 5.47, 5.12, 18.68, 11.42, 0.10, 13.86, 8.43, 60.00, 46.05, 6.54, 7.71, 11.26, 5.25, 56.55],
  xi_104 = [10.89, 1.71, 8.48, 4.48, 0.10, 4.81, 0.10, 11.34, 9.38, 6.30, 0.10, 7.81, 7.18, 0.10, 18.30, 7.27, 10.12, 17.51, 5.80, 0.10],
  xi_105 = [0.10, 2.78, 12.40, 0.10, 3.20, 3.12, 0.10, 0.10, 10.86, 0.10, 2.89, 4.46, 0.55, 8.56, 1.51, 0.47, 8.22, 3.54, 3.47, 15.26],
  xi_111 = [1.54, 0.10, 0.86, 6.73, 0.10, 2.25, 0.10, 1.82, 6.19, 0.88, 6.40, 3.55, 3.15, 1.93, 1.18, 0.10, 0.10, 3.39, 2.17, 1.22],
  xi_112 = [0.10, 39.72, 8.96, 5.96, 4.65, 33.46, 11.55, 5.39, 7.68, 48.82, 5.76, 19.26, 16.56, 7.62, 0.10, 4.16, 4.28, 11.54, 16.45, 18.01],
  xi_113 = [16.96, 24.38, 8.73, 0.12, 24.88, 18.72, 4.10, 23.29, 3.33, 10.24, 3.25, 10.59, 2.66, 10.27, 5.11, 22.54, 0.10, 3.55, 25.69, 12.31],
  xi_114 = [1.96, 0.48, 3.14, 8.14, 1.70, 6.73, 18.39, 3.60, 7.67, 2.17, 7.91, 2.06, 2.74, 0.93, 0.10, 8.55, 0.98, 0.10, 5.88, 1.63],
  xi_115 = [3.15, 3.12, 0.10, 20.20, 2.89, 8.41, 0.10, 12.09, 3.35, 2.48, 0.10, 0.10, 2.09, 8.24, 12.71, 3.77, 5.30, 5.70, 3.15, 11.29],
  xi_121 = [5.10, 3.61, 2.33, 3.10, 0.10, 5.40, 8.51, 5.18, 3.82, 14.25, 6.61, 5.54, 5.64, 0.10, 6.08, 4.84, 10.31, 0.10, 5.11, 6.06],
  xi_122 = [5.91, 6.29, 2.29, 4.48, 1.87, 0.96, 0.65, 0.33, 2.62, 3.05, 0.91, 0.10, 1.90, 4.39, 4.38, 2.78, 1.54, 1.67, 3.32, 0.97],
  xi_123 = [16.02, 18.37, 15.69, 7.46, 5.21, 16.51, 7.38, 0.10, 2.53, 59.57, 60.00, 8.08, 7.36, 1.65, 17.66, 11.10, 43.62, 3.74, 9.92, 8.74],
  xi_124 = [1.39, 1.03, 0.10, 0.88, 1.30, 0.10, 0.98, 1.49, 0.10, 0.66, 1.82, 0.10, 2.56, 0.85, 1.84, 1.84, 0.82, 0.10, 2.27, 0.30],
  xi_125 = [0.77, 1.65, 0.86, 6.04, 1.60, 2.42, 11.26, 1.84, 1.45, 5.57, 1.31, 0.10, 1.37, 1.89, 1.51, 2.04, 2.90, 4.89, 1.80, 2.66],
  xi_131 = [36.13, 20.19, 4.56, 0.10, 10.47, 29.78, 6.83, 11.06, 27.78, 3.19, 7.81, 0.10, 10.63, 30.19, 1.86, 28.64, 8.94, 15.06, 4.01, 50.02],
  xi_132 = [2.79, 1.25, 2.05, 0.97, 0.10, 0.41, 0.10, 0.81, 0.87, 0.53, 1.11, 1.06, 0.57, 0.10, 1.67, 0.60, 0.10, 1.06, 0.60, 1.37],
  xi_133 = [2.41, 51.06, 3.90, 0.10, 5.41, 2.06, 5.00, 13.49, 2.84, 10.45, 2.02, 0.89, 5.54, 0.10, 2.44, 8.94, 8.27, 11.67, 5.68, 0.10],
  xi_134 = [0.10, 11.25, 6.03, 1.31, 5.38, 16.64, 0.10, 13.95, 48.43, 8.31, 4.89, 10.80, 13.38, 39.62, 20.09, 7.97, 13.68, 0.10, 44.33, 8.16],
  xi_135 = [2.90, 17.33, 12.72, 7.87, 6.29, 7.04, 8.19, 7.72, 13.76, 17.56, 9.80, 12.54, 13.49, 7.51, 3.35, 35.25, 4.69, 0.10, 43.61, 2.91],
  xi_141 = [5.42, 34.69, 17.90, 4.41, 15.30, 0.10, 10.14, 60.00, 0.10, 13.36, 6.44, 27.55, 49.12, 0.10, 6.51, 0.10, 9.19, 0.10, 16.92, 10.99],
  xi_142 = [0.96, 1.70, 1.36, 0.99, 1.11, 1.08, 1.90, 1.50, 0.10, 1.27, 0.10, 6.05, 2.52, 4.70, 0.10, 0.79, 0.29, 0.56, 0.83, 0.82],
  xi_143 = [0.10, 12.67, 5.63, 10.53, 11.61, 11.46, 26.21, 7.92, 11.25, 37.28, 0.10, 9.88, 9.84, 3.87, 0.10, 9.75, 11.15, 10.91, 0.10, 10.35],
  xi_144 = [19.42, 16.32, 9.67, 2.62, 0.10, 6.03, 4.75, 0.10, 0.10, 10.36, 7.30, 6.93, 7.31, 8.93, 0.10, 4.16, 0.10, 4.26, 2.63, 24.37],
  xi_145 = [7.41, 0.10, 6.47, 18.30, 8.95, 31.03, 7.16, 19.07, 8.66, 1.14, 6.26, 6.22, 0.10, 7.21, 25.09, 0.10, 2.97, 9.59, 7.19, 3.36],
  xi_151 = [0.10, 1.21, 2.38, 0.86, 1.14, 2.08, 1.43, 0.54, 0.10, 0.10, 1.52, 3.77, 8.42, 0.48, 0.79, 0.81, 0.10, 1.83, 2.11, 0.10],
  xi_152 = [9.56, 4.17, 2.63, 12.98, 5.95, 0.10, 14.36, 20.72, 47.36, 10.19, 17.43, 0.10, 28.30, 6.41, 7.24, 0.12, 6.26, 14.24, 22.60, 7.52],
  xi_153 = [7.08, 10.17, 2.78, 0.10, 7.84, 3.12, 4.71, 2.78, 3.29, 2.07, 0.10, 2.24, 4.25, 4.59, 10.33, 0.10, 7.75, 2.23, 5.64, 5.52],
  xi_154 = [8.83, 60.00, 4.34, 12.11, 21.61, 8.78, 16.49, 0.10, 51.48, 21.24, 12.23, 7.64, 9.74, 0.10, 0.10, 10.52, 0.10, 0.10, 5.98, 8.69],
  xi_155 = [1.75, 4.00, 1.13, 10.97, 2.29, 4.74, 0.10, 3.32, 1.39, 3.54, 1.84, 0.10, 0.25, 0.91, 0.10, 6.35, 10.49, 0.10, 4.33, 3.72],
  xi_161 = [1.79, 0.24, 2.54, 1.60, 1.40, 1.82, 0.89, 0.10, 0.58, 0.34, 0.10, 3.02, 0.10, 0.95, 0.52, 1.10, 0.65, 0.97, 1.27, 4.42],
  xi_162 = [0.10, 3.85, 7.77, 3.46, 15.94, 0.75, 4.63, 0.10, 16.27, 12.32, 5.22, 1.43, 10.41, 0.10, 5.37, 2.28, 4.63, 3.56, 5.87, 5.48],
  xi_163 = [3.36, 10.97, 37.15, 9.07, 5.73, 0.10, 2.01, 8.54, 31.99, 7.17, 0.10, 15.26, 5.45, 7.40, 6.00, 0.10, 5.91, 3.38, 15.33, 18.67],
  xi_164 = [10.88, 6.18, 0.10, 4.15, 10.40, 6.01, 3.24, 22.65, 5.32, 22.35, 6.72, 0.10, 3.85, 0.10, 3.69, 3.15, 0.10, 5.51, 7.16, 9.29],
  xi_165 = [8.02, 16.20, 7.35, 40.75, 5.66, 39.67, 12.86, 32.38, 3.51, 22.84, 0.10, 7.51, 0.10, 10.79, 43.48, 8.92, 0.10, 0.10, 5.67, 19.24],
  xi_171 = [19.54, 3.65, 6.01, 8.58, 48.23, 0.10, 8.86, 53.98, 6.34, 0.10, 19.06, 39.20, 12.84, 6.13, 9.67, 5.02, 37.16, 12.64, 5.82, 27.70],
  xi_172 = [3.34, 2.65, 17.23, 10.98, 5.88, 11.92, 14.91, 0.10, 5.89, 2.20, 2.53, 10.74, 6.29, 0.10, 6.25, 11.28, 1.94, 3.40, 17.75, 2.80],
  xi_173 = [0.10, 0.10, 1.27, 1.53, 4.54, 0.76, 8.77, 1.49, 0.85, 2.36, 4.54, 0.10, 4.77, 1.15, 1.48, 0.96, 1.68, 1.63, 2.43, 1.22],
  xi_174 = [8.40, 21.45, 15.66, 9.74, 5.08, 5.30, 4.75, 0.10, 3.16, 1.18, 2.88, 2.56, 0.10, 0.10, 10.21, 3.47, 5.37, 2.20, 2.66, 0.10],
  xi_175 = [0.10, 8.79, 0.10, 19.35, 9.63, 9.27, 9.08, 4.07, 8.67, 7.10, 9.50, 13.75, 6.41, 24.83, 8.66, 0.10, 8.22, 4.64, 4.57, 0.89],
  xi_181 = [17.90, 4.43, 4.10, 16.51, 0.10, 4.59, 4.17, 7.68, 20.98, 15.06, 5.09, 7.37, 5.54, 8.71, 5.49, 3.05, 4.16, 9.67, 7.55, 2.98],
  xi_182 = [1.34, 8.71, 3.66, 11.27, 6.29, 9.97, 0.10, 3.15, 2.60, 1.59, 1.11, 0.10, 4.65, 0.10, 5.97, 1.62, 1.40, 7.49, 3.98, 0.10],
  xi_183 = [7.54, 21.76, 11.40, 9.70, 29.24, 25.79, 0.10, 16.71, 6.44, 25.49, 0.10, 0.10, 7.28, 28.77, 8.91, 5.90, 0.10, 9.12, 15.09, 8.80],
  xi_184 = [16.10, 5.57, 2.94, 6.46, 0.10, 4.20, 8.00, 7.80, 8.97, 8.42, 15.25, 0.10, 4.13, 6.15, 23.42, 10.17, 20.81, 27.30, 8.29, 10.49],
  xi_185 = [1.74, 4.15, 1.00, 1.46, 0.10, 1.03, 0.10, 1.43, 1.00, 0.10, 1.93, 0.10, 0.10, 2.05, 4.09, 1.74, 2.50, 0.10, 1.44, 1.33],
  xi_191 = [10.74, 9.51, 0.10, 20.01, 0.10, 3.60, 14.84, 10.58, 32.81, 0.10, 54.28, 15.21, 8.31, 0.10, 7.26, 24.26, 7.68, 0.10, 11.70, 21.90],
  xi_192 = [4.04, 6.87, 4.20, 0.50, 2.50, 1.57, 2.28, 4.66, 10.64, 2.93, 6.81, 4.45, 0.10, 6.66, 1.14, 1.61, 5.09, 1.76, 2.26, 1.75],
  xi_193 = [13.27, 0.10, 0.10, 0.10, 17.28, 0.10, 7.49, 13.54, 10.55, 15.10, 12.79, 0.10, 28.50, 21.73, 0.10, 0.10, 6.18, 3.64, 8.91, 6.18],
  xi_194 = [11.01, 12.90, 31.72, 3.89, 21.82, 5.36, 3.11, 9.05, 26.63, 9.52, 9.27, 20.43, 7.54, 6.26, 8.62, 4.79, 0.10, 6.94, 11.21, 21.33],
  xi_195 = [0.10, 0.79, 1.11, 0.86, 0.10, 2.99, 0.10, 1.00, 1.60, 0.96, 0.87, 0.10, 2.96, 1.43, 3.00, 0.61, 2.36, 0.76, 0.87, 0.10],
  xi_201 = [0.10, 11.80, 7.38, 34.84, 13.13, 7.41, 46.34, 10.25, 23.40, 26.10, 44.45, 12.44, 3.24, 9.50, 8.59, 0.10, 7.77, 18.91, 27.51, 10.44],
  xi_202 = [3.93, 2.79, 0.10, 2.07, 1.37, 5.92, 2.60, 5.91, 4.22, 11.82, 0.99, 0.10, 1.47, 3.12, 5.27, 1.64, 7.59, 8.70, 2.84, 3.21],
  xi_203 = [0.10, 8.70, 0.10, 14.94, 22.75, 4.40, 0.10, 1.79, 2.04, 5.07, 0.10, 1.73, 13.41, 12.22, 1.75, 5.37, 4.75, 7.24, 0.10, 7.28],
  xi_204 = [5.64, 7.39, 3.90, 2.75, 0.10, 3.03, 4.52, 0.10, 24.25, 0.10, 9.92, 22.24, 3.13, 5.96, 7.54, 21.58, 0.10, 0.10, 3.99, 5.70],
  xi_205 = [0.10, 2.49, 2.51, 5.85, 2.33, 13.34, 1.44, 2.41, 9.87, 3.07, 4.58, 10.35, 2.19, 0.10, 8.47, 0.63, 4.64, 0.10, 0.10, 0.10],
]

Transportation Costs (cjk) = [
  [11.55, 2.07, 4.72, 13.92, 3.95],
  [7.20, 8.24, 10.64, 4.23, 2.41],
  [1.19, 6.40, 1.92, 6.50, 5.68],
  [2.08, 13.61, 4.82, 1.67, 5.16],
  [6.78, 5.71, 5.41, 3.36, 1.95],
  [9.49, 2.74, 5.46, 2.78, 3.78],
  [6.96, 7.13, 7.74, 4.67, 8.69],
  [3.78, 11.85, 7.12, 0.94, 2.00],
  [7.99, 7.76, 0.73, 3.06, 1.91],
  [2.59, 4.98, 1.93, 1.93, 6.28],
  [9.01, 1.10, 5.21, 1.84, 4.30],
  [6.28, 1.82, 8.07, 9.53, 4.17],
  [1.36, 3.34, 4.34, 0.31, 9.18],
  [10.23, 6.61, 4.81, 3.93, 1.90],
  [3.03, 5.86, 3.05, 3.08, 1.31],
  [0.84, 6.35, 7.46, 7.25, 1.43],
  [3.68, 2.57, 0.46, 7.60, 11.12],
  [9.99, 2.72, 0.64, 6.99, 2.62],
  [3.64, 1.81, 1.30, 0.88, 5.51],
  [4.48, 6.25, 0.10, 12.54, 9.27],
]

Mean Service Times (¦Ì_{jk}) = [
  mu_11 = [14.73],
  mu_12 = [6.46],
  mu_13 = [2.00],
  mu_14 = [10.15],
  mu_15 = [12.62],
  mu_21 = [1.43],
  mu_22 = [4.24],
  mu_23 = [6.72],
  mu_24 = [6.13],
  mu_25 = [9.82],
  mu_31 = [2.62],
  mu_32 = [7.54],
  mu_33 = [6.84],
  mu_34 = [5.14],
  mu_35 = [8.76],
  mu_41 = [7.58],
  mu_42 = [3.71],
  mu_43 = [7.15],
  mu_44 = [4.93],
  mu_45 = [10.74],
  mu_51 = [9.35],
  mu_52 = [5.99],
  mu_53 = [2.01],
  mu_54 = [9.32],
  mu_55 = [16.21],
  mu_61 = [7.34],
  mu_62 = [7.28],
  mu_63 = [14.64],
  mu_64 = [5.85],
  mu_65 = [14.96],
  mu_71 = [2.71],
  mu_72 = [7.49],
  mu_73 = [11.05],
  mu_74 = [10.41],
  mu_75 = [18.80],
  mu_81 = [15.70],
  mu_82 = [8.64],
  mu_83 = [5.75],
  mu_84 = [11.67],
  mu_85 = [15.24],
  mu_91 = [7.78],
  mu_92 = [16.58],
  mu_93 = [11.76],
  mu_94 = [4.56],
  mu_95 = [4.71],
  mu_101 = [9.98],
  mu_102 = [5.57],
  mu_103 = [18.09],
  mu_104 = [6.59],
  mu_105 = [4.09],
  mu_111 = [2.19],
  mu_112 = [13.50],
  mu_113 = [11.54],
  mu_114 = [4.24],
  mu_115 = [5.42],
  mu_121 = [5.09],
  mu_122 = [2.52],
  mu_123 = [16.04],
  mu_124 = [1.03],
  mu_125 = [2.70],
  mu_131 = [15.37],
  mu_132 = [0.91],
  mu_133 = [7.12],
  mu_134 = [13.73],
  mu_135 = [11.73],
  mu_141 = [14.42],
  mu_142 = [1.44],
  mu_143 = [10.04],
  mu_144 = [6.78],
  mu_145 = [8.82],
  mu_151 = [1.49],
  mu_152 = [11.91],
  mu_153 = [4.33],
  mu_154 = [13.01],
  mu_155 = [3.07],
  mu_161 = [1.22],
  mu_162 = [5.48],
  mu_163 = [9.69],
  mu_164 = [6.55],
  mu_165 = [14.26],
  mu_171 = [16.53],
  mu_172 = [6.91],
  mu_173 = [2.09],
  mu_174 = [5.22],
  mu_175 = [7.89],
  mu_181 = [7.76],
  mu_182 = [3.76],
  mu_183 = [11.92],
  mu_184 = [9.73],
  mu_185 = [1.38],
  mu_191 = [12.66],
  mu_192 = [3.59],
  mu_193 = [8.29],
  mu_194 = [11.57],
  mu_195 = [1.13],
  mu_201 = [16.19],
  mu_202 = [3.78],
  mu_203 = [5.70],
  mu_204 = [6.60],
  mu_205 = [3.73],
]

Mean Transportation Times (¦Ó_{jk}) = [
  tau_11 = [6.03],
  tau_12 = [4.43],
  tau_13 = [3.79],
  tau_14 = [2.01],
  tau_15 = [0.86],
  tau_21 = [4.45],
  tau_22 = [3.16],
  tau_23 = [3.62],
  tau_24 = [2.23],
  tau_25 = [3.48],
  tau_31 = [3.91],
  tau_32 = [2.41],
  tau_33 = [1.01],
  tau_34 = [4.68],
  tau_35 = [1.03],
  tau_41 = [1.95],
  tau_42 = [4.33],
  tau_43 = [6.49],
  tau_44 = [1.04],
  tau_45 = [3.03],
  tau_51 = [4.46],
  tau_52 = [2.05],
  tau_53 = [5.18],
  tau_54 = [4.23],
  tau_55 = [1.06],
  tau_61 = [4.52],
  tau_62 = [3.25],
  tau_63 = [3.57],
  tau_64 = [3.91],
  tau_65 = [3.63],
  tau_71 = [1.25],
  tau_72 = [2.17],
  tau_73 = [5.68],
  tau_74 = [4.51],
  tau_75 = [0.91],
  tau_81 = [2.26],
  tau_82 = [2.12],
  tau_83 = [2.80],
  tau_84 = [4.42],
  tau_85 = [5.96],
  tau_91 = [2.58],
  tau_92 = [5.19],
  tau_93 = [3.30],
  tau_94 = [5.49],
  tau_95 = [3.03],
  tau_101 = [6.74],
  tau_102 = [3.12],
  tau_103 = [2.27],
  tau_104 = [5.13],
  tau_105 = [3.48],
  tau_111 = [2.92],
  tau_112 = [4.10],
  tau_113 = [5.73],
  tau_114 = [3.90],
  tau_115 = [5.57],
  tau_121 = [1.05],
  tau_122 = [1.25],
  tau_123 = [0.88],
  tau_124 = [4.78],
  tau_125 = [1.79],
  tau_131 = [2.21],
  tau_132 = [4.28],
  tau_133 = [4.22],
  tau_134 = [6.50],
  tau_135 = [1.08],
  tau_141 = [3.39],
  tau_142 = [3.89],
  tau_143 = [5.51],
  tau_144 = [3.83],
  tau_145 = [2.77],
  tau_151 = [4.43],
  tau_152 = [2.10],
  tau_153 = [1.04],
  tau_154 = [5.76],
  tau_155 = [0.88],
  tau_161 = [1.16],
  tau_162 = [6.07],
  tau_163 = [2.44],
  tau_164 = [5.93],
  tau_165 = [3.44],
  tau_171 = [2.59],
  tau_172 = [5.15],
  tau_173 = [2.94],
  tau_174 = [5.56],
  tau_175 = [4.41],
  tau_181 = [1.02],
  tau_182 = [3.34],
  tau_183 = [5.67],
  tau_184 = [2.18],
  tau_185 = [3.83],
  tau_191 = [3.61],
  tau_192 = [3.42],
  tau_193 = [1.11],
  tau_194 = [3.57],
  tau_195 = [4.02],
  tau_201 = [4.27],
  tau_202 = [2.40],
  tau_203 = [3.64],
  tau_204 = [1.05],
  tau_205 = [0.99],
]

Epsilon + ¦Ì_{jk} = [
  epsilon_plus_mu_11 = [22.09],
  epsilon_plus_mu_12 = [9.69],
  epsilon_plus_mu_13 = [3.00],
  epsilon_plus_mu_14 = [15.23],
  epsilon_plus_mu_15 = [18.94],
  epsilon_plus_mu_21 = [2.14],
  epsilon_plus_mu_22 = [6.36],
  epsilon_plus_mu_23 = [10.08],
  epsilon_plus_mu_24 = [9.20],
  epsilon_plus_mu_25 = [14.72],
  epsilon_plus_mu_31 = [3.93],
  epsilon_plus_mu_32 = [11.32],
  epsilon_plus_mu_33 = [10.27],
  epsilon_plus_mu_34 = [7.70],
  epsilon_plus_mu_35 = [13.14],
  epsilon_plus_mu_41 = [11.37],
  epsilon_plus_mu_42 = [5.57],
  epsilon_plus_mu_43 = [10.73],
  epsilon_plus_mu_44 = [7.40],
  epsilon_plus_mu_45 = [16.11],
  epsilon_plus_mu_51 = [14.02],
  epsilon_plus_mu_52 = [8.99],
  epsilon_plus_mu_53 = [3.01],
  epsilon_plus_mu_54 = [13.98],
  epsilon_plus_mu_55 = [24.31],
  epsilon_plus_mu_61 = [11.01],
  epsilon_plus_mu_62 = [10.91],
  epsilon_plus_mu_63 = [21.96],
  epsilon_plus_mu_64 = [8.77],
  epsilon_plus_mu_65 = [22.44],
  epsilon_plus_mu_71 = [4.06],
  epsilon_plus_mu_72 = [11.23],
  epsilon_plus_mu_73 = [16.57],
  epsilon_plus_mu_74 = [15.62],
  epsilon_plus_mu_75 = [28.20],
  epsilon_plus_mu_81 = [23.56],
  epsilon_plus_mu_82 = [12.96],
  epsilon_plus_mu_83 = [8.62],
  epsilon_plus_mu_84 = [17.50],
  epsilon_plus_mu_85 = [22.85],
  epsilon_plus_mu_91 = [11.67],
  epsilon_plus_mu_92 = [24.88],
  epsilon_plus_mu_93 = [17.65],
  epsilon_plus_mu_94 = [6.84],
  epsilon_plus_mu_95 = [7.06],
  epsilon_plus_mu_101 = [14.97],
  epsilon_plus_mu_102 = [8.35],
  epsilon_plus_mu_103 = [27.14],
  epsilon_plus_mu_104 = [9.89],
  epsilon_plus_mu_105 = [6.13],
  epsilon_plus_mu_111 = [3.28],
  epsilon_plus_mu_112 = [20.25],
  epsilon_plus_mu_113 = [17.31],
  epsilon_plus_mu_114 = [6.36],
  epsilon_plus_mu_115 = [8.13],
  epsilon_plus_mu_121 = [7.64],
  epsilon_plus_mu_122 = [3.78],
  epsilon_plus_mu_123 = [24.05],
  epsilon_plus_mu_124 = [1.54],
  epsilon_plus_mu_125 = [4.04],
  epsilon_plus_mu_131 = [23.05],
  epsilon_plus_mu_132 = [1.36],
  epsilon_plus_mu_133 = [10.68],
  epsilon_plus_mu_134 = [20.59],
  epsilon_plus_mu_135 = [17.60],
  epsilon_plus_mu_141 = [21.63],
  epsilon_plus_mu_142 = [2.15],
  epsilon_plus_mu_143 = [15.05],
  epsilon_plus_mu_144 = [10.17],
  epsilon_plus_mu_145 = [13.23],
  epsilon_plus_mu_151 = [2.24],
  epsilon_plus_mu_152 = [17.87],
  epsilon_plus_mu_153 = [6.50],
  epsilon_plus_mu_154 = [19.51],
  epsilon_plus_mu_155 = [4.61],
  epsilon_plus_mu_161 = [1.83],
  epsilon_plus_mu_162 = [8.22],
  epsilon_plus_mu_163 = [14.53],
  epsilon_plus_mu_164 = [9.82],
  epsilon_plus_mu_165 = [21.39],
  epsilon_plus_mu_171 = [24.80],
  epsilon_plus_mu_172 = [10.36],
  epsilon_plus_mu_173 = [3.13],
  epsilon_plus_mu_174 = [7.84],
  epsilon_plus_mu_175 = [11.83],
  epsilon_plus_mu_181 = [11.63],
  epsilon_plus_mu_182 = [5.64],
  epsilon_plus_mu_183 = [17.87],
  epsilon_plus_mu_184 = [14.60],
  epsilon_plus_mu_185 = [2.06],
  epsilon_plus_mu_191 = [18.99],
  epsilon_plus_mu_192 = [5.39],
  epsilon_plus_mu_193 = [12.44],
  epsilon_plus_mu_194 = [17.36],
  epsilon_plus_mu_195 = [1.70],
  epsilon_plus_mu_201 = [24.28],
  epsilon_plus_mu_202 = [5.68],
  epsilon_plus_mu_203 = [8.55],
  epsilon_plus_mu_204 = [9.90],
  epsilon_plus_mu_205 = [5.60],
]

Epsilon - ¦Ì_{jk} = [
  epsilon_minus_mu_11 = [-7.36],
  epsilon_minus_mu_12 = [-3.23],
  epsilon_minus_mu_13 = [-1.00],
  epsilon_minus_mu_14 = [-5.08],
  epsilon_minus_mu_15 = [-6.31],
  epsilon_minus_mu_21 = [-0.71],
  epsilon_minus_mu_22 = [-2.12],
  epsilon_minus_mu_23 = [-3.36],
  epsilon_minus_mu_24 = [-3.07],
  epsilon_minus_mu_25 = [-4.91],
  epsilon_minus_mu_31 = [-1.31],
  epsilon_minus_mu_32 = [-3.77],
  epsilon_minus_mu_33 = [-3.42],
  epsilon_minus_mu_34 = [-2.57],
  epsilon_minus_mu_35 = [-4.38],
  epsilon_minus_mu_41 = [-3.79],
  epsilon_minus_mu_42 = [-1.86],
  epsilon_minus_mu_43 = [-3.58],
  epsilon_minus_mu_44 = [-2.47],
  epsilon_minus_mu_45 = [-5.37],
  epsilon_minus_mu_51 = [-4.67],
  epsilon_minus_mu_52 = [-3.00],
  epsilon_minus_mu_53 = [-1.00],
  epsilon_minus_mu_54 = [-4.66],
  epsilon_minus_mu_55 = [-8.10],
  epsilon_minus_mu_61 = [-3.67],
  epsilon_minus_mu_62 = [-3.64],
  epsilon_minus_mu_63 = [-7.32],
  epsilon_minus_mu_64 = [-2.92],
  epsilon_minus_mu_65 = [-7.48],
  epsilon_minus_mu_71 = [-1.35],
  epsilon_minus_mu_72 = [-3.74],
  epsilon_minus_mu_73 = [-5.52],
  epsilon_minus_mu_74 = [-5.21],
  epsilon_minus_mu_75 = [-9.40],
  epsilon_minus_mu_81 = [-7.85],
  epsilon_minus_mu_82 = [-4.32],
  epsilon_minus_mu_83 = [-2.87],
  epsilon_minus_mu_84 = [-5.83],
  epsilon_minus_mu_85 = [-7.62],
  epsilon_minus_mu_91 = [-3.89],
  epsilon_minus_mu_92 = [-8.29],
  epsilon_minus_mu_93 = [-5.88],
  epsilon_minus_mu_94 = [-2.28],
  epsilon_minus_mu_95 = [-2.35],
  epsilon_minus_mu_101 = [-4.99],
  epsilon_minus_mu_102 = [-2.78],
  epsilon_minus_mu_103 = [-9.05],
  epsilon_minus_mu_104 = [-3.30],
  epsilon_minus_mu_105 = [-2.04],
  epsilon_minus_mu_111 = [-1.09],
  epsilon_minus_mu_112 = [-6.75],
  epsilon_minus_mu_113 = [-5.77],
  epsilon_minus_mu_114 = [-2.12],
  epsilon_minus_mu_115 = [-2.71],
  epsilon_minus_mu_121 = [-2.55],
  epsilon_minus_mu_122 = [-1.26],
  epsilon_minus_mu_123 = [-8.02],
  epsilon_minus_mu_124 = [-0.51],
  epsilon_minus_mu_125 = [-1.35],
  epsilon_minus_mu_131 = [-7.68],
  epsilon_minus_mu_132 = [-0.45],
  epsilon_minus_mu_133 = [-3.56],
  epsilon_minus_mu_134 = [-6.86],
  epsilon_minus_mu_135 = [-5.87],
  epsilon_minus_mu_141 = [-7.21],
  epsilon_minus_mu_142 = [-0.72],
  epsilon_minus_mu_143 = [-5.02],
  epsilon_minus_mu_144 = [-3.39],
  epsilon_minus_mu_145 = [-4.41],
  epsilon_minus_mu_151 = [-0.75],
  epsilon_minus_mu_152 = [-5.96],
  epsilon_minus_mu_153 = [-2.17],
  epsilon_minus_mu_154 = [-6.50],
  epsilon_minus_mu_155 = [-1.54],
  epsilon_minus_mu_161 = [-0.61],
  epsilon_minus_mu_162 = [-2.74],
  epsilon_minus_mu_163 = [-4.84],
  epsilon_minus_mu_164 = [-3.27],
  epsilon_minus_mu_165 = [-7.13],
  epsilon_minus_mu_171 = [-8.27],
  epsilon_minus_mu_172 = [-3.45],
  epsilon_minus_mu_173 = [-1.04],
  epsilon_minus_mu_174 = [-2.61],
  epsilon_minus_mu_175 = [-3.94],
  epsilon_minus_mu_181 = [-3.88],
  epsilon_minus_mu_182 = [-1.88],
  epsilon_minus_mu_183 = [-5.96],
  epsilon_minus_mu_184 = [-4.87],
  epsilon_minus_mu_185 = [-0.69],
  epsilon_minus_mu_191 = [-6.33],
  epsilon_minus_mu_192 = [-1.80],
  epsilon_minus_mu_193 = [-4.15],
  epsilon_minus_mu_194 = [-5.79],
  epsilon_minus_mu_195 = [-0.57],
  epsilon_minus_mu_201 = [-8.09],
  epsilon_minus_mu_202 = [-1.89],
  epsilon_minus_mu_203 = [-2.85],
  epsilon_minus_mu_204 = [-3.30],
  epsilon_minus_mu_205 = [-1.87],
]

Sigma + ¦Ó_{jk} = [
  sigma_plus_tau_11 = [9.05],
  sigma_plus_tau_12 = [6.65],
  sigma_plus_tau_13 = [5.68],
  sigma_plus_tau_14 = [3.01],
  sigma_plus_tau_15 = [1.29],
  sigma_plus_tau_21 = [6.68],
  sigma_plus_tau_22 = [4.74],
  sigma_plus_tau_23 = [5.42],
  sigma_plus_tau_24 = [3.35],
  sigma_plus_tau_25 = [5.22],
  sigma_plus_tau_31 = [5.86],
  sigma_plus_tau_32 = [3.61],
  sigma_plus_tau_33 = [1.52],
  sigma_plus_tau_34 = [7.02],
  sigma_plus_tau_35 = [1.54],
  sigma_plus_tau_41 = [2.93],
  sigma_plus_tau_42 = [6.49],
  sigma_plus_tau_43 = [9.73],
  sigma_plus_tau_44 = [1.56],
  sigma_plus_tau_45 = [4.55],
  sigma_plus_tau_51 = [6.69],
  sigma_plus_tau_52 = [3.07],
  sigma_plus_tau_53 = [7.76],
  sigma_plus_tau_54 = [6.35],
  sigma_plus_tau_55 = [1.58],
  sigma_plus_tau_61 = [6.79],
  sigma_plus_tau_62 = [4.88],
  sigma_plus_tau_63 = [5.36],
  sigma_plus_tau_64 = [5.86],
  sigma_plus_tau_65 = [5.44],
  sigma_plus_tau_71 = [1.87],
  sigma_plus_tau_72 = [3.26],
  sigma_plus_tau_73 = [8.52],
  sigma_plus_tau_74 = [6.77],
  sigma_plus_tau_75 = [1.36],
  sigma_plus_tau_81 = [3.40],
  sigma_plus_tau_82 = [3.18],
  sigma_plus_tau_83 = [4.21],
  sigma_plus_tau_84 = [6.62],
  sigma_plus_tau_85 = [8.94],
  sigma_plus_tau_91 = [3.87],
  sigma_plus_tau_92 = [7.78],
  sigma_plus_tau_93 = [4.95],
  sigma_plus_tau_94 = [8.24],
  sigma_plus_tau_95 = [4.55],
  sigma_plus_tau_101 = [10.11],
  sigma_plus_tau_102 = [4.69],
  sigma_plus_tau_103 = [3.40],
  sigma_plus_tau_104 = [7.69],
  sigma_plus_tau_105 = [5.22],
  sigma_plus_tau_111 = [4.37],
  sigma_plus_tau_112 = [6.15],
  sigma_plus_tau_113 = [8.59],
  sigma_plus_tau_114 = [5.85],
  sigma_plus_tau_115 = [8.36],
  sigma_plus_tau_121 = [1.57],
  sigma_plus_tau_122 = [1.87],
  sigma_plus_tau_123 = [1.33],
  sigma_plus_tau_124 = [7.16],
  sigma_plus_tau_125 = [2.69],
  sigma_plus_tau_131 = [3.31],
  sigma_plus_tau_132 = [6.43],
  sigma_plus_tau_133 = [6.34],
  sigma_plus_tau_134 = [9.74],
  sigma_plus_tau_135 = [1.61],
  sigma_plus_tau_141 = [5.08],
  sigma_plus_tau_142 = [5.84],
  sigma_plus_tau_143 = [8.27],
  sigma_plus_tau_144 = [5.75],
  sigma_plus_tau_145 = [4.15],
  sigma_plus_tau_151 = [6.64],
  sigma_plus_tau_152 = [3.16],
  sigma_plus_tau_153 = [1.57],
  sigma_plus_tau_154 = [8.64],
  sigma_plus_tau_155 = [1.32],
  sigma_plus_tau_161 = [1.75],
  sigma_plus_tau_162 = [9.11],
  sigma_plus_tau_163 = [3.67],
  sigma_plus_tau_164 = [8.90],
  sigma_plus_tau_165 = [5.16],
  sigma_plus_tau_171 = [3.88],
  sigma_plus_tau_172 = [7.72],
  sigma_plus_tau_173 = [4.41],
  sigma_plus_tau_174 = [8.33],
  sigma_plus_tau_175 = [6.62],
  sigma_plus_tau_181 = [1.53],
  sigma_plus_tau_182 = [5.02],
  sigma_plus_tau_183 = [8.50],
  sigma_plus_tau_184 = [3.27],
  sigma_plus_tau_185 = [5.74],
  sigma_plus_tau_191 = [5.41],
  sigma_plus_tau_192 = [5.13],
  sigma_plus_tau_193 = [1.66],
  sigma_plus_tau_194 = [5.36],
  sigma_plus_tau_195 = [6.03],
  sigma_plus_tau_201 = [6.40],
  sigma_plus_tau_202 = [3.60],
  sigma_plus_tau_203 = [5.47],
  sigma_plus_tau_204 = [1.58],
  sigma_plus_tau_205 = [1.48],
]

Sigma - ¦Ó_{jk} = [
  sigma_minus_tau_11 = [-3.02],
  sigma_minus_tau_12 = [-2.22],
  sigma_minus_tau_13 = [-1.89],
  sigma_minus_tau_14 = [-1.00],
  sigma_minus_tau_15 = [-0.43],
  sigma_minus_tau_21 = [-2.23],
  sigma_minus_tau_22 = [-1.58],
  sigma_minus_tau_23 = [-1.81],
  sigma_minus_tau_24 = [-1.12],
  sigma_minus_tau_25 = [-1.74],
  sigma_minus_tau_31 = [-1.95],
  sigma_minus_tau_32 = [-1.20],
  sigma_minus_tau_33 = [-0.51],
  sigma_minus_tau_34 = [-2.34],
  sigma_minus_tau_35 = [-0.51],
  sigma_minus_tau_41 = [-0.98],
  sigma_minus_tau_42 = [-2.16],
  sigma_minus_tau_43 = [-3.24],
  sigma_minus_tau_44 = [-0.52],
  sigma_minus_tau_45 = [-1.52],
  sigma_minus_tau_51 = [-2.23],
  sigma_minus_tau_52 = [-1.02],
  sigma_minus_tau_53 = [-2.59],
  sigma_minus_tau_54 = [-2.12],
  sigma_minus_tau_55 = [-0.53],
  sigma_minus_tau_61 = [-2.26],
  sigma_minus_tau_62 = [-1.63],
  sigma_minus_tau_63 = [-1.79],
  sigma_minus_tau_64 = [-1.95],
  sigma_minus_tau_65 = [-1.81],
  sigma_minus_tau_71 = [-0.62],
  sigma_minus_tau_72 = [-1.09],
  sigma_minus_tau_73 = [-2.84],
  sigma_minus_tau_74 = [-2.26],
  sigma_minus_tau_75 = [-0.45],
  sigma_minus_tau_81 = [-1.13],
  sigma_minus_tau_82 = [-1.06],
  sigma_minus_tau_83 = [-1.40],
  sigma_minus_tau_84 = [-2.21],
  sigma_minus_tau_85 = [-2.98],
  sigma_minus_tau_91 = [-1.29],
  sigma_minus_tau_92 = [-2.59],
  sigma_minus_tau_93 = [-1.65],
  sigma_minus_tau_94 = [-2.75],
  sigma_minus_tau_95 = [-1.52],
  sigma_minus_tau_101 = [-3.37],
  sigma_minus_tau_102 = [-1.56],
  sigma_minus_tau_103 = [-1.13],
  sigma_minus_tau_104 = [-2.56],
  sigma_minus_tau_105 = [-1.74],
  sigma_minus_tau_111 = [-1.46],
  sigma_minus_tau_112 = [-2.05],
  sigma_minus_tau_113 = [-2.86],
  sigma_minus_tau_114 = [-1.95],
  sigma_minus_tau_115 = [-2.79],
  sigma_minus_tau_121 = [-0.52],
  sigma_minus_tau_122 = [-0.62],
  sigma_minus_tau_123 = [-0.44],
  sigma_minus_tau_124 = [-2.39],
  sigma_minus_tau_125 = [-0.90],
  sigma_minus_tau_131 = [-1.10],
  sigma_minus_tau_132 = [-2.14],
  sigma_minus_tau_133 = [-2.11],
  sigma_minus_tau_134 = [-3.25],
  sigma_minus_tau_135 = [-0.54],
  sigma_minus_tau_141 = [-1.69],
  sigma_minus_tau_142 = [-1.95],
  sigma_minus_tau_143 = [-2.76],
  sigma_minus_tau_144 = [-1.92],
  sigma_minus_tau_145 = [-1.38],
  sigma_minus_tau_151 = [-2.21],
  sigma_minus_tau_152 = [-1.05],
  sigma_minus_tau_153 = [-0.52],
  sigma_minus_tau_154 = [-2.88],
  sigma_minus_tau_155 = [-0.44],
  sigma_minus_tau_161 = [-0.58],
  sigma_minus_tau_162 = [-3.04],
  sigma_minus_tau_163 = [-1.22],
  sigma_minus_tau_164 = [-2.97],
  sigma_minus_tau_165 = [-1.72],
  sigma_minus_tau_171 = [-1.29],
  sigma_minus_tau_172 = [-2.57],
  sigma_minus_tau_173 = [-1.47],
  sigma_minus_tau_174 = [-2.78],
  sigma_minus_tau_175 = [-2.21],
  sigma_minus_tau_181 = [-0.51],
  sigma_minus_tau_182 = [-1.67],
  sigma_minus_tau_183 = [-2.83],
  sigma_minus_tau_184 = [-1.09],
  sigma_minus_tau_185 = [-1.91],
  sigma_minus_tau_191 = [-1.80],
  sigma_minus_tau_192 = [-1.71],
  sigma_minus_tau_193 = [-0.55],
  sigma_minus_tau_194 = [-1.79],
  sigma_minus_tau_195 = [-2.01],
  sigma_minus_tau_201 = [-2.13],
  sigma_minus_tau_202 = [-1.20],
  sigma_minus_tau_203 = [-1.82],
  sigma_minus_tau_204 = [-0.53],
  sigma_minus_tau_205 = [-0.49],
]

Probabilities (p_s) = [
0.05, 0.05, 0.05, 0.05, 0.05, 0.05, 0.05, 0.05, 0.05, 0.05, 0.05, 0.05, 0.05, 0.05, 0.05, 0.05, 0.05, 0.05, 0.05, 0.05
]

c_bar = 8.01
