Jobs = 20
Machines = 5
Scenarios = 20

Ready Times (rj) = [
0.00, 0.00, 0.00, 0.00, 0.00, 0.00, 0.00, 0.00, 0.00, 0.00, 0.00, 0.00, 0.00, 0.00, 0.00, 0.00, 0.00, 0.00, 0.00, 0.00
]

Transportation Times (tjk^s) = [
  tjk_11 = [3.10, 3.63, 4.73, 3.65, 4.39, 3.85, 5.07, 4.78, 1.92, 3.56, 4.03, 5.61, 2.46, 5.78, 8.60, 3.80, 5.86, 10.72, 5.48, 2.73],
  tjk_12 = [1.32, 1.81, 1.65, 1.62, 1.42, 1.25, 1.46, 2.48, 1.58, 2.41, 2.27, 4.81, 2.39, 1.31, 3.95, 2.14, 1.81, 1.67, 0.10, 3.93],
  tjk_13 = [3.70, 1.19, 1.14, 4.05, 2.40, 0.81, 2.17, 2.04, 1.14, 2.60, 2.72, 0.20, 1.18, 2.71, 1.60, 3.54, 1.98, 0.98, 3.75, 1.30],
  tjk_14 = [0.75, 0.68, 0.85, 0.46, 1.66, 1.24, 0.83, 0.39, 0.86, 0.49, 1.62, 0.81, 1.96, 1.07, 0.62, 1.20, 1.26, 1.01, 0.84, 1.56],
  tjk_15 = [5.39, 1.30, 2.56, 3.06, 0.71, 2.18, 15.38, 4.73, 3.41, 4.13, 3.78, 1.84, 2.37, 2.69, 1.75, 1.89, 1.38, 2.16, 2.91, 4.13],
  tjk_21 = [2.60, 5.98, 7.92, 6.04, 6.06, 5.22, 9.60, 5.73, 0.90, 5.50, 4.60, 2.96, 5.22, 1.71, 6.24, 2.59, 3.55, 5.42, 3.79, 2.69],
  tjk_22 = [3.72, 4.00, 3.31, 4.59, 3.02, 2.91, 9.09, 3.20, 1.63, 4.81, 4.65, 1.96, 4.80, 2.11, 2.87, 9.10, 4.09, 2.03, 4.12, 4.42],
  tjk_23 = [0.82, 1.26, 0.34, 0.86, 1.32, 1.22, 0.78, 1.16, 0.69, 1.17, 0.20, 1.29, 1.02, 0.80, 1.53, 0.53, 0.24, 1.49, 1.17, 0.61],
  tjk_24 = [0.97, 0.74, 0.83, 1.86, 1.31, 2.12, 0.47, 0.84, 0.49, 0.98, 1.63, 0.10, 1.35, 1.64, 0.80, 1.35, 1.83, 0.34, 1.07, 1.24],
  tjk_25 = [3.46, 4.68, 1.74, 6.67, 4.14, 6.16, 3.92, 4.45, 9.06, 3.17, 1.07, 6.11, 4.15, 4.13, 3.73, 9.63, 5.42, 5.12, 2.41, 6.87],
  tjk_31 = [0.78, 0.63, 1.12, 1.34, 1.38, 0.91, 0.92, 1.03, 0.90, 1.15, 1.65, 0.89, 1.20, 0.59, 2.10, 0.71, 1.63, 0.34, 2.39, 1.49],
  tjk_32 = [2.53, 7.24, 1.94, 5.09, 2.23, 5.54, 6.64, 3.10, 1.70, 7.15, 9.13, 7.92, 3.56, 4.92, 8.32, 8.50, 0.10, 2.85, 5.33, 3.58],
  tjk_33 = [1.46, 3.45, 3.70, 4.26, 1.08, 4.64, 2.59, 1.77, 9.41, 2.90, 1.76, 3.45, 2.79, 5.92, 0.10, 2.07, 5.14, 6.24, 3.49, 5.95],
  tjk_34 = [4.65, 3.75, 5.84, 2.78, 3.86, 3.58, 10.76, 6.58, 5.12, 4.63, 7.28, 2.73, 2.70, 2.35, 6.15, 2.26, 6.36, 3.91, 4.66, 4.94],
  tjk_35 = [6.75, 2.50, 0.66, 2.61, 0.60, 4.71, 4.89, 2.69, 10.05, 2.54, 1.80, 5.01, 3.89, 4.18, 7.13, 1.81, 1.86, 0.75, 7.20, 4.37],
  tjk_41 = [0.37, 1.61, 1.68, 1.15, 1.22, 3.71, 2.66, 1.70, 2.77, 2.92, 1.43, 2.06, 5.06, 3.17, 1.21, 1.64, 3.18, 0.65, 0.10, 4.03],
  tjk_42 = [1.15, 2.73, 2.71, 5.72, 5.60, 1.97, 4.65, 3.91, 1.71, 7.73, 4.72, 2.44, 1.59, 1.73, 4.86, 4.55, 1.77, 2.05, 2.37, 2.91],
  tjk_43 = [5.40, 3.29, 5.96, 2.69, 3.26, 6.71, 1.94, 5.90, 6.53, 1.43, 4.32, 5.33, 6.72, 4.03, 4.65, 1.35, 5.95, 3.10, 4.65, 2.51],
  tjk_44 = [4.01, 2.77, 2.92, 5.66, 2.12, 4.09, 5.18, 1.70, 3.57, 1.94, 0.94, 4.70, 3.39, 3.92, 4.09, 4.09, 2.42, 3.17, 1.75, 3.48],
  tjk_45 = [1.14, 0.56, 0.81, 1.75, 1.40, 0.95, 2.31, 0.76, 0.85, 1.06, 1.62, 0.79, 1.30, 1.01, 1.37, 0.18, 1.06, 0.94, 0.76, 0.29],
  tjk_51 = [2.20, 4.65, 9.17, 7.01, 3.91, 4.84, 7.25, 2.98, 5.21, 2.36, 5.88, 4.89, 4.15, 4.50, 6.50, 4.28, 7.39, 4.08, 1.44, 3.17],
  tjk_52 = [3.89, 1.84, 2.84, 4.62, 2.03, 9.34, 4.53, 4.67, 7.58, 10.14, 11.91, 6.41, 2.66, 4.47, 6.72, 3.35, 2.85, 3.64, 2.76, 3.41],
  tjk_53 = [3.39, 1.80, 3.27, 1.58, 5.79, 1.95, 1.70, 1.81, 1.55, 2.84, 1.98, 1.62, 0.89, 1.59, 3.69, 1.77, 2.11, 1.62, 3.75, 2.00],
  tjk_54 = [2.09, 1.50, 2.33, 2.52, 1.79, 2.97, 5.11, 1.33, 3.57, 1.20, 4.13, 3.27, 4.96, 3.29, 7.21, 2.03, 3.64, 1.19, 0.78, 1.41],
  tjk_55 = [3.38, 4.31, 4.76, 3.53, 6.33, 4.83, 5.43, 4.48, 2.49, 4.68, 3.05, 3.56, 3.21, 4.14, 1.59, 6.97, 5.41, 4.18, 2.50, 3.72],
  tjk_61 = [9.11, 7.58, 6.35, 7.71, 10.16, 4.02, 7.43, 1.97, 4.64, 6.33, 7.70, 12.19, 6.83, 7.76, 9.55, 5.43, 3.60, 3.44, 3.57, 5.19],
  tjk_62 = [5.51, 4.06, 4.41, 5.57, 3.06, 2.27, 4.26, 2.99, 5.82, 4.53, 2.85, 1.77, 3.38, 3.45, 4.75, 2.59, 1.13, 4.50, 5.63, 3.53],
  tjk_63 = [1.64, 0.81, 1.44, 0.87, 0.46, 1.63, 1.61, 0.60, 1.70, 1.40, 1.09, 1.83, 0.87, 0.97, 1.72, 1.60, 0.60, 1.39, 0.57, 0.89],
  tjk_64 = [1.77, 2.52, 1.72, 1.76, 1.26, 1.58, 1.92, 0.99, 1.16, 0.75, 1.54, 1.25, 0.66, 0.75, 1.08, 1.09, 0.82, 0.65, 0.10, 0.74],
  tjk_65 = [1.15, 3.67, 4.21, 7.37, 1.72, 4.04, 6.83, 6.44, 4.09, 5.36, 0.74, 4.68, 8.65, 8.14, 4.89, 13.25, 6.52, 3.68, 3.66, 4.42],
  tjk_71 = [0.55, 1.93, 2.02, 1.63, 1.64, 0.84, 2.45, 2.65, 2.58, 2.11, 2.34, 2.54, 1.52, 1.04, 3.48, 2.41, 4.16, 1.51, 2.83, 1.86],
  tjk_72 = [7.20, 1.56, 3.24, 3.19, 1.24, 4.85, 4.19, 1.44, 4.12, 3.00, 3.83, 0.60, 3.36, 6.76, 1.49, 2.33, 7.50, 4.51, 2.90, 2.95],
  tjk_73 = [5.14, 2.97, 3.29, 7.66, 6.23, 8.84, 2.13, 3.64, 5.14, 8.94, 5.34, 5.60, 5.73, 2.39, 19.19, 6.95, 6.02, 3.31, 1.87, 2.56],
  tjk_74 = [4.00, 2.45, 3.12, 1.91, 2.50, 4.43, 4.65, 1.63, 2.64, 3.87, 5.20, 6.50, 5.47, 4.00, 2.59, 2.71, 3.15, 2.10, 4.63, 3.22],
  tjk_75 = [2.54, 2.34, 1.08, 3.79, 1.90, 2.14, 5.10, 3.47, 4.85, 2.22, 6.10, 4.25, 0.90, 5.31, 2.52, 5.50, 4.58, 2.27, 4.47, 5.16],
  tjk_81 = [3.47, 4.12, 3.25, 1.51, 3.55, 2.51, 7.00, 4.27, 2.11, 1.51, 3.25, 4.42, 3.66, 3.04, 3.84, 1.70, 2.27, 1.83, 2.63, 2.54],
  tjk_82 = [11.40, 7.01, 8.21, 8.06, 5.49, 1.46, 2.34, 4.06, 0.10, 4.59, 7.53, 4.74, 3.54, 4.85, 8.65, 2.16, 2.30, 7.89, 3.36, 5.77],
  tjk_83 = [8.09, 5.54, 4.41, 7.75, 1.25, 5.77, 0.10, 6.24, 6.72, 6.74, 3.84, 7.00, 12.60, 12.25, 4.79, 8.73, 2.08, 4.73, 4.63, 3.25],
  tjk_84 = [0.69, 1.01, 0.88, 0.69, 0.84, 0.79, 0.41, 0.52, 1.32, 0.87, 0.16, 1.02, 0.41, 0.47, 0.78, 0.82, 1.02, 1.02, 1.01, 1.05],
  tjk_85 = [3.74, 3.47, 1.39, 2.72, 1.97, 0.93, 4.61, 3.18, 3.20, 2.26, 4.30, 3.43, 3.82, 2.25, 4.74, 3.53, 3.82, 2.84, 2.58, 2.67],
  tjk_91 = [5.34, 3.44, 2.38, 4.11, 1.79, 6.20, 4.66, 3.42, 5.82, 1.27, 3.31, 3.75, 2.55, 2.46, 4.10, 4.09, 2.41, 2.98, 3.14, 3.23],
  tjk_92 = [1.28, 3.40, 5.24, 1.22, 0.80, 2.00, 0.77, 1.80, 2.05, 1.89, 1.84, 5.31, 1.86, 0.10, 2.58, 1.28, 1.34, 1.36, 1.21, 1.08],
  tjk_93 = [2.38, 1.63, 1.49, 1.39, 0.94, 2.25, 3.01, 0.79, 0.30, 2.07, 3.23, 1.61, 2.62, 2.29, 1.63, 3.10, 1.49, 0.42, 2.15, 1.05],
  tjk_94 = [3.73, 3.75, 1.71, 0.60, 4.82, 2.24, 3.93, 4.41, 0.72, 3.96, 2.78, 3.17, 4.17, 3.17, 2.41, 0.62, 1.37, 3.03, 3.76, 5.82],
  tjk_95 = [3.66, 6.39, 2.98, 3.32, 2.03, 4.37, 3.74, 5.68, 1.57, 4.24, 5.05, 7.02, 5.16, 4.63, 3.16, 8.02, 4.00, 5.07, 3.35, 1.59],
  tjk_101 = [6.07, 7.74, 6.02, 4.68, 3.54, 0.45, 8.91, 3.86, 2.15, 2.63, 2.10, 4.91, 6.89, 2.68, 6.06, 3.91, 3.86, 7.20, 14.35, 6.79],
  tjk_102 = [1.51, 5.19, 2.84, 1.74, 1.73, 3.65, 4.65, 3.52, 2.82, 1.90, 1.78, 3.31, 5.05, 4.63, 2.05, 2.04, 1.71, 1.86, 0.24, 8.19],
  tjk_103 = [6.57, 14.03, 2.59, 5.95, 3.37, 3.80, 3.73, 2.24, 4.19, 2.78, 6.74, 2.15, 5.04, 5.09, 6.51, 1.64, 0.10, 5.24, 2.27, 0.30],
  tjk_104 = [6.98, 5.20, 2.56, 3.43, 2.55, 3.90, 2.01, 10.71, 7.68, 3.46, 4.87, 3.91, 6.19, 3.48, 5.43, 3.44, 5.01, 2.66, 9.84, 0.39],
  tjk_105 = [2.91, 2.59, 2.68, 1.99, 1.32, 5.44, 6.69, 2.47, 3.56, 4.14, 5.13, 2.05, 1.56, 3.61, 4.74, 4.05, 2.88, 3.61, 7.26, 2.83],
  tjk_111 = [2.56, 2.14, 0.33, 1.59, 2.65, 0.92, 2.23, 2.26, 1.50, 1.63, 3.65, 3.35, 2.07, 3.33, 3.73, 1.42, 1.75, 1.69, 1.08, 1.66],
  tjk_112 = [8.47, 2.34, 4.11, 3.77, 8.24, 5.54, 4.46, 6.67, 3.39, 8.23, 3.75, 8.31, 1.59, 5.21, 3.43, 7.27, 2.94, 5.00, 15.21, 4.15],
  tjk_113 = [3.15, 2.12, 2.45, 3.02, 2.78, 4.61, 1.35, 4.59, 3.02, 2.62, 7.03, 6.01, 5.23, 1.87, 2.43, 5.20, 3.39, 0.58, 7.10, 4.95],
  tjk_114 = [1.15, 1.20, 0.75, 0.84, 0.44, 1.80, 1.65, 0.76, 1.42, 0.45, 1.09, 0.85, 1.46, 0.76, 1.13, 0.48, 0.69, 0.83, 1.33, 1.02],
  tjk_115 = [6.30, 7.82, 4.56, 6.13, 10.56, 5.30, 7.43, 5.13, 1.60, 9.72, 1.61, 6.38, 4.52, 1.81, 0.14, 6.72, 1.63, 17.15, 8.46, 5.60],
  tjk_121 = [1.87, 3.12, 1.39, 2.75, 2.94, 8.07, 6.85, 8.62, 2.87, 1.21, 3.65, 7.16, 6.25, 4.14, 6.50, 6.78, 2.05, 4.76, 4.71, 5.03],
  tjk_122 = [0.35, 1.00, 0.55, 1.62, 0.67, 0.57, 2.17, 0.81, 0.67, 0.39, 0.75, 0.58, 1.52, 1.04, 0.55, 1.86, 0.63, 1.51, 1.34, 1.36],
  tjk_123 = [4.31, 7.20, 6.13, 4.57, 4.18, 1.46, 4.10, 2.94, 2.92, 3.08, 2.08, 1.05, 5.91, 2.67, 0.10, 3.39, 3.16, 6.84, 4.09, 2.31],
  tjk_124 = [1.70, 0.54, 0.55, 0.57, 0.80, 1.58, 1.75, 0.98, 1.79, 0.94, 0.79, 1.52, 0.98, 0.67, 0.49, 0.65, 1.56, 0.94, 0.43, 2.18],
  tjk_125 = [2.56, 2.27, 1.67, 5.70, 3.49, 4.60, 2.86, 2.19, 1.34, 6.03, 8.09, 5.06, 4.84, 5.59, 3.17, 4.51, 3.25, 5.10, 3.94, 3.59],
  tjk_131 = [1.73, 3.80, 2.44, 4.05, 6.81, 1.50, 2.65, 2.87, 2.01, 1.71, 5.08, 3.50, 2.13, 2.42, 1.14, 2.93, 2.87, 2.05, 3.17, 1.65],
  tjk_132 = [5.81, 1.62, 3.44, 6.69, 6.48, 4.60, 5.08, 2.32, 5.40, 13.84, 2.44, 1.10, 6.31, 6.26, 9.33, 4.86, 15.39, 6.13, 9.79, 6.01],
  tjk_133 = [2.64, 4.45, 5.62, 2.62, 3.83, 2.22, 3.16, 2.99, 2.64, 3.73, 2.24, 3.52, 3.63, 2.78, 2.54, 6.23, 3.10, 3.06, 2.13, 5.05],
  tjk_134 = [2.24, 3.84, 2.11, 2.82, 1.87, 3.22, 2.13, 2.67, 3.58, 2.81, 3.64, 2.57, 2.59, 2.70, 2.62, 2.41, 1.22, 1.53, 2.45, 2.06],
  tjk_135 = [5.51, 2.15, 3.62, 3.50, 1.26, 1.94, 1.05, 1.54, 1.84, 1.26, 1.28, 2.05, 2.68, 2.71, 3.48, 2.18, 1.87, 3.70, 2.91, 2.02],
  tjk_141 = [1.06, 1.40, 1.60, 0.35, 1.55, 1.44, 1.36, 0.56, 0.48, 2.33, 1.28, 1.48, 1.98, 0.70, 1.60, 0.47, 0.68, 1.99, 0.70, 1.74],
  tjk_142 = [6.17, 3.17, 5.39, 0.38, 3.20, 3.14, 2.67, 5.79, 2.84, 1.49, 2.25, 3.01, 2.56, 2.27, 5.94, 3.74, 2.70, 5.37, 7.93, 3.82],
  tjk_143 = [1.84, 1.38, 2.58, 3.04, 3.43, 1.88, 0.10, 2.02, 2.32, 1.26, 3.67, 2.32, 3.00, 0.10, 3.50, 2.29, 3.64, 1.57, 1.15, 3.74],
  tjk_144 = [1.30, 2.61, 0.92, 0.93, 0.81, 2.19, 1.25, 0.98, 1.06, 1.47, 1.31, 0.57, 2.03, 1.65, 0.83, 2.65, 2.02, 1.30, 0.93, 1.27],
  tjk_145 = [1.75, 7.93, 4.23, 2.98, 5.49, 4.35, 2.61, 3.08, 9.29, 6.68, 4.41, 3.02, 5.38, 4.40, 5.31, 6.16, 5.70, 1.27, 5.09, 1.81],
  tjk_151 = [3.58, 1.88, 6.62, 4.30, 9.25, 7.11, 4.49, 1.31, 0.55, 3.01, 5.85, 1.95, 5.94, 1.35, 9.50, 2.32, 5.30, 2.95, 2.17, 2.84],
  tjk_152 = [1.98, 1.58, 1.17, 6.84, 1.92, 3.43, 2.38, 3.76, 2.96, 5.13, 4.42, 3.79, 2.87, 4.14, 3.52, 2.17, 3.19, 2.52, 3.82, 3.15],
  tjk_153 = [1.82, 2.21, 2.53, 2.84, 1.09, 2.32, 0.98, 2.87, 1.66, 2.30, 1.79, 2.42, 1.28, 1.67, 1.56, 2.45, 2.90, 1.12, 4.01, 2.09],
  tjk_154 = [5.14, 0.80, 3.43, 2.03, 5.01, 2.19, 4.24, 3.20, 0.10, 5.46, 4.15, 10.51, 2.82, 5.06, 2.95, 3.10, 3.74, 3.00, 5.04, 4.50],
  tjk_155 = [0.96, 3.92, 1.41, 1.62, 1.58, 3.00, 1.41, 2.53, 2.95, 1.64, 1.07, 1.64, 0.32, 2.92, 1.24, 1.01, 2.80, 3.48, 3.90, 1.37],
  tjk_161 = [6.42, 7.22, 1.61, 1.15, 15.74, 6.00, 6.73, 5.38, 7.40, 7.11, 5.97, 4.13, 4.95, 6.44, 6.03, 3.69, 6.69, 3.59, 4.02, 2.34],
  tjk_162 = [2.76, 0.25, 3.36, 1.54, 1.12, 0.66, 1.49, 2.57, 3.42, 1.57, 1.66, 3.24, 1.75, 0.20, 2.09, 2.38, 2.50, 1.20, 1.81, 3.25],
  tjk_163 = [4.78, 4.37, 3.54, 5.35, 4.74, 4.54, 1.36, 1.99, 3.58, 9.50, 1.55, 2.46, 5.05, 4.01, 1.50, 2.22, 7.05, 4.38, 2.06, 1.55],
  tjk_164 = [3.61, 5.91, 4.74, 1.10, 3.17, 1.59, 3.48, 4.02, 4.34, 2.22, 3.42, 3.79, 0.10, 3.57, 3.39, 2.20, 2.34, 1.23, 2.22, 4.34],
  tjk_165 = [0.99, 2.45, 4.84, 2.99, 2.76, 2.07, 2.98, 6.61, 1.58, 5.09, 0.84, 1.43, 3.77, 0.10, 2.65, 3.08, 2.47, 1.85, 3.70, 5.27],
  tjk_171 = [3.57, 8.20, 3.92, 2.17, 6.25, 2.23, 2.36, 2.07, 1.37, 1.91, 1.79, 3.26, 4.32, 3.92, 3.19, 3.47, 7.57, 6.74, 4.75, 3.35],
  tjk_172 = [0.81, 1.30, 0.26, 0.93, 4.27, 6.78, 2.64, 2.42, 2.54, 3.55, 1.48, 2.48, 3.77, 2.00, 1.31, 4.39, 2.67, 1.54, 2.27, 2.54],
  tjk_173 = [5.51, 3.33, 3.27, 0.57, 2.50, 0.82, 2.80, 0.53, 2.84, 1.31, 1.65, 4.08, 2.22, 0.66, 1.30, 0.60, 3.31, 1.21, 2.91, 2.35],
  tjk_174 = [2.35, 2.83, 2.64, 2.24, 1.32, 0.96, 2.90, 1.45, 3.66, 2.46, 4.30, 2.12, 2.35, 2.96, 0.10, 1.63, 1.47, 2.76, 1.20, 3.45],
  tjk_175 = [0.77, 4.82, 10.08, 6.24, 8.06, 7.75, 2.90, 0.10, 4.02, 7.67, 0.31, 6.81, 12.27, 3.47, 3.00, 3.24, 3.12, 7.27, 4.54, 2.68],
  tjk_181 = [5.99, 6.47, 0.18, 5.59, 7.09, 3.67, 2.55, 3.93, 6.86, 2.95, 9.76, 2.99, 4.71, 4.71, 2.37, 2.34, 3.90, 2.47, 3.66, 0.39],
  tjk_182 = [3.40, 7.10, 4.15, 2.59, 7.02, 6.37, 2.78, 1.93, 4.60, 2.20, 3.33, 4.16, 4.53, 5.29, 1.36, 2.33, 6.60, 3.73, 6.30, 4.21],
  tjk_183 = [4.73, 1.16, 3.98, 5.63, 3.78, 5.51, 3.48, 5.54, 2.19, 3.07, 1.64, 4.85, 3.34, 1.60, 3.90, 3.26, 3.22, 2.64, 4.09, 4.31],
  tjk_184 = [2.33, 1.67, 1.94, 3.23, 4.32, 3.19, 3.49, 3.63, 2.17, 5.36, 1.38, 4.41, 0.10, 2.90, 3.78, 2.81, 2.37, 2.34, 2.37, 3.48],
  tjk_185 = [1.70, 3.76, 2.93, 1.31, 0.99, 2.33, 0.98, 1.92, 1.65, 3.13, 0.56, 2.06, 1.60, 1.15, 3.39, 1.90, 0.74, 1.83, 1.19, 3.40],
  tjk_191 = [2.63, 1.54, 3.62, 3.50, 2.08, 3.14, 0.59, 0.95, 2.66, 2.93, 1.82, 2.65, 4.54, 2.56, 3.60, 3.30, 1.42, 1.69, 1.10, 1.72],
  tjk_192 = [4.66, 4.58, 6.04, 4.33, 4.47, 5.94, 3.72, 3.77, 6.25, 14.65, 3.48, 6.15, 5.71, 3.44, 2.15, 4.74, 5.42, 2.62, 2.73, 7.06],
  tjk_193 = [8.05, 9.31, 8.64, 16.83, 9.67, 3.02, 7.72, 5.98, 8.41, 4.27, 6.76, 7.41, 3.65, 6.59, 8.29, 0.10, 2.01, 5.59, 3.40, 3.80],
  tjk_194 = [2.76, 2.08, 0.78, 2.14, 2.51, 3.26, 0.68, 1.97, 2.38, 1.54, 2.12, 2.51, 2.26, 2.04, 2.47, 3.24, 1.90, 0.10, 1.90, 2.28],
  tjk_195 = [2.13, 2.30, 2.77, 3.92, 2.79, 2.22, 5.83, 3.48, 5.51, 2.74, 3.13, 2.96, 3.73, 4.16, 3.27, 5.06, 5.94, 2.72, 12.03, 4.79],
  tjk_201 = [2.86, 0.62, 3.02, 3.61, 2.84, 4.45, 2.85, 2.49, 5.97, 2.98, 3.32, 3.27, 4.11, 4.42, 1.93, 5.80, 1.96, 3.45, 2.06, 2.87],
  tjk_202 = [7.49, 4.17, 3.36, 5.20, 3.05, 1.67, 1.62, 6.59, 3.52, 2.75, 14.78, 2.47, 3.57, 3.84, 4.48, 1.38, 4.91, 4.76, 5.46, 2.98],
  tjk_203 = [1.92, 2.59, 0.10, 2.97, 3.73, 2.48, 1.69, 3.78, 2.67, 8.59, 2.78, 5.93, 1.65, 3.27, 3.31, 1.91, 2.80, 2.92, 1.57, 1.31],
  tjk_204 = [1.16, 1.47, 3.12, 1.61, 6.81, 2.90, 2.58, 0.94, 0.10, 3.26, 1.13, 3.54, 1.74, 1.89, 2.38, 2.89, 1.90, 1.94, 2.45, 1.77],
  tjk_205 = [3.56, 2.60, 4.51, 1.19, 4.00, 3.70, 5.09, 2.70, 2.13, 3.42, 4.47, 1.67, 1.90, 11.24, 4.61, 3.71, 3.38, 1.10, 2.90, 0.66],
]

Service Times (¦Î_{jk}^s) = [
  xi_11 = [1.96, 6.88, 0.10, 0.89, 2.72, 10.32, 7.18, 5.51, 0.26, 0.10, 0.10, 3.81, 3.11, 1.34, 11.00, 3.87, 4.86, 10.17, 5.92, 7.56],
  xi_12 = [0.10, 2.92, 19.76, 7.55, 2.72, 1.85, 0.67, 2.44, 4.69, 4.64, 0.10, 3.50, 2.19, 13.18, 0.10, 4.26, 8.87, 9.16, 3.46, 6.19],
  xi_13 = [2.90, 5.93, 8.53, 0.10, 0.10, 5.28, 7.19, 0.10, 1.85, 1.77, 1.40, 4.28, 0.10, 14.30, 4.17, 2.54, 8.53, 1.86, 2.68, 1.38],
  xi_14 = [26.71, 23.50, 8.21, 8.81, 5.20, 7.53, 17.15, 16.70, 5.09, 18.95, 22.89, 0.10, 24.52, 0.10, 52.66, 5.99, 18.15, 5.35, 4.02, 0.10],
  xi_15 = [0.10, 4.82, 8.76, 2.35, 2.56, 5.70, 0.10, 2.11, 4.38, 9.18, 6.86, 1.22, 4.10, 2.31, 0.10, 23.65, 3.29, 9.59, 2.63, 7.31],
  xi_21 = [0.10, 0.74, 1.24, 2.49, 0.10, 2.96, 0.10, 0.10, 7.37, 3.56, 0.10, 0.10, 1.39, 2.08, 2.94, 2.63, 6.23, 0.10, 2.51, 1.00],
  xi_22 = [4.94, 5.77, 4.46, 12.35, 3.75, 8.01, 3.52, 3.41, 7.14, 0.10, 4.86, 0.10, 9.05, 2.33, 0.10, 3.85, 12.95, 0.10, 2.28, 5.26],
  xi_23 = [3.54, 3.37, 4.08, 0.67, 2.40, 2.28, 0.26, 1.01, 0.73, 1.26, 2.66, 3.83, 0.10, 0.10, 1.68, 0.81, 1.30, 0.99, 0.73, 5.08],
  xi_24 = [3.91, 5.00, 4.47, 9.51, 0.10, 14.99, 7.04, 0.10, 27.14, 9.24, 10.66, 9.43, 3.92, 10.32, 6.68, 15.95, 17.17, 1.36, 0.10, 10.91],
  xi_25 = [11.73, 4.12, 2.03, 0.10, 3.26, 0.10, 16.08, 2.80, 0.93, 5.72, 0.10, 3.20, 6.72, 2.43, 3.90, 10.85, 4.49, 5.71, 15.75, 13.73],
  xi_31 = [2.51, 3.66, 1.39, 2.55, 2.68, 5.90, 0.71, 14.52, 0.10, 9.52, 5.10, 1.35, 3.72, 0.10, 3.03, 0.90, 2.61, 2.32, 2.03, 0.10],
  xi_32 = [1.76, 2.00, 5.23, 3.45, 0.10, 13.33, 0.10, 3.65, 6.13, 5.24, 0.10, 8.19, 2.73, 2.08, 14.44, 5.74, 1.52, 6.79, 0.10, 2.88],
  xi_33 = [0.10, 0.10, 0.10, 0.10, 50.14, 0.10, 4.72, 7.19, 15.40, 3.48, 0.10, 10.55, 0.10, 10.92, 29.19, 7.22, 7.61, 31.62, 13.20, 24.13],
  xi_34 = [6.10, 7.23, 1.43, 0.10, 0.10, 5.43, 3.59, 0.10, 4.52, 5.29, 0.10, 2.33, 3.46, 0.10, 3.30, 4.58, 3.00, 2.10, 4.40, 3.46],
  xi_35 = [4.59, 3.80, 0.78, 0.10, 2.78, 9.20, 2.99, 3.69, 0.10, 3.82, 0.10, 1.90, 5.56, 1.69, 1.28, 7.36, 1.22, 2.19, 6.98, 7.06],
  xi_41 = [5.03, 5.12, 0.10, 0.40, 3.73, 4.74, 0.10, 0.10, 13.32, 0.10, 0.10, 0.10, 10.17, 0.70, 12.18, 7.65, 4.33, 9.78, 7.71, 8.68],
  xi_42 = [7.48, 3.93, 8.96, 3.08, 0.10, 11.96, 7.14, 0.10, 8.31, 8.98, 4.38, 4.14, 8.11, 11.40, 0.10, 9.54, 0.10, 4.82, 2.75, 12.00],
  xi_43 = [4.32, 9.46, 12.81, 23.40, 6.08, 6.33, 0.10, 17.73, 3.02, 0.10, 4.67, 3.59, 0.10, 5.28, 5.68, 10.65, 1.97, 9.27, 6.11, 6.00],
  xi_44 = [5.68, 6.42, 0.10, 3.66, 13.97, 0.10, 6.03, 3.34, 11.70, 4.24, 12.90, 5.75, 4.44, 2.37, 5.84, 0.10, 4.13, 5.92, 0.10, 13.04],
  xi_45 = [11.11, 6.21, 11.92, 5.88, 0.10, 10.45, 8.63, 20.79, 0.10, 7.28, 14.45, 3.82, 3.63, 39.00, 0.10, 32.85, 8.97, 9.21, 5.17, 37.65],
  xi_51 = [11.44, 0.10, 0.82, 2.87, 5.65, 4.11, 2.55, 2.29, 0.99, 3.65, 4.02, 0.10, 1.96, 0.10, 3.87, 5.26, 10.13, 4.63, 9.60, 9.63],
  xi_52 = [0.10, 11.03, 0.10, 11.46, 7.97, 5.48, 10.92, 56.79, 13.15, 48.43, 0.10, 5.51, 0.10, 2.16, 9.35, 7.62, 3.66, 47.86, 20.01, 0.10],
  xi_53 = [2.14, 0.10, 7.34, 6.62, 19.33, 6.73, 18.78, 7.10, 4.34, 0.10, 7.92, 0.10, 4.91, 0.10, 7.82, 9.31, 5.27, 4.49, 5.37, 11.07],
  xi_54 = [0.10, 22.47, 9.33, 11.07, 2.35, 2.36, 29.66, 29.24, 40.04, 0.10, 8.13, 18.01, 3.99, 11.02, 16.84, 11.63, 15.39, 25.44, 0.10, 16.47],
  xi_55 = [5.78, 7.44, 9.31, 6.01, 5.78, 4.83, 0.10, 19.12, 12.56, 3.67, 4.79, 0.10, 8.43, 8.89, 0.10, 6.67, 0.10, 7.14, 15.68, 5.91],
  xi_61 = [0.10, 11.56, 25.40, 0.10, 0.10, 5.65, 27.47, 6.93, 17.05, 13.11, 9.07, 4.75, 13.76, 0.10, 32.21, 10.33, 9.07, 18.24, 0.10, 0.10],
  xi_62 = [0.10, 3.19, 7.02, 4.34, 9.55, 0.98, 5.73, 0.10, 6.45, 4.07, 2.72, 1.51, 2.08, 3.15, 1.20, 1.87, 2.15, 5.65, 0.48, 3.39],
  xi_63 = [11.91, 29.82, 11.64, 9.24, 5.33, 19.34, 9.90, 21.70, 10.88, 18.70, 0.10, 13.42, 6.84, 16.17, 10.19, 15.32, 6.58, 15.28, 58.49, 5.57],
  xi_64 = [4.63, 4.68, 0.10, 3.89, 12.41, 4.22, 8.05, 0.10, 4.42, 7.04, 0.71, 12.56, 7.49, 2.36, 0.46, 9.27, 10.27, 14.75, 9.61, 0.10],
  xi_65 = [6.07, 0.10, 24.63, 28.27, 5.79, 12.76, 11.01, 60.00, 7.78, 6.11, 20.33, 15.90, 15.23, 27.60, 22.65, 23.21, 0.10, 7.40, 30.07, 0.55],
  xi_71 = [1.68, 0.45, 2.15, 0.91, 0.93, 0.19, 0.10, 0.10, 0.10, 0.10, 0.42, 0.97, 0.10, 1.77, 0.49, 0.66, 0.31, 0.10, 0.77, 3.23],
  xi_72 = [0.10, 0.10, 6.39, 0.10, 1.67, 1.64, 3.53, 0.10, 2.51, 2.88, 1.98, 7.18, 3.87, 3.82, 1.77, 2.22, 1.81, 2.48, 2.50, 2.72],
  xi_73 = [0.10, 21.63, 0.10, 0.10, 4.85, 13.04, 4.27, 6.03, 8.75, 0.10, 11.23, 17.04, 0.10, 14.52, 6.27, 0.10, 1.71, 14.77, 4.55, 9.03],
  xi_74 = [5.33, 0.10, 6.18, 4.73, 11.55, 10.77, 1.59, 3.66, 0.10, 2.16, 5.38, 10.42, 0.10, 0.10, 6.08, 4.37, 2.57, 0.42, 4.46, 3.34],
  xi_75 = [4.36, 2.98, 0.10, 0.10, 5.50, 3.30, 8.44, 3.88, 4.12, 0.10, 3.63, 2.03, 0.10, 6.70, 9.65, 12.97, 2.56, 12.07, 3.75, 0.10],
  xi_81 = [5.25, 13.30, 0.10, 0.12, 5.19, 0.10, 5.70, 5.78, 18.93, 8.12, 18.02, 0.17, 24.32, 0.10, 48.26, 5.20, 0.10, 13.24, 39.25, 7.43],
  xi_82 = [2.36, 3.93, 13.74, 1.25, 0.10, 1.93, 4.32, 0.10, 4.41, 1.72, 2.76, 0.63, 6.73, 14.48, 2.09, 0.10, 7.66, 4.63, 4.19, 2.87],
  xi_83 = [5.85, 1.74, 0.10, 0.72, 0.81, 5.19, 0.94, 0.10, 0.11, 0.68, 0.84, 1.47, 0.88, 0.35, 1.57, 0.63, 0.10, 2.02, 0.15, 1.04],
  xi_84 = [0.91, 0.21, 0.10, 1.95, 0.10, 0.10, 2.00, 3.62, 3.11, 4.20, 2.80, 2.03, 0.33, 1.98, 1.27, 0.56, 1.15, 1.53, 0.10, 0.88],
  xi_85 = [9.66, 0.10, 13.43, 9.97, 24.68, 4.44, 0.10, 4.00, 0.10, 3.47, 4.32, 7.02, 6.13, 5.11, 4.67, 4.44, 8.34, 7.82, 5.67, 3.94],
  xi_91 = [9.44, 0.10, 33.62, 0.10, 8.66, 4.54, 11.22, 10.71, 5.87, 8.79, 3.32, 1.93, 4.39, 9.07, 31.18, 25.83, 0.10, 3.96, 15.98, 0.10],
  xi_92 = [4.48, 8.80, 7.64, 17.12, 13.31, 0.10, 8.68, 18.70, 1.35, 3.24, 3.54, 11.08, 1.75, 4.30, 0.10, 7.10, 0.10, 2.47, 3.92, 6.54],
  xi_93 = [2.01, 3.06, 3.67, 2.25, 1.08, 2.79, 2.85, 4.24, 10.90, 8.07, 0.10, 3.83, 0.10, 0.10, 5.84, 3.03, 18.41, 4.42, 0.10, 0.10],
  xi_94 = [50.26, 0.43, 12.59, 7.05, 14.60, 26.39, 0.10, 5.92, 4.71, 6.90, 7.62, 4.68, 9.65, 6.71, 6.25, 4.65, 6.02, 0.10, 0.10, 11.43],
  xi_95 = [7.95, 32.05, 7.46, 7.61, 7.26, 17.07, 27.90, 0.10, 10.46, 27.91, 36.43, 0.10, 0.10, 8.94, 0.20, 7.13, 8.63, 0.10, 11.08, 14.53],
  xi_101 = [1.89, 0.10, 3.35, 10.27, 14.14, 0.10, 8.81, 0.10, 0.10, 4.14, 2.00, 3.87, 5.23, 4.18, 15.86, 3.33, 10.16, 3.30, 11.22, 6.19],
  xi_102 = [4.92, 0.10, 0.10, 3.67, 4.12, 0.88, 4.77, 4.78, 1.87, 9.18, 4.81, 0.10, 0.10, 0.10, 2.35, 13.31, 2.78, 6.06, 2.76, 5.45],
  xi_103 = [21.65, 12.08, 8.25, 3.35, 7.67, 11.20, 26.07, 34.01, 8.04, 17.49, 6.80, 4.93, 10.73, 0.10, 0.10, 4.01, 18.83, 28.63, 9.60, 10.57],
  xi_104 = [4.54, 9.99, 4.73, 0.10, 13.31, 6.45, 14.36, 12.97, 7.95, 7.50, 22.46, 6.99, 7.04, 27.44, 11.15, 6.31, 0.10, 5.29, 7.89, 0.10],
  xi_105 = [0.10, 18.34, 6.09, 14.15, 3.82, 28.80, 4.61, 0.10, 8.34, 0.10, 14.55, 7.57, 36.57, 7.11, 4.05, 6.31, 12.28, 4.77, 8.45, 4.52],
  xi_111 = [0.47, 0.10, 1.32, 0.64, 1.59, 2.90, 1.57, 1.00, 0.10, 1.25, 1.54, 0.10, 2.85, 0.56, 5.46, 0.87, 0.10, 0.26, 0.10, 0.74],
  xi_112 = [15.20, 10.25, 0.10, 6.66, 7.21, 32.38, 28.55, 8.03, 5.50, 7.92, 8.66, 21.48, 4.62, 30.10, 15.40, 16.65, 6.43, 14.01, 0.10, 4.22],
  xi_113 = [7.95, 2.52, 5.83, 4.98, 1.37, 0.10, 1.75, 21.00, 4.18, 0.10, 3.62, 7.36, 10.11, 2.80, 8.49, 2.42, 0.10, 2.20, 2.05, 1.62],
  xi_114 = [0.10, 22.92, 26.26, 20.14, 4.59, 0.10, 3.57, 0.10, 22.26, 15.90, 0.10, 4.37, 17.22, 12.02, 0.10, 14.21, 6.39, 4.88, 0.10, 8.77],
  xi_115 = [1.68, 2.07, 1.53, 2.86, 4.37, 0.67, 10.40, 0.10, 2.37, 0.65, 0.10, 3.95, 1.41, 1.73, 1.72, 1.10, 3.14, 2.91, 4.50, 0.10],
  xi_121 = [17.24, 4.15, 9.89, 7.90, 26.91, 0.10, 12.48, 12.86, 34.12, 4.20, 18.43, 19.27, 6.01, 3.59, 0.10, 0.10, 17.74, 21.73, 29.59, 18.26],
  xi_122 = [11.05, 14.75, 12.56, 15.18, 18.22, 11.27, 3.89, 29.76, 0.10, 5.70, 9.77, 0.10, 7.66, 6.44, 7.89, 6.37, 9.37, 3.53, 6.17, 2.53],
  xi_123 = [6.68, 13.35, 35.19, 19.17, 48.74, 7.02, 10.08, 0.47, 0.10, 0.10, 4.57, 6.87, 4.08, 4.77, 2.86, 8.58, 0.10, 3.08, 12.21, 11.17],
  xi_124 = [7.62, 0.10, 0.10, 0.10, 5.35, 15.01, 4.30, 5.94, 0.32, 2.12, 0.10, 4.41, 0.10, 5.00, 7.77, 3.42, 2.44, 3.57, 3.27, 6.99],
  xi_125 = [5.84, 23.53, 0.10, 5.23, 4.32, 4.78, 8.06, 0.10, 0.10, 6.55, 19.11, 45.50, 0.10, 37.37, 0.10, 0.10, 8.76, 6.70, 15.42, 19.74],
  xi_131 = [0.10, 0.10, 5.05, 0.10, 5.17, 2.34, 0.10, 14.13, 1.77, 1.79, 7.11, 3.43, 4.10, 4.42, 5.27, 11.46, 2.69, 0.10, 2.70, 1.06],
  xi_132 = [2.56, 2.98, 2.28, 0.10, 2.21, 1.93, 0.10, 1.06, 0.44, 2.42, 1.86, 2.03, 5.77, 1.67, 0.91, 2.42, 2.13, 1.33, 0.75, 7.67],
  xi_133 = [3.53, 3.60, 0.10, 1.86, 1.43, 1.15, 2.01, 1.08, 1.49, 0.10, 0.10, 0.10, 1.14, 1.25, 4.40, 0.66, 0.10, 1.44, 0.94, 0.10],
  xi_134 = [3.01, 3.56, 0.10, 0.10, 0.10, 4.66, 0.10, 2.69, 3.48, 10.13, 9.82, 2.18, 0.10, 0.31, 3.60, 3.84, 2.35, 0.10, 4.60, 4.52],
  xi_135 = [7.24, 28.95, 20.66, 0.10, 0.10, 0.10, 0.10, 1.53, 5.17, 0.49, 8.93, 4.41, 0.10, 0.10, 10.57, 4.18, 8.16, 0.10, 2.25, 45.14],
  xi_141 = [0.10, 11.92, 0.10, 3.92, 0.10, 10.95, 5.25, 0.10, 2.81, 6.61, 0.10, 13.87, 3.58, 8.32, 8.04, 11.20, 21.77, 2.73, 4.53, 8.30],
  xi_142 = [1.46, 2.88, 2.31, 2.88, 3.13, 0.10, 3.57, 6.46, 0.73, 0.67, 2.47, 16.91, 1.26, 2.05, 2.83, 2.06, 1.24, 1.19, 0.10, 2.35],
  xi_143 = [12.09, 1.72, 3.13, 4.30, 0.10, 1.26, 2.12, 4.91, 6.25, 4.62, 3.07, 0.87, 3.83, 2.12, 1.74, 1.67, 2.46, 2.49, 0.78, 1.47],
  xi_144 = [5.93, 4.94, 3.94, 11.73, 7.96, 4.75, 9.80, 0.10, 0.10, 0.10, 0.45, 4.54, 0.10, 9.35, 1.95, 5.36, 0.33, 32.91, 5.89, 7.07],
  xi_145 = [0.90, 0.86, 10.12, 1.47, 1.60, 1.17, 0.10, 0.78, 0.53, 2.46, 3.23, 2.49, 1.54, 0.54, 1.12, 1.74, 0.90, 0.10, 2.96, 3.71],
  xi_151 = [3.88, 7.25, 2.80, 2.93, 1.16, 5.03, 0.47, 1.07, 1.65, 1.82, 0.10, 0.10, 0.10, 3.37, 4.54, 2.71, 4.66, 2.70, 2.27, 3.51],
  xi_152 = [1.51, 13.16, 3.85, 23.75, 6.67, 6.45, 7.61, 1.43, 11.30, 15.54, 2.77, 6.97, 9.35, 4.87, 0.10, 9.43, 5.26, 2.96, 8.59, 0.10],
  xi_153 = [0.10, 3.19, 1.40, 2.95, 0.89, 0.41, 1.81, 2.45, 1.15, 4.17, 0.85, 0.71, 0.40, 3.95, 0.93, 0.10, 0.70, 1.86, 0.10, 2.59],
  xi_154 = [10.98, 0.10, 0.10, 3.96, 12.51, 6.33, 3.06, 6.41, 7.80, 3.04, 0.10, 8.48, 0.10, 0.10, 8.20, 0.10, 1.96, 12.81, 5.22, 7.47],
  xi_155 = [1.04, 4.67, 2.86, 4.19, 15.07, 0.10, 3.49, 2.61, 14.56, 2.27, 3.46, 1.88, 2.30, 4.86, 17.94, 4.88, 7.96, 2.48, 3.26, 10.67],
  xi_161 = [1.41, 0.10, 1.67, 2.60, 0.10, 2.74, 2.61, 7.93, 2.68, 1.16, 2.78, 10.71, 0.10, 1.35, 1.95, 1.18, 2.63, 2.30, 7.83, 5.12],
  xi_162 = [9.70, 6.07, 12.10, 9.00, 0.10, 11.05, 6.18, 5.25, 10.78, 8.33, 14.77, 38.39, 0.10, 15.55, 0.10, 14.14, 3.84, 7.35, 35.84, 12.52],
  xi_163 = [17.02, 0.10, 10.43, 29.58, 10.53, 0.10, 6.84, 16.96, 14.73, 8.41, 0.10, 0.10, 31.58, 4.70, 8.83, 17.02, 30.62, 9.23, 7.59, 21.00],
  xi_164 = [2.74, 0.10, 7.07, 6.81, 4.40, 8.55, 2.99, 2.36, 2.99, 0.10, 5.86, 0.10, 2.54, 8.22, 4.25, 0.10, 1.68, 2.72, 0.10, 4.13],
  xi_165 = [6.70, 9.01, 4.35, 0.10, 22.96, 4.30, 3.43, 0.10, 3.41, 6.25, 1.13, 0.10, 12.06, 6.50, 3.81, 0.10, 17.43, 17.78, 14.63, 2.22],
  xi_171 = [7.84, 6.20, 26.69, 0.10, 0.10, 4.94, 1.99, 3.98, 0.10, 6.05, 2.67, 0.10, 2.46, 4.71, 4.96, 1.57, 3.92, 34.42, 8.39, 4.37],
  xi_172 = [21.00, 5.59, 7.27, 23.22, 6.34, 25.01, 14.77, 0.10, 35.96, 20.07, 0.10, 3.02, 10.01, 10.22, 0.10, 5.93, 4.11, 11.00, 22.54, 3.34],
  xi_173 = [3.28, 10.41, 3.50, 4.29, 7.45, 5.44, 0.10, 3.77, 2.83, 3.51, 2.87, 6.40, 3.84, 2.40, 5.19, 7.64, 4.61, 4.06, 4.91, 0.10],
  xi_174 = [5.11, 3.30, 0.10, 0.10, 1.41, 1.34, 4.42, 5.43, 1.34, 5.99, 0.10, 16.64, 1.61, 10.95, 0.10, 8.40, 3.89, 26.74, 0.10, 9.50],
  xi_175 = [4.04, 1.10, 1.61, 12.10, 0.10, 1.47, 1.49, 2.95, 0.10, 5.63, 3.17, 1.12, 0.10, 2.95, 2.54, 6.26, 0.10, 2.34, 0.10, 0.89],
  xi_181 = [2.43, 8.55, 11.22, 14.01, 0.10, 6.89, 0.10, 3.81, 11.00, 14.64, 4.53, 0.10, 6.27, 9.56, 5.32, 8.95, 9.93, 7.10, 3.04, 5.42],
  xi_182 = [24.98, 0.10, 0.10, 6.33, 20.05, 13.25, 0.10, 13.79, 25.22, 11.15, 37.58, 8.74, 20.96, 21.09, 0.10, 5.72, 3.25, 0.10, 0.10, 6.96],
  xi_183 = [8.79, 15.70, 14.98, 4.15, 2.24, 1.66, 4.39, 7.58, 0.10, 6.82, 0.10, 0.10, 7.13, 16.90, 1.43, 9.09, 0.10, 6.26, 2.70, 1.86],
  xi_184 = [0.76, 1.21, 5.30, 3.65, 1.39, 0.10, 1.46, 5.77, 0.10, 1.79, 1.52, 1.17, 4.01, 0.10, 7.60, 1.09, 0.43, 0.10, 3.10, 3.63],
  xi_185 = [7.49, 0.10, 0.10, 0.10, 15.96, 23.58, 6.30, 22.42, 4.27, 0.10, 0.10, 13.22, 11.42, 23.77, 11.36, 13.27, 5.04, 43.86, 7.32, 28.52],
  xi_191 = [1.65, 0.10, 1.44, 5.45, 2.92, 0.10, 1.05, 1.56, 0.10, 2.46, 1.26, 1.91, 0.10, 3.10, 1.35, 3.87, 1.45, 0.32, 0.81, 1.14],
  xi_192 = [12.70, 0.10, 10.92, 5.51, 21.44, 32.38, 10.48, 0.10, 17.28, 10.25, 46.49, 29.85, 0.10, 7.41, 12.56, 11.89, 8.44, 59.85, 9.52, 5.51],
  xi_193 = [5.31, 6.75, 29.84, 3.26, 8.69, 9.02, 7.98, 3.40, 7.52, 42.63, 43.38, 5.76, 4.52, 0.10, 5.12, 4.04, 6.10, 1.80, 4.65, 7.46],
  xi_194 = [0.10, 0.10, 0.10, 17.16, 7.80, 12.77, 8.20, 2.84, 6.06, 0.10, 10.70, 12.88, 19.50, 6.38, 6.58, 7.01, 4.14, 34.91, 0.10, 19.79],
  xi_195 = [4.11, 1.20, 0.86, 2.47, 0.10, 3.05, 4.97, 1.76, 1.43, 8.35, 3.14, 0.90, 0.10, 0.10, 0.91, 1.31, 1.38, 1.75, 1.41, 1.34],
  xi_201 = [14.50, 1.91, 0.10, 23.53, 31.59, 19.06, 0.10, 5.85, 0.10, 8.39, 42.44, 0.10, 14.17, 39.99, 9.22, 0.10, 16.25, 5.79, 6.18, 10.52],
  xi_202 = [7.94, 0.10, 5.34, 4.44, 23.77, 2.87, 2.77, 27.64, 14.41, 5.16, 7.22, 0.10, 57.61, 19.68, 5.77, 17.75, 46.19, 4.69, 24.20, 8.82],
  xi_203 = [0.10, 1.23, 1.25, 0.74, 2.01, 0.10, 1.57, 2.21, 0.92, 1.80, 1.28, 3.29, 0.10, 14.19, 2.32, 0.10, 6.00, 0.10, 2.90, 1.68],
  xi_204 = [0.10, 0.10, 5.58, 10.94, 4.32, 9.49, 6.04, 0.10, 0.10, 8.19, 5.74, 4.56, 12.52, 0.10, 7.39, 0.10, 18.70, 5.91, 0.10, 0.13],
  xi_205 = [10.63, 6.51, 12.38, 14.00, 0.10, 15.71, 3.55, 8.49, 2.59, 9.66, 0.10, 18.10, 2.12, 3.93, 0.10, 0.10, 17.21, 4.15, 4.64, 8.11],
]

Transportation Costs (cjk) = [
  [6.05, 3.43, 5.40, 4.33, 4.70],
  [6.53, 3.55, 10.58, 8.40, 2.34],
  [3.79, 3.41, 3.36, 1.26, 6.43],
  [1.33, 2.01, 10.44, 2.56, 2.81],
  [3.32, 4.36, 2.16, 3.42, 1.27],
  [0.77, 11.79, 6.26, 4.41, 8.66],
  [6.71, 0.40, 5.97, 0.10, 2.49],
  [0.99, 3.64, 13.07, 8.95, 1.32],
  [2.82, 9.87, 2.66, 4.90, 2.38],
  [3.99, 2.54, 5.93, 7.01, 1.20],
  [2.50, 0.85, 10.06, 3.26, 6.02],
  [0.62, 2.67, 9.13, 0.10, 7.27],
  [3.98, 2.90, 1.55, 9.06, 0.10],
  [6.16, 7.47, 4.79, 8.54, 5.44],
  [5.26, 0.47, 0.87, 3.70, 6.47],
  [0.96, 1.46, 9.54, 2.35, 5.91],
  [6.47, 7.61, 5.84, 0.84, 7.83],
  [0.10, 1.98, 6.94, 11.92, 3.93],
  [3.54, 12.32, 2.18, 0.82, 2.43],
  [2.69, 1.81, 1.36, 8.68, 1.54],
]

Mean Service Times (¦Ì_{jk}) = [
  mu_11 = [4.38],
  mu_12 = [4.92],
  mu_13 = [3.75],
  mu_14 = [13.59],
  mu_15 = [5.06],
  mu_21 = [1.89],
  mu_22 = [4.72],
  mu_23 = [1.84],
  mu_24 = [8.40],
  mu_25 = [5.69],
  mu_31 = [3.24],
  mu_32 = [4.28],
  mu_33 = [10.80],
  mu_34 = [3.04],
  mu_35 = [3.36],
  mu_41 = [4.71],
  mu_42 = [5.87],
  mu_43 = [6.83],
  mu_44 = [5.49],
  mu_45 = [11.87],
  mu_51 = [4.19],
  mu_52 = [13.09],
  mu_53 = [6.45],
  mu_54 = [13.69],
  mu_55 = [6.62],
  mu_61 = [10.26],
  mu_62 = [3.29],
  mu_63 = [14.82],
  mu_64 = [5.86],
  mu_65 = [16.28],
  mu_71 = [0.78],
  mu_72 = [2.47],
  mu_73 = [6.92],
  mu_74 = [4.17],
  mu_75 = [4.32],
  mu_81 = [10.93],
  mu_82 = [4.00],
  mu_83 = [1.26],
  mu_84 = [1.45],
  mu_85 = [6.37],
  mu_91 = [9.45],
  mu_92 = [6.22],
  mu_93 = [3.85],
  mu_94 = [9.31],
  mu_95 = [11.65],
  mu_101 = [5.42],
  mu_102 = [3.61],
  mu_103 = [12.21],
  mu_104 = [8.83],
  mu_105 = [9.53],
  mu_111 = [1.18],
  mu_112 = [12.17],
  mu_113 = [4.53],
  mu_114 = [9.21],
  mu_115 = [2.37],
  mu_121 = [13.23],
  mu_122 = [9.12],
  mu_123 = [9.96],
  mu_124 = [3.90],
  mu_125 = [10.58],
  mu_131 = [3.65],
  mu_132 = [2.13],
  mu_133 = [1.33],
  mu_134 = [2.97],
  mu_135 = [7.42],
  mu_141 = [6.22],
  mu_142 = [2.83],
  mu_143 = [3.05],
  mu_144 = [5.86],
  mu_145 = [1.92],
  mu_151 = [2.61],
  mu_152 = [7.08],
  mu_153 = [1.53],
  mu_154 = [4.94],
  mu_155 = [5.53],
  mu_161 = [2.95],
  mu_162 = [11.06],
  mu_163 = [12.27],
  mu_164 = [3.39],
  mu_165 = [6.82],
  mu_171 = [6.28],
  mu_172 = [11.48],
  mu_173 = [4.33],
  mu_174 = [5.33],
  mu_175 = [2.51],
  mu_181 = [6.65],
  mu_182 = [10.98],
  mu_183 = [5.60],
  mu_184 = [2.21],
  mu_185 = [11.91],
  mu_191 = [1.61],
  mu_192 = [15.64],
  mu_193 = [10.37],
  mu_194 = [8.86],
  mu_195 = [2.03],
  mu_201 = [12.49],
  mu_202 = [14.32],
  mu_203 = [2.19],
  mu_204 = [5.01],
  mu_205 = [7.11],
]

Mean Transportation Times (¦Ó_{jk}) = [
  tau_11 = [4.69],
  tau_12 = [2.07],
  tau_13 = [2.06],
  tau_14 = [1.01],
  tau_15 = [3.39],
  tau_21 = [4.72],
  tau_22 = [4.02],
  tau_23 = [0.93],
  tau_24 = [1.10],
  tau_25 = [4.81],
  tau_31 = [1.16],
  tau_32 = [4.87],
  tau_33 = [3.61],
  tau_34 = [4.74],
  tau_35 = [3.80],
  tau_41 = [2.12],
  tau_42 = [3.34],
  tau_43 = [4.29],
  tau_44 = [3.30],
  tau_45 = [1.05],
  tau_51 = [4.79],
  tau_52 = [4.98],
  tau_53 = [2.34],
  tau_54 = [2.82],
  tau_55 = [4.13],
  tau_61 = [6.53],
  tau_62 = [3.80],
  tau_63 = [1.19],
  tau_64 = [1.21],
  tau_65 = [5.18],
  tau_71 = [2.11],
  tau_72 = [3.51],
  tau_73 = [5.65],
  tau_74 = [3.54],
  tau_75 = [3.52],
  tau_81 = [3.12],
  tau_82 = [5.18],
  tau_83 = [5.83],
  tau_84 = [0.79],
  tau_85 = [3.07],
  tau_91 = [3.52],
  tau_92 = [1.92],
  tau_93 = [1.79],
  tau_94 = [3.01],
  tau_95 = [4.25],
  tau_101 = [5.24],
  tau_102 = [3.02],
  tau_103 = [4.22],
  tau_104 = [4.69],
  tau_105 = [3.57],
  tau_111 = [2.08],
  tau_112 = [5.60],
  tau_113 = [3.68],
  tau_114 = [1.00],
  tau_115 = [5.93],
  tau_121 = [4.54],
  tau_122 = [1.00],
  tau_123 = [3.63],
  tau_124 = [1.07],
  tau_125 = [3.99],
  tau_131 = [2.82],
  tau_132 = [6.14],
  tau_133 = [3.41],
  tau_134 = [2.55],
  tau_135 = [2.43],
  tau_141 = [1.24],
  tau_142 = [3.69],
  tau_143 = [2.24],
  tau_144 = [1.40],
  tau_145 = [4.55],
  tau_151 = [4.11],
  tau_152 = [3.24],
  tau_153 = [2.10],
  tau_154 = [3.82],
  tau_155 = [2.04],
  tau_161 = [5.63],
  tau_162 = [1.94],
  tau_163 = [3.78],
  tau_164 = [3.04],
  tau_165 = [2.88],
  tau_171 = [3.82],
  tau_172 = [2.50],
  tau_173 = [2.19],
  tau_174 = [2.26],
  tau_175 = [4.96],
  tau_181 = [4.13],
  tau_182 = [4.20],
  tau_183 = [3.60],
  tau_184 = [2.86],
  tau_185 = [1.93],
  tau_191 = [2.40],
  tau_192 = [5.10],
  tau_193 = [6.48],
  tau_194 = [2.05],
  tau_195 = [4.07],
  tau_201 = [3.24],
  tau_202 = [4.40],
  tau_203 = [2.90],
  tau_204 = [2.28],
  tau_205 = [3.43],
]

Epsilon + ¦Ì_{jk} = [
  epsilon_plus_mu_11 = [6.57],
  epsilon_plus_mu_12 = [7.38],
  epsilon_plus_mu_13 = [5.62],
  epsilon_plus_mu_14 = [20.38],
  epsilon_plus_mu_15 = [7.58],
  epsilon_plus_mu_21 = [2.84],
  epsilon_plus_mu_22 = [7.07],
  epsilon_plus_mu_23 = [2.77],
  epsilon_plus_mu_24 = [12.60],
  epsilon_plus_mu_25 = [8.53],
  epsilon_plus_mu_31 = [4.86],
  epsilon_plus_mu_32 = [6.42],
  epsilon_plus_mu_33 = [16.20],
  epsilon_plus_mu_34 = [4.55],
  epsilon_plus_mu_35 = [5.04],
  epsilon_plus_mu_41 = [7.06],
  epsilon_plus_mu_42 = [8.80],
  epsilon_plus_mu_43 = [10.25],
  epsilon_plus_mu_44 = [8.24],
  epsilon_plus_mu_45 = [17.80],
  epsilon_plus_mu_51 = [6.28],
  epsilon_plus_mu_52 = [19.64],
  epsilon_plus_mu_53 = [9.67],
  epsilon_plus_mu_54 = [20.53],
  epsilon_plus_mu_55 = [9.93],
  epsilon_plus_mu_61 = [15.39],
  epsilon_plus_mu_62 = [4.93],
  epsilon_plus_mu_63 = [22.23],
  epsilon_plus_mu_64 = [8.78],
  epsilon_plus_mu_65 = [24.42],
  epsilon_plus_mu_71 = [1.17],
  epsilon_plus_mu_72 = [3.70],
  epsilon_plus_mu_73 = [10.37],
  epsilon_plus_mu_74 = [6.26],
  epsilon_plus_mu_75 = [6.48],
  epsilon_plus_mu_81 = [16.40],
  epsilon_plus_mu_82 = [6.00],
  epsilon_plus_mu_83 = [1.90],
  epsilon_plus_mu_84 = [2.17],
  epsilon_plus_mu_85 = [9.56],
  epsilon_plus_mu_91 = [14.17],
  epsilon_plus_mu_92 = [9.32],
  epsilon_plus_mu_93 = [5.77],
  epsilon_plus_mu_94 = [13.96],
  epsilon_plus_mu_95 = [17.48],
  epsilon_plus_mu_101 = [8.12],
  epsilon_plus_mu_102 = [5.42],
  epsilon_plus_mu_103 = [18.31],
  epsilon_plus_mu_104 = [13.25],
  epsilon_plus_mu_105 = [14.30],
  epsilon_plus_mu_111 = [1.76],
  epsilon_plus_mu_112 = [18.26],
  epsilon_plus_mu_113 = [6.79],
  epsilon_plus_mu_114 = [13.81],
  epsilon_plus_mu_115 = [3.55],
  epsilon_plus_mu_121 = [19.85],
  epsilon_plus_mu_122 = [13.67],
  epsilon_plus_mu_123 = [14.94],
  epsilon_plus_mu_124 = [5.85],
  epsilon_plus_mu_125 = [15.86],
  epsilon_plus_mu_131 = [5.47],
  epsilon_plus_mu_132 = [3.20],
  epsilon_plus_mu_133 = [1.99],
  epsilon_plus_mu_134 = [4.45],
  epsilon_plus_mu_135 = [11.13],
  epsilon_plus_mu_141 = [9.32],
  epsilon_plus_mu_142 = [4.25],
  epsilon_plus_mu_143 = [4.58],
  epsilon_plus_mu_144 = [8.80],
  epsilon_plus_mu_145 = [2.87],
  epsilon_plus_mu_151 = [3.91],
  epsilon_plus_mu_152 = [10.62],
  epsilon_plus_mu_153 = [2.30],
  epsilon_plus_mu_154 = [7.41],
  epsilon_plus_mu_155 = [8.29],
  epsilon_plus_mu_161 = [4.42],
  epsilon_plus_mu_162 = [16.59],
  epsilon_plus_mu_163 = [18.41],
  epsilon_plus_mu_164 = [5.09],
  epsilon_plus_mu_165 = [10.23],
  epsilon_plus_mu_171 = [9.42],
  epsilon_plus_mu_172 = [17.23],
  epsilon_plus_mu_173 = [6.50],
  epsilon_plus_mu_174 = [7.99],
  epsilon_plus_mu_175 = [3.76],
  epsilon_plus_mu_181 = [9.97],
  epsilon_plus_mu_182 = [16.48],
  epsilon_plus_mu_183 = [8.41],
  epsilon_plus_mu_184 = [3.32],
  epsilon_plus_mu_185 = [17.87],
  epsilon_plus_mu_191 = [2.41],
  epsilon_plus_mu_192 = [23.46],
  epsilon_plus_mu_193 = [15.55],
  epsilon_plus_mu_194 = [13.29],
  epsilon_plus_mu_195 = [3.05],
  epsilon_plus_mu_201 = [18.74],
  epsilon_plus_mu_202 = [21.49],
  epsilon_plus_mu_203 = [3.29],
  epsilon_plus_mu_204 = [7.52],
  epsilon_plus_mu_205 = [10.66],
]

Epsilon - ¦Ì_{jk} = [
  epsilon_minus_mu_11 = [-2.19],
  epsilon_minus_mu_12 = [-2.46],
  epsilon_minus_mu_13 = [-1.87],
  epsilon_minus_mu_14 = [-6.79],
  epsilon_minus_mu_15 = [-2.53],
  epsilon_minus_mu_21 = [-0.95],
  epsilon_minus_mu_22 = [-2.36],
  epsilon_minus_mu_23 = [-0.92],
  epsilon_minus_mu_24 = [-4.20],
  epsilon_minus_mu_25 = [-2.84],
  epsilon_minus_mu_31 = [-1.62],
  epsilon_minus_mu_32 = [-2.14],
  epsilon_minus_mu_33 = [-5.40],
  epsilon_minus_mu_34 = [-1.52],
  epsilon_minus_mu_35 = [-1.68],
  epsilon_minus_mu_41 = [-2.35],
  epsilon_minus_mu_42 = [-2.93],
  epsilon_minus_mu_43 = [-3.42],
  epsilon_minus_mu_44 = [-2.75],
  epsilon_minus_mu_45 = [-5.93],
  epsilon_minus_mu_51 = [-2.09],
  epsilon_minus_mu_52 = [-6.55],
  epsilon_minus_mu_53 = [-3.22],
  epsilon_minus_mu_54 = [-6.84],
  epsilon_minus_mu_55 = [-3.31],
  epsilon_minus_mu_61 = [-5.13],
  epsilon_minus_mu_62 = [-1.64],
  epsilon_minus_mu_63 = [-7.41],
  epsilon_minus_mu_64 = [-2.93],
  epsilon_minus_mu_65 = [-8.14],
  epsilon_minus_mu_71 = [-0.39],
  epsilon_minus_mu_72 = [-1.23],
  epsilon_minus_mu_73 = [-3.46],
  epsilon_minus_mu_74 = [-2.09],
  epsilon_minus_mu_75 = [-2.16],
  epsilon_minus_mu_81 = [-5.47],
  epsilon_minus_mu_82 = [-2.00],
  epsilon_minus_mu_83 = [-0.63],
  epsilon_minus_mu_84 = [-0.72],
  epsilon_minus_mu_85 = [-3.19],
  epsilon_minus_mu_91 = [-4.72],
  epsilon_minus_mu_92 = [-3.11],
  epsilon_minus_mu_93 = [-1.92],
  epsilon_minus_mu_94 = [-4.65],
  epsilon_minus_mu_95 = [-5.83],
  epsilon_minus_mu_101 = [-2.71],
  epsilon_minus_mu_102 = [-1.81],
  epsilon_minus_mu_103 = [-6.10],
  epsilon_minus_mu_104 = [-4.42],
  epsilon_minus_mu_105 = [-4.77],
  epsilon_minus_mu_111 = [-0.59],
  epsilon_minus_mu_112 = [-6.09],
  epsilon_minus_mu_113 = [-2.26],
  epsilon_minus_mu_114 = [-4.60],
  epsilon_minus_mu_115 = [-1.18],
  epsilon_minus_mu_121 = [-6.62],
  epsilon_minus_mu_122 = [-4.56],
  epsilon_minus_mu_123 = [-4.98],
  epsilon_minus_mu_124 = [-1.95],
  epsilon_minus_mu_125 = [-5.29],
  epsilon_minus_mu_131 = [-1.82],
  epsilon_minus_mu_132 = [-1.07],
  epsilon_minus_mu_133 = [-0.66],
  epsilon_minus_mu_134 = [-1.48],
  epsilon_minus_mu_135 = [-3.71],
  epsilon_minus_mu_141 = [-3.11],
  epsilon_minus_mu_142 = [-1.42],
  epsilon_minus_mu_143 = [-1.53],
  epsilon_minus_mu_144 = [-2.93],
  epsilon_minus_mu_145 = [-0.96],
  epsilon_minus_mu_151 = [-1.30],
  epsilon_minus_mu_152 = [-3.54],
  epsilon_minus_mu_153 = [-0.77],
  epsilon_minus_mu_154 = [-2.47],
  epsilon_minus_mu_155 = [-2.76],
  epsilon_minus_mu_161 = [-1.47],
  epsilon_minus_mu_162 = [-5.53],
  epsilon_minus_mu_163 = [-6.14],
  epsilon_minus_mu_164 = [-1.70],
  epsilon_minus_mu_165 = [-3.41],
  epsilon_minus_mu_171 = [-3.14],
  epsilon_minus_mu_172 = [-5.74],
  epsilon_minus_mu_173 = [-2.17],
  epsilon_minus_mu_174 = [-2.66],
  epsilon_minus_mu_175 = [-1.25],
  epsilon_minus_mu_181 = [-3.32],
  epsilon_minus_mu_182 = [-5.49],
  epsilon_minus_mu_183 = [-2.80],
  epsilon_minus_mu_184 = [-1.11],
  epsilon_minus_mu_185 = [-5.96],
  epsilon_minus_mu_191 = [-0.80],
  epsilon_minus_mu_192 = [-7.82],
  epsilon_minus_mu_193 = [-5.18],
  epsilon_minus_mu_194 = [-4.43],
  epsilon_minus_mu_195 = [-1.02],
  epsilon_minus_mu_201 = [-6.25],
  epsilon_minus_mu_202 = [-7.16],
  epsilon_minus_mu_203 = [-1.10],
  epsilon_minus_mu_204 = [-2.51],
  epsilon_minus_mu_205 = [-3.55],
]

Sigma + ¦Ó_{jk} = [
  sigma_plus_tau_11 = [7.03],
  sigma_plus_tau_12 = [3.10],
  sigma_plus_tau_13 = [3.09],
  sigma_plus_tau_14 = [1.51],
  sigma_plus_tau_15 = [5.08],
  sigma_plus_tau_21 = [7.07],
  sigma_plus_tau_22 = [6.03],
  sigma_plus_tau_23 = [1.39],
  sigma_plus_tau_24 = [1.65],
  sigma_plus_tau_25 = [7.21],
  sigma_plus_tau_31 = [1.74],
  sigma_plus_tau_32 = [7.31],
  sigma_plus_tau_33 = [5.41],
  sigma_plus_tau_34 = [7.12],
  sigma_plus_tau_35 = [5.70],
  sigma_plus_tau_41 = [3.17],
  sigma_plus_tau_42 = [5.01],
  sigma_plus_tau_43 = [6.43],
  sigma_plus_tau_44 = [4.94],
  sigma_plus_tau_45 = [1.57],
  sigma_plus_tau_51 = [7.19],
  sigma_plus_tau_52 = [7.47],
  sigma_plus_tau_53 = [3.50],
  sigma_plus_tau_54 = [4.22],
  sigma_plus_tau_55 = [6.19],
  sigma_plus_tau_61 = [9.79],
  sigma_plus_tau_62 = [5.70],
  sigma_plus_tau_63 = [1.78],
  sigma_plus_tau_64 = [1.81],
  sigma_plus_tau_65 = [7.76],
  sigma_plus_tau_71 = [3.16],
  sigma_plus_tau_72 = [5.27],
  sigma_plus_tau_73 = [8.47],
  sigma_plus_tau_74 = [5.31],
  sigma_plus_tau_75 = [5.29],
  sigma_plus_tau_81 = [4.69],
  sigma_plus_tau_82 = [7.76],
  sigma_plus_tau_83 = [8.74],
  sigma_plus_tau_84 = [1.18],
  sigma_plus_tau_85 = [4.61],
  sigma_plus_tau_91 = [5.28],
  sigma_plus_tau_92 = [2.88],
  sigma_plus_tau_93 = [2.69],
  sigma_plus_tau_94 = [4.51],
  sigma_plus_tau_95 = [6.38],
  sigma_plus_tau_101 = [7.86],
  sigma_plus_tau_102 = [4.53],
  sigma_plus_tau_103 = [6.33],
  sigma_plus_tau_104 = [7.03],
  sigma_plus_tau_105 = [5.36],
  sigma_plus_tau_111 = [3.12],
  sigma_plus_tau_112 = [8.41],
  sigma_plus_tau_113 = [5.51],
  sigma_plus_tau_114 = [1.51],
  sigma_plus_tau_115 = [8.89],
  sigma_plus_tau_121 = [6.81],
  sigma_plus_tau_122 = [1.50],
  sigma_plus_tau_123 = [5.44],
  sigma_plus_tau_124 = [1.61],
  sigma_plus_tau_125 = [5.99],
  sigma_plus_tau_131 = [4.24],
  sigma_plus_tau_132 = [9.22],
  sigma_plus_tau_133 = [5.11],
  sigma_plus_tau_134 = [3.83],
  sigma_plus_tau_135 = [3.64],
  sigma_plus_tau_141 = [1.86],
  sigma_plus_tau_142 = [5.54],
  sigma_plus_tau_143 = [3.36],
  sigma_plus_tau_144 = [2.11],
  sigma_plus_tau_145 = [6.82],
  sigma_plus_tau_151 = [6.17],
  sigma_plus_tau_152 = [4.85],
  sigma_plus_tau_153 = [3.14],
  sigma_plus_tau_154 = [5.74],
  sigma_plus_tau_155 = [3.06],
  sigma_plus_tau_161 = [8.44],
  sigma_plus_tau_162 = [2.91],
  sigma_plus_tau_163 = [5.67],
  sigma_plus_tau_164 = [4.56],
  sigma_plus_tau_165 = [4.31],
  sigma_plus_tau_171 = [5.73],
  sigma_plus_tau_172 = [3.75],
  sigma_plus_tau_173 = [3.28],
  sigma_plus_tau_174 = [3.39],
  sigma_plus_tau_175 = [7.43],
  sigma_plus_tau_181 = [6.19],
  sigma_plus_tau_182 = [6.30],
  sigma_plus_tau_183 = [5.39],
  sigma_plus_tau_184 = [4.29],
  sigma_plus_tau_185 = [2.89],
  sigma_plus_tau_191 = [3.60],
  sigma_plus_tau_192 = [7.64],
  sigma_plus_tau_193 = [9.71],
  sigma_plus_tau_194 = [3.07],
  sigma_plus_tau_195 = [6.11],
  sigma_plus_tau_201 = [4.87],
  sigma_plus_tau_202 = [6.60],
  sigma_plus_tau_203 = [4.35],
  sigma_plus_tau_204 = [3.42],
  sigma_plus_tau_205 = [5.14],
]

Sigma - ¦Ó_{jk} = [
  sigma_minus_tau_11 = [-2.34],
  sigma_minus_tau_12 = [-1.03],
  sigma_minus_tau_13 = [-1.03],
  sigma_minus_tau_14 = [-0.50],
  sigma_minus_tau_15 = [-1.69],
  sigma_minus_tau_21 = [-2.36],
  sigma_minus_tau_22 = [-2.01],
  sigma_minus_tau_23 = [-0.46],
  sigma_minus_tau_24 = [-0.55],
  sigma_minus_tau_25 = [-2.40],
  sigma_minus_tau_31 = [-0.58],
  sigma_minus_tau_32 = [-2.44],
  sigma_minus_tau_33 = [-1.80],
  sigma_minus_tau_34 = [-2.37],
  sigma_minus_tau_35 = [-1.90],
  sigma_minus_tau_41 = [-1.06],
  sigma_minus_tau_42 = [-1.67],
  sigma_minus_tau_43 = [-2.14],
  sigma_minus_tau_44 = [-1.65],
  sigma_minus_tau_45 = [-0.52],
  sigma_minus_tau_51 = [-2.40],
  sigma_minus_tau_52 = [-2.49],
  sigma_minus_tau_53 = [-1.17],
  sigma_minus_tau_54 = [-1.41],
  sigma_minus_tau_55 = [-2.06],
  sigma_minus_tau_61 = [-3.26],
  sigma_minus_tau_62 = [-1.90],
  sigma_minus_tau_63 = [-0.59],
  sigma_minus_tau_64 = [-0.60],
  sigma_minus_tau_65 = [-2.59],
  sigma_minus_tau_71 = [-1.05],
  sigma_minus_tau_72 = [-1.76],
  sigma_minus_tau_73 = [-2.82],
  sigma_minus_tau_74 = [-1.77],
  sigma_minus_tau_75 = [-1.76],
  sigma_minus_tau_81 = [-1.56],
  sigma_minus_tau_82 = [-2.59],
  sigma_minus_tau_83 = [-2.91],
  sigma_minus_tau_84 = [-0.39],
  sigma_minus_tau_85 = [-1.54],
  sigma_minus_tau_91 = [-1.76],
  sigma_minus_tau_92 = [-0.96],
  sigma_minus_tau_93 = [-0.90],
  sigma_minus_tau_94 = [-1.50],
  sigma_minus_tau_95 = [-2.13],
  sigma_minus_tau_101 = [-2.62],
  sigma_minus_tau_102 = [-1.51],
  sigma_minus_tau_103 = [-2.11],
  sigma_minus_tau_104 = [-2.34],
  sigma_minus_tau_105 = [-1.79],
  sigma_minus_tau_111 = [-1.04],
  sigma_minus_tau_112 = [-2.80],
  sigma_minus_tau_113 = [-1.84],
  sigma_minus_tau_114 = [-0.50],
  sigma_minus_tau_115 = [-2.96],
  sigma_minus_tau_121 = [-2.27],
  sigma_minus_tau_122 = [-0.50],
  sigma_minus_tau_123 = [-1.81],
  sigma_minus_tau_124 = [-0.54],
  sigma_minus_tau_125 = [-2.00],
  sigma_minus_tau_131 = [-1.41],
  sigma_minus_tau_132 = [-3.07],
  sigma_minus_tau_133 = [-1.70],
  sigma_minus_tau_134 = [-1.28],
  sigma_minus_tau_135 = [-1.21],
  sigma_minus_tau_141 = [-0.62],
  sigma_minus_tau_142 = [-1.85],
  sigma_minus_tau_143 = [-1.12],
  sigma_minus_tau_144 = [-0.70],
  sigma_minus_tau_145 = [-2.27],
  sigma_minus_tau_151 = [-2.06],
  sigma_minus_tau_152 = [-1.62],
  sigma_minus_tau_153 = [-1.05],
  sigma_minus_tau_154 = [-1.91],
  sigma_minus_tau_155 = [-1.02],
  sigma_minus_tau_161 = [-2.81],
  sigma_minus_tau_162 = [-0.97],
  sigma_minus_tau_163 = [-1.89],
  sigma_minus_tau_164 = [-1.52],
  sigma_minus_tau_165 = [-1.44],
  sigma_minus_tau_171 = [-1.91],
  sigma_minus_tau_172 = [-1.25],
  sigma_minus_tau_173 = [-1.09],
  sigma_minus_tau_174 = [-1.13],
  sigma_minus_tau_175 = [-2.48],
  sigma_minus_tau_181 = [-2.06],
  sigma_minus_tau_182 = [-2.10],
  sigma_minus_tau_183 = [-1.80],
  sigma_minus_tau_184 = [-1.43],
  sigma_minus_tau_185 = [-0.96],
  sigma_minus_tau_191 = [-1.20],
  sigma_minus_tau_192 = [-2.55],
  sigma_minus_tau_193 = [-3.24],
  sigma_minus_tau_194 = [-1.02],
  sigma_minus_tau_195 = [-2.04],
  sigma_minus_tau_201 = [-1.62],
  sigma_minus_tau_202 = [-2.20],
  sigma_minus_tau_203 = [-1.45],
  sigma_minus_tau_204 = [-1.14],
  sigma_minus_tau_205 = [-1.71],
]

Probabilities (p_s) = [
0.05, 0.05, 0.05, 0.05, 0.05, 0.05, 0.05, 0.05, 0.05, 0.05, 0.05, 0.05, 0.05, 0.05, 0.05, 0.05, 0.05, 0.05, 0.05, 0.05
]

c_bar = 6.50
