Jobs = 30
Machines = 5
Scenarios = 20

Ready Times (rj) = [
0.00, 0.00, 0.00, 0.00, 0.00, 0.00, 0.00, 0.00, 0.00, 0.00, 0.00, 0.00, 0.00, 0.00, 0.00, 0.00, 0.00, 0.00, 0.00, 0.00, 0.00, 0.00, 0.00, 0.00, 0.00, 0.00, 0.00, 0.00, 0.00, 0.00
]

Transportation Times (tjk^s) = [
  tjk_11 = [3.83, 1.02, 4.33, 1.94, 0.10, 2.63, 3.89, 0.10, 1.64, 1.15, 1.20, 0.10, 0.84, 1.49, 3.69, 0.90, 1.88, 4.62, 1.96, 2.29],
  tjk_12 = [0.56, 1.02, 1.64, 0.30, 2.16, 0.10, 5.00, 0.67, 0.10, 1.87, 0.10, 1.91, 0.10, 1.48, 4.11, 2.37, 1.45, 2.05, 2.30, 1.22],
  tjk_13 = [2.86, 5.00, 4.98, 5.00, 3.23, 4.96, 0.10, 3.90, 4.84, 0.10, 0.11, 4.74, 4.24, 0.10, 2.17, 1.37, 5.00, 5.00, 5.00, 5.00],
  tjk_14 = [5.00, 4.31, 1.47, 0.10, 4.57, 5.00, 4.08, 5.00, 3.25, 2.06, 4.38, 5.00, 0.83, 4.86, 4.76, 5.00, 4.28, 1.70, 5.00, 1.32],
  tjk_15 = [5.00, 2.55, 5.00, 5.00, 3.32, 4.53, 3.54, 5.00, 3.91, 1.17, 3.93, 3.68, 2.95, 5.00, 4.23, 4.64, 5.00, 0.10, 4.80, 2.18],
  tjk_21 = [5.00, 5.00, 5.00, 4.56, 3.14, 5.00, 4.41, 5.00, 4.84, 5.00, 5.00, 4.18, 0.99, 5.00, 0.10, 5.00, 5.00, 4.84, 5.00, 3.72],
  tjk_22 = [0.45, 1.39, 0.87, 3.89, 1.40, 1.10, 4.11, 1.09, 0.10, 1.54, 1.08, 0.86, 0.62, 1.34, 0.94, 2.25, 1.04, 0.87, 1.30, 3.77],
  tjk_23 = [3.24, 3.44, 2.91, 3.05, 3.35, 3.55, 3.06, 3.01, 5.00, 3.39, 1.02, 0.10, 5.00, 2.91, 4.39, 2.80, 5.00, 3.88, 1.99, 3.90],
  tjk_24 = [5.00, 3.61, 5.00, 5.00, 5.00, 3.62, 3.30, 2.17, 2.00, 2.64, 4.95, 3.72, 2.30, 3.51, 5.00, 0.10, 3.48, 2.24, 5.00, 1.33],
  tjk_25 = [4.08, 3.42, 2.05, 2.45, 2.03, 1.79, 5.00, 4.85, 0.10, 2.04, 1.76, 1.48, 0.10, 2.80, 2.05, 4.52, 3.74, 2.96, 1.86, 0.38],
  tjk_31 = [3.83, 1.02, 0.10, 4.03, 4.30, 1.81, 0.10, 3.48, 0.10, 4.55, 2.66, 0.10, 3.41, 5.00, 4.03, 4.89, 5.00, 4.04, 3.51, 4.32],
  tjk_32 = [4.09, 1.91, 4.77, 1.33, 3.51, 0.97, 0.99, 1.21, 0.96, 1.06, 1.64, 1.01, 0.56, 0.97, 4.55, 3.08, 1.13, 1.83, 2.48, 1.41],
  tjk_33 = [5.00, 2.78, 3.59, 3.32, 5.00, 5.00, 1.07, 1.64, 2.89, 2.54, 4.38, 0.10, 0.10, 4.96, 4.46, 3.65, 4.58, 5.00, 5.00, 5.00],
  tjk_34 = [1.79, 0.10, 1.54, 3.09, 0.80, 1.88, 3.02, 3.76, 5.00, 0.10, 4.60, 2.09, 3.43, 2.30, 1.91, 1.52, 4.27, 1.80, 5.00, 2.13],
  tjk_35 = [2.11, 0.10, 3.19, 5.00, 1.03, 1.40, 0.10, 3.06, 2.77, 3.17, 1.02, 4.07, 2.90, 1.40, 3.70, 3.05, 3.11, 3.08, 3.03, 3.02],
  tjk_41 = [3.79, 5.00, 3.88, 4.25, 1.59, 5.00, 1.87, 2.08, 4.28, 1.10, 4.22, 4.49, 4.66, 4.67, 3.25, 0.10, 3.86, 5.00, 4.56, 2.42],
  tjk_42 = [5.00, 3.42, 1.95, 0.10, 3.08, 2.69, 0.10, 1.97, 5.00, 3.51, 0.36, 3.16, 2.87, 2.83, 2.80, 5.00, 1.91, 5.00, 4.30, 4.91],
  tjk_43 = [2.68, 2.96, 5.00, 2.13, 2.80, 3.01, 2.79, 2.73, 2.79, 3.66, 2.91, 2.66, 2.64, 2.14, 3.17, 1.55, 3.90, 2.76, 2.95, 0.10],
  tjk_44 = [4.65, 2.61, 2.88, 2.55, 3.22, 3.92, 4.49, 0.10, 2.57, 3.87, 3.35, 2.97, 5.00, 5.00, 3.17, 0.10, 3.49, 0.79, 5.00, 2.73],
  tjk_45 = [2.42, 1.04, 1.42, 1.52, 4.54, 3.27, 3.12, 1.71, 1.92, 1.41, 0.10, 2.05, 2.39, 2.60, 2.04, 0.10, 2.27, 3.32, 1.99, 1.83],
  tjk_51 = [5.00, 2.51, 1.82, 1.05, 4.39, 0.10, 2.00, 2.78, 1.54, 1.85, 1.12, 4.16, 3.63, 5.00, 3.51, 4.15, 0.10, 4.03, 2.16, 3.42],
  tjk_52 = [2.43, 4.13, 4.70, 5.00, 4.83, 5.00, 2.94, 2.66, 2.05, 4.43, 0.10, 4.51, 4.69, 4.49, 1.67, 5.00, 5.00, 5.00, 5.00, 4.87],
  tjk_53 = [3.51, 1.88, 3.62, 1.97, 1.89, 0.10, 1.93, 2.51, 4.23, 1.14, 1.89, 3.29, 0.10, 1.80, 1.59, 4.52, 1.93, 2.22, 1.88, 2.06],
  tjk_54 = [4.47, 2.26, 4.58, 4.98, 0.62, 5.00, 4.49, 1.26, 2.88, 0.10, 1.47, 4.94, 0.10, 4.89, 5.00, 4.89, 5.00, 4.01, 2.68, 5.00],
  tjk_55 = [0.91, 0.93, 1.61, 5.00, 0.77, 3.01, 1.12, 2.86, 0.95, 3.07, 0.91, 2.67, 0.95, 3.85, 0.92, 1.22, 2.80, 1.46, 3.27, 0.93],
  tjk_61 = [2.54, 2.68, 0.10, 1.79, 1.79, 2.54, 4.45, 4.04, 2.27, 4.79, 2.06, 1.94, 1.92, 2.23, 1.22, 0.10, 1.14, 5.00, 1.87, 1.67],
  tjk_62 = [4.94, 1.10, 0.10, 0.46, 0.89, 4.38, 1.13, 0.90, 1.07, 2.09, 1.41, 0.86, 0.88, 2.45, 0.95, 1.19, 0.25, 4.23, 2.67, 0.84],
  tjk_63 = [4.67, 1.68, 0.95, 1.36, 2.55, 1.13, 4.20, 1.02, 0.59, 2.60, 1.10, 2.20, 1.52, 0.10, 0.80, 1.53, 1.51, 1.12, 3.33, 1.00],
  tjk_64 = [1.00, 3.09, 0.10, 4.82, 1.95, 1.87, 5.00, 3.99, 2.04, 2.02, 5.00, 0.10, 2.06, 1.17, 4.67, 4.20, 0.10, 4.70, 2.30, 2.14],
  tjk_65 = [2.99, 1.37, 2.94, 2.84, 5.00, 1.85, 5.00, 1.66, 2.84, 1.64, 2.60, 2.61, 3.07, 3.20, 3.02, 3.15, 5.00, 3.97, 3.89, 2.55],
  tjk_71 = [2.22, 3.37, 0.10, 0.10, 1.70, 1.63, 3.33, 1.53, 1.44, 0.98, 3.08, 3.56, 3.88, 5.00, 3.38, 3.14, 0.10, 2.80, 0.10, 2.50],
  tjk_72 = [1.26, 2.03, 1.15, 2.24, 2.70, 4.85, 1.24, 0.98, 2.55, 4.33, 4.70, 0.86, 0.95, 1.19, 1.05, 2.59, 2.01, 1.05, 1.13, 2.91],
  tjk_73 = [0.90, 1.04, 1.00, 4.77, 0.10, 2.25, 0.85, 2.51, 1.06, 3.16, 1.34, 0.10, 1.03, 1.06, 0.10, 2.38, 1.08, 0.91, 3.37, 1.72],
  tjk_74 = [0.10, 3.98, 0.10, 3.29, 3.50, 0.10, 3.89, 5.00, 3.48, 3.50, 2.08, 4.24, 3.12, 5.00, 3.52, 5.00, 0.10, 2.53, 2.38, 3.94],
  tjk_75 = [1.87, 1.92, 1.67, 1.73, 4.69, 1.26, 4.62, 3.86, 2.80, 1.54, 5.00, 1.90, 2.36, 5.00, 4.16, 2.00, 0.63, 4.30, 2.11, 5.00],
  tjk_81 = [4.24, 3.95, 3.15, 5.00, 5.00, 1.59, 5.00, 2.94, 4.03, 3.07, 4.35, 0.10, 1.24, 5.00, 4.03, 4.08, 4.05, 4.36, 4.18, 5.00],
  tjk_82 = [5.00, 5.00, 3.37, 3.29, 2.90, 0.10, 2.06, 0.56, 4.95, 4.17, 3.35, 3.31, 3.00, 3.10, 4.38, 2.79, 2.98, 5.00, 2.56, 2.16],
  tjk_83 = [1.36, 0.10, 0.10, 4.88, 4.83, 5.00, 4.70, 5.00, 5.00, 4.70, 5.00, 4.20, 5.00, 5.00, 1.35, 1.32, 1.79, 5.00, 5.00, 0.10],
  tjk_84 = [5.00, 2.89, 4.09, 1.87, 4.93, 2.24, 1.47, 2.00, 5.00, 2.02, 0.10, 0.10, 5.00, 1.32, 0.10, 2.54, 1.95, 4.32, 3.38, 5.00],
  tjk_85 = [1.96, 2.97, 1.10, 3.20, 4.67, 2.24, 1.28, 2.01, 2.55, 1.98, 0.96, 0.96, 0.34, 0.10, 1.04, 0.99, 2.38, 0.95, 1.47, 3.11],
  tjk_91 = [4.04, 4.47, 5.00, 0.10, 5.00, 2.80, 3.35, 4.67, 1.57, 5.00, 5.00, 4.41, 5.00, 4.20, 2.99, 3.94, 3.22, 5.00, 4.17, 3.97],
  tjk_92 = [2.81, 4.76, 5.00, 1.79, 4.58, 5.00, 5.00, 0.10, 4.42, 2.67, 1.20, 4.70, 5.00, 2.48, 5.00, 3.25, 2.52, 5.00, 4.66, 4.92],
  tjk_93 = [0.10, 4.46, 3.22, 4.75, 1.00, 3.28, 1.87, 2.79, 2.05, 4.74, 1.48, 1.40, 0.52, 0.10, 3.86, 3.28, 5.00, 2.01, 3.76, 2.00],
  tjk_94 = [5.00, 4.83, 4.93, 4.27, 5.00, 0.10, 0.10, 3.79, 0.10, 5.00, 0.36, 4.75, 5.00, 0.10, 5.00, 5.00, 4.20, 0.10, 5.00, 4.67],
  tjk_95 = [1.43, 4.73, 3.82, 3.54, 1.12, 4.06, 3.09, 5.00, 3.51, 3.08, 4.53, 4.20, 3.14, 3.70, 4.31, 5.00, 0.10, 1.33, 4.12, 5.00],
  tjk_101 = [3.80, 4.57, 0.10, 3.49, 4.06, 4.71, 0.10, 4.61, 4.08, 4.45, 4.72, 5.00, 0.10, 0.10, 3.89, 0.10, 4.89, 5.00, 5.00, 5.00],
  tjk_102 = [0.10, 5.00, 1.48, 3.71, 5.00, 5.00, 5.00, 4.91, 5.00, 4.67, 0.10, 5.00, 4.05, 0.10, 0.10, 5.00, 5.00, 0.10, 5.00, 5.00],
  tjk_103 = [3.45, 3.49, 5.00, 5.00, 5.00, 5.00, 4.39, 1.95, 5.00, 3.66, 3.87, 4.76, 3.38, 1.82, 3.33, 5.00, 5.00, 4.86, 0.10, 4.34],
  tjk_104 = [4.80, 4.26, 3.29, 3.69, 1.51, 0.10, 4.86, 0.73, 0.10, 1.95, 1.98, 0.10, 0.10, 0.77, 1.38, 3.49, 5.00, 3.13, 0.54, 3.47],
  tjk_105 = [0.94, 3.62, 1.40, 1.16, 0.94, 0.10, 2.02, 1.03, 2.88, 3.14, 1.03, 1.14, 0.80, 3.60, 1.00, 0.97, 1.20, 0.10, 0.10, 0.99],
  tjk_111 = [1.62, 4.95, 0.24, 2.15, 2.04, 4.95, 3.11, 1.77, 3.52, 4.23, 1.70, 2.51, 1.38, 1.27, 2.40, 2.21, 0.99, 4.05, 0.10, 1.04],
  tjk_112 = [5.00, 4.10, 4.50, 4.82, 5.00, 3.34, 0.10, 1.23, 0.10, 3.35, 5.00, 2.27, 5.00, 1.30, 4.70, 5.00, 1.48, 4.35, 5.00, 4.41],
  tjk_113 = [1.99, 2.34, 3.04, 2.29, 2.03, 5.00, 2.12, 3.01, 0.90, 1.92, 2.19, 5.00, 1.71, 3.05, 1.66, 0.88, 0.10, 1.93, 2.14, 2.01],
  tjk_114 = [5.00, 3.48, 1.82, 1.46, 2.86, 5.00, 5.00, 1.40, 1.70, 4.92, 5.00, 5.00, 5.00, 1.58, 5.00, 4.90, 4.92, 5.00, 1.63, 0.10],
  tjk_115 = [0.35, 3.68, 3.66, 2.93, 3.22, 2.89, 3.65, 0.69, 1.70, 3.98, 0.10, 1.77, 5.00, 5.00, 1.68, 3.12, 2.76, 0.34, 3.74, 3.25],
  tjk_121 = [3.15, 2.36, 2.87, 3.66, 5.00, 0.10, 5.00, 5.00, 0.10, 3.24, 4.19, 4.56, 2.32, 2.66, 2.71, 3.24, 5.00, 4.03, 3.17, 1.65],
  tjk_122 = [5.00, 3.34, 5.00, 4.09, 0.10, 5.00, 5.00, 4.03, 3.22, 5.00, 1.99, 0.98, 3.55, 5.00, 4.60, 5.00, 5.00, 5.00, 5.00, 5.00],
  tjk_123 = [5.00, 3.18, 0.43, 0.10, 5.00, 3.97, 5.00, 2.29, 5.00, 4.45, 5.00, 5.00, 4.07, 4.81, 0.10, 3.85, 4.15, 1.60, 2.58, 5.00],
  tjk_124 = [1.04, 0.90, 1.44, 1.09, 0.84, 1.04, 1.03, 1.98, 2.86, 1.56, 1.00, 2.71, 3.32, 2.05, 3.25, 4.33, 2.23, 0.98, 2.39, 3.88],
  tjk_125 = [2.18, 2.13, 4.26, 2.82, 2.65, 1.84, 1.24, 0.10, 1.45, 2.29, 2.01, 0.88, 1.82, 0.10, 0.45, 2.25, 2.17, 4.84, 1.85, 4.87],
  tjk_131 = [5.00, 2.69, 5.00, 4.30, 4.15, 0.10, 3.91, 4.75, 4.86, 4.85, 1.54, 1.87, 1.76, 3.99, 1.55, 1.66, 5.00, 2.30, 3.74, 5.00],
  tjk_132 = [1.09, 3.60, 2.76, 1.78, 1.08, 0.86, 1.50, 2.89, 0.10, 0.93, 0.10, 0.91, 2.11, 2.81, 0.97, 0.80, 1.47, 1.04, 1.06, 4.44],
  tjk_133 = [4.33, 1.10, 5.00, 1.85, 1.76, 4.29, 0.10, 2.57, 2.79, 2.45, 1.74, 1.59, 5.00, 5.00, 0.10, 3.54, 3.94, 4.96, 2.39, 4.61],
  tjk_134 = [4.38, 3.89, 2.29, 3.99, 2.33, 3.73, 0.10, 3.67, 2.26, 2.46, 3.58, 5.00, 3.32, 5.00, 0.10, 4.86, 3.37, 4.15, 5.00, 5.00],
  tjk_135 = [1.08, 2.14, 1.18, 1.00, 3.33, 2.33, 0.61, 3.52, 0.84, 0.54, 2.87, 3.81, 3.18, 2.61, 4.10, 0.89, 1.03, 1.57, 4.22, 1.33],
  tjk_141 = [0.10, 3.84, 3.37, 1.14, 4.18, 0.10, 1.07, 1.22, 1.05, 0.54, 1.07, 1.67, 3.85, 0.96, 3.24, 0.10, 0.86, 4.89, 4.04, 0.10],
  tjk_142 = [4.46, 4.77, 5.00, 3.83, 0.95, 4.75, 4.16, 4.84, 5.00, 4.93, 4.71, 3.00, 3.60, 5.00, 3.96, 3.07, 0.10, 4.97, 0.10, 1.86],
  tjk_143 = [5.00, 4.06, 5.00, 2.54, 4.88, 4.67, 4.55, 0.24, 0.10, 4.26, 5.00, 4.85, 3.96, 4.95, 4.37, 5.00, 4.60, 2.63, 4.49, 4.52],
  tjk_144 = [1.86, 3.41, 1.67, 4.96, 0.10, 2.08, 0.10, 3.17, 2.04, 1.85, 1.22, 1.87, 3.27, 5.00, 2.32, 0.63, 3.38, 2.26, 2.18, 1.76],
  tjk_145 = [0.10, 3.41, 1.08, 3.62, 3.87, 4.20, 2.68, 3.90, 2.10, 4.10, 0.10, 0.10, 4.03, 3.79, 4.93, 3.97, 0.10, 3.19, 3.47, 4.05],
  tjk_151 = [0.10, 3.68, 1.64, 2.00, 4.85, 4.97, 2.06, 5.00, 4.08, 3.56, 3.75, 4.18, 3.89, 5.00, 1.29, 3.78, 5.00, 3.63, 4.11, 5.00],
  tjk_152 = [5.00, 0.55, 5.00, 2.17, 1.16, 1.93, 1.48, 1.97, 2.07, 1.90, 4.18, 1.54, 2.15, 0.10, 1.28, 3.80, 0.10, 4.36, 1.12, 4.60],
  tjk_153 = [0.10, 3.33, 3.87, 0.10, 3.12, 1.25, 4.86, 4.00, 4.19, 3.26, 3.67, 3.92, 3.78, 3.03, 3.85, 5.00, 2.73, 5.00, 4.69, 3.95],
  tjk_154 = [4.11, 5.00, 3.97, 4.43, 5.00, 5.00, 5.00, 1.83, 3.52, 5.00, 4.45, 1.63, 5.00, 1.05, 1.21, 5.00, 2.42, 3.51, 4.80, 3.41],
  tjk_155 = [5.00, 4.71, 5.00, 3.68, 4.68, 2.54, 4.28, 5.00, 4.03, 4.23, 3.46, 4.65, 4.28, 3.72, 4.01, 0.10, 1.59, 3.95, 4.23, 3.81],
  tjk_161 = [2.59, 1.03, 3.70, 1.02, 0.99, 1.06, 2.37, 2.16, 1.01, 4.83, 1.80, 2.60, 0.87, 1.01, 0.91, 1.34, 3.86, 1.07, 2.30, 4.33],
  tjk_162 = [0.52, 4.50, 0.10, 2.11, 2.24, 3.72, 4.62, 4.77, 2.03, 1.72, 1.74, 0.10, 3.93, 2.14, 1.03, 4.58, 2.52, 2.13, 3.94, 4.87],
  tjk_163 = [2.73, 1.11, 2.01, 3.87, 1.14, 0.10, 1.02, 4.13, 0.10, 1.07, 0.22, 1.01, 4.44, 0.10, 0.33, 3.14, 0.87, 1.65, 2.78, 2.52],
  tjk_164 = [5.00, 3.89, 4.26, 5.00, 0.10, 2.16, 3.79, 5.00, 4.46, 3.74, 2.73, 5.00, 4.31, 3.53, 5.00, 5.00, 4.23, 3.39, 4.18, 5.00],
  tjk_165 = [3.11, 3.75, 4.68, 4.88, 3.94, 1.89, 0.10, 5.00, 5.00, 4.77, 4.00, 4.41, 0.55, 5.00, 5.00, 4.83, 4.15, 5.00, 4.99, 2.21],
  tjk_171 = [3.66, 1.01, 0.49, 2.22, 0.61, 3.41, 1.53, 0.10, 5.00, 0.10, 0.93, 0.10, 3.68, 4.73, 0.91, 2.04, 0.95, 0.98, 1.05, 0.82],
  tjk_172 = [4.67, 4.84, 4.53, 3.48, 4.92, 4.77, 5.00, 4.31, 4.80, 0.10, 5.00, 3.06, 5.00, 3.46, 1.85, 4.58, 2.61, 0.10, 1.11, 0.62],
  tjk_173 = [3.81, 0.84, 1.06, 4.72, 2.93, 3.32, 1.21, 2.50, 3.10, 0.26, 0.10, 3.93, 2.36, 0.91, 1.08, 0.86, 0.97, 1.03, 0.91, 0.95],
  tjk_174 = [1.45, 4.65, 3.48, 4.01, 5.00, 3.48, 0.10, 1.19, 4.29, 5.00, 5.00, 4.19, 4.21, 3.59, 5.00, 5.00, 1.39, 3.67, 0.10, 0.10],
  tjk_175 = [1.91, 0.20, 1.27, 2.58, 1.56, 5.00, 1.42, 5.00, 3.36, 2.07, 4.42, 1.75, 1.95, 4.49, 4.78, 4.95, 1.23, 1.40, 3.54, 1.87],
  tjk_181 = [2.22, 0.10, 4.72, 0.16, 2.46, 1.95, 0.10, 0.10, 0.29, 1.35, 4.76, 2.21, 1.50, 2.01, 5.00, 1.37, 4.03, 1.66, 1.91, 1.25],
  tjk_182 = [2.34, 0.10, 3.46, 1.96, 0.22, 0.92, 0.91, 0.10, 0.95, 0.93, 0.88, 4.27, 2.88, 1.11, 3.21, 2.93, 0.93, 0.10, 2.59, 0.10],
  tjk_183 = [4.61, 4.35, 5.00, 4.95, 5.00, 4.40, 5.00, 3.71, 4.83, 4.69, 5.00, 5.00, 5.00, 1.24, 0.50, 5.00, 4.19, 5.00, 4.49, 5.00],
  tjk_184 = [1.93, 4.43, 0.10, 1.90, 2.44, 3.94, 3.32, 4.73, 3.55, 2.08, 2.09, 4.41, 3.09, 5.00, 0.10, 3.40, 1.82, 2.28, 0.80, 2.08],
  tjk_185 = [1.46, 2.08, 2.80, 4.39, 4.61, 1.08, 2.08, 0.10, 2.09, 1.80, 0.61, 4.79, 1.52, 1.88, 3.62, 2.79, 1.32, 1.97, 2.14, 1.85],
  tjk_191 = [4.08, 4.11, 3.36, 2.01, 0.96, 0.10, 3.84, 1.95, 0.10, 2.68, 1.12, 0.51, 1.07, 0.87, 3.95, 0.98, 1.07, 3.47, 0.97, 3.59],
  tjk_192 = [1.93, 4.19, 2.39, 2.23, 0.10, 2.35, 2.08, 4.37, 1.98, 5.00, 0.10, 0.10, 2.06, 3.25, 0.15, 3.84, 0.10, 2.57, 2.37, 2.16],
  tjk_193 = [5.00, 4.59, 4.66, 0.10, 5.00, 3.74, 5.00, 5.00, 5.00, 3.62, 2.61, 5.00, 4.44, 5.00, 4.94, 5.00, 5.00, 4.28, 0.10, 4.58],
  tjk_194 = [3.49, 0.86, 0.26, 1.07, 4.90, 1.23, 3.30, 0.97, 1.12, 1.12, 0.98, 1.30, 3.65, 1.16, 2.33, 3.30, 4.64, 2.74, 3.76, 0.99],
  tjk_195 = [3.88, 5.00, 4.62, 5.00, 5.00, 4.68, 1.66, 1.59, 3.55, 3.88, 3.78, 4.35, 4.06, 0.10, 0.10, 5.00, 4.18, 3.42, 1.35, 5.00],
  tjk_201 = [1.36, 5.00, 3.05, 2.85, 5.00, 1.17, 4.61, 2.54, 1.24, 2.80, 3.10, 2.84, 4.96, 0.10, 0.10, 3.51, 3.22, 2.47, 1.37, 1.63],
  tjk_202 = [4.27, 3.10, 3.11, 2.99, 1.71, 0.10, 5.00, 3.49, 3.47, 5.00, 0.10, 1.77, 3.95, 1.81, 3.25, 4.19, 3.15, 4.54, 2.95, 2.68],
  tjk_203 = [5.00, 0.10, 3.87, 0.10, 3.98, 5.00, 4.20, 2.64, 3.69, 2.29, 1.97, 2.75, 3.32, 4.91, 4.00, 5.00, 2.10, 4.41, 3.88, 4.55],
  tjk_204 = [4.16, 2.17, 3.52, 2.74, 2.33, 5.00, 3.52, 0.10, 4.23, 1.64, 4.73, 5.00, 3.27, 4.13, 5.00, 3.18, 3.31, 1.13, 5.00, 4.66],
  tjk_205 = [4.07, 5.00, 1.48, 5.00, 4.14, 4.36, 4.01, 3.23, 2.90, 4.39, 5.00, 0.10, 0.10, 5.00, 4.98, 2.18, 0.10, 2.15, 0.10, 3.74],
  tjk_211 = [3.95, 3.90, 1.49, 2.75, 0.10, 3.16, 0.10, 2.73, 1.78, 3.91, 4.11, 3.17, 1.47, 4.50, 1.14, 4.21, 4.48, 1.31, 3.80, 2.04],
  tjk_212 = [5.00, 5.00, 2.85, 4.32, 4.78, 4.85, 2.17, 2.52, 3.13, 4.61, 4.67, 4.21, 2.37, 4.68, 3.72, 5.00, 4.31, 5.00, 5.00, 4.11],
  tjk_213 = [5.00, 0.32, 3.03, 2.72, 0.10, 5.00, 5.00, 3.24, 3.40, 5.00, 3.37, 1.82, 4.00, 2.98, 2.87, 2.87, 3.75, 1.52, 5.00, 3.05],
  tjk_214 = [0.10, 3.72, 3.36, 4.21, 5.00, 0.10, 1.83, 4.01, 5.00, 3.41, 4.32, 5.00, 3.41, 3.76, 1.08, 3.16, 0.10, 3.47, 3.83, 5.00],
  tjk_215 = [0.59, 0.10, 1.90, 2.27, 0.20, 1.69, 5.00, 1.75, 2.90, 2.02, 2.09, 1.93, 1.93, 5.00, 3.17, 2.02, 3.43, 1.67, 0.10, 4.33],
  tjk_221 = [2.47, 3.62, 1.80, 1.80, 2.76, 2.57, 0.90, 2.67, 1.13, 0.17, 2.25, 3.46, 0.83, 0.65, 1.55, 0.78, 4.59, 1.09, 1.03, 4.39],
  tjk_222 = [3.09, 1.86, 2.03, 1.50, 1.99, 2.51, 2.98, 2.04, 4.63, 2.44, 5.00, 4.70, 5.00, 3.04, 1.86, 1.77, 1.88, 2.09, 2.15, 1.96],
  tjk_223 = [4.36, 4.11, 3.68, 4.66, 2.08, 1.78, 3.81, 3.78, 3.78, 3.97, 4.31, 3.87, 2.04, 4.69, 5.00, 3.38, 3.49, 3.71, 1.24, 3.49],
  tjk_224 = [3.11, 5.00, 2.95, 5.00, 3.51, 4.02, 3.44, 3.69, 3.93, 3.56, 3.13, 3.31, 2.81, 2.52, 3.71, 2.98, 5.00, 3.17, 3.18, 3.12],
  tjk_225 = [4.37, 0.10, 0.92, 2.18, 4.52, 1.81, 2.73, 0.10, 1.95, 4.27, 1.87, 2.32, 2.73, 0.62, 1.94, 4.95, 0.10, 3.93, 2.89, 2.21],
  tjk_231 = [3.24, 4.85, 1.37, 3.05, 5.00, 4.68, 5.00, 4.76, 5.00, 2.10, 4.01, 5.00, 4.07, 0.10, 4.76, 3.35, 0.10, 4.26, 0.10, 5.00],
  tjk_232 = [3.00, 1.61, 3.14, 4.72, 3.02, 3.09, 1.90, 3.03, 3.17, 2.98, 0.10, 2.60, 2.65, 2.65, 4.11, 2.65, 4.65, 3.00, 5.00, 2.50],
  tjk_233 = [1.02, 3.48, 1.14, 3.72, 0.86, 3.01, 1.59, 0.93, 1.46, 0.91, 4.67, 3.31, 0.12, 0.70, 0.82, 0.91, 1.18, 2.89, 2.87, 3.34],
  tjk_234 = [1.04, 3.79, 2.01, 2.22, 0.10, 2.04, 2.51, 5.00, 4.93, 1.42, 2.85, 1.97, 1.67, 1.68, 2.00, 3.55, 2.06, 1.97, 0.10, 0.10],
  tjk_235 = [2.07, 1.10, 4.92, 1.95, 5.00, 3.05, 0.10, 1.79, 2.10, 4.11, 1.98, 4.14, 1.86, 5.00, 1.74, 1.97, 4.70, 1.94, 3.03, 3.86],
  tjk_241 = [1.61, 4.05, 4.53, 5.00, 0.10, 4.80, 0.67, 2.49, 5.00, 1.87, 2.00, 3.25, 1.90, 2.95, 5.00, 1.72, 5.00, 2.12, 2.17, 5.00],
  tjk_242 = [4.97, 2.77, 5.00, 4.73, 5.00, 2.69, 5.00, 3.66, 0.10, 3.05, 4.90, 3.50, 4.12, 0.21, 3.76, 3.65, 3.22, 2.48, 5.00, 1.10],
  tjk_243 = [2.83, 2.27, 1.19, 0.10, 4.90, 1.99, 0.33, 2.49, 3.55, 2.15, 1.60, 3.59, 4.98, 4.56, 2.03, 2.17, 0.10, 1.86, 1.75, 0.45],
  tjk_244 = [1.05, 1.10, 0.10, 2.20, 0.98, 0.94, 1.34, 0.92, 2.73, 1.06, 0.84, 2.95, 2.69, 1.85, 3.39, 0.96, 4.64, 4.18, 2.69, 1.05],
  tjk_245 = [2.74, 1.10, 0.98, 3.54, 0.95, 3.55, 0.10, 1.02, 2.91, 2.49, 0.39, 1.02, 3.25, 2.02, 1.01, 1.05, 0.94, 4.36, 2.42, 0.98],
  tjk_251 = [0.10, 4.65, 2.12, 3.87, 5.00, 3.84, 3.82, 3.36, 4.61, 5.00, 3.49, 4.28, 4.22, 3.99, 4.16, 4.50, 3.73, 0.10, 2.45, 4.91],
  tjk_252 = [4.60, 2.32, 1.01, 4.74, 2.15, 2.03, 2.07, 4.71, 1.31, 4.49, 0.10, 2.11, 2.09, 0.10, 2.19, 0.10, 0.10, 2.71, 4.12, 2.86],
  tjk_253 = [4.30, 2.77, 4.03, 3.70, 2.52, 2.10, 1.18, 0.39, 2.18, 2.28, 3.04, 2.91, 5.00, 1.75, 4.39, 4.63, 1.82, 4.36, 5.00, 1.96],
  tjk_254 = [0.10, 4.52, 2.90, 1.07, 4.85, 1.19, 1.67, 0.10, 0.88, 1.09, 1.79, 1.05, 1.76, 0.63, 0.98, 0.10, 0.88, 1.51, 0.10, 1.34],
  tjk_255 = [4.12, 4.75, 3.66, 3.38, 3.46, 4.14, 1.01, 2.53, 1.09, 0.96, 4.76, 0.10, 0.96, 0.91, 0.92, 0.29, 0.26, 1.88, 3.84, 0.58],
  tjk_261 = [4.19, 0.10, 0.68, 3.90, 1.19, 1.27, 0.10, 1.08, 1.80, 2.84, 0.10, 1.02, 1.21, 0.95, 0.87, 0.10, 1.18, 3.82, 0.56, 0.92],
  tjk_262 = [1.10, 4.34, 4.86, 3.19, 2.62, 5.00, 5.00, 5.00, 4.93, 4.68, 5.00, 4.86, 4.05, 1.44, 0.10, 4.98, 5.00, 2.54, 5.00, 1.97],
  tjk_263 = [1.69, 2.22, 5.00, 1.73, 2.52, 3.30, 4.22, 1.87, 0.10, 2.95, 4.99, 4.01, 2.03, 3.92, 2.22, 2.09, 3.53, 2.03, 1.85, 2.43],
  tjk_264 = [2.72, 5.00, 5.00, 2.68, 3.07, 0.10, 2.89, 1.42, 5.00, 2.01, 2.06, 0.10, 2.33, 2.98, 2.92, 3.66, 3.54, 0.10, 4.08, 0.10],
  tjk_265 = [5.00, 2.61, 5.00, 4.24, 0.10, 1.33, 1.24, 4.48, 3.14, 5.00, 3.69, 2.62, 3.42, 5.00, 1.27, 0.10, 3.54, 2.64, 2.53, 0.10],
  tjk_271 = [4.16, 2.88, 0.10, 3.53, 4.31, 4.47, 3.20, 5.00, 3.19, 5.00, 2.65, 5.00, 3.79, 5.00, 5.00, 5.00, 0.10, 0.10, 0.40, 5.00],
  tjk_272 = [0.10, 1.77, 2.19, 2.07, 2.49, 4.38, 0.10, 2.80, 1.67, 2.58, 0.10, 5.00, 2.12, 0.10, 3.16, 0.10, 5.00, 1.74, 2.48, 2.16],
  tjk_273 = [4.69, 0.10, 5.00, 3.85, 1.50, 4.37, 3.85, 4.62, 3.40, 2.90, 5.00, 4.65, 5.00, 3.23, 3.48, 4.80, 0.10, 0.62, 0.10, 0.10],
  tjk_274 = [1.54, 4.86, 4.81, 0.10, 4.75, 0.10, 3.56, 0.10, 3.04, 2.00, 4.14, 5.00, 5.00, 4.59, 1.53, 4.11, 5.00, 5.00, 5.00, 4.40],
  tjk_275 = [4.98, 0.10, 5.00, 2.59, 2.77, 5.00, 5.00, 4.30, 5.00, 4.85, 5.00, 0.10, 3.07, 5.00, 0.10, 5.00, 2.66, 4.96, 5.00, 5.00],
  tjk_281 = [5.00, 0.10, 2.64, 5.00, 3.15, 2.70, 4.15, 3.25, 2.38, 3.16, 2.76, 4.39, 1.44, 2.77, 1.88, 1.92, 2.71, 0.10, 3.41, 5.00],
  tjk_282 = [0.10, 1.63, 4.29, 0.10, 5.00, 0.10, 3.32, 3.92, 3.56, 5.00, 4.17, 0.10, 2.99, 3.96, 4.43, 3.87, 2.06, 5.00, 4.27, 5.00],
  tjk_283 = [2.08, 2.43, 1.85, 3.09, 2.14, 0.10, 1.43, 0.10, 0.10, 0.10, 3.47, 3.90, 1.66, 3.77, 1.88, 1.76, 1.44, 2.49, 2.08, 2.12],
  tjk_284 = [1.42, 1.89, 0.10, 0.56, 4.20, 2.46, 5.00, 2.73, 3.75, 3.18, 3.13, 3.09, 1.41, 0.10, 2.15, 1.38, 5.00, 0.10, 2.36, 1.28],
  tjk_285 = [0.63, 0.10, 2.71, 3.81, 1.11, 2.11, 1.86, 0.91, 1.14, 3.95, 1.00, 3.92, 1.85, 1.09, 2.29, 1.03, 0.98, 0.10, 4.70, 1.86],
  tjk_291 = [3.06, 3.04, 3.36, 3.00, 5.00, 3.08, 3.31, 2.81, 1.34, 2.78, 1.35, 4.35, 0.46, 1.82, 2.61, 3.38, 1.34, 1.46, 2.86, 4.09],
  tjk_292 = [4.88, 2.90, 2.72, 2.99, 4.36, 3.15, 2.95, 3.10, 1.21, 0.10, 2.44, 0.10, 1.31, 2.71, 4.58, 2.59, 2.21, 0.10, 2.95, 5.00],
  tjk_293 = [4.22, 4.84, 1.11, 4.30, 1.99, 4.38, 5.00, 4.76, 3.97, 1.36, 3.83, 1.01, 4.42, 4.48, 5.00, 5.00, 2.86, 5.00, 4.41, 4.80],
  tjk_294 = [3.75, 0.10, 4.54, 2.10, 2.96, 5.00, 3.75, 0.10, 5.00, 1.90, 0.10, 5.00, 1.90, 1.38, 3.94, 1.76, 2.09, 0.10, 2.09, 2.13],
  tjk_295 = [3.00, 4.80, 4.75, 4.80, 1.87, 0.99, 5.00, 4.91, 5.00, 3.32, 2.09, 0.10, 5.00, 4.83, 4.55, 3.55, 5.00, 3.67, 0.10, 0.10],
  tjk_301 = [4.42, 0.10, 4.46, 2.84, 4.48, 0.10, 0.10, 1.18, 4.20, 3.10, 3.73, 2.74, 2.69, 2.64, 2.79, 2.85, 4.57, 3.22, 3.13, 2.76],
  tjk_302 = [2.52, 4.75, 3.59, 0.10, 4.29, 1.93, 0.10, 2.61, 3.96, 1.68, 1.72, 3.18, 1.73, 2.44, 3.71, 3.34, 2.07, 1.98, 2.48, 1.58],
  tjk_303 = [1.64, 4.17, 0.73, 3.61, 3.02, 1.86, 2.05, 2.30, 0.10, 3.17, 5.00, 2.03, 3.63, 0.85, 4.73, 4.68, 1.78, 4.04, 5.00, 3.57],
  tjk_304 = [0.10, 5.00, 5.00, 5.00, 3.86, 5.00, 0.10, 2.39, 2.04, 3.30, 4.61, 4.71, 5.00, 5.00, 5.00, 5.00, 4.95, 2.17, 5.00, 4.26],
  tjk_305 = [2.96, 4.53, 0.10, 3.48, 5.00, 0.10, 0.10, 2.98, 1.92, 2.44, 2.86, 2.81, 1.19, 3.22, 1.62, 5.00, 1.13, 2.45, 1.65, 4.71],
]

Service Times (¦Î_{jk}^s) = [
  xi_11 = [8.51, 8.04, 1.48, 10.00, 9.71, 10.00, 8.34, 8.54, 9.01, 2.12, 10.00, 3.94, 7.19, 1.00, 3.32, 5.63, 7.71, 5.78, 6.36, 5.88],
  xi_12 = [2.25, 2.58, 5.73, 5.58, 2.77, 1.80, 2.27, 5.11, 8.41, 5.12, 1.00, 5.52, 1.68, 4.97, 1.00, 1.00, 1.15, 1.63, 1.66, 1.69],
  xi_13 = [1.00, 5.28, 1.00, 4.52, 4.81, 4.91, 9.94, 9.35, 1.70, 5.73, 1.00, 1.00, 5.40, 4.38, 5.09, 3.63, 6.56, 5.45, 4.64, 1.00],
  xi_14 = [4.00, 10.00, 4.58, 10.00, 3.90, 4.87, 5.08, 2.46, 1.77, 4.85, 1.00, 3.54, 9.90, 3.27, 10.00, 4.06, 1.00, 4.12, 1.00, 5.85],
  xi_15 = [1.00, 7.65, 10.00, 10.00, 3.64, 6.49, 1.00, 1.00, 4.86, 8.46, 10.00, 8.42, 2.86, 7.08, 8.15, 2.58, 7.60, 8.26, 10.00, 10.00],
  xi_21 = [1.00, 2.32, 1.00, 1.46, 2.54, 1.01, 2.89, 1.03, 1.00, 6.76, 1.02, 1.04, 1.00, 1.72, 1.95, 6.69, 2.98, 8.99, 1.00, 1.98],
  xi_22 = [9.34, 4.77, 2.48, 10.00, 10.00, 9.80, 10.00, 2.19, 2.79, 1.00, 9.83, 4.15, 10.00, 8.22, 7.61, 10.00, 10.00, 7.99, 9.43, 9.17],
  xi_23 = [5.38, 4.93, 4.75, 6.04, 3.31, 4.90, 2.66, 5.74, 2.36, 4.49, 1.00, 6.77, 5.24, 5.67, 7.09, 8.58, 5.92, 9.76, 5.33, 1.75],
  xi_24 = [4.46, 2.34, 3.02, 2.12, 3.38, 1.90, 1.00, 2.19, 2.02, 3.54, 1.62, 1.00, 6.70, 2.01, 4.39, 4.63, 9.81, 1.78, 2.40, 2.20],
  xi_25 = [3.47, 1.99, 10.00, 2.50, 8.03, 10.00, 9.18, 7.85, 7.28, 10.00, 7.63, 10.00, 3.88, 9.83, 5.95, 8.74, 9.93, 2.74, 8.68, 10.00],
  xi_31 = [3.66, 7.51, 5.23, 5.56, 1.00, 5.14, 8.81, 7.09, 4.67, 5.06, 6.99, 1.00, 4.27, 8.87, 5.91, 4.73, 4.72, 10.00, 8.30, 5.36],
  xi_32 = [10.00, 8.42, 1.00, 1.00, 6.65, 9.52, 7.43, 7.88, 10.00, 1.00, 5.01, 7.82, 6.02, 7.00, 8.49, 10.00, 1.00, 9.63, 4.77, 10.00],
  xi_33 = [8.44, 3.78, 1.02, 3.15, 1.04, 1.12, 1.00, 1.00, 1.00, 1.00, 3.21, 1.00, 8.07, 1.78, 8.05, 1.00, 1.00, 1.00, 7.90, 1.00],
  xi_34 = [3.90, 1.00, 1.00, 1.10, 1.00, 1.04, 8.68, 1.04, 1.00, 1.10, 1.00, 3.36, 4.09, 2.14, 1.92, 6.61, 1.04, 1.06, 1.03, 2.14],
  xi_35 = [1.33, 3.42, 4.78, 3.73, 1.84, 2.66, 2.76, 7.73, 1.00, 1.97, 8.81, 1.85, 2.68, 1.61, 3.20, 6.55, 6.70, 2.08, 1.00, 2.84],
  xi_41 = [7.77, 4.49, 1.76, 2.01, 1.89, 2.27, 1.41, 5.08, 1.99, 1.00, 3.18, 2.07, 8.32, 1.76, 2.74, 4.30, 1.83, 1.78, 9.20, 9.15],
  xi_42 = [5.29, 1.00, 10.00, 9.08, 2.20, 4.80, 6.94, 1.00, 5.00, 5.30, 10.00, 8.86, 5.63, 10.00, 6.19, 10.00, 7.27, 4.08, 6.19, 1.62],
  xi_43 = [2.32, 1.00, 5.30, 1.74, 8.56, 3.48, 4.87, 3.76, 1.85, 1.29, 1.94, 5.46, 2.27, 1.00, 6.75, 1.87, 2.02, 1.00, 3.07, 7.48],
  xi_44 = [10.00, 3.83, 9.24, 1.00, 4.74, 10.00, 6.95, 1.00, 10.00, 8.17, 1.21, 9.35, 10.00, 1.34, 4.28, 9.91, 8.23, 10.00, 1.00, 6.43],
  xi_45 = [6.65, 7.43, 6.04, 4.32, 6.38, 4.93, 5.23, 1.00, 5.82, 5.29, 6.51, 5.62, 5.96, 5.84, 10.00, 1.00, 6.75, 4.03, 5.57, 10.00],
  xi_51 = [8.62, 1.00, 6.22, 1.18, 9.40, 1.00, 2.99, 1.00, 1.04, 1.00, 1.00, 1.27, 1.06, 3.53, 1.06, 1.00, 8.92, 7.82, 5.49, 1.27],
  xi_52 = [5.33, 1.00, 1.71, 1.87, 1.00, 1.00, 4.84, 1.00, 1.00, 3.27, 1.00, 1.82, 3.65, 2.21, 3.14, 1.77, 1.06, 2.02, 1.05, 8.07],
  xi_53 = [9.25, 1.00, 7.23, 4.32, 7.42, 8.43, 7.13, 1.00, 7.56, 10.00, 7.21, 10.00, 10.00, 7.07, 7.82, 4.89, 9.29, 7.20, 8.16, 7.79],
  xi_54 = [1.00, 8.45, 6.60, 7.94, 10.00, 7.96, 9.46, 8.55, 1.14, 10.00, 3.99, 8.15, 1.00, 5.26, 5.70, 6.28, 7.69, 7.74, 8.13, 7.00],
  xi_55 = [10.00, 1.00, 1.03, 5.57, 3.84, 10.00, 5.94, 1.00, 7.60, 8.38, 7.01, 10.00, 7.07, 10.00, 8.62, 1.97, 4.38, 8.55, 3.24, 1.00],
  xi_61 = [1.91, 1.61, 4.89, 1.00, 6.87, 4.27, 1.90, 10.00, 1.00, 3.91, 1.00, 3.53, 3.64, 7.73, 1.00, 3.87, 7.28, 4.40, 6.11, 8.80],
  xi_62 = [9.66, 8.26, 10.00, 10.00, 1.00, 10.00, 7.71, 10.00, 8.51, 9.49, 5.82, 9.44, 9.08, 1.00, 10.00, 10.00, 7.17, 6.96, 9.22, 10.00],
  xi_63 = [5.63, 9.34, 4.10, 9.59, 10.00, 7.41, 10.00, 5.91, 4.25, 10.00, 10.00, 8.94, 10.00, 6.41, 8.61, 10.00, 1.00, 6.06, 3.66, 10.00],
  xi_64 = [4.58, 8.01, 9.83, 5.31, 1.00, 5.90, 3.40, 6.27, 3.30, 2.15, 3.26, 2.99, 5.88, 3.99, 1.29, 9.65, 5.91, 1.23, 2.68, 2.78],
  xi_65 = [9.18, 10.00, 10.00, 9.99, 2.67, 10.00, 9.69, 8.99, 10.00, 9.61, 4.70, 5.91, 10.00, 2.14, 6.66, 10.00, 5.39, 9.23, 9.17, 9.60],
  xi_71 = [7.29, 1.03, 8.09, 8.69, 6.78, 4.35, 5.94, 7.15, 2.28, 1.34, 7.34, 6.40, 1.00, 6.50, 7.27, 9.87, 9.21, 6.77, 5.52, 3.50],
  xi_72 = [6.99, 1.00, 7.00, 1.00, 6.96, 10.00, 6.53, 1.98, 8.68, 10.00, 5.97, 5.30, 1.00, 2.47, 6.59, 6.33, 10.00, 7.30, 2.46, 7.36],
  xi_73 = [1.82, 4.85, 9.73, 5.91, 1.00, 5.61, 6.10, 1.00, 5.69, 5.72, 6.90, 5.97, 6.25, 1.00, 1.00, 7.01, 4.93, 10.00, 6.91, 5.83],
  xi_74 = [8.42, 5.92, 1.00, 3.20, 3.30, 4.93, 7.98, 2.69, 3.25, 7.61, 2.95, 9.31, 7.65, 10.00, 1.00, 8.30, 9.41, 7.97, 10.00, 6.17],
  xi_75 = [1.00, 1.63, 3.32, 1.00, 1.09, 1.28, 1.00, 1.08, 1.00, 7.09, 1.18, 1.71, 1.57, 4.36, 1.00, 8.98, 6.25, 1.08, 2.46, 1.00],
  xi_81 = [1.00, 1.67, 4.25, 5.85, 3.62, 4.34, 10.00, 9.06, 10.00, 9.33, 4.19, 3.82, 6.54, 1.00, 2.86, 10.00, 1.00, 1.00, 4.18, 3.93],
  xi_82 = [8.93, 3.28, 1.00, 6.41, 5.68, 5.06, 1.00, 4.90, 4.25, 5.03, 5.87, 2.97, 7.02, 1.30, 10.00, 6.48, 1.59, 5.30, 7.61, 8.66],
  xi_83 = [6.83, 1.19, 3.82, 1.81, 8.79, 1.00, 1.00, 10.00, 10.00, 7.33, 7.42, 7.46, 1.00, 10.00, 10.00, 10.00, 7.98, 7.79, 10.00, 7.35],
  xi_84 = [4.13, 3.71, 1.00, 7.87, 4.29, 10.00, 1.00, 5.02, 3.41, 10.00, 5.18, 7.40, 3.88, 4.39, 4.35, 4.65, 10.00, 3.53, 4.15, 10.00],
  xi_85 = [4.84, 4.12, 5.26, 3.45, 9.98, 8.46, 2.60, 7.09, 1.00, 9.76, 4.67, 6.86, 5.06, 5.57, 2.27, 10.00, 2.75, 4.75, 4.94, 5.11],
  xi_91 = [5.50, 8.46, 3.94, 6.35, 1.00, 3.92, 3.30, 5.53, 4.30, 1.88, 9.28, 8.52, 5.64, 10.00, 4.31, 3.96, 6.73, 3.40, 6.74, 9.70],
  xi_92 = [6.92, 7.22, 5.43, 7.36, 7.23, 1.99, 3.76, 1.40, 7.16, 6.70, 3.45, 1.00, 7.84, 10.00, 4.01, 6.57, 1.80, 10.00, 10.00, 10.00],
  xi_93 = [1.00, 1.90, 9.79, 1.00, 1.93, 5.82, 2.36, 1.00, 2.82, 1.94, 2.46, 1.86, 7.21, 4.51, 5.52, 5.55, 3.21, 3.59, 1.00, 4.07],
  xi_94 = [10.00, 3.62, 4.24, 1.13, 7.63, 3.79, 8.06, 8.98, 4.13, 3.54, 4.19, 4.22, 9.66, 7.20, 3.85, 6.92, 8.85, 3.80, 4.27, 3.67],
  xi_95 = [7.23, 10.00, 10.00, 6.38, 9.74, 7.18, 1.00, 1.00, 1.00, 10.00, 1.00, 9.89, 7.99, 3.06, 4.43, 10.00, 2.91, 7.11, 8.26, 6.81],
  xi_101 = [4.86, 10.00, 9.95, 6.04, 1.00, 1.15, 7.78, 2.70, 5.16, 1.20, 5.18, 3.82, 4.88, 8.94, 1.00, 6.94, 4.81, 4.07, 1.00, 5.76],
  xi_102 = [4.36, 6.89, 10.00, 10.00, 6.92, 1.00, 9.15, 5.89, 6.11, 1.00, 10.00, 9.08, 3.85, 1.34, 1.00, 8.95, 10.00, 9.50, 9.71, 8.92],
  xi_103 = [4.94, 1.00, 3.44, 5.67, 6.64, 3.68, 10.00, 1.00, 6.32, 9.70, 5.82, 1.00, 6.89, 7.04, 6.40, 1.74, 9.11, 4.87, 7.03, 6.17],
  xi_104 = [2.33, 2.10, 1.79, 1.85, 1.85, 2.01, 1.93, 1.00, 1.16, 8.26, 1.59, 1.00, 1.74, 1.88, 4.45, 2.10, 1.40, 2.00, 1.37, 5.93],
  xi_105 = [5.97, 4.38, 3.65, 5.73, 1.52, 1.00, 2.49, 10.00, 4.93, 10.00, 7.83, 5.42, 10.00, 8.81, 4.90, 10.00, 4.90, 8.78, 4.34, 5.37],
  xi_111 = [1.00, 1.00, 1.00, 8.16, 7.91, 1.00, 6.46, 2.26, 1.00, 2.29, 6.77, 3.01, 1.09, 1.00, 7.28, 8.73, 9.53, 4.55, 8.63, 1.77],
  xi_112 = [10.00, 1.00, 9.08, 10.00, 10.00, 1.32, 1.00, 10.00, 10.00, 10.00, 6.75, 10.00, 6.09, 1.34, 9.20, 1.09, 10.00, 10.00, 3.45, 4.07],
  xi_113 = [7.69, 9.93, 9.76, 7.73, 7.65, 7.11, 8.11, 6.65, 10.00, 6.33, 2.58, 7.67, 6.95, 1.00, 8.14, 9.62, 1.00, 9.42, 2.11, 6.83],
  xi_114 = [6.16, 7.04, 1.70, 6.39, 6.44, 1.00, 5.91, 10.00, 10.00, 9.60, 1.19, 1.40, 6.73, 5.89, 4.01, 5.26, 6.20, 1.00, 7.06, 1.81],
  xi_115 = [4.85, 4.01, 1.70, 3.02, 5.43, 9.34, 6.61, 3.72, 7.61, 4.20, 1.38, 4.10, 3.69, 7.90, 4.23, 3.67, 9.95, 4.15, 4.80, 3.99],
  xi_121 = [2.42, 1.00, 7.37, 9.71, 7.48, 8.17, 4.65, 7.18, 10.00, 8.45, 5.20, 10.00, 7.24, 9.73, 7.58, 7.88, 5.39, 6.45, 1.00, 3.04],
  xi_122 = [1.30, 8.45, 1.00, 1.04, 6.74, 1.00, 1.00, 2.12, 1.04, 1.82, 1.00, 1.11, 6.93, 1.00, 1.00, 5.35, 8.58, 8.56, 1.22, 1.00],
  xi_123 = [10.00, 10.00, 8.85, 10.00, 10.00, 10.00, 9.75, 1.00, 8.77, 8.69, 2.87, 8.90, 5.96, 8.89, 10.00, 9.02, 8.83, 6.63, 2.75, 8.25],
  xi_124 = [10.00, 1.00, 8.63, 5.18, 9.22, 8.98, 1.16, 6.80, 2.24, 9.36, 7.33, 10.00, 8.72, 10.00, 6.15, 9.34, 8.71, 9.10, 10.00, 8.59],
  xi_125 = [10.00, 10.00, 8.04, 9.88, 2.63, 10.00, 7.21, 1.00, 9.17, 6.41, 9.68, 3.02, 9.67, 1.61, 10.00, 1.00, 1.62, 10.00, 10.00, 2.06],
  xi_131 = [8.42, 2.80, 5.78, 3.16, 6.34, 4.16, 2.99, 5.09, 4.55, 6.67, 9.97, 6.85, 2.94, 9.80, 8.74, 3.96, 2.01, 1.98, 3.11, 6.55],
  xi_132 = [10.00, 3.16, 5.34, 4.92, 4.03, 10.00, 5.06, 9.27, 3.15, 6.49, 7.70, 10.00, 6.18, 1.20, 8.73, 10.00, 6.07, 2.78, 8.62, 4.68],
  xi_133 = [5.48, 10.00, 4.25, 4.60, 5.10, 9.25, 5.57, 6.42, 4.75, 1.00, 4.80, 5.91, 6.33, 1.00, 6.80, 5.51, 6.62, 5.20, 2.38, 4.75],
  xi_134 = [4.27, 3.86, 7.44, 1.98, 4.47, 4.32, 4.35, 4.11, 9.37, 4.96, 8.92, 6.75, 7.91, 1.00, 2.09, 1.72, 4.09, 1.00, 4.45, 2.88],
  xi_135 = [10.00, 6.96, 2.19, 10.00, 7.64, 9.53, 7.63, 7.00, 5.22, 7.67, 8.75, 6.07, 7.18, 7.84, 6.47, 4.61, 5.40, 10.00, 10.00, 5.64],
  xi_141 = [2.68, 2.50, 3.82, 6.64, 9.00, 6.07, 4.49, 1.00, 2.80, 6.19, 5.49, 5.25, 3.36, 3.21, 2.36, 3.52, 8.97, 6.52, 1.00, 1.00],
  xi_142 = [10.00, 10.00, 6.83, 9.54, 10.00, 1.14, 3.52, 9.38, 5.70, 8.12, 9.87, 1.00, 10.00, 2.19, 10.00, 10.00, 10.00, 6.73, 9.94, 1.00],
  xi_143 = [8.72, 7.45, 4.39, 6.81, 3.91, 1.00, 6.66, 7.14, 5.92, 4.84, 5.78, 1.11, 7.92, 7.13, 7.20, 8.94, 2.49, 7.17, 5.56, 9.71],
  xi_144 = [1.00, 10.00, 6.01, 3.53, 3.62, 4.61, 5.97, 3.83, 3.62, 4.24, 2.08, 10.00, 1.00, 4.13, 8.80, 1.00, 10.00, 6.97, 4.14, 1.00],
  xi_145 = [2.18, 5.99, 7.99, 1.00, 4.21, 4.27, 5.53, 7.27, 7.91, 5.42, 4.27, 6.13, 5.13, 6.20, 10.00, 5.41, 3.71, 1.00, 5.71, 4.90],
  xi_151 = [1.00, 3.27, 7.87, 1.00, 8.80, 8.08, 7.85, 10.00, 9.70, 1.16, 1.84, 7.16, 8.67, 7.51, 10.00, 7.97, 10.00, 8.63, 9.65, 7.49],
  xi_152 = [4.71, 9.13, 10.00, 3.08, 9.23, 1.00, 5.48, 2.30, 9.16, 10.00, 5.83, 1.00, 8.95, 7.78, 1.66, 1.00, 5.08, 6.44, 5.24, 5.27],
  xi_153 = [6.44, 10.00, 9.29, 8.15, 6.45, 2.75, 6.64, 5.23, 4.51, 7.96, 7.97, 8.02, 10.00, 1.00, 5.26, 6.43, 1.00, 10.00, 10.00, 7.91],
  xi_154 = [10.00, 5.57, 10.00, 6.91, 8.25, 5.28, 1.00, 5.23, 10.00, 10.00, 3.45, 7.74, 10.00, 10.00, 2.04, 10.00, 8.86, 10.00, 10.00, 2.30],
  xi_155 = [8.28, 1.00, 2.35, 2.06, 5.62, 1.75, 5.97, 6.04, 4.40, 2.04, 8.53, 6.16, 4.12, 4.91, 1.80, 3.17, 1.08, 5.16, 9.17, 7.41],
  xi_161 = [5.63, 4.71, 5.95, 5.44, 6.76, 6.36, 10.00, 5.84, 2.84, 7.90, 10.00, 5.51, 6.69, 4.59, 6.53, 6.17, 8.64, 10.00, 6.23, 10.00],
  xi_162 = [1.00, 1.05, 9.16, 1.60, 6.00, 1.00, 6.64, 1.00, 1.00, 2.66, 6.26, 4.51, 1.00, 1.34, 4.91, 1.00, 3.01, 7.11, 1.06, 3.28],
  xi_163 = [1.38, 10.00, 7.10, 7.44, 1.00, 5.54, 5.16, 5.02, 4.54, 1.00, 4.94, 4.31, 4.54, 4.74, 4.99, 9.85, 4.99, 6.33, 6.28, 4.73],
  xi_164 = [10.00, 5.14, 1.00, 7.99, 10.00, 10.00, 5.35, 1.00, 2.15, 6.74, 1.00, 5.49, 10.00, 2.95, 10.00, 1.54, 4.87, 6.05, 4.68, 1.00],
  xi_165 = [5.48, 7.70, 6.40, 10.00, 9.93, 9.25, 6.73, 5.85, 6.25, 6.79, 6.56, 5.49, 2.60, 6.41, 1.00, 5.29, 10.00, 6.26, 5.49, 5.56],
  xi_171 = [9.74, 10.00, 10.00, 10.00, 10.00, 4.21, 3.70, 10.00, 1.00, 8.47, 5.26, 6.07, 10.00, 8.95, 5.64, 9.25, 10.00, 10.00, 10.00, 5.03],
  xi_172 = [8.25, 6.52, 9.22, 10.00, 1.00, 10.00, 1.37, 9.83, 10.00, 10.00, 10.00, 10.00, 7.12, 8.72, 10.00, 9.30, 1.47, 10.00, 1.00, 3.77],
  xi_173 = [4.31, 3.87, 1.00, 1.00, 5.86, 2.01, 1.10, 1.74, 1.11, 1.13, 1.00, 1.09, 7.54, 3.65, 9.61, 1.02, 6.35, 6.92, 1.31, 1.05],
  xi_174 = [3.51, 5.75, 5.22, 1.05, 1.00, 1.25, 7.88, 1.00, 1.00, 3.55, 5.87, 5.93, 1.00, 1.00, 6.19, 6.44, 6.64, 8.36, 5.64, 3.18],
  xi_175 = [1.00, 1.62, 5.06, 1.00, 5.39, 6.60, 2.45, 4.22, 7.76, 8.69, 2.12, 5.84, 4.12, 3.34, 10.00, 1.40, 7.41, 1.00, 3.85, 4.18],
  xi_181 = [10.00, 10.00, 10.00, 10.00, 5.60, 8.22, 1.00, 10.00, 10.00, 8.66, 8.35, 2.20, 9.84, 10.00, 7.78, 10.00, 10.00, 4.37, 5.99, 9.02],
  xi_182 = [6.38, 10.00, 2.32, 6.31, 7.11, 4.46, 4.72, 9.47, 1.25, 10.00, 10.00, 1.32, 5.70, 10.00, 1.00, 1.76, 3.44, 1.00, 5.99, 3.23],
  xi_183 = [1.00, 8.94, 2.51, 3.11, 2.59, 8.67, 9.90, 9.16, 6.55, 4.45, 1.00, 2.71, 3.27, 8.68, 1.31, 1.00, 8.63, 2.97, 3.68, 2.86],
  xi_184 = [2.98, 5.96, 8.25, 2.78, 7.98, 1.00, 9.46, 4.55, 7.67, 2.16, 3.00, 3.34, 4.25, 9.76, 3.16, 1.00, 9.11, 1.00, 5.61, 1.99],
  xi_185 = [4.03, 3.44, 2.91, 3.03, 9.63, 5.38, 1.00, 1.57, 1.00, 3.81, 4.85, 5.19, 7.24, 7.21, 2.42, 1.00, 3.42, 3.25, 1.00, 9.19],
  xi_191 = [3.40, 9.39, 2.81, 2.84, 5.23, 2.59, 4.79, 6.99, 3.29, 4.90, 2.62, 2.43, 7.49, 1.53, 2.97, 6.06, 3.09, 3.18, 3.20, 2.50],
  xi_192 = [4.57, 6.01, 10.00, 2.44, 10.00, 5.85, 1.55, 5.26, 5.48, 4.65, 9.90, 5.40, 5.94, 7.24, 5.12, 1.00, 3.94, 6.27, 1.00, 8.67],
  xi_193 = [5.90, 9.21, 10.00, 10.00, 6.55, 1.00, 5.73, 1.72, 1.00, 6.26, 1.00, 5.57, 2.85, 5.31, 5.36, 7.02, 1.81, 6.53, 6.26, 8.40],
  xi_194 = [1.00, 1.18, 3.27, 3.84, 8.42, 4.19, 10.00, 6.71, 10.00, 9.62, 9.02, 7.07, 4.36, 3.57, 5.57, 1.00, 5.78, 10.00, 10.00, 3.90],
  xi_195 = [10.00, 10.00, 10.00, 10.00, 1.00, 8.99, 1.00, 8.05, 10.00, 10.00, 9.08, 10.00, 10.00, 3.56, 1.59, 10.00, 2.10, 3.02, 1.99, 10.00],
  xi_201 = [5.69, 1.00, 4.67, 5.25, 5.66, 5.22, 8.31, 4.55, 9.15, 5.32, 7.35, 6.41, 9.43, 1.00, 3.16, 1.00, 9.89, 3.66, 4.66, 3.02],
  xi_202 = [1.98, 7.18, 4.85, 3.25, 7.09, 2.04, 2.71, 3.36, 1.99, 1.99, 8.33, 5.54, 1.00, 5.06, 1.86, 9.02, 1.82, 3.04, 1.98, 1.00],
  xi_203 = [3.58, 1.00, 6.34, 2.83, 6.48, 3.07, 9.92, 3.07, 9.08, 2.86, 2.62, 3.69, 6.85, 4.00, 4.85, 1.00, 1.00, 7.95, 3.05, 5.06],
  xi_204 = [9.60, 6.31, 1.00, 10.00, 7.22, 10.00, 8.76, 9.17, 10.00, 9.83, 1.74, 6.16, 6.45, 2.17, 8.73, 9.93, 9.46, 6.32, 3.00, 9.27],
  xi_205 = [3.21, 1.00, 6.06, 7.60, 3.52, 3.03, 10.00, 5.32, 5.24, 5.39, 4.19, 5.60, 6.20, 1.00, 2.33, 7.05, 5.48, 5.06, 5.74, 4.28],
  xi_211 = [5.88, 1.00, 6.26, 6.38, 5.52, 6.12, 1.00, 9.97, 9.26, 5.56, 6.17, 6.28, 1.00, 10.00, 1.00, 9.90, 10.00, 6.40, 6.24, 1.00],
  xi_212 = [1.00, 1.00, 1.81, 1.79, 1.00, 1.93, 1.52, 1.00, 3.36, 1.00, 1.00, 6.72, 2.17, 1.00, 1.92, 1.00, 1.00, 1.77, 1.00, 1.34],
  xi_213 = [3.86, 7.47, 4.98, 1.00, 4.24, 3.65, 1.47, 4.70, 8.05, 6.16, 1.00, 5.73, 1.00, 2.37, 5.29, 4.16, 9.20, 8.69, 10.00, 10.00],
  xi_214 = [10.00, 4.51, 10.00, 9.17, 10.00, 1.00, 10.00, 3.41, 6.99, 10.00, 10.00, 8.98, 1.78, 6.03, 9.93, 9.62, 5.28, 1.00, 10.00, 10.00],
  xi_215 = [1.00, 1.00, 1.24, 1.00, 1.00, 3.22, 1.00, 4.35, 1.00, 1.00, 1.03, 1.00, 1.00, 1.00, 1.00, 1.00, 9.01, 1.00, 4.85, 1.11],
  xi_221 = [5.67, 8.22, 5.47, 1.13, 8.85, 1.71, 10.00, 7.36, 10.00, 1.00, 1.00, 10.00, 5.39, 7.34, 7.24, 6.25, 1.43, 10.00, 5.30, 5.57],
  xi_222 = [5.37, 10.00, 5.82, 4.91, 6.68, 4.97, 5.56, 4.89, 6.75, 1.00, 4.45, 8.64, 10.00, 9.15, 4.19, 4.95, 6.27, 6.77, 4.16, 5.42],
  xi_223 = [8.22, 7.05, 2.08, 2.92, 1.00, 3.10, 2.30, 3.15, 1.92, 1.00, 1.85, 1.00, 1.94, 2.01, 2.05, 1.85, 2.09, 9.57, 1.99, 5.02],
  xi_224 = [9.52, 8.56, 1.00, 10.00, 3.91, 8.53, 9.96, 8.87, 8.05, 9.85, 1.71, 10.00, 1.00, 1.00, 10.00, 8.95, 1.00, 9.53, 9.87, 9.29],
  xi_225 = [3.88, 6.74, 3.37, 1.00, 7.98, 5.00, 6.68, 6.45, 10.00, 1.00, 10.00, 4.31, 2.26, 5.82, 4.36, 2.74, 3.78, 4.32, 4.12, 8.65],
  xi_231 = [4.12, 4.82, 4.79, 6.93, 4.98, 2.15, 4.09, 1.00, 9.19, 10.00, 7.14, 3.83, 3.86, 5.11, 9.93, 4.49, 2.74, 6.72, 10.00, 3.50],
  xi_232 = [8.78, 1.00, 7.52, 8.53, 10.00, 6.02, 1.37, 2.88, 8.59, 9.61, 9.38, 8.55, 7.23, 8.62, 1.00, 10.00, 10.00, 10.00, 6.04, 5.84],
  xi_233 = [4.00, 10.00, 4.50, 4.86, 1.99, 3.13, 9.27, 5.36, 1.05, 5.77, 4.91, 6.78, 6.94, 1.00, 3.51, 6.57, 10.00, 3.54, 5.17, 4.95],
  xi_234 = [4.03, 6.62, 1.00, 3.63, 9.37, 4.47, 9.92, 8.43, 4.61, 1.00, 5.04, 5.66, 4.68, 4.14, 1.00, 4.58, 4.44, 1.32, 1.00, 2.89],
  xi_235 = [1.00, 10.00, 9.68, 10.00, 5.05, 10.00, 10.00, 9.05, 10.00, 7.90, 8.98, 3.39, 6.09, 9.73, 10.00, 10.00, 10.00, 8.96, 10.00, 10.00],
  xi_241 = [9.53, 3.71, 8.85, 10.00, 1.00, 3.91, 6.09, 2.90, 1.00, 3.61, 4.97, 3.98, 4.36, 1.63, 1.29, 1.00, 4.76, 9.18, 4.71, 2.28],
  xi_242 = [7.53, 10.00, 9.76, 1.00, 10.00, 2.34, 8.78, 5.11, 1.00, 1.00, 10.00, 4.99, 8.53, 10.00, 7.34, 6.37, 10.00, 10.00, 9.57, 2.47],
  xi_243 = [9.49, 7.74, 4.96, 9.53, 9.97, 10.00, 9.51, 1.61, 4.43, 5.86, 10.00, 8.81, 6.64, 10.00, 10.00, 1.00, 9.65, 9.23, 4.05, 9.41],
  xi_244 = [1.79, 3.65, 10.00, 4.89, 1.00, 9.35, 4.71, 4.62, 5.62, 10.00, 8.14, 1.53, 4.96, 1.00, 1.91, 1.00, 2.96, 10.00, 5.45, 9.87],
  xi_245 = [1.00, 10.00, 8.00, 8.84, 10.00, 6.49, 9.78, 10.00, 10.00, 9.47, 1.00, 1.00, 7.94, 1.00, 4.11, 10.00, 7.91, 8.95, 10.00, 4.53],
  xi_251 = [5.20, 4.16, 3.27, 7.83, 1.00, 3.59, 3.75, 1.00, 9.24, 5.48, 4.04, 4.07, 2.41, 8.35, 4.83, 3.76, 1.00, 4.26, 3.56, 3.81],
  xi_252 = [8.72, 4.81, 1.00, 4.29, 4.05, 10.00, 1.00, 4.58, 1.00, 10.00, 6.85, 9.01, 6.57, 3.83, 8.31, 3.93, 1.77, 1.00, 4.09, 4.06],
  xi_253 = [6.05, 1.00, 4.72, 5.49, 10.00, 6.12, 1.00, 10.00, 5.04, 5.66, 10.00, 6.56, 1.47, 7.06, 9.11, 4.00, 6.04, 1.00, 6.39, 1.00],
  xi_254 = [6.65, 7.59, 6.68, 6.70, 4.93, 1.16, 1.00, 6.24, 3.11, 7.04, 5.05, 8.46, 4.48, 6.72, 7.69, 10.00, 6.79, 9.55, 1.30, 6.58],
  xi_255 = [1.00, 10.00, 10.00, 10.00, 6.65, 10.00, 4.36, 9.56, 9.58, 10.00, 6.49, 8.68, 10.00, 8.41, 10.00, 4.86, 2.74, 4.74, 9.53, 10.00],
  xi_261 = [5.87, 9.26, 1.97, 8.56, 10.00, 10.00, 10.00, 8.85, 7.40, 6.88, 7.75, 10.00, 10.00, 9.15, 10.00, 9.70, 4.43, 1.61, 9.37, 8.02],
  xi_262 = [7.53, 6.75, 7.24, 6.42, 2.12, 8.51, 10.00, 9.56, 5.04, 7.45, 6.24, 8.99, 6.63, 2.74, 10.00, 6.91, 8.55, 7.04, 1.00, 7.29],
  xi_263 = [8.09, 3.96, 9.08, 1.13, 4.16, 9.32, 3.36, 3.96, 6.33, 5.04, 3.78, 4.22, 8.29, 4.34, 1.00, 9.30, 4.33, 3.88, 1.25, 4.14],
  xi_264 = [10.00, 6.78, 3.01, 9.98, 1.00, 1.51, 1.00, 1.00, 8.94, 9.63, 10.00, 4.62, 1.00, 7.98, 1.00, 8.41, 8.55, 10.00, 9.63, 10.00],
  xi_265 = [1.74, 1.00, 1.00, 9.75, 7.00, 2.85, 9.24, 7.92, 3.21, 3.70, 6.02, 3.55, 1.00, 9.20, 5.28, 8.39, 3.15, 1.00, 2.64, 1.00],
  xi_271 = [3.90, 4.53, 1.41, 4.09, 4.28, 1.87, 1.00, 4.12, 3.86, 5.72, 4.67, 4.96, 3.70, 4.41, 4.46, 4.10, 3.56, 2.66, 6.79, 6.44],
  xi_272 = [5.48, 1.80, 7.09, 10.00, 1.23, 7.07, 1.00, 6.44, 10.00, 5.92, 10.00, 6.79, 9.33, 7.23, 1.00, 5.01, 6.19, 3.96, 6.68, 10.00],
  xi_273 = [3.19, 6.37, 10.00, 8.82, 2.98, 2.67, 3.27, 3.50, 7.03, 8.11, 4.19, 2.94, 1.23, 9.19, 3.47, 10.00, 6.23, 1.00, 3.16, 2.89],
  xi_274 = [3.83, 1.52, 8.07, 1.04, 1.56, 9.14, 6.15, 1.07, 5.27, 6.93, 5.07, 1.07, 1.04, 7.32, 1.00, 4.06, 1.00, 2.70, 8.37, 9.35],
  xi_275 = [9.02, 5.80, 3.46, 3.38, 4.39, 3.39, 5.38, 10.00, 7.15, 8.78, 3.49, 10.00, 3.84, 4.37, 3.08, 4.68, 1.15, 6.58, 3.76, 4.68],
  xi_281 = [9.11, 1.00, 2.07, 3.59, 4.68, 2.02, 3.18, 2.77, 4.71, 3.21, 2.04, 4.18, 2.05, 6.06, 6.53, 6.76, 2.02, 5.26, 4.02, 2.12],
  xi_282 = [4.61, 6.92, 6.66, 3.93, 6.06, 7.51, 5.82, 6.11, 6.23, 5.14, 10.00, 4.18, 10.00, 5.46, 6.10, 10.00, 5.87, 1.00, 10.00, 8.81],
  xi_283 = [8.60, 2.13, 8.06, 8.44, 10.00, 10.00, 1.00, 7.32, 10.00, 6.91, 10.00, 7.77, 9.49, 8.20, 6.81, 9.15, 1.00, 8.23, 5.70, 9.51],
  xi_284 = [6.09, 1.00, 10.00, 1.00, 6.97, 5.90, 6.46, 1.00, 1.32, 6.61, 9.83, 5.66, 3.79, 9.11, 6.81, 5.94, 6.04, 1.00, 6.16, 8.07],
  xi_285 = [1.00, 1.03, 1.13, 5.66, 3.07, 1.00, 7.27, 1.03, 3.95, 2.62, 2.38, 1.00, 1.21, 1.07, 1.00, 1.21, 1.25, 4.09, 4.16, 1.00],
  xi_291 = [2.40, 1.00, 8.03, 9.58, 10.00, 1.00, 1.28, 7.67, 10.00, 8.77, 2.27, 7.47, 7.07, 7.81, 10.00, 9.00, 6.96, 3.05, 5.38, 8.53],
  xi_292 = [1.00, 8.48, 3.13, 3.71, 3.85, 2.84, 3.53, 4.55, 4.17, 3.95, 3.05, 7.47, 7.59, 3.64, 6.19, 1.00, 4.13, 4.00, 5.88, 3.48],
  xi_293 = [1.00, 9.56, 10.00, 3.97, 4.80, 10.00, 1.23, 9.87, 5.55, 10.00, 1.91, 8.35, 10.00, 9.37, 10.00, 1.00, 9.56, 8.65, 7.58, 8.85],
  xi_294 = [8.43, 10.00, 1.00, 1.00, 10.00, 4.66, 8.13, 1.00, 6.68, 10.00, 7.17, 7.55, 8.62, 1.00, 1.37, 4.33, 10.00, 1.00, 1.00, 10.00],
  xi_295 = [2.43, 8.67, 8.08, 8.36, 10.00, 6.45, 9.53, 8.30, 7.43, 9.25, 7.09, 7.05, 1.00, 9.99, 1.00, 3.92, 9.61, 8.55, 4.64, 4.28],
  xi_301 = [4.75, 4.99, 4.80, 10.00, 2.58, 6.71, 4.26, 1.00, 1.00, 7.40, 10.00, 1.76, 1.00, 9.01, 6.21, 10.00, 5.96, 2.62, 6.41, 10.00],
  xi_302 = [3.72, 2.88, 4.31, 3.99, 4.40, 7.49, 4.34, 3.72, 1.00, 10.00, 1.00, 4.08, 2.81, 10.00, 6.45, 4.76, 4.09, 4.41, 4.43, 3.64],
  xi_303 = [10.00, 6.96, 7.00, 4.24, 3.29, 1.00, 6.60, 7.57, 2.51, 1.72, 10.00, 8.88, 7.52, 1.03, 10.00, 1.00, 6.64, 2.97, 7.92, 7.49],
  xi_304 = [2.78, 2.95, 3.16, 1.41, 10.00, 2.83, 3.06, 1.00, 1.64, 2.50, 4.44, 4.00, 4.36, 1.00, 2.66, 3.58, 4.36, 4.90, 1.51, 8.68],
  xi_305 = [5.90, 3.84, 5.73, 10.00, 10.00, 9.78, 1.39, 6.41, 10.00, 10.00, 10.00, 10.00, 8.87, 10.00, 1.34, 9.48, 10.00, 1.00, 10.00, 6.99],
]

Transportation Costs (cjk) = [
  [10.00, 2.71, 10.00, 1.93, 10.00],
  [3.83, 1.95, 0.10, 2.82, 2.56],
  [2.77, 2.10, 0.10, 0.10, 10.00],
  [7.20, 5.06, 0.10, 0.10, 1.52],
  [10.00, 1.37, 5.82, 0.10, 0.10],
  [0.27, 8.36, 10.00, 5.58, 0.10],
  [1.19, 4.48, 10.00, 10.00, 0.10],
  [10.00, 0.10, 9.57, 0.10, 0.10],
  [0.10, 4.73, 9.47, 10.00, 0.10],
  [1.81, 7.09, 4.80, 0.10, 10.00],
  [8.02, 5.43, 5.01, 5.50, 0.10],
  [0.10, 10.00, 6.47, 8.99, 10.00],
  [0.10, 0.10, 0.10, 0.10, 10.00],
  [4.50, 10.00, 10.00, 0.68, 6.50],
  [0.10, 0.87, 3.03, 4.95, 0.10],
  [0.10, 9.10, 10.00, 10.00, 7.59],
  [0.40, 10.00, 0.10, 0.10, 5.18],
  [0.10, 0.10, 10.00, 2.41, 0.10],
  [9.37, 10.00, 0.47, 10.00, 0.10],
  [3.48, 5.73, 0.10, 2.29, 4.77],
  [7.06, 9.29, 0.10, 3.24, 7.56],
  [0.10, 1.85, 0.10, 2.54, 10.00],
  [0.10, 0.92, 0.10, 0.10, 8.27],
  [10.00, 0.10, 0.10, 1.70, 0.10],
  [3.98, 0.10, 10.00, 2.45, 4.92],
  [0.10, 0.10, 5.12, 0.10, 1.62],
  [7.99, 10.00, 0.10, 7.31, 0.10],
  [2.98, 1.94, 10.00, 5.01, 0.10],
  [10.00, 10.00, 10.00, 1.08, 0.33],
  [10.00, 4.72, 0.80, 2.76, 10.00],
]

Mean Service Times (¦Ì_{jk}) = [
  mu_11 = [6.63],
  mu_12 = [3.15],
  mu_13 = [4.32],
  mu_14 = [4.76],
  mu_15 = [6.45],
  mu_21 = [2.47],
  mu_22 = [7.44],
  mu_23 = [5.08],
  mu_24 = [3.13],
  mu_25 = [7.38],
  mu_31 = [5.69],
  mu_32 = [6.63],
  mu_33 = [2.83],
  mu_34 = [2.26],
  mu_35 = [3.43],
  mu_41 = [3.70],
  mu_42 = [6.02],
  mu_43 = [3.35],
  mu_44 = [6.34],
  mu_45 = [5.72],
  mu_51 = [3.29],
  mu_52 = [2.39],
  mu_53 = [7.14],
  mu_54 = [6.60],
  mu_55 = [5.81],
  mu_61 = [4.24],
  mu_62 = [8.17],
  mu_63 = [7.55],
  mu_64 = [4.47],
  mu_65 = [8.15],
  mu_71 = [5.82],
  mu_72 = [5.75],
  mu_73 = [5.16],
  mu_74 = [6.05],
  mu_75 = [2.45],
  mu_81 = [4.88],
  mu_82 = [5.12],
  mu_83 = [6.54],
  mu_84 = [5.40],
  mu_85 = [5.43],
  mu_91 = [5.62],
  mu_92 = [5.99],
  mu_93 = [3.43],
  mu_94 = [5.59],
  mu_95 = [6.25],
  mu_101 = [4.81],
  mu_102 = [6.68],
  mu_103 = [5.42],
  mu_104 = [2.39],
  mu_105 = [6.00],
  mu_111 = [4.22],
  mu_112 = [6.72],
  mu_113 = [6.81],
  mu_114 = [5.24],
  mu_115 = [4.92],
  mu_121 = [6.50],
  mu_122 = [3.06],
  mu_123 = [7.96],
  mu_124 = [7.53],
  mu_125 = [6.65],
  mu_131 = [5.29],
  mu_132 = [6.37],
  mu_133 = [5.29],
  mu_134 = [4.50],
  mu_135 = [7.29],
  mu_141 = [4.29],
  mu_142 = [7.25],
  mu_143 = [5.99],
  mu_144 = [4.78],
  mu_145 = [5.21],
  mu_151 = [6.88],
  mu_152 = [5.62],
  mu_153 = [6.75],
  mu_154 = [7.33],
  mu_155 = [4.55],
  mu_161 = [6.79],
  mu_162 = [3.23],
  mu_163 = [5.19],
  mu_164 = [5.35],
  mu_165 = [6.45],
  mu_171 = [7.87],
  mu_172 = [7.38],
  mu_173 = [3.13],
  mu_174 = [4.07],
  mu_175 = [4.35],
  mu_181 = [8.05],
  mu_182 = [5.27],
  mu_183 = [4.65],
  mu_184 = [4.75],
  mu_185 = [4.03],
  mu_191 = [4.06],
  mu_192 = [5.51],
  mu_193 = [5.37],
  mu_194 = [5.93],
  mu_195 = [7.02],
  mu_201 = [5.22],
  mu_202 = [3.75],
  mu_203 = [4.41],
  mu_204 = [7.26],
  mu_205 = [4.87],
  mu_211 = [5.75],
  mu_212 = [1.72],
  mu_213 = [5.15],
  mu_214 = [7.38],
  mu_215 = [1.89],
  mu_221 = [5.95],
  mu_222 = [6.00],
  mu_223 = [3.11],
  mu_224 = [7.03],
  mu_225 = [5.12],
  mu_231 = [5.47],
  mu_232 = [7.05],
  mu_233 = [5.17],
  mu_234 = [4.39],
  mu_235 = [8.49],
  mu_241 = [4.44],
  mu_242 = [6.79],
  mu_243 = [7.59],
  mu_244 = [5.12],
  mu_245 = [7.00],
  mu_251 = [4.23],
  mu_252 = [4.94],
  mu_253 = [5.39],
  mu_254 = [5.89],
  mu_255 = [7.83],
  mu_261 = [7.94],
  mu_262 = [6.80],
  mu_263 = [4.95],
  mu_264 = [6.20],
  mu_265 = [4.43],
  mu_271 = [4.03],
  mu_272 = [6.11],
  mu_273 = [5.01],
  mu_274 = [4.28],
  mu_275 = [5.32],
  mu_281 = [3.87],
  mu_282 = [6.52],
  mu_283 = [7.42],
  mu_284 = [5.44],
  mu_285 = [2.31],
  mu_291 = [6.36],
  mu_292 = [4.28],
  mu_293 = [7.06],
  mu_294 = [5.65],
  mu_295 = [6.78],
  mu_301 = [5.52],
  mu_302 = [4.58],
  mu_303 = [5.72],
  mu_304 = [3.54],
  mu_305 = [7.54],
]

Mean Transportation Times (¦Ó_{jk}) = [
  tau_11 = [1.98],
  tau_12 = [1.52],
  tau_13 = [3.38],
  tau_14 = [3.60],
  tau_15 = [3.78],
  tau_21 = [4.29],
  tau_22 = [1.50],
  tau_23 = [3.25],
  tau_24 = [3.45],
  tau_25 = [2.47],
  tau_31 = [3.01],
  tau_32 = [1.97],
  tau_33 = [3.50],
  tau_34 = [2.51],
  tau_35 = [2.52],
  tau_41 = [3.50],
  tau_42 = [3.00],
  tau_43 = [2.77],
  tau_44 = [3.12],
  tau_45 = [2.05],
  tau_51 = [2.72],
  tau_52 = [3.93],
  tau_53 = [2.20],
  tau_54 = [3.43],
  tau_55 = [1.96],
  tau_61 = [2.31],
  tau_62 = [1.64],
  tau_63 = [1.75],
  tau_64 = [2.62],
  tau_65 = [3.06],
  tau_71 = [2.20],
  tau_72 = [2.09],
  tau_73 = [1.54],
  tau_74 = [2.94],
  tau_75 = [2.92],
  tau_81 = [3.72],
  tau_82 = [3.20],
  tau_83 = [3.47],
  tau_84 = [2.77],
  tau_85 = [1.81],
  tau_91 = [3.89],
  tau_92 = [3.74],
  tau_93 = [2.58],
  tau_94 = [3.36],
  tau_95 = [3.44],
  tau_101 = [3.39],
  tau_102 = [3.47],
  tau_103 = [3.92],
  tau_104 = [2.26],
  tau_105 = [1.41],
  tau_111 = [2.31],
  tau_112 = [3.50],
  tau_113 = [2.27],
  tau_114 = [3.54],
  tau_115 = [2.68],
  tau_121 = [3.20],
  tau_122 = [4.04],
  tau_123 = [3.53],
  tau_124 = [2.00],
  tau_125 = [2.11],
  tau_131 = [3.40],
  tau_132 = [1.62],
  tau_133 = [2.96],
  tau_134 = [3.42],
  tau_135 = [2.11],
  tau_141 = [1.87],
  tau_142 = [3.65],
  tau_143 = [3.98],
  tau_144 = [2.26],
  tau_145 = [2.84],
  tau_151 = [3.58],
  tau_152 = [2.32],
  tau_153 = [3.38],
  tau_154 = [3.77],
  tau_155 = [3.85],
  tau_161 = [2.04],
  tau_162 = [2.66],
  tau_163 = [1.72],
  tau_164 = [3.99],
  tau_165 = [3.86],
  tau_171 = [1.72],
  tau_172 = [3.44],
  tau_173 = [1.84],
  tau_174 = [3.25],
  tau_175 = [2.74],
  tau_181 = [1.96],
  tau_182 = [1.54],
  tau_183 = [4.35],
  tau_184 = [2.67],
  tau_185 = [2.25],
  tau_191 = [2.04],
  tau_192 = [2.17],
  tau_193 = [4.13],
  tau_194 = [2.16],
  tau_195 = [3.51],
  tau_201 = [2.65],
  tau_202 = [3.03],
  tau_203 = [3.39],
  tau_204 = [3.44],
  tau_205 = [3.10],
  tau_211 = [2.71],
  tau_212 = [4.11],
  tau_213 = [3.20],
  tau_214 = [3.19],
  tau_215 = [2.20],
  tau_221 = [2.03],
  tau_222 = [2.73],
  tau_223 = [3.56],
  tau_224 = [3.56],
  tau_225 = [2.32],
  tau_231 = [3.49],
  tau_232 = [2.98],
  tau_233 = [1.95],
  tau_234 = [2.15],
  tau_235 = [2.82],
  tau_241 = [3.06],
  tau_242 = [3.45],
  tau_243 = [2.24],
  tau_244 = [1.88],
  tau_245 = [1.84],
  tau_251 = [3.61],
  tau_252 = [2.30],
  tau_253 = [3.02],
  tau_254 = [1.43],
  tau_255 = [2.18],
  tau_261 = [1.39],
  tau_262 = [3.78],
  tau_263 = [2.74],
  tau_264 = [2.59],
  tau_265 = [2.85],
  tau_271 = [3.39],
  tau_272 = [2.11],
  tau_273 = [3.07],
  tau_274 = [3.43],
  tau_275 = [3.77],
  tau_281 = [2.90],
  tau_282 = [3.14],
  tau_283 = [1.90],
  tau_284 = [2.26],
  tau_285 = [1.86],
  tau_291 = [2.72],
  tau_292 = [2.62],
  tau_293 = [3.84],
  tau_294 = [2.48],
  tau_295 = [3.37],
  tau_301 = [2.81],
  tau_302 = [2.49],
  tau_303 = [2.90],
  tau_304 = [3.87],
  tau_305 = [2.51],
]

Epsilon + ¦Ì_{jk} = [
  epsilon_plus_mu_11 = [9.94],
  epsilon_plus_mu_12 = [4.72],
  epsilon_plus_mu_13 = [6.48],
  epsilon_plus_mu_14 = [7.14],
  epsilon_plus_mu_15 = [9.68],
  epsilon_plus_mu_21 = [3.70],
  epsilon_plus_mu_22 = [11.16],
  epsilon_plus_mu_23 = [7.63],
  epsilon_plus_mu_24 = [4.69],
  epsilon_plus_mu_25 = [11.08],
  epsilon_plus_mu_31 = [8.54],
  epsilon_plus_mu_32 = [9.95],
  epsilon_plus_mu_33 = [4.24],
  epsilon_plus_mu_34 = [3.39],
  epsilon_plus_mu_35 = [5.14],
  epsilon_plus_mu_41 = [5.55],
  epsilon_plus_mu_42 = [9.03],
  epsilon_plus_mu_43 = [5.03],
  epsilon_plus_mu_44 = [9.50],
  epsilon_plus_mu_45 = [8.58],
  epsilon_plus_mu_51 = [4.94],
  epsilon_plus_mu_52 = [3.59],
  epsilon_plus_mu_53 = [10.71],
  epsilon_plus_mu_54 = [9.90],
  epsilon_plus_mu_55 = [8.72],
  epsilon_plus_mu_61 = [6.35],
  epsilon_plus_mu_62 = [12.25],
  epsilon_plus_mu_63 = [11.32],
  epsilon_plus_mu_64 = [6.71],
  epsilon_plus_mu_65 = [12.22],
  epsilon_plus_mu_71 = [8.72],
  epsilon_plus_mu_72 = [8.62],
  epsilon_plus_mu_73 = [7.74],
  epsilon_plus_mu_74 = [9.08],
  epsilon_plus_mu_75 = [3.68],
  epsilon_plus_mu_81 = [7.32],
  epsilon_plus_mu_82 = [7.68],
  epsilon_plus_mu_83 = [9.81],
  epsilon_plus_mu_84 = [8.10],
  epsilon_plus_mu_85 = [8.14],
  epsilon_plus_mu_91 = [8.43],
  epsilon_plus_mu_92 = [8.99],
  epsilon_plus_mu_93 = [5.14],
  epsilon_plus_mu_94 = [8.38],
  epsilon_plus_mu_95 = [9.37],
  epsilon_plus_mu_101 = [7.22],
  epsilon_plus_mu_102 = [10.03],
  epsilon_plus_mu_103 = [8.13],
  epsilon_plus_mu_104 = [3.58],
  epsilon_plus_mu_105 = [9.00],
  epsilon_plus_mu_111 = [6.33],
  epsilon_plus_mu_112 = [10.08],
  epsilon_plus_mu_113 = [10.22],
  epsilon_plus_mu_114 = [7.86],
  epsilon_plus_mu_115 = [7.38],
  epsilon_plus_mu_121 = [9.75],
  epsilon_plus_mu_122 = [4.59],
  epsilon_plus_mu_123 = [11.94],
  epsilon_plus_mu_124 = [11.29],
  epsilon_plus_mu_125 = [9.98],
  epsilon_plus_mu_131 = [7.94],
  epsilon_plus_mu_132 = [9.55],
  epsilon_plus_mu_133 = [7.93],
  epsilon_plus_mu_134 = [6.75],
  epsilon_plus_mu_135 = [10.94],
  epsilon_plus_mu_141 = [6.44],
  epsilon_plus_mu_142 = [10.87],
  epsilon_plus_mu_143 = [8.99],
  epsilon_plus_mu_144 = [7.17],
  epsilon_plus_mu_145 = [7.82],
  epsilon_plus_mu_151 = [10.32],
  epsilon_plus_mu_152 = [8.43],
  epsilon_plus_mu_153 = [10.13],
  epsilon_plus_mu_154 = [11.00],
  epsilon_plus_mu_155 = [6.83],
  epsilon_plus_mu_161 = [10.18],
  epsilon_plus_mu_162 = [4.84],
  epsilon_plus_mu_163 = [7.79],
  epsilon_plus_mu_164 = [8.02],
  epsilon_plus_mu_165 = [9.68],
  epsilon_plus_mu_171 = [11.80],
  epsilon_plus_mu_172 = [11.07],
  epsilon_plus_mu_173 = [4.70],
  epsilon_plus_mu_174 = [6.11],
  epsilon_plus_mu_175 = [6.53],
  epsilon_plus_mu_181 = [12.08],
  epsilon_plus_mu_182 = [7.91],
  epsilon_plus_mu_183 = [6.98],
  epsilon_plus_mu_184 = [7.13],
  epsilon_plus_mu_185 = [6.04],
  epsilon_plus_mu_191 = [6.10],
  epsilon_plus_mu_192 = [8.27],
  epsilon_plus_mu_193 = [8.06],
  epsilon_plus_mu_194 = [8.89],
  epsilon_plus_mu_195 = [10.53],
  epsilon_plus_mu_201 = [7.83],
  epsilon_plus_mu_202 = [5.63],
  epsilon_plus_mu_203 = [6.62],
  epsilon_plus_mu_204 = [10.89],
  epsilon_plus_mu_205 = [7.30],
  epsilon_plus_mu_211 = [8.62],
  epsilon_plus_mu_212 = [2.57],
  epsilon_plus_mu_213 = [7.73],
  epsilon_plus_mu_214 = [11.08],
  epsilon_plus_mu_215 = [2.84],
  epsilon_plus_mu_221 = [8.92],
  epsilon_plus_mu_222 = [8.99],
  epsilon_plus_mu_223 = [4.66],
  epsilon_plus_mu_224 = [10.55],
  epsilon_plus_mu_225 = [7.68],
  epsilon_plus_mu_231 = [8.20],
  epsilon_plus_mu_232 = [10.57],
  epsilon_plus_mu_233 = [7.75],
  epsilon_plus_mu_234 = [6.59],
  epsilon_plus_mu_235 = [12.74],
  epsilon_plus_mu_241 = [6.66],
  epsilon_plus_mu_242 = [10.18],
  epsilon_plus_mu_243 = [11.39],
  epsilon_plus_mu_244 = [7.68],
  epsilon_plus_mu_245 = [10.50],
  epsilon_plus_mu_251 = [6.35],
  epsilon_plus_mu_252 = [7.42],
  epsilon_plus_mu_253 = [8.08],
  epsilon_plus_mu_254 = [8.83],
  epsilon_plus_mu_255 = [11.75],
  epsilon_plus_mu_261 = [11.91],
  epsilon_plus_mu_262 = [10.20],
  epsilon_plus_mu_263 = [7.42],
  epsilon_plus_mu_264 = [9.30],
  epsilon_plus_mu_265 = [6.65],
  epsilon_plus_mu_271 = [6.04],
  epsilon_plus_mu_272 = [9.17],
  epsilon_plus_mu_273 = [7.52],
  epsilon_plus_mu_274 = [6.42],
  epsilon_plus_mu_275 = [7.98],
  epsilon_plus_mu_281 = [5.80],
  epsilon_plus_mu_282 = [9.78],
  epsilon_plus_mu_283 = [11.12],
  epsilon_plus_mu_284 = [8.16],
  epsilon_plus_mu_285 = [3.46],
  epsilon_plus_mu_291 = [9.55],
  epsilon_plus_mu_292 = [6.42],
  epsilon_plus_mu_293 = [10.59],
  epsilon_plus_mu_294 = [8.47],
  epsilon_plus_mu_295 = [10.17],
  epsilon_plus_mu_301 = [8.28],
  epsilon_plus_mu_302 = [6.86],
  epsilon_plus_mu_303 = [8.58],
  epsilon_plus_mu_304 = [5.31],
  epsilon_plus_mu_305 = [11.31],
]

Epsilon - ¦Ì_{jk} = [
  epsilon_minus_mu_11 = [-3.31],
  epsilon_minus_mu_12 = [-1.57],
  epsilon_minus_mu_13 = [-2.16],
  epsilon_minus_mu_14 = [-2.38],
  epsilon_minus_mu_15 = [-3.23],
  epsilon_minus_mu_21 = [-1.23],
  epsilon_minus_mu_22 = [-3.72],
  epsilon_minus_mu_23 = [-2.54],
  epsilon_minus_mu_24 = [-1.56],
  epsilon_minus_mu_25 = [-3.69],
  epsilon_minus_mu_31 = [-2.85],
  epsilon_minus_mu_32 = [-3.32],
  epsilon_minus_mu_33 = [-1.41],
  epsilon_minus_mu_34 = [-1.13],
  epsilon_minus_mu_35 = [-1.71],
  epsilon_minus_mu_41 = [-1.85],
  epsilon_minus_mu_42 = [-3.01],
  epsilon_minus_mu_43 = [-1.68],
  epsilon_minus_mu_44 = [-3.17],
  epsilon_minus_mu_45 = [-2.86],
  epsilon_minus_mu_51 = [-1.65],
  epsilon_minus_mu_52 = [-1.20],
  epsilon_minus_mu_53 = [-3.57],
  epsilon_minus_mu_54 = [-3.30],
  epsilon_minus_mu_55 = [-2.91],
  epsilon_minus_mu_61 = [-2.12],
  epsilon_minus_mu_62 = [-4.08],
  epsilon_minus_mu_63 = [-3.77],
  epsilon_minus_mu_64 = [-2.24],
  epsilon_minus_mu_65 = [-4.07],
  epsilon_minus_mu_71 = [-2.91],
  epsilon_minus_mu_72 = [-2.87],
  epsilon_minus_mu_73 = [-2.58],
  epsilon_minus_mu_74 = [-3.03],
  epsilon_minus_mu_75 = [-1.23],
  epsilon_minus_mu_81 = [-2.44],
  epsilon_minus_mu_82 = [-2.56],
  epsilon_minus_mu_83 = [-3.27],
  epsilon_minus_mu_84 = [-2.70],
  epsilon_minus_mu_85 = [-2.71],
  epsilon_minus_mu_91 = [-2.81],
  epsilon_minus_mu_92 = [-3.00],
  epsilon_minus_mu_93 = [-1.71],
  epsilon_minus_mu_94 = [-2.79],
  epsilon_minus_mu_95 = [-3.12],
  epsilon_minus_mu_101 = [-2.41],
  epsilon_minus_mu_102 = [-3.34],
  epsilon_minus_mu_103 = [-2.71],
  epsilon_minus_mu_104 = [-1.19],
  epsilon_minus_mu_105 = [-3.00],
  epsilon_minus_mu_111 = [-2.11],
  epsilon_minus_mu_112 = [-3.36],
  epsilon_minus_mu_113 = [-3.41],
  epsilon_minus_mu_114 = [-2.62],
  epsilon_minus_mu_115 = [-2.46],
  epsilon_minus_mu_121 = [-3.25],
  epsilon_minus_mu_122 = [-1.53],
  epsilon_minus_mu_123 = [-3.98],
  epsilon_minus_mu_124 = [-3.76],
  epsilon_minus_mu_125 = [-3.33],
  epsilon_minus_mu_131 = [-2.65],
  epsilon_minus_mu_132 = [-3.18],
  epsilon_minus_mu_133 = [-2.64],
  epsilon_minus_mu_134 = [-2.25],
  epsilon_minus_mu_135 = [-3.65],
  epsilon_minus_mu_141 = [-2.15],
  epsilon_minus_mu_142 = [-3.62],
  epsilon_minus_mu_143 = [-3.00],
  epsilon_minus_mu_144 = [-2.39],
  epsilon_minus_mu_145 = [-2.61],
  epsilon_minus_mu_151 = [-3.44],
  epsilon_minus_mu_152 = [-2.81],
  epsilon_minus_mu_153 = [-3.38],
  epsilon_minus_mu_154 = [-3.67],
  epsilon_minus_mu_155 = [-2.28],
  epsilon_minus_mu_161 = [-3.39],
  epsilon_minus_mu_162 = [-1.61],
  epsilon_minus_mu_163 = [-2.60],
  epsilon_minus_mu_164 = [-2.67],
  epsilon_minus_mu_165 = [-3.23],
  epsilon_minus_mu_171 = [-3.93],
  epsilon_minus_mu_172 = [-3.69],
  epsilon_minus_mu_173 = [-1.57],
  epsilon_minus_mu_174 = [-2.04],
  epsilon_minus_mu_175 = [-2.18],
  epsilon_minus_mu_181 = [-4.03],
  epsilon_minus_mu_182 = [-2.64],
  epsilon_minus_mu_183 = [-2.33],
  epsilon_minus_mu_184 = [-2.38],
  epsilon_minus_mu_185 = [-2.01],
  epsilon_minus_mu_191 = [-2.03],
  epsilon_minus_mu_192 = [-2.76],
  epsilon_minus_mu_193 = [-2.69],
  epsilon_minus_mu_194 = [-2.96],
  epsilon_minus_mu_195 = [-3.51],
  epsilon_minus_mu_201 = [-2.61],
  epsilon_minus_mu_202 = [-1.88],
  epsilon_minus_mu_203 = [-2.21],
  epsilon_minus_mu_204 = [-3.63],
  epsilon_minus_mu_205 = [-2.43],
  epsilon_minus_mu_211 = [-2.87],
  epsilon_minus_mu_212 = [-0.86],
  epsilon_minus_mu_213 = [-2.58],
  epsilon_minus_mu_214 = [-3.69],
  epsilon_minus_mu_215 = [-0.95],
  epsilon_minus_mu_221 = [-2.97],
  epsilon_minus_mu_222 = [-3.00],
  epsilon_minus_mu_223 = [-1.55],
  epsilon_minus_mu_224 = [-3.52],
  epsilon_minus_mu_225 = [-2.56],
  epsilon_minus_mu_231 = [-2.73],
  epsilon_minus_mu_232 = [-3.52],
  epsilon_minus_mu_233 = [-2.58],
  epsilon_minus_mu_234 = [-2.20],
  epsilon_minus_mu_235 = [-4.25],
  epsilon_minus_mu_241 = [-2.22],
  epsilon_minus_mu_242 = [-3.39],
  epsilon_minus_mu_243 = [-3.80],
  epsilon_minus_mu_244 = [-2.56],
  epsilon_minus_mu_245 = [-3.50],
  epsilon_minus_mu_251 = [-2.12],
  epsilon_minus_mu_252 = [-2.47],
  epsilon_minus_mu_253 = [-2.69],
  epsilon_minus_mu_254 = [-2.94],
  epsilon_minus_mu_255 = [-3.92],
  epsilon_minus_mu_261 = [-3.97],
  epsilon_minus_mu_262 = [-3.40],
  epsilon_minus_mu_263 = [-2.47],
  epsilon_minus_mu_264 = [-3.10],
  epsilon_minus_mu_265 = [-2.22],
  epsilon_minus_mu_271 = [-2.01],
  epsilon_minus_mu_272 = [-3.06],
  epsilon_minus_mu_273 = [-2.51],
  epsilon_minus_mu_274 = [-2.14],
  epsilon_minus_mu_275 = [-2.66],
  epsilon_minus_mu_281 = [-1.93],
  epsilon_minus_mu_282 = [-3.26],
  epsilon_minus_mu_283 = [-3.71],
  epsilon_minus_mu_284 = [-2.72],
  epsilon_minus_mu_285 = [-1.15],
  epsilon_minus_mu_291 = [-3.18],
  epsilon_minus_mu_292 = [-2.14],
  epsilon_minus_mu_293 = [-3.53],
  epsilon_minus_mu_294 = [-2.82],
  epsilon_minus_mu_295 = [-3.39],
  epsilon_minus_mu_301 = [-2.76],
  epsilon_minus_mu_302 = [-2.29],
  epsilon_minus_mu_303 = [-2.86],
  epsilon_minus_mu_304 = [-1.77],
  epsilon_minus_mu_305 = [-3.77],
]

Sigma + ¦Ó_{jk} = [
  sigma_plus_tau_11 = [2.97],
  sigma_plus_tau_12 = [2.29],
  sigma_plus_tau_13 = [5.08],
  sigma_plus_tau_14 = [5.40],
  sigma_plus_tau_15 = [5.67],
  sigma_plus_tau_21 = [6.43],
  sigma_plus_tau_22 = [2.25],
  sigma_plus_tau_23 = [4.87],
  sigma_plus_tau_24 = [5.17],
  sigma_plus_tau_25 = [3.71],
  sigma_plus_tau_31 = [4.52],
  sigma_plus_tau_32 = [2.96],
  sigma_plus_tau_33 = [5.25],
  sigma_plus_tau_34 = [3.76],
  sigma_plus_tau_35 = [3.77],
  sigma_plus_tau_41 = [5.25],
  sigma_plus_tau_42 = [4.50],
  sigma_plus_tau_43 = [4.15],
  sigma_plus_tau_44 = [4.68],
  sigma_plus_tau_45 = [3.08],
  sigma_plus_tau_51 = [4.07],
  sigma_plus_tau_52 = [5.89],
  sigma_plus_tau_53 = [3.31],
  sigma_plus_tau_54 = [5.15],
  sigma_plus_tau_55 = [2.94],
  sigma_plus_tau_61 = [3.46],
  sigma_plus_tau_62 = [2.46],
  sigma_plus_tau_63 = [2.62],
  sigma_plus_tau_64 = [3.92],
  sigma_plus_tau_65 = [4.59],
  sigma_plus_tau_71 = [3.30],
  sigma_plus_tau_72 = [3.13],
  sigma_plus_tau_73 = [2.31],
  sigma_plus_tau_74 = [4.41],
  sigma_plus_tau_75 = [4.38],
  sigma_plus_tau_81 = [5.58],
  sigma_plus_tau_82 = [4.80],
  sigma_plus_tau_83 = [5.21],
  sigma_plus_tau_84 = [4.15],
  sigma_plus_tau_85 = [2.72],
  sigma_plus_tau_91 = [5.84],
  sigma_plus_tau_92 = [5.61],
  sigma_plus_tau_93 = [3.87],
  sigma_plus_tau_94 = [5.05],
  sigma_plus_tau_95 = [5.16],
  sigma_plus_tau_101 = [5.08],
  sigma_plus_tau_102 = [5.20],
  sigma_plus_tau_103 = [5.88],
  sigma_plus_tau_104 = [3.39],
  sigma_plus_tau_105 = [2.11],
  sigma_plus_tau_111 = [3.47],
  sigma_plus_tau_112 = [5.25],
  sigma_plus_tau_113 = [3.40],
  sigma_plus_tau_114 = [5.31],
  sigma_plus_tau_115 = [4.01],
  sigma_plus_tau_121 = [4.80],
  sigma_plus_tau_122 = [6.07],
  sigma_plus_tau_123 = [5.29],
  sigma_plus_tau_124 = [2.99],
  sigma_plus_tau_125 = [3.16],
  sigma_plus_tau_131 = [5.10],
  sigma_plus_tau_132 = [2.42],
  sigma_plus_tau_133 = [4.43],
  sigma_plus_tau_134 = [5.14],
  sigma_plus_tau_135 = [3.16],
  sigma_plus_tau_141 = [2.80],
  sigma_plus_tau_142 = [5.48],
  sigma_plus_tau_143 = [5.98],
  sigma_plus_tau_144 = [3.39],
  sigma_plus_tau_145 = [4.26],
  sigma_plus_tau_151 = [5.37],
  sigma_plus_tau_152 = [3.49],
  sigma_plus_tau_153 = [5.08],
  sigma_plus_tau_154 = [5.65],
  sigma_plus_tau_155 = [5.77],
  sigma_plus_tau_161 = [3.06],
  sigma_plus_tau_162 = [4.00],
  sigma_plus_tau_163 = [2.58],
  sigma_plus_tau_164 = [5.98],
  sigma_plus_tau_165 = [5.79],
  sigma_plus_tau_171 = [2.57],
  sigma_plus_tau_172 = [5.16],
  sigma_plus_tau_173 = [2.76],
  sigma_plus_tau_174 = [4.87],
  sigma_plus_tau_175 = [4.11],
  sigma_plus_tau_181 = [2.94],
  sigma_plus_tau_182 = [2.32],
  sigma_plus_tau_183 = [6.52],
  sigma_plus_tau_184 = [4.01],
  sigma_plus_tau_185 = [3.37],
  sigma_plus_tau_191 = [3.06],
  sigma_plus_tau_192 = [3.25],
  sigma_plus_tau_193 = [6.20],
  sigma_plus_tau_194 = [3.24],
  sigma_plus_tau_195 = [5.27],
  sigma_plus_tau_201 = [3.97],
  sigma_plus_tau_202 = [4.55],
  sigma_plus_tau_203 = [5.08],
  sigma_plus_tau_204 = [5.16],
  sigma_plus_tau_205 = [4.65],
  sigma_plus_tau_211 = [4.06],
  sigma_plus_tau_212 = [6.17],
  sigma_plus_tau_213 = [4.80],
  sigma_plus_tau_214 = [4.79],
  sigma_plus_tau_215 = [3.31],
  sigma_plus_tau_221 = [3.04],
  sigma_plus_tau_222 = [4.09],
  sigma_plus_tau_223 = [5.34],
  sigma_plus_tau_224 = [5.34],
  sigma_plus_tau_225 = [3.49],
  sigma_plus_tau_231 = [5.24],
  sigma_plus_tau_232 = [4.47],
  sigma_plus_tau_233 = [2.92],
  sigma_plus_tau_234 = [3.23],
  sigma_plus_tau_235 = [4.23],
  sigma_plus_tau_241 = [4.59],
  sigma_plus_tau_242 = [5.17],
  sigma_plus_tau_243 = [3.37],
  sigma_plus_tau_244 = [2.83],
  sigma_plus_tau_245 = [2.76],
  sigma_plus_tau_251 = [5.42],
  sigma_plus_tau_252 = [3.44],
  sigma_plus_tau_253 = [4.52],
  sigma_plus_tau_254 = [2.14],
  sigma_plus_tau_255 = [3.27],
  sigma_plus_tau_261 = [2.09],
  sigma_plus_tau_262 = [5.68],
  sigma_plus_tau_263 = [4.10],
  sigma_plus_tau_264 = [3.88],
  sigma_plus_tau_265 = [4.28],
  sigma_plus_tau_271 = [5.09],
  sigma_plus_tau_272 = [3.16],
  sigma_plus_tau_273 = [4.60],
  sigma_plus_tau_274 = [5.15],
  sigma_plus_tau_275 = [5.66],
  sigma_plus_tau_281 = [4.34],
  sigma_plus_tau_282 = [4.72],
  sigma_plus_tau_283 = [2.85],
  sigma_plus_tau_284 = [3.40],
  sigma_plus_tau_285 = [2.79],
  sigma_plus_tau_291 = [4.09],
  sigma_plus_tau_292 = [3.93],
  sigma_plus_tau_293 = [5.76],
  sigma_plus_tau_294 = [3.73],
  sigma_plus_tau_295 = [5.06],
  sigma_plus_tau_301 = [4.21],
  sigma_plus_tau_302 = [3.73],
  sigma_plus_tau_303 = [4.35],
  sigma_plus_tau_304 = [5.81],
  sigma_plus_tau_305 = [3.77],
]

Sigma - ¦Ó_{jk} = [
  sigma_minus_tau_11 = [-0.99],
  sigma_minus_tau_12 = [-0.76],
  sigma_minus_tau_13 = [-1.69],
  sigma_minus_tau_14 = [-1.80],
  sigma_minus_tau_15 = [-1.89],
  sigma_minus_tau_21 = [-2.14],
  sigma_minus_tau_22 = [-0.75],
  sigma_minus_tau_23 = [-1.62],
  sigma_minus_tau_24 = [-1.72],
  sigma_minus_tau_25 = [-1.24],
  sigma_minus_tau_31 = [-1.51],
  sigma_minus_tau_32 = [-0.99],
  sigma_minus_tau_33 = [-1.75],
  sigma_minus_tau_34 = [-1.25],
  sigma_minus_tau_35 = [-1.26],
  sigma_minus_tau_41 = [-1.75],
  sigma_minus_tau_42 = [-1.50],
  sigma_minus_tau_43 = [-1.38],
  sigma_minus_tau_44 = [-1.56],
  sigma_minus_tau_45 = [-1.03],
  sigma_minus_tau_51 = [-1.36],
  sigma_minus_tau_52 = [-1.96],
  sigma_minus_tau_53 = [-1.10],
  sigma_minus_tau_54 = [-1.72],
  sigma_minus_tau_55 = [-0.98],
  sigma_minus_tau_61 = [-1.15],
  sigma_minus_tau_62 = [-0.82],
  sigma_minus_tau_63 = [-0.87],
  sigma_minus_tau_64 = [-1.31],
  sigma_minus_tau_65 = [-1.53],
  sigma_minus_tau_71 = [-1.10],
  sigma_minus_tau_72 = [-1.04],
  sigma_minus_tau_73 = [-0.77],
  sigma_minus_tau_74 = [-1.47],
  sigma_minus_tau_75 = [-1.46],
  sigma_minus_tau_81 = [-1.86],
  sigma_minus_tau_82 = [-1.60],
  sigma_minus_tau_83 = [-1.74],
  sigma_minus_tau_84 = [-1.38],
  sigma_minus_tau_85 = [-0.91],
  sigma_minus_tau_91 = [-1.95],
  sigma_minus_tau_92 = [-1.87],
  sigma_minus_tau_93 = [-1.29],
  sigma_minus_tau_94 = [-1.68],
  sigma_minus_tau_95 = [-1.72],
  sigma_minus_tau_101 = [-1.69],
  sigma_minus_tau_102 = [-1.73],
  sigma_minus_tau_103 = [-1.96],
  sigma_minus_tau_104 = [-1.13],
  sigma_minus_tau_105 = [-0.70],
  sigma_minus_tau_111 = [-1.16],
  sigma_minus_tau_112 = [-1.75],
  sigma_minus_tau_113 = [-1.13],
  sigma_minus_tau_114 = [-1.77],
  sigma_minus_tau_115 = [-1.34],
  sigma_minus_tau_121 = [-1.60],
  sigma_minus_tau_122 = [-2.02],
  sigma_minus_tau_123 = [-1.76],
  sigma_minus_tau_124 = [-1.00],
  sigma_minus_tau_125 = [-1.05],
  sigma_minus_tau_131 = [-1.70],
  sigma_minus_tau_132 = [-0.81],
  sigma_minus_tau_133 = [-1.48],
  sigma_minus_tau_134 = [-1.71],
  sigma_minus_tau_135 = [-1.05],
  sigma_minus_tau_141 = [-0.93],
  sigma_minus_tau_142 = [-1.83],
  sigma_minus_tau_143 = [-1.99],
  sigma_minus_tau_144 = [-1.13],
  sigma_minus_tau_145 = [-1.42],
  sigma_minus_tau_151 = [-1.79],
  sigma_minus_tau_152 = [-1.16],
  sigma_minus_tau_153 = [-1.69],
  sigma_minus_tau_154 = [-1.88],
  sigma_minus_tau_155 = [-1.92],
  sigma_minus_tau_161 = [-1.02],
  sigma_minus_tau_162 = [-1.33],
  sigma_minus_tau_163 = [-0.86],
  sigma_minus_tau_164 = [-1.99],
  sigma_minus_tau_165 = [-1.93],
  sigma_minus_tau_171 = [-0.86],
  sigma_minus_tau_172 = [-1.72],
  sigma_minus_tau_173 = [-0.92],
  sigma_minus_tau_174 = [-1.62],
  sigma_minus_tau_175 = [-1.37],
  sigma_minus_tau_181 = [-0.98],
  sigma_minus_tau_182 = [-0.77],
  sigma_minus_tau_183 = [-2.17],
  sigma_minus_tau_184 = [-1.34],
  sigma_minus_tau_185 = [-1.12],
  sigma_minus_tau_191 = [-1.02],
  sigma_minus_tau_192 = [-1.08],
  sigma_minus_tau_193 = [-2.07],
  sigma_minus_tau_194 = [-1.08],
  sigma_minus_tau_195 = [-1.76],
  sigma_minus_tau_201 = [-1.32],
  sigma_minus_tau_202 = [-1.52],
  sigma_minus_tau_203 = [-1.69],
  sigma_minus_tau_204 = [-1.72],
  sigma_minus_tau_205 = [-1.55],
  sigma_minus_tau_211 = [-1.35],
  sigma_minus_tau_212 = [-2.06],
  sigma_minus_tau_213 = [-1.60],
  sigma_minus_tau_214 = [-1.60],
  sigma_minus_tau_215 = [-1.10],
  sigma_minus_tau_221 = [-1.01],
  sigma_minus_tau_222 = [-1.36],
  sigma_minus_tau_223 = [-1.78],
  sigma_minus_tau_224 = [-1.78],
  sigma_minus_tau_225 = [-1.16],
  sigma_minus_tau_231 = [-1.75],
  sigma_minus_tau_232 = [-1.49],
  sigma_minus_tau_233 = [-0.97],
  sigma_minus_tau_234 = [-1.08],
  sigma_minus_tau_235 = [-1.41],
  sigma_minus_tau_241 = [-1.53],
  sigma_minus_tau_242 = [-1.72],
  sigma_minus_tau_243 = [-1.12],
  sigma_minus_tau_244 = [-0.94],
  sigma_minus_tau_245 = [-0.92],
  sigma_minus_tau_251 = [-1.81],
  sigma_minus_tau_252 = [-1.15],
  sigma_minus_tau_253 = [-1.51],
  sigma_minus_tau_254 = [-0.71],
  sigma_minus_tau_255 = [-1.09],
  sigma_minus_tau_261 = [-0.70],
  sigma_minus_tau_262 = [-1.89],
  sigma_minus_tau_263 = [-1.37],
  sigma_minus_tau_264 = [-1.29],
  sigma_minus_tau_265 = [-1.43],
  sigma_minus_tau_271 = [-1.70],
  sigma_minus_tau_272 = [-1.05],
  sigma_minus_tau_273 = [-1.53],
  sigma_minus_tau_274 = [-1.72],
  sigma_minus_tau_275 = [-1.89],
  sigma_minus_tau_281 = [-1.45],
  sigma_minus_tau_282 = [-1.57],
  sigma_minus_tau_283 = [-0.95],
  sigma_minus_tau_284 = [-1.13],
  sigma_minus_tau_285 = [-0.93],
  sigma_minus_tau_291 = [-1.36],
  sigma_minus_tau_292 = [-1.31],
  sigma_minus_tau_293 = [-1.92],
  sigma_minus_tau_294 = [-1.24],
  sigma_minus_tau_295 = [-1.69],
  sigma_minus_tau_301 = [-1.40],
  sigma_minus_tau_302 = [-1.24],
  sigma_minus_tau_303 = [-1.45],
  sigma_minus_tau_304 = [-1.94],
  sigma_minus_tau_305 = [-1.26],
]

Probabilities (p_s) = [
0.05, 0.05, 0.05, 0.05, 0.05, 0.05, 0.05, 0.05, 0.05, 0.05, 0.05, 0.05, 0.05, 0.05, 0.05, 0.05, 0.05, 0.05, 0.05, 0.05
]

c_bar = 5.45
