Jobs = 30
Machines = 5
Scenarios = 20

Ready Times (rj) = [
0.00, 0.00, 0.00, 0.00, 0.00, 0.00, 0.00, 0.00, 0.00, 0.00, 0.00, 0.00, 0.00, 0.00, 0.00, 0.00, 0.00, 0.00, 0.00, 0.00, 0.00, 0.00, 0.00, 0.00, 0.00, 0.00, 0.00, 0.00, 0.00, 0.00
]

Transportation Times (tjk^s) = [
  tjk_11 = [2.14, 2.38, 2.13, 1.90, 1.89, 1.82, 2.04, 2.39, 2.19, 2.12, 2.05, 2.50, 2.21, 2.03, 1.74, 2.13, 2.02, 2.12, 2.30, 2.13],
  tjk_12 = [1.22, 0.92, 0.92, 1.02, 1.01, 1.11, 1.00, 0.93, 0.97, 0.98, 0.89, 0.84, 0.86, 0.88, 0.95, 0.91, 1.05, 0.98, 1.09, 1.09],
  tjk_13 = [4.12, 4.58, 3.45, 3.59, 4.02, 3.87, 4.07, 3.57, 3.42, 4.18, 4.49, 3.47, 4.17, 3.68, 3.94, 3.62, 3.83, 3.69, 3.53, 4.23],
  tjk_14 = [3.85, 3.95, 4.42, 3.63, 4.64, 3.91, 3.99, 3.74, 3.54, 3.57, 3.50, 3.68, 3.64, 4.12, 3.50, 4.16, 3.19, 3.55, 4.53, 3.51],
  tjk_15 = [3.35, 3.59, 4.65, 4.11, 4.04, 3.55, 3.97, 4.08, 4.55, 3.68, 3.21, 4.30, 4.07, 4.20, 4.19, 3.69, 4.02, 3.22, 3.46, 4.07],
  tjk_21 = [5.04, 4.03, 4.28, 3.60, 3.81, 4.35, 4.54, 4.15, 3.90, 4.23, 3.21, 4.67, 3.64, 4.05, 4.17, 3.81, 3.42, 4.32, 3.19, 4.41],
  tjk_22 = [3.92, 3.84, 4.79, 3.88, 4.72, 4.09, 3.18, 3.95, 4.30, 3.77, 4.12, 3.25, 3.68, 3.92, 4.25, 3.92, 3.87, 3.99, 4.29, 4.08],
  tjk_23 = [2.10, 1.89, 1.81, 1.78, 1.99, 1.98, 2.29, 2.10, 1.81, 1.80, 2.20, 2.31, 2.04, 1.84, 2.05, 2.08, 2.05, 1.76, 1.68, 2.16],
  tjk_24 = [3.68, 4.08, 3.46, 4.52, 3.85, 3.94, 4.54, 3.90, 3.60, 3.87, 3.24, 4.02, 3.85, 3.74, 4.21, 3.51, 3.81, 3.56, 3.82, 3.80],
  tjk_25 = [1.89, 1.70, 2.01, 1.83, 1.67, 1.92, 1.88, 2.01, 1.95, 2.20, 1.81, 2.23, 2.44, 2.07, 1.89, 1.86, 2.04, 2.00, 2.01, 2.17],
  tjk_31 = [5.02, 5.22, 5.41, 5.46, 4.83, 4.84, 5.29, 4.75, 5.00, 4.55, 5.09, 4.76, 5.13, 4.99, 4.71, 5.83, 5.45, 5.29, 5.06, 4.71],
  tjk_32 = [3.38, 2.71, 3.21, 3.09, 3.12, 2.89, 2.74, 3.86, 2.87, 2.83, 2.97, 2.98, 2.88, 3.10, 3.36, 2.85, 2.85, 2.97, 3.24, 3.44],
  tjk_33 = [0.88, 1.12, 1.04, 0.94, 1.10, 0.90, 1.08, 1.06, 1.01, 0.96, 1.05, 1.07, 1.07, 0.95, 1.01, 0.96, 1.10, 1.12, 1.01, 1.04],
  tjk_34 = [3.23, 2.89, 2.90, 2.83, 3.34, 3.17, 3.57, 3.74, 2.83, 3.11, 3.44, 2.83, 2.74, 3.51, 3.31, 3.26, 3.09, 2.87, 2.98, 2.89],
  tjk_35 = [4.89, 5.74, 5.31, 5.24, 5.97, 4.68, 5.29, 4.20, 4.96, 5.23, 4.89, 4.56, 4.84, 4.07, 5.16, 4.81, 5.08, 5.66, 5.98, 4.52],
  tjk_41 = [3.59, 3.07, 2.91, 3.26, 3.09, 2.68, 2.36, 3.35, 2.87, 3.22, 2.68, 3.30, 2.92, 3.24, 2.98, 3.53, 2.35, 2.92, 2.92, 3.08],
  tjk_42 = [1.64, 2.02, 2.18, 1.91, 1.64, 1.80, 2.14, 2.40, 1.72, 2.08, 2.15, 2.05, 2.17, 1.73, 1.80, 1.56, 1.95, 2.07, 2.13, 2.14],
  tjk_43 = [1.88, 1.68, 2.20, 1.72, 2.12, 1.56, 1.75, 2.32, 2.09, 1.99, 1.93, 2.28, 1.92, 1.93, 1.88, 2.02, 2.06, 2.01, 2.05, 2.01],
  tjk_44 = [0.95, 0.85, 1.12, 0.93, 0.94, 1.06, 0.94, 1.06, 1.03, 1.13, 1.15, 1.11, 1.05, 0.96, 1.10, 1.12, 1.23, 0.89, 1.02, 1.10],
  tjk_45 = [2.62, 3.62, 3.44, 2.97, 3.07, 2.95, 3.03, 3.06, 3.18, 3.02, 3.05, 3.08, 3.15, 2.76, 3.37, 3.15, 2.94, 2.70, 2.85, 3.17],
  tjk_51 = [1.95, 1.90, 1.82, 2.00, 1.89, 2.17, 2.22, 2.23, 1.87, 2.02, 1.92, 2.18, 2.03, 2.17, 1.99, 1.88, 2.14, 1.90, 2.15, 1.60],
  tjk_52 = [5.31, 5.01, 5.00, 3.85, 4.11, 4.40, 4.41, 5.92, 4.32, 4.23, 4.92, 5.21, 5.37, 4.21, 5.84, 5.66, 5.07, 5.28, 4.49, 5.18],
  tjk_53 = [4.65, 4.29, 3.90, 3.81, 4.35, 3.29, 3.72, 4.86, 3.23, 4.87, 3.77, 3.81, 3.50, 3.99, 4.26, 3.97, 3.34, 3.92, 4.02, 4.02],
  tjk_54 = [0.92, 1.04, 1.08, 0.90, 1.13, 1.16, 1.07, 0.78, 1.02, 1.06, 1.06, 0.97, 1.07, 0.83, 1.01, 1.01, 0.90, 1.08, 0.94, 0.93],
  tjk_55 = [2.12, 1.89, 2.40, 2.32, 2.11, 1.95, 2.01, 2.15, 1.91, 2.04, 1.52, 1.82, 2.17, 1.94, 2.52, 2.03, 2.18, 2.13, 2.08, 2.21],
  tjk_61 = [2.20, 2.36, 2.11, 1.88, 1.78, 2.07, 2.11, 1.71, 2.11, 1.97, 2.23, 2.22, 1.82, 1.87, 1.63, 2.39, 1.83, 2.07, 2.23, 1.79],
  tjk_62 = [5.30, 4.79, 5.15, 5.62, 4.17, 5.81, 5.21, 5.04, 5.14, 3.94, 4.62, 4.79, 4.76, 5.60, 4.71, 5.95, 4.32, 5.01, 5.54, 4.59],
  tjk_63 = [2.05, 2.14, 1.72, 1.60, 1.66, 2.12, 2.04, 1.71, 1.74, 2.00, 2.02, 2.05, 1.73, 2.00, 1.68, 1.44, 1.88, 2.12, 2.06, 1.93],
  tjk_64 = [1.05, 1.12, 1.06, 0.92, 1.00, 1.05, 0.83, 0.88, 0.86, 0.99, 0.94, 1.00, 1.02, 1.08, 1.04, 1.07, 1.06, 1.11, 0.96, 1.03],
  tjk_65 = [1.09, 0.92, 1.09, 1.02, 1.10, 1.05, 1.00, 1.05, 0.92, 0.92, 1.05, 0.96, 0.85, 0.93, 1.05, 1.10, 1.18, 0.99, 0.97, 0.92],
  tjk_71 = [2.10, 2.18, 1.79, 1.89, 1.71, 1.89, 1.70, 2.07, 2.09, 2.04, 1.89, 1.80, 2.18, 1.92, 2.12, 2.12, 1.91, 1.83, 2.39, 1.88],
  tjk_72 = [4.28, 4.54, 3.95, 4.28, 4.11, 3.46, 4.56, 4.42, 4.18, 3.70, 4.19, 4.00, 4.61, 4.03, 3.77, 3.57, 3.32, 3.93, 3.62, 3.82],
  tjk_73 = [2.33, 3.20, 2.55, 2.79, 3.12, 2.73, 2.73, 2.93, 3.20, 2.71, 3.07, 3.19, 3.29, 3.09, 2.89, 3.41, 3.22, 3.11, 2.68, 3.18],
  tjk_74 = [0.91, 0.98, 1.20, 1.10, 0.87, 0.94, 0.86, 1.17, 1.16, 1.19, 1.01, 0.82, 1.08, 1.02, 1.02, 0.96, 1.02, 1.03, 1.03, 1.00],
  tjk_75 = [0.91, 0.83, 1.01, 1.05, 1.27, 1.01, 0.88, 1.07, 1.12, 0.92, 0.94, 1.00, 1.08, 0.95, 0.90, 1.03, 1.15, 0.93, 0.87, 0.98],
  tjk_81 = [0.97, 0.89, 0.94, 1.06, 0.88, 0.92, 0.95, 1.20, 1.05, 1.04, 0.93, 0.91, 0.98, 1.06, 0.95, 1.13, 1.01, 1.15, 1.00, 0.99],
  tjk_82 = [1.03, 1.08, 0.99, 0.95, 0.95, 0.90, 1.03, 0.90, 0.92, 0.90, 0.85, 1.04, 0.91, 1.06, 0.95, 0.99, 1.03, 0.97, 0.82, 1.12],
  tjk_83 = [1.83, 1.80, 2.01, 1.80, 2.25, 1.66, 2.10, 2.65, 1.94, 1.89, 2.18, 2.39, 1.99, 1.68, 2.22, 1.90, 2.07, 2.13, 1.72, 1.99],
  tjk_84 = [2.75, 3.33, 2.96, 2.71, 3.03, 3.57, 3.19, 3.77, 3.35, 3.30, 3.11, 2.50, 3.66, 3.44, 2.93, 2.82, 3.29, 3.04, 3.21, 3.12],
  tjk_85 = [2.77, 2.86, 2.87, 2.97, 2.87, 3.02, 3.01, 3.45, 3.47, 2.83, 2.84, 3.27, 3.28, 3.19, 2.56, 3.00, 3.29, 3.66, 2.85, 3.18],
  tjk_91 = [5.09, 5.23, 6.02, 4.81, 4.69, 5.15, 4.83, 6.02, 5.50, 6.40, 4.69, 4.79, 5.10, 4.86, 4.73, 4.47, 3.76, 4.41, 4.54, 5.87],
  tjk_92 = [3.37, 3.18, 3.93, 2.83, 3.46, 3.36, 3.06, 2.90, 3.18, 3.42, 3.08, 2.61, 2.60, 3.05, 3.33, 3.30, 3.47, 3.03, 2.93, 2.81],
  tjk_93 = [3.28, 2.65, 2.89, 3.25, 3.50, 3.06, 3.47, 3.73, 3.18, 2.82, 3.14, 3.14, 2.81, 2.96, 3.09, 2.94, 3.00, 3.16, 2.84, 3.17],
  tjk_94 = [5.32, 4.26, 4.49, 4.54, 5.03, 4.99, 5.16, 4.91, 4.89, 4.96, 4.88, 5.79, 5.36, 5.08, 4.50, 5.21, 5.42, 4.64, 4.28, 4.49],
  tjk_95 = [4.30, 3.72, 4.12, 4.66, 5.17, 5.76, 5.70, 5.28, 4.47, 4.00, 4.90, 4.86, 4.71, 4.88, 4.40, 4.82, 5.46, 5.37, 4.83, 5.08],
  tjk_101 = [4.17, 4.34, 4.15, 3.08, 4.60, 3.66, 3.55, 4.74, 3.59, 3.93, 4.13, 4.21, 3.98, 3.91, 3.67, 3.86, 3.74, 4.70, 3.69, 3.81],
  tjk_102 = [3.24, 3.06, 3.01, 3.26, 2.87, 3.13, 2.56, 2.84, 2.77, 2.60, 2.94, 2.70, 3.45, 3.29, 2.32, 2.83, 2.68, 2.56, 2.84, 3.05],
  tjk_103 = [5.07, 5.51, 4.53, 5.16, 4.30, 5.57, 4.75, 4.36, 4.82, 4.15, 5.28, 5.13, 4.72, 6.09, 5.40, 5.06, 4.79, 5.33, 5.29, 4.97],
  tjk_104 = [2.26, 2.05, 2.14, 1.90, 2.01, 1.98, 1.85, 2.06, 2.06, 2.12, 2.26, 1.72, 1.70, 1.77, 2.10, 1.90, 1.82, 2.14, 2.43, 1.93],
  tjk_105 = [3.19, 4.89, 4.50, 4.30, 4.00, 3.94, 4.55, 4.38, 4.27, 3.83, 4.14, 4.36, 3.77, 4.81, 3.62, 3.74, 3.73, 4.56, 3.55, 4.00],
  tjk_111 = [3.11, 2.85, 3.17, 3.13, 2.64, 3.05, 2.91, 3.02, 2.72, 3.41, 2.68, 2.75, 3.17, 3.11, 3.06, 3.21, 3.46, 2.74, 2.77, 3.09],
  tjk_112 = [3.49, 3.01, 2.99, 3.10, 3.52, 2.74, 2.98, 2.85, 3.01, 2.82, 2.75, 3.19, 3.14, 3.16, 3.16, 3.63, 2.76, 2.72, 2.30, 2.68],
  tjk_113 = [1.99, 2.13, 1.82, 1.57, 2.09, 1.41, 2.36, 1.81, 2.01, 2.15, 1.85, 2.00, 2.07, 2.04, 2.03, 1.98, 2.16, 2.19, 2.28, 2.08],
  tjk_114 = [3.41, 4.75, 4.66, 4.40, 4.55, 3.96, 3.68, 4.57, 4.86, 4.13, 4.33, 3.72, 3.75, 3.98, 4.44, 3.93, 4.02, 3.69, 4.08, 3.92],
  tjk_115 = [3.33, 4.07, 3.73, 4.74, 3.78, 4.00, 4.11, 4.23, 4.94, 3.80, 3.69, 4.45, 4.00, 4.23, 4.49, 4.88, 3.69, 3.64, 4.01, 4.06],
  tjk_121 = [1.09, 1.21, 0.99, 1.09, 1.00, 0.99, 1.02, 0.99, 1.06, 0.88, 1.09, 0.94, 1.01, 1.19, 1.09, 0.95, 0.99, 1.00, 0.93, 1.09],
  tjk_122 = [0.97, 0.93, 1.13, 0.97, 0.98, 0.93, 1.02, 1.00, 0.91, 0.99, 1.02, 0.94, 0.86, 0.95, 1.15, 0.88, 0.93, 1.16, 0.99, 0.80],
  tjk_123 = [3.95, 5.26, 5.53, 4.46, 4.76, 4.97, 5.68, 5.62, 4.97, 5.33, 5.46, 5.48, 4.85, 4.80, 5.61, 4.41, 5.44, 4.84, 5.36, 6.28],
  tjk_124 = [3.65, 4.83, 4.24, 4.25, 4.49, 3.74, 3.03, 4.10, 4.01, 3.74, 4.04, 3.79, 4.67, 3.62, 3.60, 3.87, 3.48, 4.03, 4.19, 4.13],
  tjk_125 = [1.91, 1.61, 2.17, 1.78, 2.00, 2.10, 1.34, 2.09, 2.32, 1.83, 2.04, 1.71, 2.10, 2.01, 1.82, 2.15, 2.24, 1.70, 2.19, 2.03],
  tjk_131 = [4.83, 4.43, 5.41, 5.73, 4.83, 3.41, 4.67, 5.66, 5.28, 5.05, 5.43, 5.36, 5.03, 4.34, 4.92, 5.48, 5.70, 5.06, 5.03, 4.24],
  tjk_132 = [5.08, 4.64, 5.15, 5.81, 5.95, 5.56, 5.36, 4.84, 4.41, 5.27, 4.60, 6.30, 5.57, 4.50, 4.76, 5.44, 4.87, 4.56, 4.94, 4.89],
  tjk_133 = [2.14, 1.95, 1.99, 1.96, 2.05, 2.11, 1.94, 1.89, 1.90, 2.07, 2.09, 2.15, 2.37, 2.08, 2.32, 1.96, 1.66, 2.13, 2.26, 2.20],
  tjk_134 = [3.48, 3.46, 3.62, 3.92, 3.72, 4.25, 4.45, 4.52, 3.40, 3.58, 3.59, 4.69, 3.58, 3.78, 3.60, 3.68, 3.58, 4.03, 3.86, 4.10],
  tjk_135 = [4.13, 4.13, 3.44, 3.94, 3.40, 3.78, 5.10, 3.89, 3.51, 3.99, 4.04, 4.29, 4.01, 3.96, 4.03, 3.87, 4.16, 3.41, 4.06, 4.00],
  tjk_141 = [2.35, 1.66, 1.83, 1.97, 2.04, 2.20, 1.66, 2.04, 2.13, 2.35, 2.18, 2.22, 2.10, 1.73, 2.35, 2.04, 1.82, 2.20, 2.22, 2.24],
  tjk_142 = [1.04, 1.13, 0.99, 1.23, 1.11, 0.71, 1.02, 0.91, 0.93, 0.74, 0.91, 0.85, 1.08, 0.93, 1.18, 1.18, 0.95, 0.82, 0.67, 1.12],
  tjk_143 = [0.99, 1.06, 0.96, 0.97, 1.16, 1.07, 1.01, 0.88, 0.95, 0.85, 0.85, 0.93, 0.97, 1.08, 0.89, 0.84, 1.17, 1.00, 1.07, 0.89],
  tjk_144 = [5.06, 5.23, 5.14, 5.25, 4.78, 5.14, 5.20, 6.40, 4.64, 4.10, 5.59, 4.90, 5.11, 5.67, 5.15, 5.07, 4.83, 5.07, 4.97, 5.16],
  tjk_145 = [1.89, 2.01, 1.78, 2.49, 1.81, 2.28, 2.03, 1.76, 2.12, 1.95, 2.11, 2.44, 1.93, 1.99, 1.99, 1.94, 2.04, 1.94, 1.98, 2.11],
  tjk_151 = [4.53, 3.53, 4.31, 4.33, 4.62, 3.94, 3.84, 3.98, 4.75, 4.13, 3.75, 3.94, 4.20, 4.09, 4.05, 4.20, 4.74, 3.74, 4.56, 3.69],
  tjk_152 = [2.27, 1.83, 2.09, 1.92, 2.06, 1.95, 1.58, 1.92, 1.86, 1.88, 2.17, 1.60, 1.81, 2.04, 2.39, 1.86, 1.66, 2.07, 1.89, 1.73],
  tjk_153 = [2.97, 3.46, 3.44, 2.99, 2.98, 3.17, 2.78, 2.86, 3.15, 3.12, 2.98, 3.04, 3.24, 2.92, 2.93, 3.46, 3.05, 2.85, 2.55, 2.95],
  tjk_154 = [4.50, 4.09, 3.57, 3.89, 4.06, 3.75, 3.65, 3.78, 3.67, 4.10, 4.08, 4.27, 4.18, 3.60, 3.04, 3.67, 3.82, 3.85, 4.29, 3.61],
  tjk_155 = [4.17, 3.17, 3.71, 3.80, 4.13, 4.21, 4.11, 4.18, 3.92, 4.57, 4.08, 4.27, 4.38, 3.55, 4.08, 3.85, 3.26, 4.55, 4.65, 4.29],
  tjk_161 = [5.34, 4.67, 4.41, 5.28, 5.35, 5.00, 5.07, 6.44, 4.30, 4.78, 5.33, 4.73, 4.71, 5.34, 5.02, 5.09, 5.41, 4.49, 4.41, 4.80],
  tjk_162 = [4.35, 4.22, 3.47, 3.40, 3.99, 3.52, 3.87, 3.63, 3.84, 3.89, 4.22, 3.41, 4.24, 4.36, 3.91, 3.79, 3.65, 3.84, 3.59, 4.16],
  tjk_163 = [5.66, 5.21, 5.16, 5.44, 4.97, 5.18, 5.41, 5.32, 4.77, 5.49, 4.43, 4.15, 4.77, 4.55, 4.61, 5.24, 4.36, 5.16, 5.69, 6.31],
  tjk_164 = [0.91, 0.96, 1.06, 1.00, 0.93, 0.87, 1.01, 0.88, 0.91, 1.07, 0.98, 1.06, 1.04, 0.95, 1.05, 1.08, 0.81, 1.11, 1.13, 1.06],
  tjk_165 = [3.73, 4.98, 4.15, 4.41, 3.84, 3.54, 3.29, 3.91, 4.07, 4.00, 4.26, 4.48, 4.20, 4.07, 4.02, 4.40, 4.37, 3.95, 3.95, 4.11],
  tjk_171 = [3.09, 3.02, 3.09, 2.47, 2.90, 3.51, 2.79, 3.50, 3.01, 2.81, 3.31, 2.89, 3.18, 2.88, 2.84, 2.94, 3.34, 2.83, 3.36, 3.64],
  tjk_172 = [2.90, 2.79, 2.96, 3.35, 2.91, 2.98, 2.96, 2.42, 2.71, 2.96, 3.24, 2.62, 2.65, 2.73, 3.21, 3.35, 3.27, 3.63, 3.17, 2.72],
  tjk_173 = [1.94, 1.74, 1.88, 1.79, 1.98, 2.32, 1.89, 2.07, 1.64, 1.83, 2.06, 1.85, 2.11, 1.85, 2.08, 1.76, 2.38, 2.35, 2.17, 2.32],
  tjk_174 = [3.23, 2.57, 2.87, 2.92, 2.96, 3.17, 2.62, 2.51, 3.20, 3.34, 2.74, 2.78, 3.33, 3.32, 2.63, 3.24, 2.93, 3.12, 3.41, 2.64],
  tjk_175 = [5.18, 5.02, 4.60, 4.41, 5.67, 4.73, 4.15, 5.65, 5.04, 5.33, 5.07, 5.37, 5.02, 4.76, 4.29, 3.98, 4.65, 4.51, 5.03, 5.59],
  tjk_181 = [4.87, 4.64, 3.91, 3.94, 3.83, 4.37, 4.11, 3.65, 4.07, 4.37, 3.86, 4.02, 4.24, 2.99, 4.05, 3.96, 4.26, 3.83, 4.26, 3.94],
  tjk_182 = [2.20, 2.19, 1.92, 2.50, 1.89, 2.19, 1.94, 1.96, 2.01, 1.52, 1.90, 1.99, 2.19, 2.00, 1.95, 2.40, 1.88, 1.88, 2.27, 2.00],
  tjk_183 = [1.13, 0.85, 1.04, 0.85, 1.02, 0.89, 1.13, 0.92, 1.06, 0.91, 0.94, 1.05, 0.94, 0.88, 1.06, 1.08, 1.07, 0.94, 1.05, 0.83],
  tjk_184 = [4.43, 4.12, 3.61, 4.74, 3.61, 4.39, 4.28, 3.91, 4.15, 4.40, 3.70, 3.81, 4.03, 3.78, 3.98, 3.87, 3.04, 4.11, 4.58, 3.83],
  tjk_185 = [4.61, 5.83, 4.75, 4.99, 5.71, 4.86, 4.63, 4.17, 4.99, 4.33, 4.97, 4.63, 5.54, 5.37, 4.41, 4.81, 4.83, 5.08, 5.64, 5.09],
  tjk_191 = [2.02, 1.86, 2.11, 2.16, 1.58, 1.95, 2.28, 1.92, 1.83, 1.89, 1.99, 2.08, 2.29, 2.10, 2.22, 2.16, 2.01, 1.96, 2.00, 1.98],
  tjk_192 = [5.22, 6.02, 5.35, 4.70, 5.02, 4.60, 4.59, 5.19, 5.16, 5.01, 5.31, 4.73, 5.75, 4.45, 4.81, 4.69, 5.39, 5.26, 5.46, 4.68],
  tjk_193 = [5.68, 5.75, 4.95, 4.67, 4.83, 3.95, 5.23, 5.27, 4.91, 4.96, 4.73, 5.41, 5.24, 5.04, 5.81, 4.96, 4.50, 5.63, 5.15, 5.29],
  tjk_194 = [4.66, 4.69, 5.46, 5.21, 5.43, 4.71, 5.26, 4.31, 5.15, 5.30, 4.78, 4.70, 5.40, 4.60, 4.64, 5.21, 5.63, 5.50, 4.67, 4.54],
  tjk_195 = [4.57, 3.72, 4.18, 3.73, 4.26, 3.58, 3.39, 3.95, 3.66, 4.83, 3.76, 4.45, 4.11, 4.36, 3.70, 4.18, 3.96, 4.37, 4.09, 4.50],
  tjk_201 = [0.98, 0.84, 1.01, 0.96, 1.07, 0.74, 0.93, 1.03, 1.05, 0.99, 1.04, 0.97, 0.94, 1.00, 1.05, 1.17, 1.08, 1.03, 0.89, 1.02],
  tjk_202 = [2.41, 2.78, 2.89, 3.14, 3.11, 2.89, 3.18, 2.83, 2.85, 2.88, 2.88, 3.53, 2.91, 2.88, 2.66, 3.01, 2.53, 3.48, 2.61, 3.09],
  tjk_203 = [4.07, 4.03, 3.89, 4.32, 3.59, 4.63, 4.73, 3.88, 4.35, 4.09, 3.94, 3.46, 4.43, 4.12, 4.42, 4.21, 4.38, 3.54, 4.00, 3.80],
  tjk_204 = [2.73, 2.58, 2.58, 2.90, 2.70, 2.63, 3.28, 3.09, 3.11, 2.69, 2.97, 2.93, 2.61, 2.78, 2.79, 2.47, 2.44, 2.85, 3.12, 2.71],
  tjk_205 = [3.14, 2.79, 3.15, 3.03, 2.80, 2.69, 2.97, 3.28, 3.19, 2.75, 3.38, 3.28, 2.78, 2.51, 3.00, 2.72, 3.65, 2.58, 2.63, 3.13],
  tjk_211 = [1.00, 1.12, 1.01, 1.11, 0.87, 0.95, 0.94, 0.90, 1.15, 0.86, 0.95, 1.07, 1.15, 0.81, 1.19, 0.95, 0.91, 1.06, 1.09, 1.03],
  tjk_212 = [4.90, 3.32, 3.96, 3.37, 4.35, 3.91, 4.06, 4.59, 3.96, 3.55, 3.73, 3.93, 3.81, 3.62, 4.13, 4.34, 4.48, 3.88, 4.47, 4.04],
  tjk_213 = [4.46, 4.74, 5.05, 4.76, 5.55, 4.93, 5.32, 4.36, 4.85, 5.24, 5.13, 4.86, 5.02, 5.30, 5.36, 4.88, 5.03, 4.49, 5.33, 5.07],
  tjk_214 = [4.01, 4.04, 3.79, 4.38, 3.70, 4.37, 4.07, 3.80, 3.96, 4.14, 4.73, 3.62, 3.57, 4.55, 4.28, 4.33, 4.42, 3.24, 3.48, 3.90],
  tjk_215 = [4.95, 5.00, 5.72, 4.35, 4.67, 4.82, 4.99, 5.13, 4.45, 5.47, 5.72, 5.14, 6.82, 4.65, 5.97, 5.54, 5.16, 5.15, 4.43, 4.92],
  tjk_221 = [3.76, 3.90, 4.65, 4.43, 3.85, 3.78, 3.47, 4.22, 4.59, 4.07, 3.81, 4.00, 4.40, 4.02, 4.08, 4.18, 4.04, 3.91, 4.45, 4.35],
  tjk_222 = [4.76, 4.05, 4.24, 3.82, 3.83, 3.47, 4.06, 3.85, 3.88, 4.32, 4.13, 3.86, 3.61, 4.50, 3.30, 4.12, 3.65, 4.45, 3.93, 4.17],
  tjk_223 = [1.03, 1.08, 1.05, 0.92, 1.07, 0.88, 1.17, 1.12, 0.85, 1.16, 1.11, 1.03, 0.73, 0.94, 1.19, 0.98, 0.96, 1.01, 1.03, 1.15],
  tjk_224 = [1.93, 2.00, 1.86, 1.85, 2.08, 2.36, 2.06, 1.79, 2.04, 1.93, 2.14, 1.85, 2.29, 1.94, 1.68, 2.57, 1.73, 2.19, 1.92, 2.41],
  tjk_225 = [4.87, 4.39, 4.88, 5.04, 4.77, 6.03, 6.04, 5.71, 5.15, 5.22, 5.79, 4.12, 4.76, 5.22, 4.98, 4.54, 4.63, 4.77, 4.79, 4.32],
  tjk_231 = [0.97, 1.09, 1.05, 0.97, 1.05, 0.96, 0.89, 0.80, 0.95, 1.12, 1.00, 1.19, 0.77, 0.90, 1.16, 1.18, 0.90, 0.98, 0.93, 0.97],
  tjk_232 = [4.17, 4.22, 3.91, 3.46, 3.85, 3.69, 4.00, 4.19, 3.92, 3.72, 4.14, 3.92, 3.98, 4.03, 4.21, 3.39, 4.41, 3.82, 4.24, 3.61],
  tjk_233 = [2.96, 3.31, 3.38, 3.34, 2.88, 3.13, 2.97, 3.21, 3.09, 3.06, 3.38, 3.22, 2.69, 2.79, 3.13, 2.35, 3.05, 3.18, 3.18, 2.50],
  tjk_234 = [1.06, 1.01, 0.89, 1.04, 1.14, 1.12, 1.06, 0.96, 1.03, 0.83, 0.96, 1.00, 1.00, 1.12, 0.88, 0.91, 0.91, 0.99, 1.04, 1.00],
  tjk_235 = [3.77, 3.86, 4.59, 3.05, 4.09, 3.43, 4.52, 3.81, 4.46, 4.02, 3.73, 3.84, 4.32, 4.09, 3.88, 3.42, 3.98, 3.84, 4.02, 4.13],
  tjk_241 = [3.09, 3.01, 2.65, 2.96, 2.78, 2.80, 2.27, 3.14, 2.15, 2.85, 2.94, 3.07, 3.13, 3.16, 2.88, 2.87, 2.73, 2.70, 2.52, 2.56],
  tjk_242 = [4.62, 5.02, 5.64, 4.05, 5.41, 4.31, 4.38, 5.21, 4.69, 4.30, 6.13, 5.03, 4.52, 5.41, 5.64, 4.94, 4.61, 5.51, 4.55, 5.58],
  tjk_243 = [1.02, 1.08, 1.05, 1.10, 1.03, 1.09, 0.96, 1.04, 0.99, 1.06, 0.99, 1.00, 1.03, 0.83, 0.99, 1.00, 1.14, 1.07, 1.08, 1.07],
  tjk_244 = [4.26, 4.52, 4.21, 3.81, 3.85, 3.93, 4.58, 3.62, 4.14, 4.30, 4.41, 4.79, 4.72, 3.83, 3.91, 4.16, 3.54, 3.99, 4.34, 4.14],
  tjk_245 = [0.95, 1.09, 1.03, 1.06, 0.98, 0.92, 0.99, 1.05, 0.91, 0.90, 0.81, 0.88, 0.99, 1.14, 1.12, 0.92, 1.36, 0.97, 1.01, 1.22],
  tjk_251 = [4.85, 5.12, 5.84, 5.74, 5.43, 4.84, 4.76, 5.22, 5.81, 5.67, 5.09, 4.35, 5.08, 4.13, 4.94, 5.36, 5.31, 5.42, 5.12, 4.59],
  tjk_252 = [0.94, 0.89, 1.16, 1.07, 1.07, 0.98, 0.98, 0.94, 0.90, 0.92, 1.13, 0.96, 0.91, 1.03, 1.02, 1.07, 1.01, 1.02, 1.26, 1.01],
  tjk_253 = [3.73, 4.33, 4.26, 3.55, 4.04, 4.21, 4.32, 3.97, 4.08, 4.46, 3.21, 3.56, 3.69, 3.79, 3.20, 4.04, 3.82, 3.68, 4.02, 4.23],
  tjk_254 = [3.41, 3.13, 2.71, 3.08, 2.93, 3.49, 2.81, 3.15, 2.72, 3.37, 3.15, 3.54, 3.29, 2.55, 3.44, 3.25, 3.10, 2.39, 3.28, 3.21],
  tjk_255 = [2.06, 1.84, 1.81, 2.13, 1.99, 1.92, 2.11, 1.80, 1.93, 2.29, 1.99, 1.99, 1.80, 2.14, 1.93, 2.13, 1.86, 2.14, 2.30, 2.41],
  tjk_261 = [2.30, 1.84, 2.53, 1.95, 1.78, 1.61, 2.19, 1.75, 2.10, 2.21, 2.21, 2.35, 2.19, 1.82, 1.93, 1.92, 1.81, 1.99, 1.63, 1.88],
  tjk_262 = [1.04, 1.05, 1.25, 0.95, 0.90, 0.91, 1.14, 1.19, 1.22, 0.91, 0.93, 1.00, 1.05, 1.08, 1.16, 1.03, 0.81, 0.87, 1.11, 0.80],
  tjk_263 = [6.24, 4.76, 4.67, 4.98, 5.01, 6.52, 4.76, 4.50, 5.30, 5.41, 6.02, 5.42, 5.06, 5.36, 5.48, 4.83, 5.28, 5.31, 5.86, 4.10],
  tjk_264 = [3.43, 2.91, 3.04, 3.36, 2.97, 3.41, 3.07, 3.19, 2.79, 2.53, 3.08, 2.78, 2.66, 2.58, 3.15, 2.94, 3.56, 3.04, 2.89, 2.95],
  tjk_265 = [5.80, 5.05, 4.79, 4.48, 4.92, 5.34, 4.90, 4.68, 4.74, 5.21, 6.17, 4.92, 4.20, 4.59, 4.67, 4.12, 5.12, 4.81, 4.46, 4.40],
  tjk_271 = [3.43, 3.63, 4.06, 3.69, 4.37, 4.24, 3.89, 3.48, 4.46, 3.90, 4.11, 4.64, 4.03, 3.81, 4.42, 3.76, 3.96, 4.25, 3.93, 3.51],
  tjk_272 = [3.22, 4.23, 4.29, 3.57, 4.16, 4.06, 3.89, 4.32, 3.67, 3.72, 4.20, 3.53, 4.50, 3.37, 4.21, 4.44, 3.92, 3.89, 4.24, 4.31],
  tjk_273 = [3.64, 3.47, 5.06, 4.75, 4.38, 4.83, 3.80, 4.16, 4.32, 3.78, 4.33, 3.22, 4.11, 4.02, 4.13, 3.68, 3.87, 4.16, 3.51, 4.29],
  tjk_274 = [2.31, 1.96, 2.07, 1.53, 2.06, 2.17, 1.89, 2.09, 2.14, 2.06, 2.40, 2.08, 1.57, 1.86, 1.97, 2.07, 2.19, 2.04, 1.97, 1.76],
  tjk_275 = [4.34, 3.74, 4.60, 4.04, 4.85, 3.88, 3.61, 3.92, 4.05, 4.31, 3.64, 4.40, 3.69, 4.24, 3.94, 3.89, 4.20, 4.20, 4.45, 3.71],
  tjk_281 = [0.95, 0.93, 0.95, 1.05, 1.13, 0.99, 0.82, 1.07, 0.79, 0.98, 1.11, 0.86, 1.17, 1.06, 1.22, 1.18, 1.16, 0.83, 0.96, 0.98],
  tjk_282 = [1.94, 1.99, 1.97, 1.90, 2.10, 2.16, 2.16, 1.99, 2.20, 2.18, 2.06, 2.47, 1.91, 2.12, 2.25, 2.23, 1.83, 2.16, 2.20, 1.94],
  tjk_283 = [5.08, 5.63, 4.99, 4.95, 4.95, 5.11, 5.35, 5.88, 5.44, 5.38, 4.40, 4.87, 5.10, 5.63, 4.69, 5.97, 5.84, 5.88, 5.92, 4.97],
  tjk_284 = [4.04, 4.01, 4.03, 3.37, 4.77, 3.97, 4.72, 3.68, 4.88, 3.85, 4.15, 3.73, 3.35, 4.46, 3.78, 4.04, 4.07, 3.12, 3.67, 4.20],
  tjk_285 = [1.10, 0.91, 1.04, 0.94, 1.09, 1.00, 0.92, 0.88, 0.94, 1.13, 1.10, 0.97, 1.08, 1.02, 0.96, 0.79, 0.95, 1.18, 0.95, 0.96],
  tjk_291 = [3.56, 3.84, 4.41, 3.32, 4.52, 4.00, 3.85, 3.82, 3.77, 3.79, 4.26, 4.09, 3.80, 3.95, 3.96, 4.48, 3.71, 3.36, 3.85, 4.59],
  tjk_292 = [3.22, 3.22, 3.08, 3.23, 3.22, 2.49, 3.30, 2.70, 2.76, 3.62, 2.65, 3.20, 3.25, 3.11, 3.22, 2.77, 2.90, 3.22, 2.57, 2.90],
  tjk_293 = [2.09, 2.21, 1.70, 2.07, 2.16, 1.95, 1.86, 2.00, 2.36, 2.13, 1.82, 1.84, 2.45, 2.34, 1.70, 2.08, 2.06, 2.10, 1.93, 1.77],
  tjk_294 = [1.67, 1.92, 2.01, 2.06, 2.38, 2.40, 2.20, 1.98, 2.10, 1.95, 2.31, 2.09, 2.18, 2.05, 1.90, 2.33, 1.87, 1.56, 2.04, 1.95],
  tjk_295 = [4.16, 4.08, 3.39, 3.10, 3.65, 4.28, 4.19, 3.50, 3.32, 3.93, 4.50, 4.17, 3.66, 3.64, 3.66, 3.77, 3.36, 4.15, 3.89, 3.87],
  tjk_301 = [3.34, 3.01, 2.69, 2.62, 3.13, 3.07, 3.22, 3.10, 2.49, 2.76, 3.07, 2.68, 2.64, 2.55, 3.20, 3.44, 2.88, 3.35, 2.96, 2.94],
  tjk_302 = [4.46, 4.99, 4.19, 5.62, 5.37, 4.26, 4.47, 5.26, 5.51, 4.91, 5.08, 5.52, 4.69, 5.32, 5.50, 6.07, 4.84, 4.38, 4.64, 5.12],
  tjk_303 = [1.85, 1.99, 1.93, 2.13, 2.11, 2.12, 1.81, 1.96, 2.01, 1.92, 2.20, 1.81, 2.06, 2.15, 2.25, 2.04, 2.06, 1.95, 1.96, 2.23],
  tjk_304 = [6.02, 4.51, 5.09, 4.46, 4.94, 5.05, 5.17, 4.25, 4.71, 4.62, 4.81, 5.71, 4.60, 4.49, 5.21, 5.66, 5.38, 4.95, 4.61, 5.10],
  tjk_305 = [2.00, 1.96, 2.13, 1.96, 2.07, 2.09, 2.36, 2.07, 2.18, 2.20, 2.28, 1.89, 2.11, 1.96, 1.82, 2.25, 2.19, 1.91, 1.83, 1.43],
]

Service Times (¦Î_{jk}^s) = [
  xi_11 = [2.27, 1.86, 2.08, 2.11, 1.86, 2.10, 1.98, 1.92, 2.04, 2.10, 1.83, 1.72, 1.77, 2.03, 2.23, 2.28, 2.29, 2.05, 2.24, 1.96],
  xi_12 = [9.68, 10.54, 10.48, 7.67, 9.67, 9.04, 9.04, 9.16, 9.94, 9.23, 8.40, 8.57, 9.25, 8.99, 8.45, 9.98, 10.10, 8.87, 7.52, 7.38],
  xi_13 = [1.15, 1.07, 1.00, 1.14, 1.09, 1.02, 1.00, 1.07, 1.17, 1.00, 1.07, 1.17, 1.00, 1.00, 1.10, 1.00, 1.06, 1.00, 1.01, 1.13],
  xi_14 = [7.69, 7.57, 9.00, 8.34, 7.81, 8.74, 10.16, 8.57, 7.29, 8.97, 8.27, 8.51, 9.36, 7.26, 7.33, 7.76, 9.22, 6.85, 6.90, 6.71],
  xi_15 = [1.11, 1.00, 1.05, 1.24, 1.00, 1.10, 1.00, 1.00, 1.18, 1.00, 1.00, 1.00, 1.00, 1.00, 1.12, 1.00, 1.00, 1.00, 1.00, 1.12],
  xi_21 = [9.11, 8.58, 9.23, 8.54, 9.11, 8.45, 8.56, 7.26, 8.54, 10.07, 9.79, 10.81, 8.97, 8.25, 8.92, 10.69, 9.38, 10.20, 7.83, 10.06],
  xi_22 = [6.19, 5.62, 7.55, 6.97, 5.74, 6.52, 5.88, 6.20, 6.69, 6.02, 5.26, 7.01, 5.53, 6.11, 5.81, 5.88, 6.70, 6.44, 6.31, 5.90],
  xi_23 = [1.10, 1.02, 1.07, 1.00, 1.05, 1.15, 1.00, 1.08, 1.00, 1.00, 1.00, 1.07, 1.00, 1.00, 1.11, 1.00, 1.03, 1.00, 1.00, 1.08],
  xi_24 = [2.67, 3.06, 2.72, 2.85, 3.01, 2.88, 2.86, 3.69, 3.47, 2.74, 3.00, 3.41, 3.01, 2.65, 3.25, 3.01, 3.52, 3.12, 2.80, 2.79],
  xi_25 = [9.51, 11.19, 10.08, 10.20, 9.79, 8.78, 10.41, 10.65, 10.58, 9.33, 10.78, 8.44, 11.08, 10.98, 8.86, 10.28, 8.93, 9.53, 8.63, 10.37],
  xi_31 = [7.23, 7.67, 6.89, 6.49, 8.02, 6.10, 6.64, 7.48, 6.38, 6.50, 6.06, 8.17, 6.73, 8.11, 7.48, 6.89, 7.70, 7.06, 6.27, 7.26],
  xi_32 = [9.25, 8.14, 8.67, 9.67, 9.28, 9.89, 8.45, 8.08, 9.49, 8.37, 9.73, 9.20, 7.61, 9.69, 11.03, 9.60, 9.70, 9.13, 9.60, 8.04],
  xi_33 = [1.00, 1.01, 1.10, 1.00, 1.00, 1.01, 1.12, 1.19, 1.00, 1.20, 1.00, 1.24, 1.01, 1.08, 1.14, 1.00, 1.00, 1.15, 1.09, 1.00],
  xi_34 = [4.09, 4.17, 3.99, 4.23, 3.47, 4.09, 5.34, 3.84, 3.44, 3.76, 3.60, 4.74, 3.52, 4.18, 3.73, 4.24, 4.77, 3.61, 4.28, 3.31],
  xi_35 = [10.80, 12.64, 7.95, 10.44, 9.92, 9.78, 10.72, 10.90, 8.05, 10.03, 10.32, 8.96, 9.85, 10.22, 8.80, 9.85, 7.88, 9.99, 11.58, 10.68],
  xi_41 = [7.03, 7.95, 9.54, 9.01, 7.95, 9.69, 9.34, 7.73, 8.86, 9.57, 9.41, 9.33, 7.93, 8.59, 10.76, 8.97, 9.09, 9.68, 6.93, 8.83],
  xi_42 = [3.90, 4.29, 3.92, 4.17, 4.49, 4.11, 3.04, 3.65, 3.54, 3.29, 3.19, 3.87, 4.03, 4.01, 4.54, 4.28, 3.16, 3.79, 4.02, 4.38],
  xi_43 = [1.04, 1.01, 1.00, 1.19, 1.07, 1.00, 1.00, 1.00, 1.00, 1.00, 1.00, 1.00, 1.11, 1.00, 1.08, 1.00, 1.12, 1.00, 1.00, 1.00],
  xi_44 = [1.97, 2.27, 2.34, 1.82, 1.96, 1.82, 1.91, 2.40, 1.99, 2.30, 1.93, 1.70, 1.77, 1.72, 2.18, 1.86, 2.11, 2.19, 1.92, 2.06],
  xi_45 = [4.90, 5.39, 4.93, 5.06, 5.29, 5.44, 5.01, 4.53, 4.39, 4.61, 4.39, 5.03, 4.80, 5.24, 5.06, 4.62, 5.08, 4.38, 5.68, 5.06],
  xi_51 = [4.27, 4.26, 3.88, 3.20, 4.42, 3.90, 3.73, 4.08, 3.94, 4.47, 4.27, 3.51, 3.72, 4.11, 4.26, 4.50, 3.48, 3.69, 4.92, 4.16],
  xi_52 = [8.68, 8.20, 7.81, 11.88, 8.80, 9.50, 9.97, 6.99, 9.15, 6.80, 8.02, 7.04, 8.89, 8.70, 8.42, 9.09, 8.27, 8.67, 8.43, 9.31],
  xi_53 = [10.30, 9.02, 10.21, 8.83, 8.60, 10.26, 9.85, 9.90, 7.91, 10.22, 9.21, 9.29, 12.28, 8.77, 10.94, 9.93, 10.43, 8.70, 9.47, 10.67],
  xi_54 = [4.42, 5.02, 5.09, 5.08, 5.08, 5.80, 5.21, 5.38, 5.09, 5.17, 4.19, 4.68, 4.92, 5.47, 6.11, 5.13, 4.98, 4.80, 4.16, 4.83],
  xi_55 = [4.42, 4.79, 4.90, 5.80, 4.62, 5.52, 4.98, 4.73, 4.76, 5.08, 5.66, 5.01, 4.46, 4.40, 5.37, 4.75, 4.31, 5.03, 4.62, 4.86],
  xi_61 = [5.34, 5.14, 4.91, 5.08, 5.16, 5.76, 5.09, 4.71, 4.53, 4.89, 4.84, 5.75, 6.25, 4.54, 4.65, 4.54, 6.00, 5.72, 5.50, 5.12],
  xi_62 = [6.97, 7.19, 6.96, 7.40, 6.30, 7.90, 7.07, 6.65, 6.98, 5.29, 6.86, 5.79, 7.41, 7.21, 6.88, 6.60, 6.48, 8.44, 6.74, 7.66],
  xi_63 = [6.47, 5.82, 6.28, 6.19, 6.39, 6.20, 5.94, 5.67, 5.63, 6.46, 5.33, 6.35, 6.28, 5.31, 6.63, 6.69, 5.20, 6.52, 5.09, 5.47],
  xi_64 = [3.12, 2.91, 2.63, 3.07, 3.59, 3.27, 2.91, 3.10, 2.92, 2.82, 2.68, 2.76, 2.85, 3.08, 2.79, 3.03, 3.25, 3.41, 2.78, 2.63],
  xi_65 = [7.63, 6.32, 6.94, 5.96, 6.46, 5.86, 6.20, 5.94, 4.71, 5.83, 5.14, 5.01, 6.78, 5.79, 5.29, 5.88, 5.25, 7.54, 6.35, 6.05],
  xi_71 = [7.36, 8.91, 9.14, 9.97, 10.22, 11.30, 7.65, 9.58, 9.50, 9.51, 9.34, 9.78, 10.25, 9.99, 9.40, 9.79, 8.79, 9.71, 9.05, 10.03],
  xi_72 = [6.88, 6.06, 5.97, 6.03, 6.12, 5.81, 6.84, 5.59, 5.55, 6.77, 5.46, 5.44, 5.68, 6.09, 6.44, 5.16, 5.62, 6.65, 5.93, 5.72],
  xi_73 = [1.92, 1.94, 1.73, 1.98, 1.64, 1.80, 1.95, 1.84, 2.15, 1.72, 2.11, 2.12, 1.99, 1.86, 2.07, 2.07, 2.24, 2.00, 2.08, 1.89],
  xi_74 = [5.41, 5.14, 5.61, 4.79, 5.57, 4.66, 4.51, 4.75, 5.32, 4.73, 3.86, 5.57, 6.08, 5.24, 5.28, 4.66, 4.62, 5.17, 4.77, 5.66],
  xi_75 = [6.60, 6.67, 5.97, 5.72, 6.41, 6.85, 7.00, 5.20, 6.21, 5.89, 5.74, 7.23, 6.37, 6.03, 6.25, 5.60, 7.08, 5.79, 6.28, 6.54],
  xi_81 = [1.03, 1.11, 1.00, 1.11, 1.00, 1.09, 1.03, 1.00, 1.00, 1.00, 1.00, 1.09, 1.00, 1.00, 1.05, 1.00, 1.00, 1.14, 1.04, 1.00],
  xi_82 = [7.17, 8.08, 8.74, 9.57, 8.28, 7.67, 8.27, 8.01, 8.22, 9.67, 8.74, 9.12, 9.61, 9.39, 8.04, 9.10, 8.78, 11.26, 7.97, 10.04],
  xi_83 = [2.17, 2.24, 1.93, 1.87, 1.89, 2.24, 2.08, 1.89, 2.26, 2.14, 2.16, 1.73, 2.23, 2.04, 1.78, 2.05, 1.81, 2.08, 1.86, 2.02],
  xi_84 = [1.06, 1.00, 1.02, 1.11, 1.09, 1.00, 1.11, 1.00, 1.04, 1.02, 1.26, 1.14, 1.11, 1.13, 1.08, 1.00, 1.09, 1.00, 1.08, 1.08],
  xi_85 = [1.00, 1.04, 1.00, 1.00, 1.00, 1.00, 1.10, 1.00, 1.05, 1.00, 1.00, 1.00, 1.07, 1.00, 1.05, 1.00, 1.01, 1.00, 1.00, 1.00],
  xi_91 = [10.54, 10.87, 9.08, 11.81, 10.18, 10.29, 9.51, 11.94, 10.67, 8.64, 9.35, 10.21, 9.79, 9.87, 9.75, 9.59, 8.62, 9.81, 10.43, 9.24],
  xi_92 = [3.24, 3.05, 2.72, 2.65, 2.73, 3.20, 2.98, 3.11, 3.25, 3.26, 3.60, 2.25, 2.63, 2.77, 3.32, 3.22, 2.81, 2.69, 2.66, 2.46],
  xi_93 = [2.12, 2.00, 2.22, 1.93, 1.60, 1.96, 2.25, 2.19, 2.05, 2.14, 1.93, 2.08, 1.63, 2.05, 2.09, 2.02, 2.06, 1.80, 1.98, 2.25],
  xi_94 = [6.87, 6.51, 6.36, 7.57, 7.92, 7.32, 5.93, 5.70, 7.18, 7.55, 7.42, 6.39, 6.82, 7.72, 7.81, 7.88, 7.64, 6.77, 6.52, 7.61],
  xi_95 = [5.87, 6.52, 6.68, 5.31, 6.07, 5.72, 6.18, 6.81, 6.15, 5.44, 5.63, 5.49, 5.76, 6.22, 6.82, 6.66, 6.17, 6.07, 5.93, 5.60],
  xi_101 = [2.15, 1.96, 2.65, 2.08, 1.59, 2.07, 1.92, 2.19, 2.31, 1.71, 2.01, 2.16, 2.05, 1.94, 1.98, 2.16, 1.92, 1.99, 2.17, 2.28],
  xi_102 = [1.00, 1.00, 1.00, 1.11, 1.01, 1.00, 1.03, 1.08, 1.13, 1.15, 1.00, 1.00, 1.19, 1.00, 1.00, 1.03, 1.06, 1.07, 1.00, 1.00],
  xi_103 = [11.19, 10.12, 10.52, 10.55, 8.22, 8.65, 8.23, 8.13, 9.87, 9.88, 8.51, 8.22, 9.32, 11.62, 11.24, 11.48, 11.61, 8.51, 9.72, 10.19],
  xi_104 = [5.92, 7.55, 6.42, 6.06, 6.71, 7.08, 6.77, 5.81, 4.99, 6.26, 4.20, 5.53, 5.31, 5.96, 5.39, 5.88, 5.56, 6.43, 5.87, 6.66],
  xi_105 = [5.20, 5.56, 5.41, 5.24, 4.50, 5.50, 5.70, 5.41, 5.65, 4.97, 4.49, 4.65, 4.65, 4.92, 4.36, 5.27, 4.58, 5.92, 4.86, 5.81],
  xi_111 = [4.28, 3.53, 4.23, 4.28, 3.91, 3.79, 4.79, 4.25, 4.37, 4.24, 4.50, 3.91, 4.21, 3.87, 4.29, 3.53, 4.17, 4.77, 4.26, 3.80],
  xi_112 = [4.28, 4.05, 3.85, 3.54, 4.38, 4.40, 4.15, 4.02, 4.15, 3.69, 3.89, 4.25, 4.47, 4.53, 4.79, 4.85, 3.52, 4.04, 4.13, 3.27],
  xi_113 = [6.98, 6.40, 7.42, 8.34, 6.25, 5.77, 7.55, 7.50, 6.65, 8.68, 7.30, 7.70, 7.83, 6.25, 6.79, 7.21, 7.54, 6.89, 7.79, 6.49],
  xi_114 = [5.49, 5.43, 7.74, 6.71, 6.26, 6.14, 4.89, 7.60, 6.73, 5.43, 6.27, 5.56, 6.00, 5.09, 6.22, 6.30, 6.07, 5.84, 6.19, 6.87],
  xi_115 = [2.83, 2.97, 3.37, 2.46, 2.94, 3.75, 3.06, 2.92, 3.24, 2.85, 3.30, 3.61, 3.07, 3.28, 3.30, 2.84, 3.65, 3.10, 3.14, 2.93],
  xi_121 = [2.04, 1.73, 1.93, 1.89, 2.23, 2.17, 2.08, 1.58, 2.09, 2.22, 1.75, 1.87, 2.19, 1.52, 2.03, 2.07, 1.70, 2.21, 2.03, 1.99],
  xi_122 = [8.32, 8.02, 8.02, 7.43, 8.72, 8.15, 7.92, 7.70, 7.50, 7.93, 7.83, 9.07, 8.80, 8.76, 7.00, 7.70, 7.27, 7.55, 7.88, 8.16],
  xi_123 = [4.76, 4.18, 4.17, 3.95, 3.26, 4.72, 4.44, 3.95, 4.57, 3.90, 4.39, 3.69, 3.76, 4.33, 4.97, 4.02, 4.51, 4.23, 4.60, 4.10],
  xi_124 = [5.76, 5.53, 5.22, 6.17, 5.15, 5.50, 6.37, 5.51, 5.38, 5.99, 5.47, 6.90, 6.69, 6.21, 7.05, 5.19, 6.85, 5.94, 5.56, 6.21],
  xi_125 = [2.96, 3.27, 2.81, 3.24, 2.85, 3.40, 2.79, 2.44, 3.53, 3.53, 3.18, 3.60, 2.89, 3.46, 3.11, 2.32, 3.15, 2.59, 3.36, 3.31],
  xi_131 = [7.08, 6.30, 7.17, 6.72, 7.24, 5.90, 6.98, 8.54, 7.30, 6.09, 6.35, 6.29, 7.58, 7.36, 7.28, 7.58, 7.10, 6.03, 6.72, 7.31],
  xi_132 = [6.75, 7.47, 7.05, 6.55, 6.73, 7.07, 7.00, 5.67, 7.15, 6.45, 5.38, 5.96, 6.43, 7.48, 6.85, 6.12, 6.85, 7.27, 8.20, 6.06],
  xi_133 = [7.43, 7.70, 8.61, 8.04, 8.61, 9.48, 10.13, 7.94, 8.27, 7.40, 7.01, 9.07, 8.48, 7.50, 6.61, 8.13, 7.43, 8.25, 7.52, 7.42],
  xi_134 = [7.87, 8.30, 9.54, 7.30, 8.53, 8.64, 6.96, 5.66, 8.92, 7.88, 7.86, 8.21, 8.18, 6.86, 8.71, 6.54, 8.05, 8.45, 8.20, 6.64],
  xi_135 = [1.00, 1.14, 1.00, 1.00, 1.00, 1.05, 1.00, 1.00, 1.00, 1.04, 1.00, 1.00, 1.00, 1.01, 1.18, 1.02, 1.10, 1.00, 1.00, 1.00],
  xi_141 = [8.81, 6.68, 7.68, 7.12, 7.75, 8.66, 8.23, 7.57, 7.90, 6.98, 8.48, 7.81, 8.63, 8.57, 7.18, 7.60, 7.62, 7.93, 7.33, 7.10],
  xi_142 = [11.62, 10.97, 9.05, 10.34, 9.57, 7.17, 9.63, 8.78, 10.27, 10.38, 10.04, 8.44, 10.84, 9.52, 10.23, 8.83, 10.42, 10.41, 9.40, 10.54],
  xi_143 = [2.87, 2.59, 3.50, 3.15, 3.53, 2.77, 3.14, 3.23, 2.94, 3.15, 2.90, 3.18, 2.62, 2.89, 3.58, 2.92, 3.10, 2.79, 2.89, 3.55],
  xi_144 = [1.99, 2.05, 1.92, 1.60, 2.09, 2.04, 2.08, 2.27, 1.86, 1.52, 2.23, 2.29, 2.39, 2.40, 1.91, 2.17, 1.93, 2.10, 2.12, 1.68],
  xi_145 = [6.29, 4.94, 5.84, 5.81, 6.08, 6.43, 5.81, 6.28, 6.89, 5.93, 7.30, 6.58, 6.04, 6.69, 6.56, 6.28, 5.92, 5.29, 5.32, 5.65],
  xi_151 = [5.80, 6.73, 6.65, 6.17, 7.77, 7.41, 6.69, 6.52, 6.08, 6.31, 6.92, 7.12, 6.02, 6.97, 7.04, 7.17, 6.76, 6.22, 7.83, 8.17],
  xi_152 = [1.01, 1.07, 1.01, 1.20, 1.05, 1.13, 1.00, 1.00, 1.04, 1.05, 1.00, 1.00, 1.00, 1.00, 1.09, 1.01, 1.00, 1.00, 1.00, 1.00],
  xi_153 = [1.99, 2.27, 1.90, 2.23, 2.32, 1.65, 2.36, 1.83, 1.95, 1.77, 1.93, 1.93, 2.12, 1.87, 1.90, 2.11, 1.90, 1.92, 2.30, 1.93],
  xi_154 = [1.78, 2.02, 1.89, 1.81, 2.46, 2.14, 1.86, 1.97, 2.17, 2.02, 2.22, 1.67, 2.19, 1.88, 2.28, 2.17, 2.02, 2.06, 1.96, 1.83],
  xi_155 = [10.35, 9.41, 8.10, 8.61, 9.35, 10.39, 8.72, 6.84, 9.24, 8.85, 9.43, 9.17, 8.39, 9.11, 9.19, 7.85, 9.58, 8.49, 9.04, 8.95],
  xi_161 = [9.16, 10.81, 10.23, 9.73, 10.40, 9.15, 10.66, 9.18, 11.14, 10.39, 9.30, 9.70, 10.59, 9.67, 10.43, 11.28, 10.34, 10.08, 8.60, 11.24],
  xi_162 = [2.86, 3.26, 3.00, 3.21, 3.37, 2.84, 3.06, 2.78, 3.49, 3.05, 3.33, 3.10, 2.84, 3.18, 2.70, 2.53, 2.86, 2.61, 3.35, 2.92],
  xi_163 = [4.40, 4.73, 5.29, 4.13, 5.21, 5.09, 4.83, 5.08, 4.71, 4.96, 4.70, 4.18, 4.88, 4.88, 4.60, 5.41, 5.30, 5.64, 5.12, 4.98],
  xi_164 = [11.21, 11.08, 10.66, 9.93, 10.21, 10.57, 9.75, 10.43, 11.34, 9.19, 9.83, 9.44, 11.24, 9.69, 8.22, 9.84, 12.59, 11.36, 9.43, 10.00],
  xi_165 = [9.78, 10.28, 9.36, 10.67, 10.57, 11.15, 8.94, 8.37, 9.98, 9.64, 9.50, 10.50, 10.91, 9.69, 10.14, 9.31, 9.85, 9.91, 9.90, 12.39],
  xi_171 = [1.00, 1.00, 1.10, 1.00, 1.10, 1.01, 1.01, 1.06, 1.00, 1.00, 1.12, 1.00, 1.00, 1.15, 1.09, 1.00, 1.01, 1.07, 1.00, 1.00],
  xi_172 = [6.85, 6.29, 7.73, 6.74, 7.94, 8.44, 6.01, 6.68, 7.22, 7.44, 8.83, 7.04, 7.38, 7.27, 7.86, 6.91, 6.94, 6.90, 6.97, 6.98],
  xi_173 = [5.52, 4.62, 3.93, 5.62, 5.65, 5.42, 4.64, 4.77, 4.66, 5.56, 4.92, 5.19, 4.66, 5.62, 5.76, 5.37, 5.82, 5.12, 5.44, 4.80],
  xi_174 = [3.20, 2.73, 3.06, 2.89, 3.13, 3.64, 2.62, 3.46, 3.14, 2.94, 2.60, 3.23, 4.01, 3.50, 3.14, 3.29, 2.68, 3.28, 3.30, 2.96],
  xi_175 = [12.16, 11.12, 10.30, 9.72, 9.82, 8.82, 9.68, 8.39, 9.47, 9.55, 10.48, 11.00, 11.31, 9.87, 9.88, 8.49, 10.80, 9.27, 9.12, 10.96],
  xi_181 = [4.55, 5.87, 4.71, 4.76, 4.42, 5.13, 4.98, 5.50, 4.41, 5.71, 4.74, 5.39, 4.08, 5.24, 5.59, 4.67, 4.86, 4.76, 3.90, 4.71],
  xi_182 = [3.03, 2.72, 3.01, 2.81, 3.27, 2.99, 3.39, 3.14, 2.85, 3.28, 2.98, 3.12, 2.57, 3.18, 3.10, 3.29, 3.08, 3.36, 2.48, 2.91],
  xi_183 = [1.01, 1.02, 1.00, 1.05, 1.00, 1.00, 1.12, 1.00, 1.00, 1.00, 1.00, 1.00, 1.00, 1.03, 1.00, 1.03, 1.00, 1.04, 1.08, 1.09],
  xi_184 = [3.19, 2.84, 2.40, 3.28, 3.16, 3.57, 3.39, 3.98, 2.76, 2.74, 2.95, 3.19, 3.33, 3.38, 3.05, 2.80, 3.10, 3.02, 3.39, 2.79],
  xi_185 = [1.80, 1.76, 1.70, 2.02, 1.92, 1.93, 1.86, 1.80, 2.16, 2.29, 2.05, 1.96, 2.22, 1.90, 2.23, 2.15, 2.19, 1.83, 2.10, 2.10],
  xi_191 = [2.14, 2.17, 1.63, 1.89, 2.04, 1.80, 1.88, 2.18, 1.72, 2.60, 1.97, 2.22, 2.10, 2.08, 1.80, 1.89, 1.99, 1.94, 2.25, 2.00],
  xi_192 = [9.58, 10.70, 8.62, 10.73, 10.40, 9.39, 11.04, 8.76, 9.24, 11.34, 8.63, 9.50, 8.39, 10.35, 11.25, 10.54, 8.81, 10.38, 9.25, 9.18],
  xi_193 = [5.40, 5.93, 6.29, 6.87, 7.74, 6.84, 9.44, 7.58, 7.06, 7.79, 6.23, 6.58, 7.08, 6.92, 7.24, 5.76, 6.66, 7.36, 6.23, 6.28],
  xi_194 = [1.09, 1.09, 1.00, 1.07, 1.05, 1.00, 1.00, 1.00, 1.00, 1.06, 1.00, 1.07, 1.00, 1.00, 1.11, 1.06, 1.01, 1.15, 1.06, 1.14],
  xi_195 = [9.15, 10.02, 9.08, 8.88, 9.53, 8.62, 9.32, 8.67, 8.32, 8.51, 8.46, 9.25, 9.31, 7.73, 7.80, 8.78, 8.09, 9.04, 9.37, 9.78],
  xi_201 = [1.63, 1.89, 1.59, 2.03, 1.66, 1.96, 1.90, 1.97, 2.01, 2.06, 1.77, 1.84, 1.73, 2.06, 1.77, 2.50, 1.83, 1.95, 1.81, 2.01],
  xi_202 = [1.00, 1.00, 1.00, 1.00, 1.03, 1.05, 1.06, 1.00, 1.06, 1.00, 1.00, 1.00, 1.07, 1.00, 1.00, 1.09, 1.00, 1.02, 1.04, 1.04],
  xi_203 = [9.80, 7.26, 8.20, 9.50, 9.79, 8.88, 9.35, 9.87, 9.08, 9.28, 8.51, 8.27, 8.17, 7.43, 9.65, 8.59, 8.53, 7.91, 9.08, 9.07],
  xi_204 = [8.66, 7.78, 7.89, 6.79, 9.85, 9.30, 9.08, 8.03, 8.81, 8.15, 7.72, 7.60, 8.75, 8.19, 7.30, 8.39, 8.40, 8.21, 9.18, 7.60],
  xi_205 = [3.64, 3.84, 4.47, 3.62, 4.46, 3.95, 4.86, 4.19, 3.91, 3.15, 3.94, 3.98, 4.00, 4.42, 3.69, 4.14, 3.85, 4.50, 3.94, 3.55],
  xi_211 = [8.76, 9.42, 11.48, 6.83, 10.41, 8.98, 9.03, 9.03, 7.55, 8.33, 9.56, 9.30, 8.44, 7.66, 10.16, 10.05, 9.33, 8.60, 9.32, 9.79],
  xi_212 = [7.90, 7.62, 8.72, 7.59, 7.34, 8.26, 7.97, 8.08, 7.19, 6.60, 8.37, 8.49, 7.47, 7.60, 8.47, 7.13, 9.17, 8.91, 6.88, 8.44],
  xi_213 = [6.66, 6.27, 5.71, 5.49, 6.84, 5.65, 6.85, 5.63, 5.95, 6.02, 5.97, 6.41, 6.21, 5.45, 6.05, 6.66, 5.78, 4.92, 4.81, 6.19],
  xi_214 = [4.31, 3.71, 4.03, 3.56, 3.77, 3.83, 4.71, 4.04, 4.26, 3.98, 4.00, 4.64, 4.11, 3.27, 3.81, 4.88, 3.11, 4.18, 3.96, 4.02],
  xi_215 = [7.61, 8.51, 8.70, 7.70, 8.39, 7.64, 10.83, 7.58, 7.65, 8.50, 8.50, 7.82, 7.20, 7.18, 7.95, 8.42, 8.51, 7.74, 8.15, 8.08],
  xi_221 = [4.14, 4.57, 4.36, 4.18, 4.69, 3.91, 3.89, 4.38, 3.99, 4.14, 4.02, 3.87, 3.49, 3.63, 4.28, 3.64, 4.06, 4.03, 3.67, 4.05],
  xi_222 = [3.15, 3.59, 4.35, 3.62, 4.40, 3.31, 4.08, 3.93, 4.23, 4.91, 4.15, 4.42, 5.29, 3.95, 3.94, 3.96, 4.67, 3.85, 4.09, 4.20],
  xi_223 = [4.83, 4.35, 4.86, 5.18, 5.25, 4.70, 3.93, 5.04, 4.88, 5.32, 5.72, 5.06, 4.78, 5.15, 4.81, 4.91, 5.62, 4.37, 5.70, 4.43],
  xi_224 = [7.30, 8.02, 7.58, 6.46, 7.88, 9.12, 10.52, 8.12, 8.17, 8.00, 7.07, 7.41, 6.87, 7.88, 8.54, 9.18, 8.41, 9.10, 8.26, 7.47],
  xi_225 = [11.71, 9.14, 11.82, 10.02, 7.92, 9.79, 9.69, 11.74, 9.68, 9.33, 10.86, 10.16, 9.31, 9.03, 11.29, 8.86, 12.06, 10.46, 9.26, 9.27],
  xi_231 = [9.36, 9.58, 9.96, 10.17, 8.28, 9.17, 12.25, 10.89, 11.36, 9.52, 9.29, 10.87, 10.63, 12.68, 8.81, 10.42, 10.53, 9.76, 10.85, 9.97],
  xi_232 = [8.13, 7.97, 7.80, 7.57, 9.47, 8.00, 7.22, 7.72, 8.15, 6.85, 9.06, 8.84, 7.96, 7.63, 8.58, 8.74, 8.24, 7.76, 8.50, 6.68],
  xi_233 = [7.18, 6.85, 7.18, 6.49, 7.29, 6.50, 7.40, 5.88, 7.41, 7.10, 7.05, 6.57, 6.88, 6.43, 6.17, 5.99, 7.04, 7.04, 7.76, 8.28],
  xi_234 = [4.75, 3.83, 3.95, 4.12, 4.39, 4.05, 3.16, 4.48, 3.51, 4.20, 3.89, 3.48, 3.86, 4.87, 3.81, 3.83, 4.06, 4.02, 3.47, 4.71],
  xi_235 = [8.83, 10.93, 10.19, 9.64, 11.05, 11.20, 9.59, 9.58, 10.85, 8.00, 10.27, 10.52, 12.66, 11.17, 11.94, 8.84, 9.99, 11.12, 10.74, 9.85],
  xi_241 = [1.00, 1.03, 1.00, 1.00, 1.18, 1.06, 1.05, 1.00, 1.00, 1.00, 1.00, 1.00, 1.00, 1.00, 1.00, 1.13, 1.00, 1.04, 1.10, 1.20],
  xi_242 = [5.51, 4.49, 5.66, 6.69, 5.82, 6.25, 6.15, 5.24, 7.37, 6.32, 5.23, 6.26, 6.21, 6.34, 6.04, 6.18, 5.97, 6.58, 6.25, 5.83],
  xi_243 = [5.39, 5.36, 4.07, 3.72, 5.64, 5.36, 4.74, 4.46, 4.92, 5.96, 5.21, 5.05, 5.25, 4.50, 5.40, 4.75, 5.22, 5.49, 4.92, 5.10],
  xi_244 = [6.93, 7.08, 6.05, 6.72, 7.07, 5.20, 6.59, 6.97, 5.80, 5.67, 6.69, 6.16, 5.83, 5.17, 6.09, 6.30, 5.79, 6.44, 5.40, 6.19],
  xi_245 = [8.55, 8.15, 9.83, 10.00, 10.36, 9.30, 9.82, 9.28, 9.28, 9.50, 10.90, 9.49, 8.69, 10.16, 7.18, 9.52, 8.18, 10.82, 9.20, 9.63],
  xi_251 = [5.72, 5.76, 4.34, 4.31, 4.72, 4.85, 5.66, 4.80, 4.73, 5.16, 5.06, 4.02, 5.09, 4.43, 5.32, 4.64, 4.75, 4.84, 4.56, 5.36],
  xi_252 = [5.46, 5.78, 4.31, 4.87, 4.87, 5.43, 4.82, 4.40, 5.33, 5.13, 5.09, 5.07, 5.12, 4.90, 4.86, 4.69, 5.03, 4.98, 6.58, 5.41],
  xi_253 = [4.74, 6.18, 5.08, 5.15, 3.54, 4.92, 5.87, 5.00, 5.03, 5.76, 4.63, 5.32, 4.47, 5.07, 4.36, 5.07, 5.47, 4.78, 5.95, 4.69],
  xi_254 = [1.82, 2.13, 1.92, 2.17, 2.18, 1.91, 1.69, 1.80, 2.10, 1.94, 1.90, 1.69, 1.95, 2.05, 2.11, 2.12, 2.11, 1.87, 2.25, 2.21],
  xi_255 = [6.34, 6.28, 7.65, 6.33, 6.39, 5.59, 4.98, 6.30, 6.36, 6.61, 5.45, 6.04, 4.93, 6.15, 6.68, 5.07, 6.04, 6.78, 4.83, 6.07],
  xi_261 = [4.37, 3.78, 4.22, 3.65, 3.99, 3.50, 3.88, 4.20, 3.58, 3.91, 3.56, 4.58, 3.94, 3.96, 3.69, 3.77, 4.23, 4.29, 4.27, 4.15],
  xi_262 = [1.13, 1.04, 1.00, 1.08, 1.08, 1.00, 1.27, 1.00, 1.04, 1.06, 1.00, 1.19, 1.00, 1.00, 1.10, 1.06, 1.00, 1.00, 1.18, 1.00],
  xi_263 = [2.99, 2.69, 3.54, 3.19, 2.98, 3.28, 2.72, 3.02, 3.08, 3.49, 3.34, 2.94, 3.32, 3.30, 2.95, 3.22, 3.24, 3.32, 3.11, 2.63],
  xi_264 = [1.00, 1.18, 1.00, 1.07, 1.20, 1.00, 1.00, 1.00, 1.00, 1.14, 1.00, 1.04, 1.08, 1.28, 1.00, 1.04, 1.00, 1.00, 1.08, 1.06],
  xi_265 = [8.20, 7.66, 8.48, 9.06, 7.50, 8.41, 7.98, 7.34, 9.61, 7.53, 7.73, 8.25, 8.25, 7.71, 8.07, 8.80, 7.81, 7.07, 8.18, 7.52],
  xi_271 = [2.11, 1.76, 1.83, 1.94, 1.95, 2.00, 2.20, 1.70, 2.32, 2.16, 2.28, 2.03, 2.15, 1.70, 2.17, 2.08, 2.19, 2.08, 2.12, 1.85],
  xi_272 = [4.91, 5.15, 4.90, 5.25, 5.50, 5.41, 4.87, 4.47, 4.18, 4.07, 4.36, 5.39, 4.54, 5.27, 5.05, 4.98, 5.32, 4.74, 4.64, 5.63],
  xi_273 = [3.23, 3.23, 3.09, 2.98, 3.20, 3.28, 3.61, 2.86, 3.12, 3.18, 3.11, 3.20, 3.09, 3.21, 3.11, 3.31, 2.96, 3.21, 3.08, 3.42],
  xi_274 = [1.66, 1.88, 1.93, 2.00, 2.02, 2.04, 1.74, 2.19, 1.84, 2.27, 1.91, 1.90, 2.02, 2.04, 1.97, 2.10, 2.10, 1.85, 2.15, 1.92],
  xi_275 = [1.09, 1.00, 1.08, 1.09, 1.00, 1.00, 1.00, 1.10, 1.13, 1.00, 1.02, 1.00, 1.08, 1.06, 1.00, 1.24, 1.12, 1.11, 1.00, 1.05],
  xi_281 = [9.52, 8.16, 8.40, 8.40, 8.49, 9.55, 8.56, 8.69, 8.90, 9.87, 7.85, 9.01, 9.35, 7.94, 8.71, 8.26, 8.79, 10.24, 7.82, 8.93],
  xi_282 = [2.94, 3.18, 2.61, 2.63, 3.23, 2.98, 2.51, 2.85, 3.16, 2.93, 2.88, 3.06, 3.15, 2.85, 2.74, 2.59, 2.63, 3.29, 3.40, 2.67],
  xi_283 = [4.43, 4.39, 4.04, 3.43, 4.24, 3.89, 3.50, 3.38, 3.63, 4.24, 3.73, 3.84, 4.51, 3.95, 4.16, 4.08, 3.25, 4.40, 3.99, 3.80],
  xi_284 = [10.49, 10.86, 10.47, 9.84, 10.57, 10.02, 8.62, 9.49, 10.18, 10.27, 9.64, 8.48, 10.09, 10.33, 10.21, 9.67, 9.71, 11.57, 11.95, 11.43],
  xi_285 = [1.99, 1.96, 1.81, 1.80, 2.52, 1.75, 1.97, 1.81, 2.17, 1.91, 2.29, 2.08, 2.34, 2.05, 1.74, 1.85, 1.92, 2.32, 2.38, 2.19],
  xi_291 = [8.11, 8.90, 8.07, 8.20, 8.73, 9.26, 8.71, 7.32, 8.84, 7.66, 10.08, 8.81, 7.92, 8.88, 9.11, 7.48, 7.64, 6.76, 8.67, 6.72],
  xi_292 = [9.50, 10.40, 8.64, 8.22, 9.00, 8.66, 8.89, 10.56, 9.41, 8.68, 9.03, 9.58, 8.31, 8.87, 9.02, 9.11, 9.92, 8.39, 8.41, 9.28],
  xi_293 = [6.60, 5.73, 4.58, 5.73, 5.88, 6.11, 7.16, 7.09, 5.66, 5.74, 5.19, 5.28, 6.63, 6.27, 4.92, 5.76, 8.46, 6.49, 5.57, 6.50],
  xi_294 = [3.93, 4.51, 4.00, 3.29, 3.70, 3.98, 3.40, 3.23, 3.61, 3.90, 3.67, 3.54, 4.30, 4.10, 4.06, 3.34, 3.65, 3.05, 4.60, 3.74],
  xi_295 = [2.15, 1.88, 1.90, 2.03, 2.20, 1.85, 2.19, 2.02, 2.07, 1.91, 2.06, 1.89, 2.32, 1.94, 2.26, 1.96, 2.02, 2.00, 2.35, 2.27],
  xi_301 = [3.76, 3.58, 3.90, 3.84, 4.09, 4.72, 3.72, 3.72, 4.28, 3.23, 4.29, 4.12, 4.17, 4.15, 4.53, 4.05, 3.26, 3.39, 3.85, 3.77],
  xi_302 = [3.38, 2.70, 3.46, 3.15, 3.21, 2.72, 3.35, 3.01, 2.82, 3.25, 3.49, 2.67, 2.46, 3.61, 2.79, 2.53, 3.52, 3.38, 3.17, 3.19],
  xi_303 = [3.98, 4.35, 4.12, 4.37, 4.54, 4.16, 3.47, 4.39, 4.54, 4.51, 3.67, 3.84, 4.32, 4.27, 3.74, 4.07, 3.86, 4.22, 3.76, 4.15],
  xi_304 = [3.11, 2.88, 3.27, 3.01, 2.65, 2.81, 2.87, 2.77, 2.55, 2.06, 2.58, 3.14, 3.11, 2.95, 2.85, 2.64, 3.02, 3.11, 2.90, 3.20],
  xi_305 = [10.27, 9.56, 9.05, 9.81, 9.48, 10.18, 10.77, 10.57, 10.11, 11.08, 8.96, 8.71, 9.87, 9.92, 9.32, 10.35, 9.49, 9.63, 9.74, 9.05],
]

Transportation Costs (cjk) = [
  [5.60, 8.31, 6.36, 7.51, 2.00],
  [7.70, 3.42, 3.66, 4.07, 7.53],
  [1.92, 1.00, 4.96, 4.54, 2.71],
  [2.14, 10.34, 7.13, 4.44, 6.20],
  [2.20, 1.86, 5.47, 1.03, 5.97],
  [8.56, 1.01, 6.23, 0.99, 9.68],
  [1.92, 2.35, 1.71, 1.22, 5.13],
  [9.51, 3.75, 6.52, 6.54, 3.46],
  [8.80, 3.27, 8.86, 4.11, 8.02],
  [7.93, 5.91, 3.94, 0.84, 6.40],
  [1.87, 7.23, 3.70, 7.78, 1.02],
  [4.33, 5.37, 3.92, 1.92, 2.01],
  [10.21, 5.01, 8.56, 10.84, 1.71],
  [0.87, 8.41, 6.68, 2.05, 5.40],
  [6.28, 4.81, 5.04, 2.76, 4.07],
  [6.80, 8.34, 2.98, 4.07, 3.47],
  [5.84, 3.66, 6.32, 1.99, 6.05],
  [6.34, 0.84, 2.08, 6.13, 5.85],
  [8.04, 2.21, 6.97, 1.08, 6.19],
  [3.34, 3.45, 7.56, 6.24, 6.01],
  [7.47, 1.97, 8.59, 5.41, 6.19],
  [3.09, 9.65, 3.76, 7.20, 7.39],
  [2.16, 0.92, 1.99, 1.93, 7.05],
  [3.53, 1.97, 0.91, 5.67, 3.94],
  [5.82, 2.19, 4.95, 2.99, 8.33],
  [10.05, 0.92, 5.93, 0.94, 1.07],
  [3.03, 8.23, 7.99, 4.71, 3.84],
  [2.68, 3.64, 2.17, 6.69, 10.16],
  [2.80, 2.14, 7.50, 5.65, 8.07],
  [3.04, 2.65, 2.13, 1.90, 6.08],
]

Mean Service Times (¦Ì_{jk}) = [
  mu_11 = [2.04],
  mu_12 = [9.10],
  mu_13 = [1.06],
  mu_14 = [8.12],
  mu_15 = [1.05],
  mu_21 = [9.12],
  mu_22 = [6.22],
  mu_23 = [1.04],
  mu_24 = [3.03],
  mu_25 = [9.92],
  mu_31 = [7.06],
  mu_32 = [9.13],
  mu_33 = [1.07],
  mu_34 = [4.02],
  mu_35 = [9.97],
  mu_41 = [8.81],
  mu_42 = [3.88],
  mu_43 = [1.03],
  mu_44 = [2.01],
  mu_45 = [4.94],
  mu_51 = [4.04],
  mu_52 = [8.63],
  mu_53 = [9.74],
  mu_54 = [5.03],
  mu_55 = [4.90],
  mu_61 = [5.18],
  mu_62 = [6.94],
  mu_63 = [6.00],
  mu_64 = [2.98],
  mu_65 = [6.05],
  mu_71 = [9.46],
  mu_72 = [5.99],
  mu_73 = [1.96],
  mu_74 = [5.07],
  mu_75 = [6.27],
  mu_81 = [1.03],
  mu_82 = [8.79],
  mu_83 = [2.02],
  mu_84 = [1.07],
  mu_85 = [1.02],
  mu_91 = [10.01],
  mu_92 = [2.93],
  mu_93 = [2.02],
  mu_94 = [7.07],
  mu_95 = [6.05],
  mu_101 = [2.06],
  mu_102 = [1.04],
  mu_103 = [9.79],
  mu_104 = [6.02],
  mu_105 = [5.13],
  mu_111 = [4.15],
  mu_112 = [4.11],
  mu_113 = [7.17],
  mu_114 = [6.14],
  mu_115 = [3.13],
  mu_121 = [1.97],
  mu_122 = [7.99],
  mu_123 = [4.22],
  mu_124 = [5.93],
  mu_125 = [3.09],
  mu_131 = [6.95],
  mu_132 = [6.72],
  mu_133 = [8.05],
  mu_134 = [7.86],
  mu_135 = [1.03],
  mu_141 = [7.78],
  mu_142 = [9.82],
  mu_143 = [3.06],
  mu_144 = [2.03],
  mu_145 = [6.10],
  mu_151 = [6.82],
  mu_152 = [1.03],
  mu_153 = [2.01],
  mu_154 = [2.02],
  mu_155 = [8.95],
  mu_161 = [10.10],
  mu_162 = [3.02],
  mu_163 = [4.91],
  mu_164 = [10.30],
  mu_165 = [10.04],
  mu_171 = [1.04],
  mu_172 = [7.22],
  mu_173 = [5.15],
  mu_174 = [3.14],
  mu_175 = [10.01],
  mu_181 = [4.90],
  mu_182 = [3.03],
  mu_183 = [1.02],
  mu_184 = [3.12],
  mu_185 = [2.00],
  mu_191 = [2.01],
  mu_192 = [9.80],
  mu_193 = [6.86],
  mu_194 = [1.05],
  mu_195 = [8.89],
  mu_201 = [1.90],
  mu_202 = [1.02],
  mu_203 = [8.81],
  mu_204 = [8.28],
  mu_205 = [4.01],
  mu_211 = [9.10],
  mu_212 = [7.91],
  mu_213 = [5.98],
  mu_214 = [4.01],
  mu_215 = [8.13],
  mu_221 = [4.05],
  mu_222 = [4.10],
  mu_223 = [4.95],
  mu_224 = [8.07],
  mu_225 = [10.07],
  mu_231 = [10.22],
  mu_232 = [8.04],
  mu_233 = [6.92],
  mu_234 = [4.02],
  mu_235 = [10.35],
  mu_241 = [1.04],
  mu_242 = [6.02],
  mu_243 = [5.03],
  mu_244 = [6.21],
  mu_245 = [9.39],
  mu_251 = [4.91],
  mu_252 = [5.11],
  mu_253 = [5.05],
  mu_254 = [2.00],
  mu_255 = [6.04],
  mu_261 = [3.98],
  mu_262 = [1.06],
  mu_263 = [3.12],
  mu_264 = [1.06],
  mu_265 = [8.06],
  mu_271 = [2.03],
  mu_272 = [4.93],
  mu_273 = [3.17],
  mu_274 = [1.98],
  mu_275 = [1.06],
  mu_281 = [8.77],
  mu_282 = [2.91],
  mu_283 = [3.94],
  mu_284 = [10.19],
  mu_285 = [2.04],
  mu_291 = [8.29],
  mu_292 = [9.09],
  mu_293 = [6.07],
  mu_294 = [3.78],
  mu_295 = [2.06],
  mu_301 = [3.92],
  mu_302 = [3.09],
  mu_303 = [4.12],
  mu_304 = [2.87],
  mu_305 = [9.80],
]

Mean Transportation Times (¦Ó_{jk}) = [
  tau_11 = [2.11],
  tau_12 = [0.98],
  tau_13 = [3.88],
  tau_14 = [3.83],
  tau_15 = [3.90],
  tau_21 = [4.04],
  tau_22 = [3.99],
  tau_23 = [1.99],
  tau_24 = [3.85],
  tau_25 = [1.98],
  tau_31 = [5.07],
  tau_32 = [3.07],
  tau_33 = [1.02],
  tau_34 = [3.13],
  tau_35 = [5.05],
  tau_41 = [3.02],
  tau_42 = [1.96],
  tau_43 = [1.97],
  tau_44 = [1.04],
  tau_45 = [3.06],
  tau_51 = [2.00],
  tau_52 = [4.89],
  tau_53 = [3.98],
  tau_54 = [1.00],
  tau_55 = [2.07],
  tau_61 = [2.02],
  tau_62 = [5.00],
  tau_63 = [1.88],
  tau_64 = [1.00],
  tau_65 = [1.01],
  tau_71 = [1.98],
  tau_72 = [4.02],
  tau_73 = [2.97],
  tau_74 = [1.02],
  tau_75 = [0.99],
  tau_81 = [1.00],
  tau_82 = [0.97],
  tau_83 = [2.01],
  tau_84 = [3.15],
  tau_85 = [3.06],
  tau_91 = [5.05],
  tau_92 = [3.15],
  tau_93 = [3.10],
  tau_94 = [4.91],
  tau_95 = [4.82],
  tau_101 = [3.98],
  tau_102 = [2.90],
  tau_103 = [5.01],
  tau_104 = [2.01],
  tau_105 = [4.11],
  tau_111 = [3.00],
  tau_112 = [3.00],
  tau_113 = [2.00],
  tau_114 = [4.14],
  tau_115 = [4.09],
  tau_121 = [1.03],
  tau_122 = [0.97],
  tau_123 = [5.15],
  tau_124 = [3.97],
  tau_125 = [1.96],
  tau_131 = [4.99],
  tau_132 = [5.13],
  tau_133 = [2.06],
  tau_134 = [3.84],
  tau_135 = [3.96],
  tau_141 = [2.07],
  tau_142 = [0.97],
  tau_143 = [0.98],
  tau_144 = [5.12],
  tau_145 = [2.03],
  tau_151 = [4.15],
  tau_152 = [1.93],
  tau_153 = [3.04],
  tau_154 = [3.87],
  tau_155 = [4.05],
  tau_161 = [5.00],
  tau_162 = [3.87],
  tau_163 = [5.09],
  tau_164 = [0.99],
  tau_165 = [4.09],
  tau_171 = [3.07],
  tau_172 = [2.98],
  tau_173 = [2.00],
  tau_174 = [2.98],
  tau_175 = [4.90],
  tau_181 = [4.06],
  tau_182 = [2.04],
  tau_183 = [0.98],
  tau_184 = [4.02],
  tau_185 = [4.96],
  tau_191 = [2.02],
  tau_192 = [5.07],
  tau_193 = [5.10],
  tau_194 = [4.99],
  tau_195 = [4.07],
  tau_201 = [0.99],
  tau_202 = [2.93],
  tau_203 = [4.09],
  tau_204 = [2.80],
  tau_205 = [2.97],
  tau_211 = [1.01],
  tau_212 = [4.02],
  tau_213 = [4.99],
  tau_214 = [4.02],
  tau_215 = [5.15],
  tau_221 = [4.10],
  tau_222 = [4.00],
  tau_223 = [1.02],
  tau_224 = [2.03],
  tau_225 = [5.00],
  tau_231 = [0.99],
  tau_232 = [3.94],
  tau_233 = [3.04],
  tau_234 = [1.00],
  tau_235 = [3.94],
  tau_241 = [2.81],
  tau_242 = [4.98],
  tau_243 = [1.03],
  tau_244 = [4.15],
  tau_245 = [1.01],
  tau_251 = [5.13],
  tau_252 = [1.01],
  tau_253 = [3.91],
  tau_254 = [3.10],
  tau_255 = [2.03],
  tau_261 = [2.00],
  tau_262 = [1.02],
  tau_263 = [5.24],
  tau_264 = [3.02],
  tau_265 = [4.87],
  tau_271 = [3.98],
  tau_272 = [3.99],
  tau_273 = [4.08],
  tau_274 = [2.01],
  tau_275 = [4.08],
  tau_281 = [1.01],
  tau_282 = [2.09],
  tau_283 = [5.30],
  tau_284 = [3.99],
  tau_285 = [1.00],
  tau_291 = [3.95],
  tau_292 = [3.03],
  tau_293 = [2.03],
  tau_294 = [2.05],
  tau_295 = [3.81],
  tau_301 = [2.96],
  tau_302 = [5.01],
  tau_303 = [2.03],
  tau_304 = [4.97],
  tau_305 = [2.03],
]

Epsilon + ¦Ì_{jk} = [
  epsilon_plus_mu_11 = [3.05],
  epsilon_plus_mu_12 = [13.65],
  epsilon_plus_mu_13 = [1.59],
  epsilon_plus_mu_14 = [12.18],
  epsilon_plus_mu_15 = [1.57],
  epsilon_plus_mu_21 = [13.68],
  epsilon_plus_mu_22 = [9.33],
  epsilon_plus_mu_23 = [1.56],
  epsilon_plus_mu_24 = [4.54],
  epsilon_plus_mu_25 = [14.88],
  epsilon_plus_mu_31 = [10.58],
  epsilon_plus_mu_32 = [13.70],
  epsilon_plus_mu_33 = [1.60],
  epsilon_plus_mu_34 = [6.03],
  epsilon_plus_mu_35 = [14.95],
  epsilon_plus_mu_41 = [13.21],
  epsilon_plus_mu_42 = [5.83],
  epsilon_plus_mu_43 = [1.55],
  epsilon_plus_mu_44 = [3.01],
  epsilon_plus_mu_45 = [7.41],
  epsilon_plus_mu_51 = [6.06],
  epsilon_plus_mu_52 = [12.95],
  epsilon_plus_mu_53 = [14.61],
  epsilon_plus_mu_54 = [7.55],
  epsilon_plus_mu_55 = [7.36],
  epsilon_plus_mu_61 = [7.76],
  epsilon_plus_mu_62 = [10.41],
  epsilon_plus_mu_63 = [8.99],
  epsilon_plus_mu_64 = [4.47],
  epsilon_plus_mu_65 = [9.07],
  epsilon_plus_mu_71 = [14.20],
  epsilon_plus_mu_72 = [8.99],
  epsilon_plus_mu_73 = [2.93],
  epsilon_plus_mu_74 = [7.60],
  epsilon_plus_mu_75 = [9.41],
  epsilon_plus_mu_81 = [1.55],
  epsilon_plus_mu_82 = [13.18],
  epsilon_plus_mu_83 = [3.03],
  epsilon_plus_mu_84 = [1.61],
  epsilon_plus_mu_85 = [1.52],
  epsilon_plus_mu_91 = [15.01],
  epsilon_plus_mu_92 = [4.39],
  epsilon_plus_mu_93 = [3.03],
  epsilon_plus_mu_94 = [10.61],
  epsilon_plus_mu_95 = [9.08],
  epsilon_plus_mu_101 = [3.10],
  epsilon_plus_mu_102 = [1.57],
  epsilon_plus_mu_103 = [14.68],
  epsilon_plus_mu_104 = [9.03],
  epsilon_plus_mu_105 = [7.70],
  epsilon_plus_mu_111 = [6.22],
  epsilon_plus_mu_112 = [6.17],
  epsilon_plus_mu_113 = [10.75],
  epsilon_plus_mu_114 = [9.21],
  epsilon_plus_mu_115 = [4.70],
  epsilon_plus_mu_121 = [2.95],
  epsilon_plus_mu_122 = [11.98],
  epsilon_plus_mu_123 = [6.34],
  epsilon_plus_mu_124 = [8.90],
  epsilon_plus_mu_125 = [4.63],
  epsilon_plus_mu_131 = [10.42],
  epsilon_plus_mu_132 = [10.09],
  epsilon_plus_mu_133 = [12.08],
  epsilon_plus_mu_134 = [11.80],
  epsilon_plus_mu_135 = [1.54],
  epsilon_plus_mu_141 = [11.67],
  epsilon_plus_mu_142 = [14.73],
  epsilon_plus_mu_143 = [4.60],
  epsilon_plus_mu_144 = [3.05],
  epsilon_plus_mu_145 = [9.15],
  epsilon_plus_mu_151 = [10.23],
  epsilon_plus_mu_152 = [1.55],
  epsilon_plus_mu_153 = [3.01],
  epsilon_plus_mu_154 = [3.03],
  epsilon_plus_mu_155 = [13.43],
  epsilon_plus_mu_161 = [15.15],
  epsilon_plus_mu_162 = [4.52],
  epsilon_plus_mu_163 = [7.36],
  epsilon_plus_mu_164 = [15.45],
  epsilon_plus_mu_165 = [15.06],
  epsilon_plus_mu_171 = [1.55],
  epsilon_plus_mu_172 = [10.83],
  epsilon_plus_mu_173 = [7.73],
  epsilon_plus_mu_174 = [4.71],
  epsilon_plus_mu_175 = [15.01],
  epsilon_plus_mu_181 = [7.35],
  epsilon_plus_mu_182 = [4.54],
  epsilon_plus_mu_183 = [1.53],
  epsilon_plus_mu_184 = [4.67],
  epsilon_plus_mu_185 = [3.00],
  epsilon_plus_mu_191 = [3.02],
  epsilon_plus_mu_192 = [14.71],
  epsilon_plus_mu_193 = [10.29],
  epsilon_plus_mu_194 = [1.57],
  epsilon_plus_mu_195 = [13.33],
  epsilon_plus_mu_201 = [2.85],
  epsilon_plus_mu_202 = [1.53],
  epsilon_plus_mu_203 = [13.22],
  epsilon_plus_mu_204 = [12.42],
  epsilon_plus_mu_205 = [6.01],
  epsilon_plus_mu_211 = [13.65],
  epsilon_plus_mu_212 = [11.87],
  epsilon_plus_mu_213 = [8.97],
  epsilon_plus_mu_214 = [6.01],
  epsilon_plus_mu_215 = [12.20],
  epsilon_plus_mu_221 = [6.07],
  epsilon_plus_mu_222 = [6.16],
  epsilon_plus_mu_223 = [7.42],
  epsilon_plus_mu_224 = [12.10],
  epsilon_plus_mu_225 = [15.10],
  epsilon_plus_mu_231 = [15.33],
  epsilon_plus_mu_232 = [12.07],
  epsilon_plus_mu_233 = [10.39],
  epsilon_plus_mu_234 = [6.03],
  epsilon_plus_mu_235 = [15.52],
  epsilon_plus_mu_241 = [1.56],
  epsilon_plus_mu_242 = [9.03],
  epsilon_plus_mu_243 = [7.54],
  epsilon_plus_mu_244 = [9.31],
  epsilon_plus_mu_245 = [14.09],
  epsilon_plus_mu_251 = [7.36],
  epsilon_plus_mu_252 = [7.66],
  epsilon_plus_mu_253 = [7.58],
  epsilon_plus_mu_254 = [3.00],
  epsilon_plus_mu_255 = [9.07],
  epsilon_plus_mu_261 = [5.96],
  epsilon_plus_mu_262 = [1.59],
  epsilon_plus_mu_263 = [4.68],
  epsilon_plus_mu_264 = [1.59],
  epsilon_plus_mu_265 = [12.09],
  epsilon_plus_mu_271 = [3.05],
  epsilon_plus_mu_272 = [7.40],
  epsilon_plus_mu_273 = [4.76],
  epsilon_plus_mu_274 = [2.96],
  epsilon_plus_mu_275 = [1.59],
  epsilon_plus_mu_281 = [13.16],
  epsilon_plus_mu_282 = [4.37],
  epsilon_plus_mu_283 = [5.92],
  epsilon_plus_mu_284 = [15.29],
  epsilon_plus_mu_285 = [3.06],
  epsilon_plus_mu_291 = [12.44],
  epsilon_plus_mu_292 = [13.64],
  epsilon_plus_mu_293 = [9.10],
  epsilon_plus_mu_294 = [5.67],
  epsilon_plus_mu_295 = [3.10],
  epsilon_plus_mu_301 = [5.88],
  epsilon_plus_mu_302 = [4.64],
  epsilon_plus_mu_303 = [6.17],
  epsilon_plus_mu_304 = [4.31],
  epsilon_plus_mu_305 = [14.69],
]

Epsilon - ¦Ì_{jk} = [
  epsilon_minus_mu_11 = [-1.02],
  epsilon_minus_mu_12 = [-4.55],
  epsilon_minus_mu_13 = [-0.53],
  epsilon_minus_mu_14 = [-4.06],
  epsilon_minus_mu_15 = [-0.52],
  epsilon_minus_mu_21 = [-4.56],
  epsilon_minus_mu_22 = [-3.11],
  epsilon_minus_mu_23 = [-0.52],
  epsilon_minus_mu_24 = [-1.51],
  epsilon_minus_mu_25 = [-4.96],
  epsilon_minus_mu_31 = [-3.53],
  epsilon_minus_mu_32 = [-4.57],
  epsilon_minus_mu_33 = [-0.53],
  epsilon_minus_mu_34 = [-2.01],
  epsilon_minus_mu_35 = [-4.98],
  epsilon_minus_mu_41 = [-4.40],
  epsilon_minus_mu_42 = [-1.94],
  epsilon_minus_mu_43 = [-0.52],
  epsilon_minus_mu_44 = [-1.00],
  epsilon_minus_mu_45 = [-2.47],
  epsilon_minus_mu_51 = [-2.02],
  epsilon_minus_mu_52 = [-4.32],
  epsilon_minus_mu_53 = [-4.87],
  epsilon_minus_mu_54 = [-2.52],
  epsilon_minus_mu_55 = [-2.45],
  epsilon_minus_mu_61 = [-2.59],
  epsilon_minus_mu_62 = [-3.47],
  epsilon_minus_mu_63 = [-3.00],
  epsilon_minus_mu_64 = [-1.49],
  epsilon_minus_mu_65 = [-3.02],
  epsilon_minus_mu_71 = [-4.73],
  epsilon_minus_mu_72 = [-3.00],
  epsilon_minus_mu_73 = [-0.98],
  epsilon_minus_mu_74 = [-2.53],
  epsilon_minus_mu_75 = [-3.14],
  epsilon_minus_mu_81 = [-0.52],
  epsilon_minus_mu_82 = [-4.39],
  epsilon_minus_mu_83 = [-1.01],
  epsilon_minus_mu_84 = [-0.54],
  epsilon_minus_mu_85 = [-0.51],
  epsilon_minus_mu_91 = [-5.00],
  epsilon_minus_mu_92 = [-1.46],
  epsilon_minus_mu_93 = [-1.01],
  epsilon_minus_mu_94 = [-3.54],
  epsilon_minus_mu_95 = [-3.03],
  epsilon_minus_mu_101 = [-1.03],
  epsilon_minus_mu_102 = [-0.52],
  epsilon_minus_mu_103 = [-4.89],
  epsilon_minus_mu_104 = [-3.01],
  epsilon_minus_mu_105 = [-2.57],
  epsilon_minus_mu_111 = [-2.07],
  epsilon_minus_mu_112 = [-2.06],
  epsilon_minus_mu_113 = [-3.58],
  epsilon_minus_mu_114 = [-3.07],
  epsilon_minus_mu_115 = [-1.57],
  epsilon_minus_mu_121 = [-0.98],
  epsilon_minus_mu_122 = [-3.99],
  epsilon_minus_mu_123 = [-2.11],
  epsilon_minus_mu_124 = [-2.97],
  epsilon_minus_mu_125 = [-1.54],
  epsilon_minus_mu_131 = [-3.47],
  epsilon_minus_mu_132 = [-3.36],
  epsilon_minus_mu_133 = [-4.03],
  epsilon_minus_mu_134 = [-3.93],
  epsilon_minus_mu_135 = [-0.51],
  epsilon_minus_mu_141 = [-3.89],
  epsilon_minus_mu_142 = [-4.91],
  epsilon_minus_mu_143 = [-1.53],
  epsilon_minus_mu_144 = [-1.02],
  epsilon_minus_mu_145 = [-3.05],
  epsilon_minus_mu_151 = [-3.41],
  epsilon_minus_mu_152 = [-0.52],
  epsilon_minus_mu_153 = [-1.00],
  epsilon_minus_mu_154 = [-1.01],
  epsilon_minus_mu_155 = [-4.48],
  epsilon_minus_mu_161 = [-5.05],
  epsilon_minus_mu_162 = [-1.51],
  epsilon_minus_mu_163 = [-2.45],
  epsilon_minus_mu_164 = [-5.15],
  epsilon_minus_mu_165 = [-5.02],
  epsilon_minus_mu_171 = [-0.52],
  epsilon_minus_mu_172 = [-3.61],
  epsilon_minus_mu_173 = [-2.58],
  epsilon_minus_mu_174 = [-1.57],
  epsilon_minus_mu_175 = [-5.00],
  epsilon_minus_mu_181 = [-2.45],
  epsilon_minus_mu_182 = [-1.51],
  epsilon_minus_mu_183 = [-0.51],
  epsilon_minus_mu_184 = [-1.56],
  epsilon_minus_mu_185 = [-1.00],
  epsilon_minus_mu_191 = [-1.01],
  epsilon_minus_mu_192 = [-4.90],
  epsilon_minus_mu_193 = [-3.43],
  epsilon_minus_mu_194 = [-0.52],
  epsilon_minus_mu_195 = [-4.44],
  epsilon_minus_mu_201 = [-0.95],
  epsilon_minus_mu_202 = [-0.51],
  epsilon_minus_mu_203 = [-4.41],
  epsilon_minus_mu_204 = [-4.14],
  epsilon_minus_mu_205 = [-2.00],
  epsilon_minus_mu_211 = [-4.55],
  epsilon_minus_mu_212 = [-3.96],
  epsilon_minus_mu_213 = [-2.99],
  epsilon_minus_mu_214 = [-2.00],
  epsilon_minus_mu_215 = [-4.07],
  epsilon_minus_mu_221 = [-2.02],
  epsilon_minus_mu_222 = [-2.05],
  epsilon_minus_mu_223 = [-2.47],
  epsilon_minus_mu_224 = [-4.03],
  epsilon_minus_mu_225 = [-5.03],
  epsilon_minus_mu_231 = [-5.11],
  epsilon_minus_mu_232 = [-4.02],
  epsilon_minus_mu_233 = [-3.46],
  epsilon_minus_mu_234 = [-2.01],
  epsilon_minus_mu_235 = [-5.17],
  epsilon_minus_mu_241 = [-0.52],
  epsilon_minus_mu_242 = [-3.01],
  epsilon_minus_mu_243 = [-2.51],
  epsilon_minus_mu_244 = [-3.10],
  epsilon_minus_mu_245 = [-4.70],
  epsilon_minus_mu_251 = [-2.45],
  epsilon_minus_mu_252 = [-2.55],
  epsilon_minus_mu_253 = [-2.53],
  epsilon_minus_mu_254 = [-1.00],
  epsilon_minus_mu_255 = [-3.02],
  epsilon_minus_mu_261 = [-1.99],
  epsilon_minus_mu_262 = [-0.53],
  epsilon_minus_mu_263 = [-1.56],
  epsilon_minus_mu_264 = [-0.53],
  epsilon_minus_mu_265 = [-4.03],
  epsilon_minus_mu_271 = [-1.02],
  epsilon_minus_mu_272 = [-2.47],
  epsilon_minus_mu_273 = [-1.59],
  epsilon_minus_mu_274 = [-0.99],
  epsilon_minus_mu_275 = [-0.53],
  epsilon_minus_mu_281 = [-4.39],
  epsilon_minus_mu_282 = [-1.46],
  epsilon_minus_mu_283 = [-1.97],
  epsilon_minus_mu_284 = [-5.10],
  epsilon_minus_mu_285 = [-1.02],
  epsilon_minus_mu_291 = [-4.15],
  epsilon_minus_mu_292 = [-4.55],
  epsilon_minus_mu_293 = [-3.03],
  epsilon_minus_mu_294 = [-1.89],
  epsilon_minus_mu_295 = [-1.03],
  epsilon_minus_mu_301 = [-1.96],
  epsilon_minus_mu_302 = [-1.55],
  epsilon_minus_mu_303 = [-2.06],
  epsilon_minus_mu_304 = [-1.44],
  epsilon_minus_mu_305 = [-4.90],
]

Sigma + ¦Ó_{jk} = [
  sigma_plus_tau_11 = [3.17],
  sigma_plus_tau_12 = [1.47],
  sigma_plus_tau_13 = [5.81],
  sigma_plus_tau_14 = [5.75],
  sigma_plus_tau_15 = [5.85],
  sigma_plus_tau_21 = [6.06],
  sigma_plus_tau_22 = [5.99],
  sigma_plus_tau_23 = [2.98],
  sigma_plus_tau_24 = [5.77],
  sigma_plus_tau_25 = [2.97],
  sigma_plus_tau_31 = [7.60],
  sigma_plus_tau_32 = [4.60],
  sigma_plus_tau_33 = [1.53],
  sigma_plus_tau_34 = [4.69],
  sigma_plus_tau_35 = [7.58],
  sigma_plus_tau_41 = [4.53],
  sigma_plus_tau_42 = [2.95],
  sigma_plus_tau_43 = [2.96],
  sigma_plus_tau_44 = [1.56],
  sigma_plus_tau_45 = [4.59],
  sigma_plus_tau_51 = [3.00],
  sigma_plus_tau_52 = [7.33],
  sigma_plus_tau_53 = [5.97],
  sigma_plus_tau_54 = [1.50],
  sigma_plus_tau_55 = [3.11],
  sigma_plus_tau_61 = [3.03],
  sigma_plus_tau_62 = [7.50],
  sigma_plus_tau_63 = [2.83],
  sigma_plus_tau_64 = [1.51],
  sigma_plus_tau_65 = [1.51],
  sigma_plus_tau_71 = [2.96],
  sigma_plus_tau_72 = [6.02],
  sigma_plus_tau_73 = [4.46],
  sigma_plus_tau_74 = [1.53],
  sigma_plus_tau_75 = [1.49],
  sigma_plus_tau_81 = [1.50],
  sigma_plus_tau_82 = [1.45],
  sigma_plus_tau_83 = [3.02],
  sigma_plus_tau_84 = [4.73],
  sigma_plus_tau_85 = [4.59],
  sigma_plus_tau_91 = [7.57],
  sigma_plus_tau_92 = [4.72],
  sigma_plus_tau_93 = [4.66],
  sigma_plus_tau_94 = [7.37],
  sigma_plus_tau_95 = [7.24],
  sigma_plus_tau_101 = [5.96],
  sigma_plus_tau_102 = [4.35],
  sigma_plus_tau_103 = [7.52],
  sigma_plus_tau_104 = [3.01],
  sigma_plus_tau_105 = [6.16],
  sigma_plus_tau_111 = [4.51],
  sigma_plus_tau_112 = [4.50],
  sigma_plus_tau_113 = [3.00],
  sigma_plus_tau_114 = [6.21],
  sigma_plus_tau_115 = [6.14],
  sigma_plus_tau_121 = [1.55],
  sigma_plus_tau_122 = [1.46],
  sigma_plus_tau_123 = [7.73],
  sigma_plus_tau_124 = [5.96],
  sigma_plus_tau_125 = [2.94],
  sigma_plus_tau_131 = [7.49],
  sigma_plus_tau_132 = [7.69],
  sigma_plus_tau_133 = [3.09],
  sigma_plus_tau_134 = [5.77],
  sigma_plus_tau_135 = [5.93],
  sigma_plus_tau_141 = [3.10],
  sigma_plus_tau_142 = [1.46],
  sigma_plus_tau_143 = [1.47],
  sigma_plus_tau_144 = [7.69],
  sigma_plus_tau_145 = [3.05],
  sigma_plus_tau_151 = [6.22],
  sigma_plus_tau_152 = [2.89],
  sigma_plus_tau_153 = [4.57],
  sigma_plus_tau_154 = [5.81],
  sigma_plus_tau_155 = [6.07],
  sigma_plus_tau_161 = [7.50],
  sigma_plus_tau_162 = [5.80],
  sigma_plus_tau_163 = [7.64],
  sigma_plus_tau_164 = [1.49],
  sigma_plus_tau_165 = [6.13],
  sigma_plus_tau_171 = [4.61],
  sigma_plus_tau_172 = [4.47],
  sigma_plus_tau_173 = [3.00],
  sigma_plus_tau_174 = [4.46],
  sigma_plus_tau_175 = [7.35],
  sigma_plus_tau_181 = [6.09],
  sigma_plus_tau_182 = [3.06],
  sigma_plus_tau_183 = [1.47],
  sigma_plus_tau_184 = [6.03],
  sigma_plus_tau_185 = [7.44],
  sigma_plus_tau_191 = [3.03],
  sigma_plus_tau_192 = [7.60],
  sigma_plus_tau_193 = [7.65],
  sigma_plus_tau_194 = [7.49],
  sigma_plus_tau_195 = [6.10],
  sigma_plus_tau_201 = [1.48],
  sigma_plus_tau_202 = [4.39],
  sigma_plus_tau_203 = [6.14],
  sigma_plus_tau_204 = [4.20],
  sigma_plus_tau_205 = [4.46],
  sigma_plus_tau_211 = [1.51],
  sigma_plus_tau_212 = [6.03],
  sigma_plus_tau_213 = [7.48],
  sigma_plus_tau_214 = [6.03],
  sigma_plus_tau_215 = [7.73],
  sigma_plus_tau_221 = [6.15],
  sigma_plus_tau_222 = [6.00],
  sigma_plus_tau_223 = [1.53],
  sigma_plus_tau_224 = [3.05],
  sigma_plus_tau_225 = [7.50],
  sigma_plus_tau_231 = [1.49],
  sigma_plus_tau_232 = [5.92],
  sigma_plus_tau_233 = [4.56],
  sigma_plus_tau_234 = [1.50],
  sigma_plus_tau_235 = [5.91],
  sigma_plus_tau_241 = [4.22],
  sigma_plus_tau_242 = [7.47],
  sigma_plus_tau_243 = [1.54],
  sigma_plus_tau_244 = [6.23],
  sigma_plus_tau_245 = [1.52],
  sigma_plus_tau_251 = [7.70],
  sigma_plus_tau_252 = [1.52],
  sigma_plus_tau_253 = [5.86],
  sigma_plus_tau_254 = [4.65],
  sigma_plus_tau_255 = [3.04],
  sigma_plus_tau_261 = [3.00],
  sigma_plus_tau_262 = [1.53],
  sigma_plus_tau_263 = [7.87],
  sigma_plus_tau_264 = [4.52],
  sigma_plus_tau_265 = [7.30],
  sigma_plus_tau_271 = [5.97],
  sigma_plus_tau_272 = [5.98],
  sigma_plus_tau_273 = [6.11],
  sigma_plus_tau_274 = [3.01],
  sigma_plus_tau_275 = [6.13],
  sigma_plus_tau_281 = [1.51],
  sigma_plus_tau_282 = [3.13],
  sigma_plus_tau_283 = [7.95],
  sigma_plus_tau_284 = [5.99],
  sigma_plus_tau_285 = [1.49],
  sigma_plus_tau_291 = [5.92],
  sigma_plus_tau_292 = [4.55],
  sigma_plus_tau_293 = [3.05],
  sigma_plus_tau_294 = [3.07],
  sigma_plus_tau_295 = [5.72],
  sigma_plus_tau_301 = [4.44],
  sigma_plus_tau_302 = [7.52],
  sigma_plus_tau_303 = [3.04],
  sigma_plus_tau_304 = [7.45],
  sigma_plus_tau_305 = [3.05],
]

Sigma - ¦Ó_{jk} = [
  sigma_minus_tau_11 = [-1.06],
  sigma_minus_tau_12 = [-0.49],
  sigma_minus_tau_13 = [-1.94],
  sigma_minus_tau_14 = [-1.92],
  sigma_minus_tau_15 = [-1.95],
  sigma_minus_tau_21 = [-2.02],
  sigma_minus_tau_22 = [-2.00],
  sigma_minus_tau_23 = [-0.99],
  sigma_minus_tau_24 = [-1.92],
  sigma_minus_tau_25 = [-0.99],
  sigma_minus_tau_31 = [-2.53],
  sigma_minus_tau_32 = [-1.53],
  sigma_minus_tau_33 = [-0.51],
  sigma_minus_tau_34 = [-1.56],
  sigma_minus_tau_35 = [-2.53],
  sigma_minus_tau_41 = [-1.51],
  sigma_minus_tau_42 = [-0.98],
  sigma_minus_tau_43 = [-0.99],
  sigma_minus_tau_44 = [-0.52],
  sigma_minus_tau_45 = [-1.53],
  sigma_minus_tau_51 = [-1.00],
  sigma_minus_tau_52 = [-2.44],
  sigma_minus_tau_53 = [-1.99],
  sigma_minus_tau_54 = [-0.50],
  sigma_minus_tau_55 = [-1.04],
  sigma_minus_tau_61 = [-1.01],
  sigma_minus_tau_62 = [-2.50],
  sigma_minus_tau_63 = [-0.94],
  sigma_minus_tau_64 = [-0.50],
  sigma_minus_tau_65 = [-0.50],
  sigma_minus_tau_71 = [-0.99],
  sigma_minus_tau_72 = [-2.01],
  sigma_minus_tau_73 = [-1.49],
  sigma_minus_tau_74 = [-0.51],
  sigma_minus_tau_75 = [-0.50],
  sigma_minus_tau_81 = [-0.50],
  sigma_minus_tau_82 = [-0.48],
  sigma_minus_tau_83 = [-1.01],
  sigma_minus_tau_84 = [-1.58],
  sigma_minus_tau_85 = [-1.53],
  sigma_minus_tau_91 = [-2.52],
  sigma_minus_tau_92 = [-1.57],
  sigma_minus_tau_93 = [-1.55],
  sigma_minus_tau_94 = [-2.46],
  sigma_minus_tau_95 = [-2.41],
  sigma_minus_tau_101 = [-1.99],
  sigma_minus_tau_102 = [-1.45],
  sigma_minus_tau_103 = [-2.51],
  sigma_minus_tau_104 = [-1.00],
  sigma_minus_tau_105 = [-2.05],
  sigma_minus_tau_111 = [-1.50],
  sigma_minus_tau_112 = [-1.50],
  sigma_minus_tau_113 = [-1.00],
  sigma_minus_tau_114 = [-2.07],
  sigma_minus_tau_115 = [-2.05],
  sigma_minus_tau_121 = [-0.52],
  sigma_minus_tau_122 = [-0.49],
  sigma_minus_tau_123 = [-2.58],
  sigma_minus_tau_124 = [-1.99],
  sigma_minus_tau_125 = [-0.98],
  sigma_minus_tau_131 = [-2.50],
  sigma_minus_tau_132 = [-2.56],
  sigma_minus_tau_133 = [-1.03],
  sigma_minus_tau_134 = [-1.92],
  sigma_minus_tau_135 = [-1.98],
  sigma_minus_tau_141 = [-1.03],
  sigma_minus_tau_142 = [-0.49],
  sigma_minus_tau_143 = [-0.49],
  sigma_minus_tau_144 = [-2.56],
  sigma_minus_tau_145 = [-1.02],
  sigma_minus_tau_151 = [-2.07],
  sigma_minus_tau_152 = [-0.96],
  sigma_minus_tau_153 = [-1.52],
  sigma_minus_tau_154 = [-1.94],
  sigma_minus_tau_155 = [-2.02],
  sigma_minus_tau_161 = [-2.50],
  sigma_minus_tau_162 = [-1.93],
  sigma_minus_tau_163 = [-2.55],
  sigma_minus_tau_164 = [-0.50],
  sigma_minus_tau_165 = [-2.04],
  sigma_minus_tau_171 = [-1.54],
  sigma_minus_tau_172 = [-1.49],
  sigma_minus_tau_173 = [-1.00],
  sigma_minus_tau_174 = [-1.49],
  sigma_minus_tau_175 = [-2.45],
  sigma_minus_tau_181 = [-2.03],
  sigma_minus_tau_182 = [-1.02],
  sigma_minus_tau_183 = [-0.49],
  sigma_minus_tau_184 = [-2.01],
  sigma_minus_tau_185 = [-2.48],
  sigma_minus_tau_191 = [-1.01],
  sigma_minus_tau_192 = [-2.53],
  sigma_minus_tau_193 = [-2.55],
  sigma_minus_tau_194 = [-2.50],
  sigma_minus_tau_195 = [-2.03],
  sigma_minus_tau_201 = [-0.49],
  sigma_minus_tau_202 = [-1.46],
  sigma_minus_tau_203 = [-2.05],
  sigma_minus_tau_204 = [-1.40],
  sigma_minus_tau_205 = [-1.49],
  sigma_minus_tau_211 = [-0.50],
  sigma_minus_tau_212 = [-2.01],
  sigma_minus_tau_213 = [-2.49],
  sigma_minus_tau_214 = [-2.01],
  sigma_minus_tau_215 = [-2.58],
  sigma_minus_tau_221 = [-2.05],
  sigma_minus_tau_222 = [-2.00],
  sigma_minus_tau_223 = [-0.51],
  sigma_minus_tau_224 = [-1.02],
  sigma_minus_tau_225 = [-2.50],
  sigma_minus_tau_231 = [-0.50],
  sigma_minus_tau_232 = [-1.97],
  sigma_minus_tau_233 = [-1.52],
  sigma_minus_tau_234 = [-0.50],
  sigma_minus_tau_235 = [-1.97],
  sigma_minus_tau_241 = [-1.41],
  sigma_minus_tau_242 = [-2.49],
  sigma_minus_tau_243 = [-0.51],
  sigma_minus_tau_244 = [-2.08],
  sigma_minus_tau_245 = [-0.51],
  sigma_minus_tau_251 = [-2.57],
  sigma_minus_tau_252 = [-0.51],
  sigma_minus_tau_253 = [-1.95],
  sigma_minus_tau_254 = [-1.55],
  sigma_minus_tau_255 = [-1.01],
  sigma_minus_tau_261 = [-1.00],
  sigma_minus_tau_262 = [-0.51],
  sigma_minus_tau_263 = [-2.62],
  sigma_minus_tau_264 = [-1.51],
  sigma_minus_tau_265 = [-2.43],
  sigma_minus_tau_271 = [-1.99],
  sigma_minus_tau_272 = [-1.99],
  sigma_minus_tau_273 = [-2.04],
  sigma_minus_tau_274 = [-1.00],
  sigma_minus_tau_275 = [-2.04],
  sigma_minus_tau_281 = [-0.50],
  sigma_minus_tau_282 = [-1.04],
  sigma_minus_tau_283 = [-2.65],
  sigma_minus_tau_284 = [-2.00],
  sigma_minus_tau_285 = [-0.50],
  sigma_minus_tau_291 = [-1.97],
  sigma_minus_tau_292 = [-1.52],
  sigma_minus_tau_293 = [-1.02],
  sigma_minus_tau_294 = [-1.02],
  sigma_minus_tau_295 = [-1.91],
  sigma_minus_tau_301 = [-1.48],
  sigma_minus_tau_302 = [-2.51],
  sigma_minus_tau_303 = [-1.01],
  sigma_minus_tau_304 = [-2.48],
  sigma_minus_tau_305 = [-1.02],
]

Probabilities (p_s) = [
0.05, 0.05, 0.05, 0.05, 0.05, 0.05, 0.05, 0.05, 0.05, 0.05, 0.05, 0.05, 0.05, 0.05, 0.05, 0.05, 0.05, 0.05, 0.05, 0.05
]

c_bar = 5.23
