Jobs = 40
Machines = 5
Scenarios = 20

Ready Times (rj) = [
0.00, 0.00, 0.00, 0.00, 0.00, 0.00, 0.00, 0.00, 0.00, 0.00, 0.00, 0.00, 0.00, 0.00, 0.00, 0.00, 0.00, 0.00, 0.00, 0.00, 0.00, 0.00, 0.00, 0.00, 0.00, 0.00, 0.00, 0.00, 0.00, 0.00, 0.00, 0.00, 0.00, 0.00, 0.00, 0.00, 0.00, 0.00, 0.00, 0.00
]

Transportation Times (tjk^s) = [
  tjk_11 = [4.62, 5.50, 3.29, 6.69, 6.34, 4.08, 4.44, 4.19, 5.36, 3.97, 3.07, 1.63, 2.74, 4.83, 4.86, 3.56, 4.38, 3.91, 2.80, 2.38],
  tjk_12 = [1.18, 0.80, 1.19, 1.01, 1.81, 0.76, 0.86, 1.26, 1.76, 1.73, 0.77, 1.12, 1.30, 0.73, 0.71, 0.85, 0.84, 0.63, 1.67, 0.91],
  tjk_13 = [4.48, 5.17, 4.47, 6.26, 4.81, 3.58, 4.38, 3.88, 4.41, 7.32, 4.52, 3.32, 5.66, 5.37, 6.64, 3.21, 2.88, 6.39, 4.43, 2.49],
  tjk_14 = [1.31, 1.10, 0.99, 0.91, 1.04, 1.10, 1.54, 0.97, 0.95, 1.22, 0.91, 0.75, 0.90, 1.50, 0.92, 0.18, 1.15, 1.26, 0.78, 0.95],
  tjk_15 = [6.97, 3.27, 4.94, 3.47, 3.66, 6.28, 7.23, 4.11, 6.72, 4.42, 6.31, 5.68, 4.35, 2.80, 3.69, 7.71, 4.90, 3.70, 3.83, 2.20],
  tjk_21 = [4.97, 7.01, 6.15, 5.31, 6.00, 7.46, 2.37, 5.95, 7.50, 8.69, 2.66, 9.14, 3.47, 3.38, 4.46, 5.27, 6.70, 4.64, 5.28, 8.55],
  tjk_22 = [1.02, 1.06, 1.20, 1.18, 1.03, 1.60, 1.04, 0.90, 0.74, 1.00, 0.68, 1.06, 0.27, 1.28, 0.82, 0.83, 0.94, 0.41, 1.01, 0.79],
  tjk_23 = [2.76, 2.96, 4.98, 6.97, 6.13, 3.86, 4.90, 5.38, 6.29, 4.71, 3.65, 5.31, 4.85, 4.69, 6.34, 4.21, 4.51, 2.23, 4.37, 6.10],
  tjk_24 = [3.43, 7.32, 4.99, 4.46, 5.78, 6.51, 2.22, 7.55, 6.11, 5.04, 6.33, 3.82, 3.34, 5.77, 5.61, 5.46, 5.92, 5.39, 5.80, 6.97],
  tjk_25 = [1.02, 0.79, 0.69, 0.88, 0.63, 1.05, 1.29, 1.10, 0.92, 1.73, 0.77, 1.10, 0.63, 1.28, 0.51, 1.08, 1.84, 0.55, 1.37, 0.79],
  tjk_31 = [1.22, 0.90, 0.91, 0.76, 0.95, 1.62, 0.91, 0.85, 1.13, 0.79, 1.38, 1.23, 1.15, 0.83, 0.90, 0.70, 1.45, 1.15, 0.75, 1.09],
  tjk_32 = [3.57, 3.21, 5.55, 3.88, 3.36, 3.43, 5.87, 6.55, 3.22, 5.21, 5.09, 4.79, 7.30, 6.78, 6.40, 5.86, 3.90, 3.43, 4.13, 5.77],
  tjk_33 = [0.83, 0.77, 0.73, 1.24, 0.63, 1.08, 1.00, 1.38, 1.18, 1.15, 0.84, 0.82, 1.09, 1.00, 1.22, 1.90, 1.63, 0.40, 0.86, 0.52],
  tjk_34 = [3.77, 2.54, 3.44, 1.35, 3.41, 3.77, 2.80, 3.36, 3.96, 3.06, 3.01, 3.40, 0.90, 3.70, 3.95, 3.22, 2.02, 3.62, 4.69, 3.37],
  tjk_35 = [1.54, 1.17, 1.11, 0.38, 0.99, 1.22, 1.62, 1.02, 0.91, 0.98, 1.30, 0.87, 1.25, 1.35, 1.12, 1.08, 0.88, 0.68, 1.07, 0.80],
  tjk_41 = [2.58, 1.97, 3.13, 2.99, 2.40, 2.83, 1.62, 2.67, 2.46, 3.76, 2.54, 2.40, 3.20, 4.23, 4.70, 3.64, 2.05, 2.40, 3.10, 1.84],
  tjk_42 = [0.70, 1.13, 0.85, 0.84, 0.84, 0.79, 1.43, 1.30, 1.08, 0.38, 0.80, 1.07, 1.13, 1.19, 0.61, 0.22, 0.88, 0.68, 1.07, 0.95],
  tjk_43 = [2.61, 1.54, 2.05, 2.16, 1.61, 2.32, 2.37, 2.59, 1.76, 1.77, 1.69, 1.62, 1.86, 2.65, 2.56, 3.17, 1.80, 2.92, 2.88, 2.55],
  tjk_44 = [3.21, 3.35, 3.63, 3.00, 2.87, 1.21, 3.73, 3.02, 2.74, 4.15, 2.48, 2.16, 1.98, 3.94, 1.60, 1.70, 2.03, 3.71, 2.73, 2.45],
  tjk_45 = [4.79, 3.80, 5.71, 4.65, 4.44, 1.80, 4.13, 4.23, 3.31, 2.15, 6.68, 4.36, 4.98, 4.80, 3.14, 5.29, 5.66, 5.03, 4.25, 3.78],
  tjk_51 = [2.51, 3.81, 3.17, 3.52, 2.79, 3.32, 1.53, 3.62, 2.65, 2.24, 3.34, 2.49, 2.69, 2.66, 4.29, 2.65, 1.90, 5.98, 4.56, 3.87],
  tjk_52 = [3.10, 3.94, 3.66, 4.33, 5.42, 3.86, 3.13, 3.79, 4.06, 2.56, 3.28, 2.74, 4.25, 3.74, 3.02, 3.36, 3.46, 3.67, 3.97, 3.08],
  tjk_53 = [2.46, 3.91, 6.40, 3.26, 3.53, 5.66, 3.35, 4.27, 2.04, 4.21, 2.66, 2.53, 3.81, 4.34, 4.00, 2.04, 3.12, 3.50, 2.16, 2.72],
  tjk_54 = [2.16, 2.27, 2.75, 1.37, 2.38, 1.72, 1.63, 1.90, 1.91, 1.16, 2.40, 1.44, 1.72, 1.35, 2.05, 2.69, 2.27, 1.94, 1.75, 1.07],
  tjk_55 = [0.71, 1.07, 1.49, 0.78, 0.97, 1.32, 0.94, 1.30, 1.27, 1.62, 0.74, 0.87, 0.69, 1.40, 1.46, 1.53, 0.90, 1.00, 0.96, 1.13],
  tjk_61 = [2.68, 1.97, 1.61, 1.59, 1.71, 1.59, 1.79, 2.39, 0.91, 2.28, 1.54, 2.52, 2.62, 1.90, 2.08, 2.22, 2.32, 2.29, 1.47, 1.96],
  tjk_62 = [1.98, 5.16, 4.96, 4.66, 1.68, 3.70, 2.04, 5.09, 4.30, 3.27, 4.46, 3.80, 1.34, 3.26, 3.23, 3.50, 2.09, 2.98, 3.66, 3.75],
  tjk_63 = [1.31, 1.36, 0.65, 1.22, 0.62, 1.10, 1.20, 0.88, 1.09, 0.81, 1.82, 1.44, 1.14, 0.78, 0.54, 1.78, 1.31, 1.37, 1.37, 0.64],
  tjk_64 = [1.88, 3.93, 2.36, 3.52, 1.09, 3.20, 3.76, 4.14, 2.09, 4.45, 3.08, 1.88, 2.82, 3.75, 3.71, 3.04, 3.86, 3.95, 1.60, 1.97],
  tjk_65 = [5.56, 4.13, 3.61, 6.47, 4.44, 4.99, 5.08, 5.80, 3.70, 5.73, 5.76, 3.26, 3.13, 5.97, 5.62, 5.54, 3.54, 7.39, 3.32, 5.70],
  tjk_71 = [2.60, 2.97, 2.74, 1.40, 2.60, 2.76, 3.19, 3.64, 3.64, 5.13, 3.17, 4.06, 2.37, 4.71, 3.29, 2.76, 3.71, 2.29, 3.87, 2.55],
  tjk_72 = [0.55, 0.84, 1.10, 1.53, 1.51, 0.71, 1.28, 1.02, 1.19, 1.15, 0.90, 1.33, 1.83, 0.88, 0.83, 1.38, 0.79, 0.33, 0.90, 0.94],
  tjk_73 = [2.96, 2.72, 3.86, 3.65, 3.91, 3.43, 3.17, 3.70, 3.38, 3.98, 4.03, 3.97, 4.99, 2.48, 3.91, 4.51, 2.64, 2.82, 2.55, 3.76],
  tjk_74 = [6.04, 6.28, 4.08, 7.25, 5.97, 3.64, 3.43, 3.80, 5.15, 6.73, 7.59, 3.08, 8.01, 4.01, 2.37, 4.16, 5.16, 5.18, 3.08, 5.03],
  tjk_75 = [5.78, 5.74, 6.98, 5.16, 6.71, 5.79, 5.76, 3.57, 6.57, 4.66, 5.09, 7.96, 3.77, 3.13, 6.57, 2.54, 5.05, 7.04, 3.21, 6.13],
  tjk_81 = [2.94, 3.69, 3.01, 3.62, 5.13, 4.51, 1.37, 2.83, 2.56, 4.55, 3.50, 4.64, 4.54, 3.09, 4.08, 3.10, 2.22, 4.23, 5.36, 2.28],
  tjk_82 = [3.53, 2.66, 2.14, 2.88, 3.87, 3.71, 3.51, 4.89, 3.94, 2.67, 3.65, 2.51, 1.57, 1.60, 3.29, 4.79, 2.47, 3.50, 4.72, 3.51],
  tjk_83 = [0.89, 0.89, 0.72, 2.85, 2.45, 2.30, 1.44, 2.00, 1.50, 1.25, 1.14, 2.86, 2.08, 1.87, 3.33, 2.43, 3.32, 1.69, 2.29, 3.05],
  tjk_84 = [1.38, 1.96, 1.96, 2.02, 1.53, 1.07, 2.06, 1.19, 2.14, 1.18, 1.10, 2.58, 2.49, 1.45, 2.49, 1.94, 1.31, 2.12, 1.62, 1.78],
  tjk_85 = [1.95, 1.91, 2.04, 2.09, 1.52, 2.57, 1.90, 2.03, 1.80, 3.01, 2.40, 1.45, 2.61, 2.41, 2.38, 2.01, 1.27, 2.59, 1.10, 1.23],
  tjk_91 = [6.47, 7.50, 5.71, 4.99, 4.91, 7.50, 5.00, 3.45, 3.02, 4.64, 6.49, 8.03, 7.41, 3.41, 4.52, 6.04, 5.02, 4.67, 4.23, 3.67],
  tjk_92 = [2.27, 0.93, 1.64, 2.68, 2.51, 1.82, 1.80, 2.21, 1.82, 1.23, 2.62, 1.65, 1.06, 2.16, 3.49, 2.63, 2.06, 1.98, 1.42, 1.44],
  tjk_93 = [4.68, 3.06, 6.08, 4.80, 6.13, 5.61, 8.84, 4.92, 4.88, 4.83, 6.48, 3.35, 4.37, 1.20, 2.03, 5.39, 6.38, 3.35, 3.64, 3.99],
  tjk_94 = [0.76, 1.12, 1.67, 0.96, 1.25, 1.15, 0.78, 1.24, 0.90, 1.40, 0.72, 0.79, 1.16, 0.94, 1.10, 1.06, 1.15, 1.39, 1.06, 0.56],
  tjk_95 = [3.53, 2.85, 6.25, 2.87, 6.70, 4.39, 3.46, 3.45, 2.87, 3.56, 3.92, 5.89, 4.92, 3.17, 2.34, 5.74, 2.72, 3.87, 2.94, 1.18],
  tjk_101 = [2.33, 1.92, 1.44, 1.37, 1.71, 1.57, 1.27, 1.65, 2.35, 1.43, 1.99, 2.70, 2.17, 2.65, 2.64, 1.34, 1.84, 2.22, 1.49, 2.73],
  tjk_102 = [3.06, 3.52, 2.11, 2.75, 1.51, 2.24, 3.06, 1.29, 2.83, 2.76, 1.24, 2.93, 3.02, 3.35, 3.17, 3.78, 3.34, 2.74, 4.78, 3.06],
  tjk_103 = [0.97, 0.64, 1.55, 1.39, 0.55, 0.82, 0.89, 1.27, 0.92, 0.88, 1.18, 0.90, 1.54, 0.95, 0.76, 0.72, 1.31, 1.07, 0.65, 1.70],
  tjk_104 = [4.23, 3.40, 6.01, 3.56, 3.62, 2.95, 3.23, 5.08, 3.03, 3.69, 3.42, 4.60, 5.00, 5.06, 2.39, 4.10, 3.37, 3.06, 4.32, 4.28],
  tjk_105 = [3.23, 4.37, 3.11, 3.83, 3.52, 2.13, 2.74, 3.27, 2.26, 1.28, 3.99, 3.93, 3.92, 1.89, 4.28, 4.62, 1.80, 4.35, 2.79, 3.28],
  tjk_111 = [1.08, 2.25, 1.94, 2.18, 1.42, 1.56, 3.26, 1.57, 2.54, 1.77, 2.30, 0.10, 2.20, 1.58, 2.72, 1.56, 2.10, 2.48, 2.01, 1.36],
  tjk_112 = [2.76, 3.04, 2.04, 1.63, 2.07, 1.89, 3.71, 2.26, 3.10, 2.33, 1.95, 1.99, 1.92, 2.82, 2.13, 1.94, 2.19, 2.22, 2.04, 1.38],
  tjk_113 = [2.79, 2.99, 2.04, 2.42, 3.68, 2.44, 2.70, 3.99, 3.06, 4.17, 3.20, 3.03, 3.52, 2.94, 3.34, 3.50, 1.86, 2.49, 3.41, 3.43],
  tjk_114 = [2.24, 2.43, 2.06, 1.44, 1.97, 2.54, 2.28, 1.28, 1.54, 2.61, 2.74, 3.40, 1.62, 1.88, 2.30, 2.34, 0.95, 1.73, 1.71, 1.95],
  tjk_115 = [0.60, 1.02, 1.82, 1.61, 0.73, 0.79, 1.65, 0.93, 0.66, 1.56, 1.21, 1.15, 0.54, 1.00, 1.00, 1.59, 0.81, 0.81, 1.20, 2.01],
  tjk_121 = [1.83, 5.16, 3.90, 4.01, 4.84, 5.87, 4.60, 4.53, 4.24, 4.33, 3.68, 4.96, 4.84, 5.26, 3.84, 2.15, 3.20, 3.31, 4.65, 3.84],
  tjk_122 = [3.56, 6.65, 3.86, 2.54, 5.52, 5.50, 6.42, 3.79, 3.72, 3.99, 4.03, 5.91, 3.53, 4.07, 4.42, 3.14, 3.69, 3.88, 3.84, 5.92],
  tjk_123 = [2.72, 2.06, 2.55, 3.14, 3.15, 2.03, 4.57, 3.61, 3.00, 2.67, 2.67, 1.21, 4.20, 2.92, 2.62, 3.48, 3.90, 3.79, 5.00, 2.79],
  tjk_124 = [2.34, 2.98, 2.24, 2.21, 1.59, 1.16, 0.70, 0.75, 2.39, 1.87, 1.31, 1.90, 2.42, 1.28, 1.70, 2.93, 2.65, 1.91, 2.64, 1.04],
  tjk_125 = [6.27, 4.26, 3.83, 8.47, 6.33, 5.13, 6.03, 3.76, 6.14, 6.82, 4.72, 5.63, 3.76, 7.05, 6.83, 3.26, 4.18, 5.57, 7.81, 6.24],
  tjk_131 = [1.02, 0.93, 0.60, 0.62, 0.67, 0.81, 0.76, 1.04, 1.78, 1.16, 0.64, 1.44, 0.65, 1.18, 0.91, 1.67, 0.52, 0.83, 1.33, 0.74],
  tjk_132 = [2.02, 4.50, 3.86, 2.65, 4.69, 4.68, 4.79, 2.96, 3.04, 5.29, 3.15, 3.08, 4.50, 3.32, 2.87, 4.84, 3.50, 8.05, 2.67, 4.60],
  tjk_133 = [2.97, 3.58, 2.48, 3.35, 6.19, 2.89, 3.11, 2.97, 2.81, 3.67, 2.75, 1.54, 1.93, 3.43, 2.25, 2.57, 4.45, 4.46, 2.10, 4.47],
  tjk_134 = [3.87, 2.98, 4.09, 4.99, 4.88, 3.49, 2.99, 4.37, 3.66, 5.15, 0.10, 4.74, 6.85, 7.68, 3.97, 2.68, 3.50, 4.43, 4.89, 5.41],
  tjk_135 = [1.72, 2.82, 1.99, 2.48, 2.40, 1.66, 1.60, 1.17, 1.67, 2.14, 1.39, 3.72, 1.45, 1.58, 1.94, 2.26, 3.03, 1.86, 2.74, 1.71],
  tjk_141 = [0.70, 1.25, 1.20, 0.80, 1.08, 1.13, 0.50, 0.92, 1.17, 1.00, 1.14, 1.23, 0.62, 0.17, 0.71, 1.20, 1.85, 1.10, 1.83, 0.83],
  tjk_142 = [5.76, 2.32, 2.59, 1.95, 1.72, 2.81, 2.57, 2.95, 5.32, 2.45, 2.03, 2.03, 3.36, 3.03, 3.77, 2.80, 3.85, 1.66, 2.82, 3.28],
  tjk_143 = [3.41, 4.00, 1.81, 3.01, 4.39, 3.85, 3.23, 4.28, 4.78, 5.69, 3.84, 5.69, 5.47, 5.03, 3.75, 4.51, 5.21, 3.00, 9.97, 4.31],
  tjk_144 = [5.45, 4.19, 3.25, 2.87, 4.58, 3.64, 4.71, 3.65, 3.11, 4.91, 3.07, 2.83, 1.62, 3.60, 3.39, 4.16, 2.14, 2.68, 6.33, 2.92],
  tjk_145 = [6.15, 3.36, 2.39, 4.85, 5.60, 3.37, 3.38, 2.53, 4.95, 3.48, 5.32, 3.88, 4.80, 3.93, 3.09, 4.70, 2.81, 3.19, 4.89, 4.09],
  tjk_151 = [5.28, 2.60, 4.40, 5.57, 3.90, 3.34, 6.13, 2.78, 3.60, 6.81, 3.52, 2.25, 3.61, 3.37, 4.70, 4.48, 8.61, 1.85, 3.82, 1.26],
  tjk_152 = [4.40, 3.43, 4.28, 4.61, 4.12, 4.75, 5.21, 4.66, 4.90, 3.62, 2.86, 4.19, 2.46, 4.49, 5.36, 3.63, 5.34, 3.06, 5.85, 3.93],
  tjk_153 = [1.02, 0.59, 1.24, 1.44, 0.62, 1.54, 1.53, 0.67, 0.86, 1.65, 0.80, 0.95, 0.71, 0.78, 1.17, 1.12, 1.05, 0.74, 0.88, 1.19],
  tjk_154 = [2.01, 3.37, 2.04, 1.51, 1.48, 1.99, 0.74, 2.19, 1.46, 2.81, 2.26, 1.04, 1.20, 2.76, 2.02, 1.72, 1.85, 0.80, 2.37, 2.86],
  tjk_155 = [4.24, 3.67, 3.23, 9.44, 6.37, 3.01, 6.14, 3.75, 7.33, 3.17, 3.78, 7.32, 6.54, 4.90, 3.65, 3.81, 6.52, 5.30, 1.57, 5.18],
  tjk_161 = [1.97, 3.15, 3.16, 6.93, 3.50, 1.51, 2.51, 3.10, 4.50, 5.24, 1.11, 2.24, 2.31, 2.58, 2.95, 6.25, 4.12, 4.35, 2.34, 2.45],
  tjk_162 = [3.42, 1.40, 1.61, 2.31, 1.57, 2.51, 1.38, 1.92, 1.47, 3.32, 1.34, 2.91, 1.79, 2.17, 1.01, 2.74, 1.12, 1.85, 1.51, 1.67],
  tjk_163 = [0.63, 2.93, 2.45, 2.14, 4.18, 2.68, 4.03, 3.75, 2.49, 3.49, 4.87, 3.48, 3.06, 3.50, 2.35, 3.32, 2.92, 4.73, 2.68, 3.81],
  tjk_164 = [6.55, 3.77, 4.63, 3.16, 8.72, 5.70, 5.97, 4.68, 3.82, 4.51, 7.68, 4.10, 6.68, 2.81, 3.97, 4.76, 6.14, 5.32, 3.53, 6.23],
  tjk_165 = [0.75, 1.15, 0.37, 1.18, 1.13, 0.96, 0.54, 0.81, 0.90, 0.77, 0.88, 1.44, 1.06, 0.86, 1.29, 1.08, 0.60, 1.06, 0.44, 0.99],
  tjk_171 = [2.30, 4.26, 2.81, 2.72, 2.27, 3.22, 2.82, 2.38, 2.51, 3.86, 2.15, 3.82, 2.71, 2.62, 2.78, 3.83, 3.09, 3.88, 2.60, 3.40],
  tjk_172 = [0.95, 1.08, 0.84, 0.76, 0.74, 0.82, 1.38, 0.75, 1.12, 0.68, 1.13, 1.37, 0.87, 1.47, 1.31, 0.24, 0.84, 0.99, 1.37, 1.23],
  tjk_173 = [0.85, 1.00, 1.06, 0.64, 1.31, 1.14, 1.05, 1.37, 1.25, 0.98, 0.77, 0.99, 1.30, 0.62, 0.92, 1.07, 1.01, 1.19, 0.65, 0.58],
  tjk_174 = [2.45, 4.50, 2.24, 4.98, 3.42, 2.54, 2.17, 2.82, 1.47, 0.77, 3.67, 3.13, 2.04, 2.97, 3.76, 3.23, 2.53, 2.70, 2.37, 2.33],
  tjk_175 = [0.77, 1.31, 1.35, 0.33, 1.02, 0.62, 0.72, 1.52, 0.70, 0.93, 0.85, 0.55, 1.12, 1.05, 0.99, 1.16, 0.77, 1.16, 1.50, 0.98],
  tjk_181 = [1.76, 1.90, 1.57, 3.79, 3.24, 3.22, 2.86, 3.36, 3.20, 3.26, 3.54, 4.24, 4.33, 2.71, 2.69, 2.81, 2.63, 3.73, 3.03, 2.89],
  tjk_182 = [3.46, 2.80, 1.98, 3.18, 2.03, 3.79, 2.72, 1.49, 2.65, 3.20, 2.45, 2.84, 0.32, 2.12, 2.41, 2.48, 4.12, 4.25, 1.89, 3.43],
  tjk_183 = [1.95, 2.14, 2.77, 2.78, 2.13, 2.14, 3.66, 2.17, 1.44, 2.29, 2.16, 2.44, 1.77, 2.04, 1.93, 1.36, 2.71, 1.34, 1.37, 2.86],
  tjk_184 = [5.13, 3.16, 2.61, 4.28, 3.88, 3.10, 3.95, 3.00, 4.62, 1.72, 2.51, 3.96, 2.29, 3.83, 3.49, 4.58, 4.75, 3.15, 1.81, 2.71],
  tjk_185 = [1.53, 2.51, 1.42, 1.80, 2.10, 1.91, 1.61, 2.60, 2.33, 2.49, 1.38, 1.57, 1.73, 2.16, 2.98, 1.81, 2.03, 1.24, 2.34, 2.83],
  tjk_191 = [6.30, 3.55, 4.75, 7.19, 2.95, 5.36, 6.49, 5.46, 6.81, 5.05, 5.41, 4.95, 4.39, 4.07, 5.21, 7.11, 7.41, 5.75, 4.67, 4.20],
  tjk_192 = [6.05, 7.66, 4.40, 5.39, 2.96, 6.25, 2.99, 6.94, 4.19, 4.85, 4.20, 2.98, 3.49, 4.24, 5.61, 5.00, 9.17, 4.67, 6.36, 6.41],
  tjk_193 = [1.96, 2.73, 1.42, 3.30, 1.57, 1.69, 3.00, 2.00, 1.78, 1.54, 1.48, 0.97, 1.86, 2.88, 2.11, 0.72, 0.96, 3.03, 1.76, 4.61],
  tjk_194 = [5.98, 7.18, 5.38, 4.63, 6.26, 6.91, 2.69, 5.82, 6.51, 4.62, 4.14, 4.24, 3.37, 3.92, 4.64, 3.93, 5.65, 4.97, 4.66, 7.14],
  tjk_195 = [4.71, 4.29, 3.38, 3.50, 2.00, 4.05, 2.46, 4.86, 3.53, 2.84, 2.34, 1.81, 3.90, 3.75, 2.08, 5.51, 2.81, 2.10, 1.26, 6.87],
  tjk_201 = [0.95, 0.93, 0.90, 0.71, 1.25, 2.11, 1.22, 1.13, 1.05, 0.87, 1.17, 1.19, 1.01, 1.24, 1.47, 0.95, 0.87, 1.21, 1.51, 0.89],
  tjk_202 = [3.47, 4.12, 2.76, 2.33, 3.11, 4.36, 3.89, 2.88, 4.59, 4.25, 3.70, 4.31, 3.77, 3.61, 1.97, 3.23, 2.14, 3.15, 3.78, 2.29],
  tjk_203 = [1.50, 2.30, 2.18, 2.66, 3.09, 1.05, 1.20, 2.27, 1.11, 2.55, 3.57, 1.38, 0.96, 2.00, 2.15, 2.29, 2.07, 1.45, 1.55, 1.80],
  tjk_204 = [3.72, 5.29, 6.92, 4.16, 3.38, 4.37, 3.20, 4.45, 4.29, 3.15, 3.03, 3.33, 4.66, 1.17, 4.45, 4.25, 3.41, 3.66, 3.49, 3.61],
  tjk_205 = [3.39, 9.16, 6.12, 5.83, 3.32, 3.55, 4.45, 3.09, 3.16, 1.67, 5.96, 3.92, 4.61, 6.47, 6.34, 5.99, 2.58, 5.47, 5.20, 4.49],
  tjk_211 = [3.62, 4.98, 3.30, 3.25, 4.58, 3.98, 5.10, 3.87, 5.69, 2.99, 4.83, 5.15, 3.44, 2.19, 4.38, 3.13, 2.92, 3.84, 3.00, 4.06],
  tjk_212 = [0.67, 1.05, 0.78, 1.47, 0.97, 1.01, 0.98, 0.88, 1.02, 1.22, 1.29, 1.26, 1.02, 0.85, 1.27, 0.86, 1.34, 0.77, 0.68, 1.17],
  tjk_213 = [1.20, 1.70, 2.36, 2.09, 2.79, 2.27, 1.39, 1.26, 2.55, 1.92, 2.63, 2.04, 2.15, 2.36, 2.44, 2.00, 1.72, 1.27, 2.44, 2.21],
  tjk_214 = [0.86, 1.49, 1.08, 0.76, 0.37, 1.25, 0.70, 1.01, 1.57, 0.87, 0.85, 1.14, 1.29, 1.61, 1.42, 1.36, 1.39, 0.64, 1.12, 1.07],
  tjk_215 = [0.88, 0.89, 1.69, 0.92, 0.97, 1.21, 1.38, 1.19, 1.03, 0.97, 0.98, 1.04, 0.91, 1.45, 0.99, 0.84, 0.72, 0.77, 1.10, 0.84],
  tjk_221 = [1.21, 1.69, 2.24, 2.19, 2.23, 2.56, 2.38, 1.57, 2.72, 3.48, 2.21, 1.20, 1.76, 1.44, 2.64, 1.27, 2.58, 2.77, 0.47, 2.68],
  tjk_222 = [7.84, 2.56, 9.35, 7.89, 5.03, 3.52, 3.54, 5.61, 4.70, 6.05, 3.89, 3.48, 4.31, 4.14, 3.58, 4.36, 5.71, 4.63, 5.32, 4.79],
  tjk_223 = [6.14, 5.62, 4.53, 3.94, 5.65, 4.86, 4.46, 7.75, 6.56, 3.97, 3.30, 5.46, 3.55, 9.82, 4.18, 7.76, 6.84, 4.68, 5.10, 3.69],
  tjk_224 = [2.03, 2.03, 2.28, 2.46, 2.00, 0.88, 2.29, 2.24, 1.41, 1.28, 2.20, 2.29, 1.51, 1.49, 3.82, 2.00, 1.71, 2.66, 2.04, 1.82],
  tjk_225 = [7.82, 5.85, 4.66, 5.56, 6.51, 6.33, 3.91, 4.87, 6.91, 4.73, 5.18, 3.76, 3.72, 4.22, 8.06, 3.17, 4.79, 4.60, 7.97, 4.73],
  tjk_231 = [1.24, 0.93, 1.02, 1.02, 1.70, 0.73, 0.84, 1.04, 0.94, 1.07, 0.36, 1.02, 0.58, 0.99, 0.66, 1.46, 1.23, 1.11, 1.11, 1.33],
  tjk_232 = [2.01, 2.78, 2.25, 2.38, 0.81, 3.77, 2.71, 1.87, 4.39, 1.37, 1.53, 2.26, 2.04, 1.42, 1.81, 1.29, 2.92, 1.85, 2.65, 2.38],
  tjk_233 = [0.60, 1.54, 1.47, 1.77, 1.16, 0.65, 1.13, 1.27, 0.83, 1.23, 0.98, 0.88, 0.78, 0.88, 1.23, 1.56, 0.75, 1.16, 1.75, 1.08],
  tjk_234 = [1.74, 2.95, 2.41, 3.22, 3.05, 2.53, 2.64, 2.59, 3.36, 3.35, 2.74, 3.02, 2.45, 4.39, 2.60, 2.58, 1.73, 1.70, 3.33, 2.43],
  tjk_235 = [3.46, 4.44, 2.75, 2.81, 2.62, 2.39, 3.48, 3.35, 2.33, 2.85, 3.05, 4.81, 3.90, 2.23, 2.77, 2.36, 3.08, 2.59, 2.69, 2.26],
  tjk_241 = [1.75, 2.08, 1.62, 2.10, 1.96, 2.24, 2.35, 1.44, 1.56, 1.84, 3.04, 2.01, 1.74, 2.15, 2.28, 1.93, 2.62, 2.20, 1.25, 1.97],
  tjk_242 = [4.64, 5.87, 5.93, 4.62, 4.44, 5.32, 4.49, 5.15, 5.70, 4.75, 4.96, 6.22, 7.38, 5.82, 5.30, 3.03, 5.56, 3.19, 5.13, 6.05],
  tjk_243 = [3.23, 3.46, 4.30, 5.36, 3.36, 2.10, 4.78, 3.47, 4.47, 4.85, 5.45, 3.40, 2.26, 3.28, 3.57, 5.36, 1.99, 3.24, 3.15, 1.73],
  tjk_244 = [2.51, 2.67, 3.46, 3.83, 2.89, 4.05, 4.01, 2.73, 1.71, 1.97, 2.53, 1.70, 2.31, 3.34, 2.68, 2.90, 4.39, 4.78, 3.01, 3.32],
  tjk_245 = [0.93, 0.90, 1.06, 1.25, 0.72, 0.92, 1.10, 1.06, 1.66, 1.44, 1.32, 0.90, 0.73, 0.64, 0.79, 0.91, 1.49, 1.19, 1.20, 0.97],
  tjk_251 = [3.77, 2.14, 2.99, 2.80, 4.92, 1.29, 4.36, 2.94, 4.19, 2.78, 4.62, 2.81, 3.77, 3.06, 2.88, 2.92, 3.42, 2.19, 2.21, 3.39],
  tjk_252 = [2.94, 3.23, 4.62, 3.32, 6.59, 3.45, 3.72, 3.99, 3.14, 3.70, 4.20, 3.56, 3.27, 5.76, 5.28, 3.13, 4.88, 3.47, 3.82, 2.43],
  tjk_253 = [0.84, 2.28, 1.14, 2.69, 2.37, 0.97, 3.15, 0.68, 2.60, 1.70, 2.20, 1.14, 1.84, 1.91, 2.71, 1.80, 1.95, 2.87, 3.33, 2.13],
  tjk_254 = [0.86, 1.81, 1.02, 1.03, 1.21, 0.74, 1.37, 1.68, 0.95, 0.88, 1.43, 0.59, 0.97, 1.37, 1.28, 0.89, 0.94, 0.62, 0.94, 1.29],
  tjk_255 = [2.69, 2.37, 2.21, 4.70, 3.88, 2.66, 2.76, 2.55, 3.07, 2.41, 3.08, 2.46, 3.32, 2.30, 2.99, 2.87, 2.50, 3.10, 2.76, 2.07],
  tjk_261 = [3.01, 3.86, 3.63, 4.03, 3.05, 3.66, 4.17, 4.40, 4.02, 3.24, 4.32, 2.90, 3.31, 1.73, 5.11, 4.78, 3.02, 4.22, 2.21, 3.54],
  tjk_262 = [1.73, 0.20, 0.88, 0.87, 0.67, 0.94, 2.02, 1.26, 0.72, 0.86, 1.22, 0.38, 0.91, 1.07, 1.02, 0.76, 1.32, 0.82, 1.04, 0.79],
  tjk_263 = [3.03, 4.03, 2.91, 4.44, 2.65, 2.91, 2.73, 2.73, 2.32, 2.86, 4.52, 2.52, 4.87, 3.40, 4.26, 1.84, 3.12, 1.90, 1.95, 3.31],
  tjk_264 = [3.91, 5.22, 4.47, 5.17, 4.83, 4.83, 2.98, 6.60, 8.41, 5.56, 8.25, 4.02, 5.57, 4.42, 4.48, 3.54, 5.48, 6.17, 5.17, 5.17],
  tjk_265 = [4.54, 5.55, 4.71, 5.54, 3.65, 4.91, 5.20, 4.65, 3.22, 4.12, 3.38, 2.78, 3.70, 2.21, 4.04, 3.05, 4.15, 4.23, 3.54, 4.89],
  tjk_271 = [5.15, 6.68, 5.58, 8.71, 5.35, 6.46, 6.56, 4.75, 3.60, 5.34, 2.64, 7.27, 4.51, 4.48, 5.29, 3.24, 4.40, 5.92, 5.67, 3.97],
  tjk_272 = [3.86, 5.18, 3.43, 5.38, 5.90, 3.31, 5.99, 3.77, 3.27, 3.78, 3.56, 1.00, 4.60, 3.71, 5.26, 5.69, 2.56, 5.06, 4.16, 1.69],
  tjk_273 = [2.10, 5.37, 3.74, 4.23, 4.56, 2.95, 2.30, 4.19, 3.40, 3.80, 1.74, 2.09, 4.74, 3.30, 2.24, 2.42, 2.26, 4.56, 3.99, 3.67],
  tjk_274 = [6.04, 3.50, 3.41, 3.33, 3.17, 6.58, 5.14, 4.91, 4.32, 4.70, 6.95, 2.60, 3.84, 5.04, 5.64, 4.44, 5.03, 5.89, 7.31, 3.71],
  tjk_275 = [3.64, 4.53, 4.27, 4.57, 2.70, 4.47, 2.03, 2.63, 2.83, 2.05, 2.72, 3.39, 3.26, 2.54, 3.27, 1.98, 3.28, 2.28, 3.20, 1.68],
  tjk_281 = [0.57, 1.35, 1.40, 1.12, 0.94, 0.83, 0.95, 0.89, 0.65, 0.90, 1.51, 1.29, 1.08, 0.95, 1.00, 0.99, 0.87, 0.73, 0.88, 0.79],
  tjk_282 = [4.01, 8.20, 4.58, 2.73, 5.34, 1.86, 3.71, 2.85, 5.69, 1.35, 3.94, 3.33, 3.05, 3.36, 5.99, 4.45, 8.04, 5.66, 4.39, 3.73],
  tjk_283 = [2.68, 3.07, 1.08, 3.72, 2.67, 3.56, 2.42, 2.08, 2.43, 2.74, 3.32, 2.86, 2.52, 3.01, 2.04, 3.17, 2.67, 2.60, 1.87, 2.30],
  tjk_284 = [6.04, 5.79, 4.50, 7.25, 7.12, 5.34, 4.54, 3.10, 5.27, 4.83, 5.66, 3.96, 7.17, 5.63, 5.28, 5.73, 5.71, 1.95, 3.06, 6.29],
  tjk_285 = [2.43, 1.66, 1.62, 1.92, 1.88, 1.64, 1.60, 3.81, 1.73, 4.04, 1.76, 1.73, 2.47, 2.34, 2.27, 2.45, 2.52, 2.30, 1.21, 3.74],
  tjk_291 = [3.07, 5.47, 2.87, 2.76, 3.01, 4.49, 5.21, 3.95, 4.43, 4.46, 3.61, 3.99, 5.12, 3.41, 5.69, 3.44, 3.95, 3.88, 7.81, 3.12],
  tjk_292 = [2.78, 3.52, 4.21, 3.08, 3.50, 2.67, 3.46, 3.07, 3.21, 2.41, 3.04, 4.08, 3.35, 2.85, 4.38, 3.54, 3.11, 2.82, 6.00, 1.85],
  tjk_293 = [1.56, 0.60, 0.81, 1.08, 0.98, 1.06, 0.97, 1.08, 1.14, 1.38, 1.11, 0.66, 0.70, 0.64, 1.17, 0.82, 1.05, 0.85, 1.20, 0.40],
  tjk_294 = [0.97, 1.36, 0.90, 1.43, 1.42, 2.01, 1.42, 1.22, 1.47, 1.28, 1.30, 1.01, 1.73, 0.65, 0.94, 1.56, 0.85, 0.66, 1.02, 1.04],
  tjk_295 = [3.76, 2.29, 4.76, 3.49, 3.18, 4.55, 2.24, 1.85, 2.95, 2.82, 3.23, 2.98, 3.07, 3.47, 2.99, 3.42, 3.42, 3.54, 3.09, 3.13],
  tjk_301 = [2.85, 3.36, 4.99, 1.66, 2.91, 5.41, 4.11, 2.57, 4.23, 3.61, 1.93, 4.54, 5.24, 4.56, 2.77, 5.06, 3.93, 2.97, 4.63, 2.63],
  tjk_302 = [5.62, 2.79, 4.63, 3.85, 2.60, 2.33, 3.26, 3.06, 4.25, 4.25, 3.69, 3.86, 2.78, 2.70, 2.62, 2.78, 1.99, 3.01, 2.66, 2.54],
  tjk_303 = [2.95, 2.42, 3.35, 2.80, 2.53, 4.90, 2.39, 5.76, 5.09, 1.52, 3.28, 3.10, 2.90, 4.25, 2.65, 2.42, 3.07, 3.86, 4.01, 2.31],
  tjk_304 = [2.84, 5.07, 1.55, 1.72, 3.63, 2.04, 3.38, 2.85, 2.99, 3.29, 3.05, 2.48, 2.22, 3.42, 3.57, 3.25, 2.98, 3.92, 3.90, 3.42],
  tjk_305 = [2.81, 4.49, 7.38, 3.43, 4.25, 3.74, 5.07, 3.24, 3.91, 6.67, 5.21, 4.56, 4.52, 3.47, 4.60, 4.80, 2.06, 5.35, 3.57, 3.60],
  tjk_311 = [1.99, 2.70, 1.87, 1.41, 2.44, 1.53, 2.78, 2.31, 1.96, 2.29, 2.00, 1.88, 1.82, 2.74, 1.74, 2.24, 2.24, 3.47, 1.76, 2.49],
  tjk_312 = [4.38, 3.79, 2.85, 3.24, 3.42, 4.59, 3.35, 5.09, 3.98, 4.50, 7.33, 4.60, 4.90, 2.22, 3.77, 5.46, 3.11, 4.68, 3.58, 5.14],
  tjk_313 = [0.69, 0.85, 1.06, 0.66, 0.75, 0.98, 1.40, 0.69, 1.20, 1.22, 1.44, 1.31, 1.21, 0.74, 1.07, 1.09, 0.86, 1.27, 0.49, 0.61],
  tjk_314 = [2.48, 4.72, 3.27, 5.34, 6.32, 2.40, 2.35, 3.88, 3.82, 3.23, 3.92, 3.83, 4.59, 3.95, 5.86, 4.89, 3.97, 2.20, 3.17, 5.34],
  tjk_315 = [3.71, 4.07, 3.12, 3.04, 2.78, 3.99, 4.40, 3.34, 3.04, 4.38, 3.15, 3.29, 2.04, 3.87, 3.31, 3.23, 2.44, 1.44, 3.68, 4.47],
  tjk_321 = [4.53, 4.60, 3.67, 4.21, 5.55, 6.14, 5.71, 2.41, 8.36, 2.81, 3.87, 2.73, 2.56, 4.13, 5.17, 3.57, 3.79, 3.67, 5.34, 3.20],
  tjk_322 = [4.20, 5.09, 5.54, 3.02, 4.63, 2.83, 4.43, 5.94, 7.01, 5.47, 2.92, 4.66, 6.33, 8.32, 4.83, 3.73, 4.35, 4.00, 5.99, 3.99],
  tjk_323 = [1.03, 1.26, 1.31, 0.58, 1.26, 0.83, 1.20, 1.02, 1.21, 0.81, 0.84, 1.38, 0.69, 1.01, 1.01, 1.28, 0.63, 1.18, 1.25, 0.66],
  tjk_324 = [3.64, 4.49, 5.44, 4.88, 4.04, 3.91, 2.09, 5.00, 5.00, 6.78, 5.85, 2.53, 3.15, 3.01, 5.18, 7.90, 3.19, 3.98, 6.10, 8.62],
  tjk_325 = [7.85, 6.13, 2.57, 4.58, 3.19, 4.76, 4.56, 5.95, 7.85, 4.60, 4.24, 7.34, 7.02, 4.59, 2.49, 4.83, 3.84, 3.12, 7.16, 7.10],
  tjk_331 = [5.46, 6.54, 5.79, 1.99, 7.98, 5.38, 6.56, 3.94, 6.12, 3.14, 9.63, 5.23, 4.62, 5.33, 6.71, 6.61, 4.30, 6.04, 5.30, 5.12],
  tjk_332 = [2.65, 2.37, 2.53, 1.08, 3.10, 1.61, 2.19, 1.55, 2.92, 2.01, 2.46, 2.14, 2.54, 2.19, 1.63, 1.79, 2.31, 1.60, 1.74, 1.43],
  tjk_333 = [0.77, 1.34, 1.48, 1.47, 1.11, 1.52, 0.68, 1.10, 1.30, 1.50, 1.20, 0.82, 0.73, 1.38, 0.65, 0.73, 1.03, 1.19, 0.80, 0.49],
  tjk_334 = [4.63, 3.08, 5.34, 5.98, 6.34, 3.81, 2.84, 3.81, 6.35, 4.98, 4.03, 4.07, 4.43, 4.74, 7.22, 4.80, 3.21, 5.16, 3.58, 6.46],
  tjk_335 = [1.04, 0.15, 1.08, 1.03, 1.07, 1.62, 1.07, 0.69, 0.91, 0.48, 0.84, 1.06, 1.13, 1.35, 0.75, 1.39, 0.45, 1.19, 1.32, 0.27],
  tjk_341 = [0.93, 1.16, 1.26, 0.61, 0.84, 1.57, 1.21, 1.00, 0.53, 0.44, 0.66, 1.12, 0.78, 1.07, 1.06, 1.38, 1.21, 0.71, 0.75, 0.72],
  tjk_342 = [4.81, 3.39, 4.94, 4.12, 5.03, 6.38, 3.19, 5.10, 7.65, 7.98, 3.72, 4.42, 6.95, 8.02, 1.61, 4.50, 4.34, 2.21, 5.78, 6.06],
  tjk_343 = [4.20, 4.49, 3.44, 4.30, 3.19, 3.60, 3.67, 4.67, 2.96, 1.95, 4.66, 4.01, 3.65, 6.43, 0.87, 3.26, 3.89, 2.39, 4.56, 2.95],
  tjk_344 = [0.85, 1.49, 1.35, 1.36, 1.06, 1.04, 1.12, 1.16, 0.51, 1.44, 0.91, 0.99, 1.58, 0.64, 1.07, 0.77, 1.10, 1.21, 1.36, 0.65],
  tjk_345 = [6.31, 1.88, 4.64, 5.50, 5.13, 6.65, 5.00, 5.07, 6.27, 5.15, 5.14, 3.83, 4.96, 5.80, 5.44, 2.67, 4.55, 5.02, 5.76, 6.23],
  tjk_351 = [1.42, 1.66, 0.39, 1.63, 0.72, 1.10, 0.57, 1.51, 1.28, 1.12, 0.90, 0.66, 1.09, 1.50, 0.82, 1.34, 1.64, 1.39, 1.32, 1.43],
  tjk_352 = [8.14, 11.92, 2.85, 6.14, 6.36, 4.97, 3.74, 5.21, 4.33, 6.48, 5.81, 3.37, 3.33, 7.50, 5.52, 6.34, 4.74, 6.05, 6.79, 3.30],
  tjk_353 = [4.05, 6.11, 3.62, 4.70, 4.64, 3.42, 2.74, 4.90, 3.44, 4.37, 3.87, 4.71, 3.37, 5.37, 4.14, 3.43, 3.57, 3.46, 0.39, 2.29],
  tjk_354 = [3.87, 4.90, 2.82, 4.27, 3.19, 6.05, 3.01, 2.59, 6.97, 3.96, 3.19, 2.94, 2.20, 4.04, 3.51, 4.66, 1.97, 2.22, 6.28, 3.09],
  tjk_355 = [1.40, 1.74, 1.74, 2.22, 1.83, 1.07, 1.72, 1.61, 1.74, 2.68, 1.98, 1.81, 2.51, 2.42, 1.92, 2.99, 0.96, 2.69, 2.04, 3.57],
  tjk_361 = [6.09, 3.23, 3.79, 4.11, 4.88, 3.82, 4.47, 4.56, 3.18, 2.80, 4.29, 3.41, 3.55, 3.50, 6.48, 3.62, 5.32, 4.15, 4.05, 3.52],
  tjk_362 = [7.27, 6.15, 5.55, 3.04, 4.30, 5.30, 5.51, 2.53, 5.39, 2.65, 8.64, 5.11, 4.15, 3.30, 3.95, 3.29, 7.39, 6.38, 4.82, 4.52],
  tjk_363 = [1.99, 3.42, 1.93, 2.32, 2.55, 1.30, 1.81, 1.65, 2.09, 1.91, 2.04, 1.48, 1.48, 2.66, 0.77, 3.06, 2.07, 1.88, 2.22, 1.30],
  tjk_364 = [5.34, 4.26, 3.53, 5.05, 2.95, 2.68, 2.31, 3.39, 4.73, 4.89, 3.50, 3.65, 2.81, 3.40, 5.47, 2.75, 3.78, 3.91, 4.10, 2.35],
  tjk_365 = [6.01, 3.80, 4.35, 3.98, 2.07, 3.64, 2.46, 3.80, 4.03, 3.33, 8.86, 4.93, 4.29, 2.45, 3.24, 2.26, 6.43, 2.63, 3.14, 4.14],
  tjk_371 = [6.69, 3.63, 3.64, 5.29, 4.33, 5.96, 6.90, 8.64, 3.18, 6.03, 3.40, 6.17, 4.57, 4.74, 2.74, 6.07, 5.42, 5.91, 5.64, 7.07],
  tjk_372 = [5.23, 7.27, 3.99, 5.39, 5.82, 4.09, 7.58, 6.30, 4.45, 3.65, 5.77, 4.63, 4.96, 5.94, 4.00, 7.16, 11.46, 5.44, 4.89, 5.89],
  tjk_373 = [4.89, 2.84, 3.39, 3.87, 2.33, 5.13, 2.32, 3.69, 3.43, 3.50, 3.54, 4.39, 4.38, 1.36, 2.85, 3.73, 3.65, 3.91, 6.41, 4.38],
  tjk_374 = [6.68, 7.86, 4.73, 5.36, 4.68, 5.96, 6.65, 2.51, 6.47, 7.31, 3.55, 7.47, 5.83, 8.07, 6.32, 3.42, 5.67, 3.53, 1.81, 4.47],
  tjk_375 = [3.01, 1.77, 2.11, 2.67, 2.67, 1.87, 2.52, 1.97, 2.51, 2.46, 1.28, 2.35, 2.40, 2.44, 1.89, 2.88, 1.88, 2.12, 2.28, 1.65],
  tjk_381 = [2.75, 3.54, 2.50, 4.83, 1.71, 2.70, 2.15, 4.40, 3.44, 2.91, 2.55, 3.07, 3.29, 2.79, 2.65, 3.45, 3.19, 2.65, 5.19, 3.96],
  tjk_382 = [2.44, 5.70, 5.31, 2.90, 5.21, 3.55, 6.76, 4.84, 3.87, 4.55, 7.55, 4.16, 5.15, 5.95, 3.84, 4.61, 2.72, 7.39, 5.31, 10.76],
  tjk_383 = [2.87, 5.29, 2.92, 3.04, 3.75, 3.61, 3.66, 10.09, 4.23, 1.12, 4.21, 4.90, 3.89, 2.91, 6.54, 3.65, 2.75, 5.73, 3.39, 3.55],
  tjk_384 = [5.54, 2.98, 6.46, 5.93, 4.33, 6.60, 7.41, 4.72, 6.12, 5.66, 6.70, 6.89, 4.48, 6.15, 4.58, 3.85, 4.36, 5.84, 2.69, 3.77],
  tjk_385 = [7.52, 4.54, 4.23, 3.14, 3.46, 2.22, 2.98, 4.01, 5.23, 5.98, 3.86, 6.86, 3.96, 3.31, 3.84, 3.81, 3.62, 5.42, 3.66, 3.82],
  tjk_391 = [2.91, 3.17, 3.36, 3.28, 3.27, 3.66, 3.67, 2.78, 2.73, 2.17, 2.52, 6.06, 3.47, 3.70, 2.87, 1.68, 3.06, 1.78, 2.78, 3.74],
  tjk_392 = [3.71, 4.76, 3.48, 3.57, 4.73, 3.21, 2.62, 3.77, 3.27, 3.29, 4.72, 3.08, 2.60, 2.75, 4.21, 2.62, 5.46, 2.32, 4.70, 4.65],
  tjk_393 = [3.32, 2.48, 3.32, 2.32, 4.38, 2.69, 3.28, 2.63, 2.78, 8.34, 5.18, 3.31, 2.85, 2.53, 3.04, 4.33, 4.97, 4.11, 5.58, 3.73],
  tjk_394 = [5.66, 3.46, 4.55, 4.46, 4.41, 6.32, 9.60, 5.07, 5.21, 4.62, 4.70, 4.69, 4.82, 5.67, 5.83, 3.39, 5.67, 5.58, 6.58, 2.33],
  tjk_395 = [4.10, 4.22, 6.11, 3.02, 6.21, 4.90, 6.43, 7.02, 4.57, 4.64, 3.41, 6.57, 4.56, 5.63, 4.77, 4.33, 5.56, 4.94, 4.09, 3.93],
  tjk_401 = [2.02, 1.28, 1.08, 0.99, 1.40, 0.92, 1.16, 1.39, 0.93, 0.70, 1.43, 0.71, 0.94, 1.01, 1.56, 0.74, 1.18, 1.37, 0.75, 0.93],
  tjk_402 = [3.63, 3.39, 1.65, 1.93, 3.10, 2.99, 1.96, 2.08, 2.45, 2.26, 4.50, 3.40, 4.43, 1.67, 2.40, 3.77, 3.00, 3.10, 2.30, 2.76],
  tjk_403 = [3.57, 1.65, 3.92, 3.41, 2.65, 2.94, 2.51, 3.13, 4.14, 2.93, 3.79, 4.19, 3.54, 1.77, 2.23, 2.92, 3.29, 2.90, 1.66, 2.60],
  tjk_404 = [6.82, 3.18, 3.66, 3.53, 3.60, 5.32, 3.08, 5.79, 7.64, 8.11, 4.94, 3.39, 2.28, 8.16, 4.36, 2.95, 6.91, 3.75, 3.85, 6.10],
  tjk_405 = [1.44, 1.62, 1.16, 1.05, 1.18, 0.81, 0.10, 0.75, 0.63, 0.97, 0.92, 1.20, 1.45, 1.19, 1.93, 1.02, 0.80, 0.89, 1.20, 1.27],
]

Service Times (¦Î_{jk}^s) = [
  xi_11 = [8.50, 7.10, 11.63, 8.71, 9.80, 5.80, 10.61, 10.86, 7.42, 7.73, 9.53, 10.11, 5.73, 8.62, 8.44, 6.77, 8.38, 6.85, 5.97, 10.28],
  xi_12 = [2.81, 6.07, 5.27, 2.48, 4.01, 3.82, 2.85, 3.86, 5.38, 2.68, 4.24, 3.93, 3.57, 3.89, 4.58, 6.29, 3.98, 4.23, 3.56, 2.28],
  xi_13 = [7.34, 9.09, 8.34, 6.42, 11.26, 10.25, 6.61, 6.18, 7.66, 5.94, 9.12, 10.42, 11.08, 9.47, 8.96, 9.90, 8.53, 7.57, 7.58, 6.91],
  xi_14 = [4.03, 5.35, 7.77, 4.32, 7.45, 6.09, 8.08, 9.83, 9.20, 14.82, 10.13, 7.11, 9.95, 5.87, 6.55, 7.97, 6.96, 9.91, 8.99, 6.71],
  xi_15 = [1.00, 1.67, 1.00, 1.45, 1.00, 1.81, 1.00, 1.00, 1.00, 1.18, 1.00, 1.47, 1.00, 1.00, 1.00, 1.51, 1.00, 1.66, 1.11, 1.01],
  xi_21 = [6.47, 7.83, 9.23, 10.88, 10.15, 4.13, 11.95, 9.75, 8.71, 10.76, 6.12, 10.39, 20.14, 13.14, 6.06, 6.82, 13.02, 14.65, 11.89, 6.18],
  xi_22 = [4.90, 4.75, 5.96, 6.61, 8.79, 8.09, 6.12, 6.63, 4.12, 6.39, 7.14, 4.40, 4.97, 4.96, 3.81, 3.69, 5.98, 3.36, 3.65, 5.04],
  xi_23 = [2.88, 4.93, 4.30, 5.88, 7.42, 5.57, 3.02, 4.68, 4.95, 7.06, 4.53, 6.14, 5.88, 5.94, 4.70, 5.08, 4.76, 5.28, 7.02, 7.49],
  xi_24 = [1.23, 1.03, 1.41, 1.35, 1.24, 1.51, 1.00, 1.08, 1.00, 1.05, 1.12, 1.27, 1.50, 1.07, 1.14, 1.00, 1.23, 1.15, 1.39, 1.73],
  xi_25 = [4.30, 6.66, 6.45, 7.52, 9.10, 10.03, 7.37, 6.96, 7.19, 4.46, 6.94, 7.65, 4.13, 9.77, 11.94, 5.07, 8.07, 2.87, 7.09, 4.73],
  xi_31 = [4.15, 5.88, 5.08, 3.43, 6.38, 4.27, 6.04, 4.15, 5.97, 4.63, 3.29, 6.00, 3.89, 2.89, 4.65, 6.05, 1.91, 4.56, 4.42, 2.15],
  xi_32 = [6.81, 4.90, 3.18, 3.21, 3.83, 6.49, 5.25, 3.26, 4.62, 4.36, 1.81, 3.39, 3.18, 5.73, 2.76, 3.58, 2.55, 4.66, 2.70, 6.50],
  xi_33 = [6.46, 10.22, 8.89, 11.64, 7.14, 17.19, 8.09, 10.53, 10.77, 6.58, 8.45, 12.23, 11.18, 1.00, 11.48, 2.09, 7.18, 7.27, 9.22, 7.40],
  xi_34 = [2.31, 2.59, 1.51, 2.52, 1.53, 2.39, 1.80, 3.01, 2.43, 2.22, 2.41, 1.35, 2.51, 2.08, 1.94, 2.26, 2.70, 2.32, 1.36, 1.81],
  xi_35 = [1.00, 1.51, 1.00, 1.00, 1.32, 1.00, 1.00, 1.14, 1.70, 1.00, 1.00, 1.09, 1.00, 1.97, 1.00, 1.00, 1.28, 1.24, 1.06, 1.14],
  xi_41 = [6.78, 5.52, 6.32, 4.39, 6.68, 5.75, 4.20, 5.99, 5.45, 4.05, 7.58, 3.08, 6.79, 4.24, 6.16, 5.72, 6.12, 6.89, 5.98, 4.94],
  xi_42 = [7.84, 6.44, 4.91, 2.98, 7.10, 5.38, 4.89, 5.06, 4.65, 4.51, 6.78, 5.30, 5.83, 3.70, 4.28, 4.73, 7.44, 6.59, 3.82, 5.01],
  xi_43 = [5.02, 8.84, 5.91, 4.26, 10.66, 5.98, 5.86, 5.19, 4.21, 7.81, 3.98, 5.74, 5.11, 10.00, 6.57, 10.03, 6.43, 14.26, 7.30, 6.85],
  xi_44 = [10.69, 8.56, 7.04, 8.12, 11.71, 9.83, 9.93, 9.73, 12.95, 8.24, 12.82, 9.31, 6.82, 11.09, 11.30, 9.39, 5.79, 11.40, 13.20, 5.90],
  xi_45 = [11.46, 10.40, 10.09, 10.90, 9.98, 8.73, 11.15, 4.82, 9.03, 10.93, 8.40, 9.02, 6.04, 8.74, 8.03, 5.75, 8.10, 5.45, 8.18, 5.71],
  xi_51 = [3.07, 3.78, 4.02, 1.26, 2.26, 2.81, 3.58, 3.79, 4.98, 2.21, 2.55, 3.93, 3.15, 3.37, 2.39, 3.82, 2.49, 2.17, 3.24, 3.17],
  xi_52 = [6.50, 5.96, 4.77, 5.36, 6.45, 7.40, 6.56, 5.67, 5.45, 5.85, 8.92, 12.15, 5.69, 3.97, 11.86, 9.10, 4.15, 5.63, 6.98, 9.97],
  xi_53 = [8.17, 4.47, 6.08, 7.59, 7.28, 2.95, 6.08, 4.07, 6.68, 3.90, 6.51, 5.53, 5.87, 8.23, 7.82, 5.80, 8.37, 4.37, 3.54, 6.48],
  xi_54 = [8.15, 4.54, 6.14, 6.34, 7.35, 7.49, 6.43, 10.71, 5.45, 5.34, 5.61, 5.52, 5.93, 6.51, 8.21, 9.37, 6.35, 5.55, 4.43, 6.21],
  xi_55 = [2.30, 2.04, 1.57, 1.67, 1.37, 2.12, 1.79, 2.34, 1.74, 2.17, 2.20, 2.74, 2.30, 1.39, 1.34, 1.24, 1.92, 1.83, 2.10, 1.65],
  xi_61 = [1.90, 1.00, 3.05, 1.15, 2.68, 3.23, 1.84, 1.46, 1.95, 1.18, 1.60, 1.90, 1.96, 2.35, 1.27, 1.72, 1.17, 1.86, 2.23, 2.33],
  xi_62 = [11.02, 9.70, 7.47, 5.63, 8.48, 6.22, 11.78, 6.11, 11.48, 12.13, 4.73, 5.42, 10.01, 7.69, 4.74, 6.08, 7.86, 6.77, 9.17, 10.94],
  xi_63 = [1.00, 1.00, 1.00, 1.00, 1.56, 1.00, 1.00, 1.33, 1.00, 1.57, 1.00, 1.00, 1.30, 1.00, 1.00, 1.99, 1.23, 1.00, 1.28, 1.68],
  xi_64 = [1.45, 2.29, 2.02, 3.91, 1.33, 4.02, 1.98, 1.00, 2.79, 2.92, 2.44, 1.54, 3.51, 3.77, 2.35, 3.81, 2.15, 2.93, 2.49, 2.68],
  xi_65 = [8.61, 16.75, 9.87, 9.16, 4.87, 8.23, 9.50, 12.51, 10.20, 7.96, 8.08, 13.51, 8.46, 11.71, 11.19, 12.17, 13.85, 7.59, 8.18, 10.10],
  xi_71 = [6.21, 3.81, 4.98, 5.72, 3.54, 3.30, 5.99, 5.51, 4.82, 3.69, 4.66, 2.83, 6.07, 3.08, 4.27, 1.36, 5.00, 5.40, 4.59, 9.83],
  xi_72 = [2.94, 3.25, 3.90, 2.60, 3.33, 3.72, 3.55, 3.56, 2.61, 2.93, 4.15, 2.53, 2.59, 3.22, 2.48, 2.39, 1.77, 2.42, 2.40, 3.64],
  xi_73 = [6.20, 3.64, 3.44, 4.73, 4.06, 5.46, 6.22, 4.58, 5.09, 4.07, 4.17, 4.41, 2.63, 6.10, 1.75, 5.05, 6.13, 4.54, 4.39, 5.62],
  xi_74 = [6.35, 9.97, 6.82, 5.35, 6.81, 4.19, 8.03, 4.12, 6.61, 4.24, 2.70, 6.30, 3.12, 3.98, 5.47, 2.96, 2.69, 6.94, 3.60, 3.74],
  xi_75 = [2.97, 3.28, 4.34, 5.80, 2.98, 3.02, 4.67, 1.19, 3.85, 2.51, 2.23, 3.08, 1.34, 3.64, 4.03, 2.95, 3.90, 2.41, 4.26, 3.27],
  xi_81 = [7.25, 8.07, 4.15, 10.89, 7.72, 4.88, 4.39, 7.66, 6.89, 9.88, 7.91, 6.33, 6.22, 6.32, 7.62, 3.21, 8.78, 6.11, 6.69, 5.01],
  xi_82 = [9.85, 7.50, 10.79, 5.26, 12.44, 9.71, 10.34, 14.97, 14.73, 15.58, 13.28, 11.84, 10.43, 7.97, 7.48, 17.94, 15.18, 10.50, 9.66, 9.74],
  xi_83 = [3.07, 3.74, 3.64, 3.35, 4.53, 4.54, 2.80, 4.48, 2.35, 2.09, 4.37, 3.35, 2.54, 2.36, 3.46, 4.20, 3.25, 2.84, 3.40, 2.30],
  xi_84 = [11.98, 11.59, 9.01, 5.21, 10.95, 7.30, 6.15, 11.47, 9.58, 12.39, 11.35, 8.76, 9.09, 8.96, 11.79, 7.40, 2.67, 9.87, 6.07, 9.21],
  xi_85 = [2.23, 2.77, 3.38, 3.77, 1.91, 2.73, 2.73, 4.91, 4.42, 2.94, 3.60, 4.03, 1.00, 2.47, 2.70, 6.10, 3.19, 3.00, 2.66, 1.82],
  xi_91 = [4.77, 6.41, 4.15, 6.80, 8.05, 8.24, 4.92, 5.73, 5.35, 5.98, 5.13, 6.25, 6.97, 6.60, 7.98, 6.00, 9.33, 7.29, 7.48, 6.32],
  xi_92 = [8.26, 6.81, 9.15, 8.50, 4.16, 7.29, 6.63, 9.08, 10.24, 5.20, 6.34, 8.93, 9.67, 11.77, 1.90, 4.38, 7.80, 9.48, 8.46, 4.42],
  xi_93 = [5.33, 4.57, 7.05, 8.73, 5.31, 3.68, 4.70, 7.23, 6.92, 5.73, 10.42, 8.36, 5.01, 5.03, 10.12, 5.27, 5.77, 7.66, 5.95, 7.91],
  xi_94 = [5.05, 2.54, 6.73, 5.69, 3.02, 3.54, 3.50, 2.18, 2.98, 4.37, 4.27, 2.46, 2.96, 4.16, 4.16, 2.66, 3.66, 3.92, 3.26, 9.28],
  xi_95 = [1.00, 1.00, 1.00, 1.17, 1.42, 1.05, 1.00, 1.00, 1.08, 1.00, 1.00, 1.15, 1.00, 1.09, 1.00, 1.00, 1.00, 1.00, 1.45, 1.00],
  xi_101 = [5.32, 4.35, 6.07, 9.18, 8.31, 5.35, 8.51, 9.15, 6.50, 7.15, 9.15, 7.48, 7.17, 9.22, 7.09, 8.03, 6.51, 8.20, 7.16, 7.30],
  xi_102 = [5.35, 7.90, 11.62, 8.05, 6.91, 14.55, 13.00, 6.97, 11.60, 12.95, 10.21, 6.95, 7.66, 7.72, 6.34, 5.98, 9.24, 16.69, 9.97, 9.07],
  xi_103 = [6.76, 9.30, 6.26, 5.53, 7.19, 5.77, 6.52, 7.11, 14.89, 10.42, 6.57, 8.86, 8.18, 5.40, 7.13, 4.97, 3.17, 8.17, 6.47, 9.53],
  xi_104 = [5.97, 11.65, 6.33, 14.67, 6.25, 9.78, 9.33, 7.15, 12.67, 7.35, 12.39, 16.14, 10.18, 4.59, 10.85, 12.76, 11.96, 4.21, 7.40, 11.78],
  xi_105 = [6.06, 5.82, 2.76, 5.71, 9.62, 6.75, 7.54, 3.91, 8.27, 7.64, 8.04, 4.87, 6.58, 4.17, 10.89, 9.46, 6.71, 8.70, 6.30, 5.74],
  xi_111 = [5.36, 4.13, 5.95, 8.63, 6.62, 11.40, 4.78, 5.53, 6.31, 6.38, 10.44, 6.30, 7.46, 4.05, 8.04, 9.45, 6.19, 6.75, 7.80, 8.31],
  xi_112 = [12.28, 7.44, 9.77, 9.29, 10.31, 10.17, 14.61, 11.95, 8.15, 10.88, 10.13, 14.31, 4.49, 10.54, 10.67, 11.34, 5.61, 11.81, 11.00, 9.43],
  xi_113 = [4.56, 8.00, 7.88, 7.15, 6.97, 5.54, 7.18, 4.60, 8.89, 9.10, 7.44, 5.85, 7.08, 7.62, 7.53, 4.52, 7.22, 7.89, 9.94, 6.69],
  xi_114 = [4.65, 3.99, 6.23, 1.99, 5.88, 3.23, 4.42, 4.85, 4.66, 3.27, 5.91, 4.09, 5.77, 4.17, 4.38, 4.31, 4.23, 3.37, 7.23, 5.84],
  xi_115 = [5.52, 6.86, 4.69, 6.23, 7.35, 5.02, 5.82, 7.11, 4.71, 5.01, 6.58, 7.32, 5.88, 4.61, 10.63, 5.24, 7.24, 5.56, 7.40, 7.70],
  xi_121 = [7.68, 6.17, 10.89, 5.70, 7.24, 10.08, 9.36, 17.46, 8.85, 8.33, 7.28, 5.97, 5.31, 4.01, 9.52, 6.57, 7.27, 11.41, 6.93, 7.34],
  xi_122 = [6.86, 5.51, 12.79, 10.33, 6.69, 7.21, 3.75, 11.73, 10.36, 7.02, 9.18, 8.27, 8.13, 8.69, 4.91, 4.33, 6.78, 9.06, 7.97, 11.60],
  xi_123 = [6.78, 11.15, 7.37, 4.77, 7.88, 9.38, 6.21, 9.42, 5.48, 7.68, 10.93, 5.00, 8.40, 8.06, 1.87, 7.04, 7.62, 7.99, 9.37, 3.12],
  xi_124 = [11.02, 10.63, 3.39, 6.60, 6.94, 3.94, 10.77, 5.30, 11.54, 6.06, 5.47, 13.48, 8.07, 6.33, 9.31, 7.76, 7.58, 11.55, 2.91, 7.31],
  xi_125 = [1.04, 1.00, 1.19, 1.00, 1.15, 1.33, 1.01, 1.00, 1.00, 1.08, 1.00, 1.00, 1.97, 1.00, 1.68, 1.00, 1.40, 1.46, 1.00, 1.15],
  xi_131 = [2.36, 1.84, 2.04, 2.71, 2.65, 3.27, 3.88, 1.03, 1.59, 3.13, 3.35, 2.68, 3.44, 3.81, 1.99, 3.73, 5.08, 3.98, 3.10, 3.14],
  xi_132 = [3.78, 4.45, 1.92, 3.38, 2.02, 3.13, 2.64, 1.68, 1.70, 2.96, 2.64, 3.37, 3.59, 2.35, 1.66, 2.85, 2.88, 2.33, 2.45, 1.81],
  xi_133 = [5.26, 11.61, 9.42, 5.38, 9.52, 4.11, 5.49, 4.74, 8.26, 16.83, 7.48, 10.26, 10.31, 8.64, 12.67, 12.19, 8.61, 11.16, 6.91, 8.32],
  xi_134 = [2.86, 1.80, 2.33, 1.25, 2.72, 2.12, 2.19, 1.70, 2.70, 1.90, 2.33, 2.69, 2.08, 1.51, 2.14, 2.75, 2.11, 2.01, 2.51, 2.59],
  xi_135 = [15.83, 3.84, 8.59, 10.53, 8.04, 6.85, 10.14, 10.25, 11.07, 13.00, 9.26, 6.35, 9.73, 13.80, 6.55, 7.97, 7.41, 12.75, 11.67, 10.09],
  xi_141 = [4.26, 4.67, 5.84, 3.66, 5.74, 6.28, 3.33, 6.31, 5.35, 7.45, 6.66, 6.65, 7.41, 5.63, 5.99, 3.59, 5.98, 5.22, 5.61, 7.27],
  xi_142 = [7.74, 10.55, 8.00, 6.90, 7.70, 12.85, 10.61, 8.00, 7.33, 17.49, 11.74, 4.84, 8.30, 10.58, 7.67, 5.23, 7.21, 4.43, 6.41, 11.10],
  xi_143 = [1.00, 1.13, 1.00, 1.00, 1.00, 1.00, 1.88, 1.01, 1.00, 1.16, 1.01, 1.00, 1.26, 1.00, 1.10, 1.00, 1.31, 1.88, 1.00, 1.00],
  xi_144 = [1.00, 1.01, 1.08, 1.23, 1.30, 1.00, 1.00, 1.00, 1.41, 1.00, 1.20, 1.00, 1.00, 1.19, 1.10, 1.00, 1.33, 1.00, 1.34, 1.00],
  xi_145 = [4.80, 8.56, 9.59, 12.11, 7.99, 10.72, 8.08, 8.99, 8.33, 18.80, 11.20, 8.16, 9.86, 5.26, 8.92, 10.66, 6.42, 8.74, 8.67, 12.61],
  xi_151 = [4.98, 4.75, 9.14, 3.77, 7.51, 4.56, 5.54, 5.52, 8.02, 4.35, 5.29, 8.74, 7.00, 6.16, 2.48, 3.42, 3.13, 5.10, 5.04, 8.17],
  xi_152 = [7.60, 8.53, 10.64, 10.36, 14.50, 7.92, 9.67, 6.39, 12.87, 4.25, 8.61, 7.16, 5.43, 6.70, 6.80, 5.02, 11.19, 8.25, 5.87, 8.28],
  xi_153 = [11.97, 8.71, 7.47, 14.69, 15.54, 14.50, 5.36, 10.94, 7.49, 5.99, 9.91, 8.45, 11.45, 5.92, 7.92, 13.30, 7.09, 7.55, 5.00, 15.88],
  xi_154 = [4.28, 5.24, 6.51, 6.04, 11.98, 6.00, 9.39, 7.55, 6.55, 6.83, 3.75, 9.26, 7.77, 8.06, 9.41, 6.17, 6.64, 7.78, 6.10, 6.73],
  xi_155 = [4.55, 7.00, 8.62, 8.99, 4.71, 7.20, 7.25, 4.75, 8.16, 5.33, 5.07, 6.12, 6.49, 7.40, 1.96, 3.71, 3.44, 12.16, 9.79, 7.61],
  xi_161 = [6.32, 6.83, 9.07, 3.80, 7.47, 4.60, 3.89, 6.85, 5.26, 4.71, 6.20, 4.22, 7.16, 5.02, 9.40, 4.92, 5.08, 7.80, 6.69, 6.13],
  xi_162 = [13.18, 4.49, 12.74, 8.27, 10.60, 13.14, 12.61, 11.11, 7.86, 6.35, 8.89, 17.53, 12.05, 8.16, 5.65, 12.82, 6.09, 12.12, 9.83, 4.15],
  xi_163 = [8.82, 9.67, 4.14, 5.93, 6.61, 4.20, 9.74, 10.16, 5.30, 5.95, 6.16, 12.07, 8.74, 10.69, 3.99, 8.46, 6.45, 9.07, 4.92, 7.02],
  xi_164 = [4.71, 10.14, 8.45, 5.74, 7.91, 19.26, 7.58, 10.07, 7.85, 15.49, 7.08, 11.10, 7.86, 10.60, 9.05, 5.37, 11.94, 6.59, 9.43, 8.53],
  xi_165 = [5.06, 5.56, 3.39, 5.65, 5.94, 7.05, 6.70, 4.75, 7.43, 4.13, 6.51, 5.70, 3.06, 4.52, 4.94, 4.75, 3.62, 5.33, 6.85, 8.07],
  xi_171 = [3.03, 5.60, 4.56, 4.85, 4.97, 3.45, 6.33, 6.73, 2.47, 7.30, 1.00, 6.01, 3.78, 4.06, 3.51, 4.92, 3.42, 2.83, 7.07, 3.60],
  xi_172 = [8.32, 7.41, 8.25, 6.78, 12.37, 7.57, 8.21, 8.91, 11.37, 4.72, 7.33, 11.07, 7.50, 8.14, 11.20, 10.95, 7.62, 9.55, 3.70, 9.47],
  xi_173 = [6.57, 8.35, 16.24, 9.27, 8.33, 11.29, 10.04, 5.50, 9.04, 7.26, 8.58, 8.52, 10.99, 12.56, 6.19, 10.15, 6.40, 6.05, 9.00, 7.57],
  xi_174 = [1.49, 1.15, 1.51, 1.00, 1.03, 1.77, 1.00, 1.01, 1.00, 1.00, 1.90, 1.48, 1.00, 1.00, 1.08, 1.00, 1.00, 1.06, 1.00, 1.00],
  xi_175 = [6.71, 2.16, 9.44, 7.70, 6.42, 7.41, 6.54, 10.14, 8.81, 10.83, 11.14, 9.19, 5.71, 8.77, 9.03, 6.82, 7.46, 9.43, 8.60, 7.36],
  xi_181 = [1.00, 1.00, 1.02, 1.49, 1.00, 1.00, 1.22, 1.95, 1.00, 1.41, 1.00, 1.00, 1.16, 1.00, 1.43, 1.16, 1.00, 1.65, 1.00, 1.44],
  xi_182 = [6.02, 5.74, 14.38, 9.37, 10.44, 8.50, 6.20, 9.64, 10.90, 6.32, 8.13, 14.80, 10.13, 6.92, 7.87, 9.56, 13.15, 7.13, 7.02, 8.98],
  xi_183 = [9.42, 12.40, 7.88, 7.25, 10.29, 5.55, 6.69, 5.94, 8.71, 8.34, 15.54, 10.57, 6.01, 5.62, 6.08, 6.62, 9.96, 6.15, 10.28, 6.29],
  xi_184 = [7.09, 4.48, 6.95, 8.75, 4.63, 9.29, 8.13, 5.10, 4.76, 11.33, 6.95, 5.58, 4.12, 6.43, 8.86, 7.37, 3.98, 8.10, 6.43, 5.82],
  xi_185 = [12.87, 10.77, 7.82, 15.37, 5.62, 11.33, 9.23, 7.82, 9.30, 6.02, 4.66, 10.42, 11.13, 10.03, 10.07, 9.96, 6.79, 8.30, 8.49, 11.74],
  xi_191 = [16.67, 11.16, 11.65, 11.79, 9.11, 5.48, 11.83, 9.13, 15.27, 5.11, 16.60, 11.27, 12.21, 8.61, 13.78, 7.17, 6.08, 10.28, 17.27, 13.72],
  xi_192 = [5.87, 5.58, 3.46, 3.95, 4.90, 5.62, 6.87, 4.93, 6.66, 5.41, 6.42, 4.03, 7.94, 6.13, 1.84, 6.78, 6.79, 6.97, 4.28, 12.16],
  xi_193 = [5.27, 4.05, 5.62, 1.80, 2.12, 5.94, 4.98, 5.56, 4.88, 3.43, 5.91, 4.13, 3.21, 3.76, 6.12, 2.86, 3.64, 5.22, 5.83, 3.65],
  xi_194 = [3.20, 4.36, 5.21, 4.70, 5.27, 5.64, 6.05, 4.64, 6.79, 6.17, 4.38, 2.74, 5.63, 5.60, 6.29, 3.95, 3.44, 4.24, 8.90, 2.79],
  xi_195 = [2.51, 2.45, 1.67, 1.34, 1.65, 3.25, 2.69, 2.64, 1.49, 1.52, 1.95, 2.17, 2.25, 1.88, 1.88, 1.56, 1.72, 1.38, 3.34, 1.14],
  xi_201 = [9.36, 11.66, 10.54, 7.11, 7.29, 9.02, 7.47, 8.89, 10.29, 8.24, 7.28, 8.62, 10.35, 7.64, 4.88, 13.24, 14.83, 12.58, 8.38, 10.96],
  xi_202 = [5.58, 4.57, 6.83, 5.25, 2.31, 3.25, 4.67, 3.83, 1.75, 5.13, 5.14, 4.65, 4.12, 6.03, 6.20, 5.29, 5.27, 5.57, 1.92, 3.13],
  xi_203 = [6.13, 5.89, 3.97, 3.61, 7.93, 3.43, 2.42, 3.72, 5.18, 7.52, 5.30, 8.34, 4.86, 7.40, 7.33, 3.38, 8.23, 5.66, 8.19, 5.90],
  xi_204 = [5.19, 3.79, 2.60, 3.37, 5.37, 2.79, 4.71, 2.68, 3.48, 4.67, 4.39, 2.18, 4.84, 5.05, 3.53, 3.92, 5.43, 5.13, 4.30, 1.83],
  xi_205 = [1.24, 1.18, 1.07, 1.00, 1.00, 1.57, 1.00, 1.00, 1.38, 1.06, 1.00, 1.00, 1.00, 1.26, 1.04, 1.00, 1.46, 1.00, 1.00, 1.00],
  xi_211 = [1.36, 1.00, 1.06, 1.09, 1.00, 1.23, 1.24, 1.20, 1.00, 1.41, 1.00, 1.54, 1.21, 1.02, 1.68, 1.00, 1.00, 1.15, 1.00, 1.16],
  xi_212 = [7.48, 10.13, 6.10, 8.67, 10.07, 10.54, 8.01, 7.39, 9.24, 6.48, 10.57, 9.59, 8.61, 7.16, 9.04, 5.81, 8.62, 13.47, 13.91, 7.31],
  xi_213 = [4.41, 3.59, 5.36, 3.66, 2.68, 2.59, 2.63, 4.30, 5.02, 2.93, 3.65, 2.14, 1.59, 2.44, 3.75, 3.47, 2.48, 5.41, 1.63, 3.66],
  xi_214 = [4.57, 4.52, 10.55, 5.07, 6.28, 3.83, 5.79, 9.86, 5.26, 5.57, 2.56, 8.82, 4.88, 5.63, 5.39, 8.10, 6.79, 7.36, 6.96, 7.80],
  xi_215 = [7.05, 5.34, 5.16, 4.96, 4.99, 5.33, 4.84, 6.57, 3.13, 8.92, 3.78, 7.60, 5.36, 3.56, 6.25, 5.96, 5.42, 4.12, 2.86, 4.89],
  xi_221 = [3.13, 2.45, 1.94, 2.28, 3.17, 2.99, 2.62, 2.86, 1.00, 2.17, 1.46, 1.40, 1.00, 1.00, 3.04, 2.58, 1.27, 2.49, 1.74, 2.62],
  xi_222 = [5.13, 3.48, 3.44, 4.01, 4.24, 4.97, 4.62, 4.15, 3.36, 3.14, 4.29, 5.03, 4.11, 5.10, 4.94, 3.95, 4.02, 6.29, 4.92, 3.56],
  xi_223 = [3.87, 2.73, 4.29, 2.90, 2.83, 3.50, 2.14, 2.80, 1.99, 4.11, 2.79, 3.58, 2.99, 2.40, 5.19, 4.49, 2.31, 1.98, 2.20, 4.65],
  xi_224 = [7.30, 6.77, 7.93, 8.47, 4.18, 12.20, 8.42, 8.32, 8.00, 13.37, 9.23, 7.21, 6.14, 7.39, 8.51, 10.99, 9.50, 8.75, 11.11, 6.51],
  xi_225 = [3.20, 2.49, 3.15, 2.40, 2.71, 3.39, 4.02, 2.83, 3.22, 2.79, 3.32, 2.48, 2.46, 4.04, 2.42, 3.84, 3.45, 3.53, 3.49, 3.39],
  xi_231 = [9.46, 7.71, 7.48, 8.21, 6.36, 7.64, 5.28, 6.05, 6.13, 9.01, 6.87, 3.43, 9.21, 5.90, 4.55, 6.85, 7.89, 4.23, 8.27, 7.31],
  xi_232 = [1.00, 1.20, 1.11, 1.21, 1.00, 1.00, 1.01, 1.19, 1.53, 1.14, 1.00, 1.00, 1.00, 1.00, 1.00, 1.00, 1.00, 1.00, 1.17, 1.04],
  xi_233 = [7.07, 7.76, 9.67, 6.65, 11.81, 5.33, 9.18, 5.36, 8.13, 10.58, 4.51, 11.33, 6.40, 5.33, 7.80, 9.38, 4.70, 5.20, 7.20, 6.14],
  xi_234 = [5.25, 7.29, 4.75, 5.13, 3.47, 3.20, 4.28, 5.29, 6.70, 4.34, 6.53, 4.57, 10.34, 4.06, 2.96, 5.44, 3.96, 4.55, 5.74, 3.13],
  xi_235 = [2.24, 2.63, 2.23, 1.64, 2.03, 4.65, 2.60, 4.47, 2.10, 2.74, 3.99, 1.94, 3.67, 3.53, 2.57, 2.31, 1.63, 2.82, 1.96, 3.85],
  xi_241 = [5.46, 4.81, 6.51, 3.88, 4.38, 3.60, 7.05, 7.42, 6.36, 4.74, 4.09, 3.25, 3.82, 5.48, 4.30, 3.71, 6.74, 1.72, 6.26, 6.33],
  xi_242 = [9.37, 5.94, 6.38, 3.93, 6.21, 8.00, 6.41, 6.64, 5.67, 3.84, 5.71, 4.01, 9.10, 5.54, 13.61, 4.32, 3.74, 7.49, 7.59, 6.81],
  xi_243 = [13.72, 5.83, 7.07, 7.05, 7.49, 8.81, 8.90, 6.25, 11.88, 10.33, 8.16, 11.35, 5.17, 14.24, 10.92, 10.14, 9.29, 9.04, 10.38, 11.33],
  xi_244 = [4.83, 7.92, 5.46, 8.85, 5.07, 6.55, 4.07, 6.16, 4.98, 8.32, 6.31, 5.76, 8.49, 6.32, 5.00, 3.56, 6.03, 4.78, 10.24, 7.71],
  xi_245 = [11.33, 10.39, 9.47, 6.97, 12.30, 6.69, 3.76, 9.29, 4.87, 10.56, 10.70, 13.23, 18.49, 8.79, 8.59, 21.13, 14.75, 11.50, 6.67, 9.10],
  xi_251 = [15.73, 9.23, 8.72, 10.50, 5.16, 5.28, 7.74, 5.10, 7.08, 8.77, 8.97, 8.46, 6.88, 2.12, 7.11, 7.16, 2.26, 8.26, 5.08, 4.57],
  xi_252 = [6.36, 11.38, 12.94, 8.40, 8.69, 10.80, 8.88, 7.07, 12.10, 11.53, 9.33, 4.87, 9.78, 9.29, 7.23, 10.89, 14.75, 7.17, 12.51, 8.24],
  xi_253 = [4.94, 2.65, 3.28, 3.90, 1.79, 7.29, 4.75, 5.25, 4.40, 4.62, 4.03, 3.28, 5.49, 3.69, 2.98, 6.57, 3.99, 6.76, 6.29, 3.89],
  xi_254 = [6.64, 12.30, 6.46, 12.01, 8.46, 7.41, 12.29, 8.49, 17.64, 14.43, 14.78, 12.01, 7.18, 8.54, 4.27, 14.63, 7.96, 6.05, 4.53, 6.81],
  xi_255 = [5.93, 6.77, 4.92, 4.25, 5.67, 6.64, 3.95, 2.16, 6.18, 3.53, 3.66, 4.04, 7.05, 4.06, 4.06, 8.34, 6.14, 7.35, 3.04, 6.59],
  xi_261 = [7.65, 11.10, 8.34, 6.72, 8.37, 12.86, 11.85, 15.36, 6.27, 11.53, 12.37, 8.14, 18.66, 14.80, 15.55, 12.13, 10.13, 9.58, 11.81, 7.01],
  xi_262 = [3.99, 3.06, 1.59, 4.01, 4.70, 3.17, 5.23, 5.62, 2.96, 4.39, 3.92, 3.84, 2.21, 4.82, 2.11, 6.40, 3.18, 4.70, 3.60, 5.47],
  xi_263 = [7.83, 4.55, 8.08, 7.35, 9.77, 7.08, 5.15, 6.82, 6.97, 7.10, 5.60, 9.85, 6.79, 4.33, 5.29, 7.57, 9.51, 4.73, 6.92, 7.37],
  xi_264 = [2.13, 4.56, 4.15, 3.55, 9.26, 4.51, 4.68, 5.50, 6.42, 6.26, 5.45, 4.77, 6.50, 3.00, 5.49, 4.49, 3.69, 3.99, 2.98, 6.03],
  xi_265 = [8.09, 11.89, 8.85, 7.75, 7.49, 10.56, 6.55, 10.48, 10.69, 7.08, 8.42, 24.72, 10.01, 8.63, 12.71, 7.94, 8.64, 5.93, 9.43, 8.63],
  xi_271 = [6.86, 8.74, 7.39, 5.47, 9.89, 7.27, 6.67, 8.03, 2.32, 7.47, 5.39, 4.74, 5.12, 7.81, 4.48, 4.17, 5.10, 8.47, 7.91, 5.26],
  xi_272 = [9.01, 6.29, 8.57, 5.42, 5.82, 7.23, 6.06, 8.13, 9.61, 16.83, 9.50, 8.65, 3.36, 10.15, 7.32, 9.90, 7.73, 5.76, 9.25, 8.53],
  xi_273 = [3.25, 4.93, 3.93, 3.53, 3.99, 4.22, 3.25, 4.82, 3.60, 5.50, 7.21, 3.44, 3.76, 3.44, 3.34, 2.10, 2.94, 6.78, 4.57, 5.36],
  xi_274 = [17.17, 14.43, 10.50, 11.21, 7.75, 12.04, 9.06, 9.87, 12.05, 13.16, 8.11, 9.23, 8.68, 4.89, 7.23, 8.94, 3.30, 10.29, 8.36, 7.92],
  xi_275 = [15.12, 12.34, 11.10, 6.16, 6.90, 8.06, 12.90, 7.13, 7.23, 8.70, 10.24, 11.99, 10.47, 10.07, 8.13, 6.11, 7.91, 8.53, 8.99, 8.68],
  xi_281 = [4.71, 6.46, 7.64, 11.22, 8.16, 14.29, 10.65, 3.52, 10.09, 16.62, 7.19, 8.50, 7.19, 11.60, 8.15, 5.62, 9.26, 6.69, 6.43, 12.19],
  xi_282 = [9.55, 6.50, 11.25, 11.23, 8.24, 9.84, 8.21, 10.01, 7.86, 10.63, 10.23, 9.73, 6.79, 8.40, 9.58, 5.75, 8.87, 8.04, 11.02, 5.82],
  xi_283 = [3.80, 6.34, 4.68, 4.16, 2.43, 3.84, 8.89, 9.30, 9.39, 7.64, 3.12, 6.51, 4.32, 7.22, 6.86, 4.42, 5.75, 6.86, 8.67, 5.69],
  xi_284 = [8.61, 8.72, 11.03, 15.28, 9.42, 11.83, 9.35, 6.43, 8.49, 7.15, 11.33, 8.53, 15.85, 10.06, 7.40, 6.26, 10.91, 13.02, 6.96, 15.83],
  xi_285 = [2.98, 2.18, 2.95, 2.82, 2.42, 3.13, 4.03, 2.80, 2.82, 4.46, 2.93, 3.83, 3.53, 2.45, 2.98, 2.43, 3.53, 1.42, 3.36, 2.35],
  xi_291 = [3.55, 8.05, 9.45, 11.25, 12.19, 8.28, 9.83, 8.94, 11.17, 3.56, 5.01, 10.28, 5.90, 11.36, 8.42, 8.82, 8.54, 8.09, 3.75, 7.14],
  xi_292 = [3.00, 3.03, 3.78, 3.83, 1.96, 3.35, 2.88, 1.53, 3.42, 3.16, 3.07, 3.39, 4.89, 3.78, 4.96, 3.27, 2.71, 3.73, 3.56, 2.46],
  xi_293 = [4.70, 5.67, 8.82, 10.63, 9.45, 12.31, 8.09, 9.80, 9.91, 9.00, 10.67, 8.51, 11.08, 9.45, 9.09, 9.22, 8.36, 10.62, 7.88, 10.48],
  xi_294 = [2.09, 1.85, 1.81, 2.80, 1.59, 1.84, 2.17, 2.56, 2.64, 2.92, 1.74, 1.76, 1.43, 1.53, 1.89, 1.35, 1.64, 1.40, 1.89, 3.50],
  xi_295 = [2.53, 4.85, 3.44, 2.14, 1.97, 3.18, 2.87, 3.15, 2.69, 3.33, 3.63, 3.23, 3.51, 2.91, 2.94, 2.38, 3.75, 3.57, 3.44, 2.20],
  xi_301 = [2.23, 2.05, 2.08, 4.20, 2.91, 3.11, 3.58, 4.25, 2.08, 2.95, 3.61, 2.92, 3.72, 3.78, 3.00, 2.45, 4.75, 3.38, 2.50, 4.13],
  xi_302 = [10.75, 10.27, 2.46, 5.52, 6.14, 8.21, 5.25, 11.95, 11.20, 4.99, 5.60, 8.37, 12.73, 5.08, 8.45, 5.38, 11.25, 5.49, 6.74, 12.76],
  xi_303 = [6.18, 6.57, 7.86, 10.30, 2.14, 9.50, 8.23, 9.12, 7.50, 10.44, 5.01, 8.52, 8.05, 6.95, 4.05, 6.55, 7.89, 6.84, 8.64, 4.35],
  xi_304 = [4.51, 7.16, 4.27, 6.45, 6.51, 4.94, 4.51, 5.47, 3.00, 5.86, 5.17, 7.01, 5.67, 6.61, 7.57, 7.21, 7.89, 4.91, 4.57, 7.22],
  xi_305 = [3.80, 6.93, 7.56, 9.89, 9.63, 13.56, 18.06, 11.55, 5.38, 10.87, 9.18, 12.03, 11.41, 6.37, 5.68, 10.55, 8.78, 7.35, 10.24, 11.04],
  xi_311 = [10.55, 12.11, 14.49, 7.35, 9.76, 11.73, 5.34, 9.61, 6.20, 12.30, 10.82, 8.03, 10.31, 7.39, 13.73, 11.80, 11.11, 11.42, 9.07, 7.98],
  xi_312 = [1.00, 1.53, 1.31, 1.00, 1.37, 1.00, 1.00, 1.00, 1.00, 1.04, 1.00, 1.16, 1.00, 1.26, 1.58, 1.65, 1.00, 1.00, 1.00, 1.09],
  xi_313 = [1.18, 1.00, 1.18, 1.02, 1.00, 1.00, 1.51, 1.00, 1.05, 1.75, 1.27, 1.04, 1.00, 1.52, 1.00, 1.27, 1.00, 1.10, 1.21, 1.45],
  xi_314 = [2.49, 4.11, 2.66, 4.40, 1.62, 2.20, 3.39, 3.90, 3.98, 2.37, 2.42, 2.89, 3.40, 4.10, 2.52, 2.05, 4.30, 2.86, 4.45, 4.17],
  xi_315 = [7.16, 5.37, 5.68, 4.67, 6.92, 7.93, 4.72, 8.62, 4.63, 5.07, 4.14, 5.32, 5.71, 4.74, 5.21, 6.75, 6.97, 7.62, 7.32, 6.39],
  xi_321 = [5.40, 7.52, 7.01, 4.44, 4.90, 6.01, 5.86, 5.02, 4.15, 6.26, 4.45, 7.28, 7.51, 9.82, 5.48, 6.48, 6.54, 6.94, 7.51, 6.50],
  xi_322 = [1.41, 1.00, 1.00, 1.12, 1.00, 1.00, 1.76, 1.39, 1.00, 1.60, 1.00, 1.55, 1.00, 1.14, 1.00, 1.14, 1.00, 1.00, 1.00, 1.00],
  xi_323 = [2.80, 4.06, 1.78, 3.34, 3.39, 3.06, 3.24, 2.38, 2.81, 3.45, 2.09, 3.53, 2.08, 3.08, 3.25, 2.66, 2.79, 1.95, 3.05, 3.20],
  xi_324 = [5.67, 8.88, 9.28, 5.14, 9.12, 4.88, 5.60, 7.40, 7.98, 5.74, 6.83, 6.37, 7.59, 5.51, 6.94, 4.92, 8.97, 11.00, 5.84, 8.15],
  xi_325 = [12.52, 8.36, 11.22, 20.46, 10.34, 14.34, 17.58, 11.60, 7.20, 8.56, 8.29, 12.12, 8.07, 7.31, 8.76, 8.68, 12.87, 8.29, 14.36, 8.23],
  xi_331 = [15.26, 9.29, 12.14, 7.64, 11.21, 10.20, 10.03, 9.73, 8.36, 6.58, 7.62, 5.97, 7.31, 8.49, 5.80, 10.01, 10.13, 7.51, 5.00, 8.72],
  xi_332 = [7.61, 13.11, 6.15, 8.26, 5.43, 11.34, 6.22, 8.06, 6.09, 9.02, 10.47, 10.79, 7.18, 10.97, 9.03, 6.07, 9.33, 7.03, 9.94, 8.73],
  xi_333 = [5.31, 4.82, 1.69, 4.76, 5.54, 2.62, 2.97, 3.94, 3.95, 4.12, 5.39, 3.63, 3.56, 4.37, 3.80, 2.66, 4.98, 5.66, 2.87, 6.94],
  xi_334 = [10.79, 12.51, 14.00, 12.66, 7.68, 8.93, 10.83, 7.03, 7.19, 9.74, 14.47, 12.01, 12.25, 12.89, 10.42, 9.01, 9.73, 8.54, 7.08, 8.66],
  xi_335 = [2.51, 2.39, 1.00, 3.56, 1.84, 1.54, 2.06, 2.95, 2.33, 2.06, 1.71, 1.96, 1.91, 1.00, 2.04, 1.77, 3.37, 3.08, 2.38, 2.60],
  xi_341 = [5.60, 3.59, 5.63, 10.76, 4.84, 7.58, 9.19, 9.23, 4.97, 11.27, 8.84, 11.20, 6.13, 10.98, 5.90, 10.88, 8.14, 9.19, 7.98, 6.13],
  xi_342 = [1.90, 2.55, 1.56, 1.85, 1.96, 2.12, 1.18, 2.36, 1.01, 2.20, 1.37, 3.01, 1.42, 2.10, 2.36, 2.82, 2.66, 2.37, 2.86, 2.58],
  xi_343 = [4.65, 10.22, 14.24, 5.74, 5.94, 7.85, 8.81, 7.73, 4.45, 6.42, 4.65, 14.82, 7.86, 6.56, 5.47, 11.62, 5.90, 6.56, 13.22, 10.20],
  xi_344 = [2.28, 2.33, 3.09, 2.67, 1.84, 3.39, 2.07, 1.82, 2.50, 2.30, 2.13, 3.33, 2.15, 2.61, 2.15, 1.46, 1.18, 1.36, 1.26, 1.54],
  xi_345 = [1.80, 2.17, 2.89, 1.82, 1.49, 1.77, 3.22, 1.76, 1.83, 1.60, 2.17, 1.40, 2.27, 3.22, 1.90, 1.90, 2.15, 1.30, 1.74, 2.50],
  xi_351 = [1.35, 1.00, 1.77, 1.00, 1.00, 1.21, 1.27, 2.38, 1.00, 1.03, 1.00, 1.24, 1.00, 1.39, 1.15, 1.00, 1.15, 1.61, 1.07, 1.03],
  xi_352 = [4.92, 10.04, 5.20, 6.25, 3.62, 2.80, 3.37, 3.71, 7.91, 5.84, 4.65, 5.12, 4.27, 6.33, 4.92, 3.65, 4.07, 2.69, 5.66, 5.43],
  xi_353 = [1.00, 1.00, 1.09, 1.00, 1.13, 1.00, 1.00, 1.36, 1.15, 1.00, 1.15, 1.00, 1.00, 1.63, 1.00, 1.51, 1.24, 1.00, 1.03, 1.27],
  xi_354 = [4.79, 5.23, 2.92, 1.98, 2.17, 3.51, 3.72, 2.70, 4.49, 6.26, 4.80, 4.56, 4.42, 4.64, 4.41, 2.99, 3.96, 3.87, 2.95, 4.23],
  xi_355 = [1.54, 1.00, 1.00, 1.00, 1.12, 1.00, 1.00, 1.40, 1.10, 1.00, 1.41, 1.48, 1.03, 1.00, 1.00, 2.24, 1.00, 1.06, 1.00, 1.33],
  xi_361 = [4.76, 10.40, 4.39, 5.09, 9.59, 6.23, 6.44, 5.41, 7.39, 10.71, 6.14, 4.71, 6.04, 8.47, 7.01, 10.21, 6.74, 3.83, 9.42, 7.69],
  xi_362 = [7.81, 6.27, 6.36, 8.74, 7.51, 7.13, 8.40, 6.79, 5.88, 8.48, 9.95, 6.12, 8.50, 9.98, 9.78, 9.35, 9.92, 7.44, 10.05, 7.21],
  xi_363 = [8.17, 8.33, 5.61, 11.22, 8.76, 12.05, 9.29, 13.60, 6.21, 5.58, 8.05, 7.86, 9.23, 11.94, 13.70, 11.82, 8.45, 5.11, 10.79, 5.45],
  xi_364 = [7.90, 11.89, 5.83, 6.48, 7.38, 10.49, 8.80, 8.35, 9.37, 5.86, 6.92, 3.61, 10.92, 5.38, 7.68, 8.92, 13.90, 6.92, 9.01, 7.80],
  xi_365 = [6.70, 6.59, 6.32, 7.47, 4.77, 6.63, 4.48, 4.18, 10.07, 7.87, 6.63, 8.43, 8.15, 6.40, 6.54, 7.50, 19.09, 6.41, 8.23, 5.85],
  xi_371 = [5.15, 4.19, 3.98, 4.65, 2.68, 4.17, 5.00, 5.09, 4.41, 3.67, 3.90, 4.81, 4.91, 6.35, 5.60, 7.66, 1.67, 3.71, 2.64, 3.64],
  xi_372 = [2.48, 1.71, 1.31, 2.16, 1.53, 1.30, 1.00, 1.51, 2.17, 2.04, 1.96, 4.18, 3.32, 2.76, 1.50, 1.47, 1.89, 1.51, 1.00, 1.26],
  xi_373 = [5.72, 5.56, 7.56, 5.11, 6.78, 4.95, 6.48, 4.28, 6.59, 5.16, 8.89, 5.92, 7.18, 12.97, 13.24, 4.72, 5.71, 11.11, 6.12, 6.11],
  xi_374 = [8.67, 12.84, 12.08, 13.17, 7.04, 6.63, 6.05, 7.07, 11.77, 7.31, 6.55, 3.75, 6.84, 5.40, 8.63, 10.33, 13.04, 8.23, 6.13, 6.43],
  xi_375 = [6.81, 5.64, 6.64, 4.07, 5.07, 9.75, 4.00, 7.37, 8.29, 5.87, 5.81, 6.75, 5.42, 10.48, 4.08, 8.27, 9.12, 8.02, 5.89, 4.54],
  xi_381 = [12.17, 9.77, 2.28, 11.53, 7.52, 9.93, 2.37, 10.04, 11.48, 6.26, 6.73, 6.53, 5.56, 7.58, 7.49, 12.03, 7.20, 6.14, 15.25, 9.42],
  xi_382 = [1.42, 1.00, 1.14, 1.15, 1.41, 1.33, 1.20, 1.03, 1.00, 1.00, 1.53, 1.11, 1.26, 1.00, 1.00, 1.00, 1.00, 1.27, 1.03, 1.00],
  xi_383 = [2.20, 3.18, 2.17, 2.50, 3.38, 2.40, 2.64, 2.01, 2.55, 1.74, 2.12, 3.16, 2.49, 3.17, 1.00, 1.03, 1.49, 2.13, 1.78, 2.32],
  xi_384 = [3.61, 3.41, 3.20, 4.85, 1.16, 3.01, 2.69, 2.76, 4.35, 4.17, 2.17, 2.24, 2.20, 2.49, 2.85, 2.38, 3.57, 3.46, 3.73, 2.49],
  xi_385 = [5.17, 11.93, 8.42, 2.71, 15.40, 9.60, 5.52, 12.73, 12.07, 8.32, 8.30, 7.03, 6.82, 10.86, 16.30, 10.25, 6.44, 8.27, 5.46, 5.10],
  xi_391 = [1.37, 1.00, 1.42, 1.44, 1.16, 1.00, 1.82, 1.00, 1.06, 1.25, 1.00, 1.05, 1.00, 1.00, 1.16, 1.00, 1.19, 1.20, 1.00, 1.32],
  xi_392 = [6.70, 2.88, 10.34, 11.49, 5.64, 6.06, 7.84, 6.45, 5.08, 9.97, 7.62, 6.98, 9.27, 6.51, 7.57, 5.87, 8.36, 5.69, 9.36, 6.40],
  xi_393 = [10.02, 5.06, 4.81, 6.09, 6.48, 7.23, 5.50, 5.25, 4.60, 1.80, 8.33, 4.31, 4.57, 5.47, 2.96, 7.32, 4.29, 4.47, 7.34, 4.77],
  xi_394 = [4.01, 3.86, 3.86, 7.31, 3.99, 5.89, 9.05, 4.38, 6.15, 4.21, 4.99, 6.81, 6.40, 4.04, 4.42, 6.47, 3.44, 6.08, 6.36, 8.04],
  xi_395 = [1.78, 1.23, 1.83, 1.00, 2.45, 1.44, 1.65, 1.59, 1.71, 3.07, 2.52, 1.93, 1.60, 1.97, 1.31, 1.45, 1.00, 2.00, 2.66, 1.37],
  xi_401 = [1.00, 1.20, 1.35, 1.00, 1.53, 1.07, 1.00, 1.03, 1.00, 1.00, 1.00, 1.22, 1.00, 1.88, 1.44, 1.00, 1.00, 2.00, 1.19, 1.00],
  xi_402 = [9.16, 9.78, 10.94, 12.05, 10.77, 6.87, 7.11, 11.51, 9.75, 12.40, 11.52, 8.34, 6.65, 10.39, 13.83, 11.65, 10.27, 7.15, 11.62, 8.19],
  xi_403 = [7.55, 5.01, 5.88, 11.37, 5.79, 2.04, 5.79, 11.03, 9.99, 10.57, 10.31, 9.27, 7.94, 8.12, 10.82, 11.77, 7.59, 8.77, 9.74, 6.12],
  xi_404 = [5.38, 10.18, 6.21, 5.46, 5.45, 5.95, 4.05, 5.75, 3.74, 7.63, 6.67, 5.32, 5.97, 4.89, 5.62, 10.10, 4.15, 5.89, 5.54, 6.93],
  xi_405 = [2.09, 1.80, 3.38, 3.01, 3.08, 3.36, 4.29, 3.58, 3.45, 2.83, 3.58, 2.76, 2.05, 4.10, 4.07, 3.13, 1.73, 5.38, 3.01, 2.52],
]

Transportation Costs (cjk) = [
  [4.15, 8.57, 2.53, 6.06, 1.95],
  [1.27, 7.41, 9.13, 2.63, 4.97],
  [2.81, 6.12, 12.15, 9.60, 2.98],
  [3.98, 2.63, 10.52, 2.92, 4.09],
  [11.03, 2.61, 6.98, 1.16, 5.15],
  [0.74, 2.19, 5.43, 0.79, 4.89],
  [3.67, 2.72, 1.33, 2.21, 0.74],
  [8.49, 4.50, 3.51, 5.55, 5.11],
  [2.00, 2.21, 0.80, 6.19, 4.59],
  [0.70, 10.39, 4.03, 6.47, 3.18],
  [3.34, 3.48, 6.49, 1.73, 10.47],
  [3.60, 2.66, 5.80, 9.54, 6.37],
  [3.87, 2.37, 11.96, 1.04, 1.52],
  [1.30, 6.14, 1.24, 0.94, 3.04],
  [6.31, 2.80, 5.30, 9.20, 5.32],
  [2.13, 3.87, 6.26, 1.32, 7.61],
  [9.53, 2.30, 1.01, 3.08, 11.18],
  [6.06, 0.97, 4.92, 10.81, 12.90],
  [1.71, 7.47, 1.84, 5.19, 5.72],
  [6.45, 7.27, 5.46, 1.15, 4.24],
  [3.11, 12.15, 8.20, 3.91, 9.26],
  [4.69, 10.45, 6.41, 1.95, 1.67],
  [6.29, 10.57, 1.19, 2.37, 0.62],
  [6.18, 2.05, 3.97, 6.64, 4.34],
  [5.97, 9.27, 6.70, 6.15, 3.76],
  [3.40, 0.88, 2.33, 10.24, 6.86],
  [8.24, 4.73, 0.87, 9.22, 6.18],
  [6.80, 6.82, 1.15, 1.53, 2.64],
  [1.74, 7.78, 8.23, 2.25, 2.34],
  [1.27, 5.51, 6.03, 4.32, 5.06],
  [4.40, 1.02, 0.67, 10.46, 4.48],
  [10.94, 4.27, 1.21, 5.90, 5.17],
  [7.28, 6.30, 5.16, 11.49, 4.83],
  [1.36, 1.97, 6.34, 12.01, 5.31],
  [3.87, 6.26, 6.04, 2.91, 1.38],
  [7.24, 2.22, 0.82, 8.02, 6.88],
  [4.38, 7.14, 1.85, 4.47, 3.28],
  [3.01, 5.55, 0.89, 10.43, 6.07],
  [1.40, 6.10, 1.82, 3.86, 6.63],
  [1.26, 1.00, 2.47, 5.07, 2.70],
]

Mean Service Times (¦Ì_{jk}) = [
  mu_11 = [8.44],
  mu_12 = [3.99],
  mu_13 = [8.43],
  mu_14 = [7.86],
  mu_15 = [1.19],
  mu_21 = [9.91],
  mu_22 = [5.47],
  mu_23 = [5.38],
  mu_24 = [1.23],
  mu_25 = [6.92],
  mu_31 = [4.49],
  mu_32 = [4.14],
  mu_33 = [8.75],
  mu_34 = [2.15],
  mu_35 = [1.17],
  mu_41 = [5.63],
  mu_42 = [5.36],
  mu_43 = [7.00],
  mu_44 = [9.69],
  mu_45 = [8.55],
  mu_51 = [3.10],
  mu_52 = [6.92],
  mu_53 = [5.99],
  mu_54 = [6.58],
  mu_55 = [1.89],
  mu_61 = [1.89],
  mu_62 = [8.17],
  mu_63 = [1.20],
  mu_64 = [2.57],
  mu_65 = [10.12],
  mu_71 = [4.73],
  mu_72 = [3.00],
  mu_73 = [4.61],
  mu_74 = [5.20],
  mu_75 = [3.29],
  mu_81 = [6.80],
  mu_82 = [11.26],
  mu_83 = [3.33],
  mu_84 = [9.04],
  mu_85 = [3.12],
  mu_91 = [6.49],
  mu_92 = [7.42],
  mu_93 = [6.54],
  mu_94 = [4.02],
  mu_95 = [1.07],
  mu_101 = [7.36],
  mu_102 = [9.44],
  mu_103 = [7.41],
  mu_104 = [9.67],
  mu_105 = [6.78],
  mu_111 = [6.99],
  mu_112 = [10.21],
  mu_113 = [7.08],
  mu_114 = [4.62],
  mu_115 = [6.32],
  mu_121 = [8.17],
  mu_122 = [8.06],
  mu_123 = [7.28],
  mu_124 = [7.80],
  mu_125 = [1.17],
  mu_131 = [2.94],
  mu_132 = [2.68],
  mu_133 = [8.86],
  mu_134 = [2.21],
  mu_135 = [9.69],
  mu_141 = [5.64],
  mu_142 = [8.73],
  mu_143 = [1.14],
  mu_144 = [1.11],
  mu_145 = [9.42],
  mu_151 = [5.63],
  mu_152 = [8.30],
  mu_153 = [9.76],
  mu_154 = [7.10],
  mu_155 = [6.52],
  mu_161 = [6.07],
  mu_162 = [9.88],
  mu_163 = [7.40],
  mu_164 = [9.24],
  mu_165 = [5.45],
  mu_171 = [4.47],
  mu_172 = [8.52],
  mu_173 = [8.90],
  mu_174 = [1.17],
  mu_175 = [7.98],
  mu_181 = [1.20],
  mu_182 = [9.06],
  mu_183 = [8.28],
  mu_184 = [6.71],
  mu_185 = [9.39],
  mu_191 = [11.21],
  mu_192 = [5.83],
  mu_193 = [4.40],
  mu_194 = [5.00],
  mu_195 = [2.02],
  mu_201 = [9.43],
  mu_202 = [4.52],
  mu_203 = [5.72],
  mu_204 = [3.96],
  mu_205 = [1.11],
  mu_211 = [1.17],
  mu_212 = [8.91],
  mu_213 = [3.37],
  mu_214 = [6.28],
  mu_215 = [5.30],
  mu_221 = [2.16],
  mu_222 = [4.34],
  mu_223 = [3.19],
  mu_224 = [8.51],
  mu_225 = [3.13],
  mu_231 = [6.89],
  mu_232 = [1.08],
  mu_233 = [7.48],
  mu_234 = [5.05],
  mu_235 = [2.78],
  mu_241 = [5.00],
  mu_242 = [6.52],
  mu_243 = [9.37],
  mu_244 = [6.32],
  mu_245 = [10.43],
  mu_251 = [7.21],
  mu_252 = [9.61],
  mu_253 = [4.49],
  mu_254 = [9.64],
  mu_255 = [5.22],
  mu_261 = [11.01],
  mu_262 = [3.95],
  mu_263 = [6.93],
  mu_264 = [4.87],
  mu_265 = [9.72],
  mu_271 = [6.43],
  mu_272 = [8.16],
  mu_273 = [4.20],
  mu_274 = [9.71],
  mu_275 = [9.34],
  mu_281 = [8.81],
  mu_282 = [8.88],
  mu_283 = [5.99],
  mu_284 = [10.12],
  mu_285 = [2.97],
  mu_291 = [8.18],
  mu_292 = [3.29],
  mu_293 = [9.19],
  mu_294 = [2.02],
  mu_295 = [3.09],
  mu_301 = [3.18],
  mu_302 = [7.93],
  mu_303 = [7.24],
  mu_304 = [5.83],
  mu_305 = [9.49],
  mu_311 = [10.05],
  mu_312 = [1.15],
  mu_313 = [1.18],
  mu_314 = [3.21],
  mu_315 = [6.05],
  mu_321 = [6.25],
  mu_322 = [1.16],
  mu_323 = [2.90],
  mu_324 = [7.09],
  mu_325 = [10.96],
  mu_331 = [8.85],
  mu_332 = [8.54],
  mu_333 = [4.18],
  mu_334 = [10.32],
  mu_335 = [2.20],
  mu_341 = [7.90],
  mu_342 = [2.11],
  mu_343 = [8.15],
  mu_344 = [2.17],
  mu_345 = [2.05],
  mu_351 = [1.23],
  mu_352 = [5.02],
  mu_353 = [1.13],
  mu_354 = [3.93],
  mu_355 = [1.19],
  mu_361 = [7.03],
  mu_362 = [8.08],
  mu_363 = [9.06],
  mu_364 = [8.17],
  mu_365 = [7.42],
  mu_371 = [4.39],
  mu_372 = [1.90],
  mu_373 = [7.01],
  mu_374 = [8.40],
  mu_375 = [6.60],
  mu_381 = [8.36],
  mu_382 = [1.14],
  mu_383 = [2.27],
  mu_384 = [3.04],
  mu_385 = [8.84],
  mu_391 = [1.17],
  mu_392 = [7.30],
  mu_393 = [5.53],
  mu_394 = [5.49],
  mu_395 = [1.78],
  mu_401 = [1.20],
  mu_402 = [10.00],
  mu_403 = [8.27],
  mu_404 = [6.04],
  mu_405 = [3.16],
]

Mean Transportation Times (¦Ó_{jk}) = [
  tau_11 = [4.13],
  tau_12 = [1.09],
  tau_13 = [4.68],
  tau_14 = [1.02],
  tau_15 = [4.81],
  tau_21 = [5.75],
  tau_22 = [0.94],
  tau_23 = [4.76],
  tau_24 = [5.39],
  tau_25 = [1.00],
  tau_31 = [1.03],
  tau_32 = [4.86],
  tau_33 = [1.01],
  tau_34 = [3.17],
  tau_35 = [1.07],
  tau_41 = [2.82],
  tau_42 = [0.90],
  tau_43 = [2.22],
  tau_44 = [2.78],
  tau_45 = [4.35],
  tau_51 = [3.18],
  tau_52 = [3.62],
  tau_53 = [3.50],
  tau_54 = [1.90],
  tau_55 = [1.11],
  tau_61 = [1.97],
  tau_62 = [3.45],
  tau_63 = [1.12],
  tau_64 = [3.00],
  tau_65 = [4.94],
  tau_71 = [3.17],
  tau_72 = [1.05],
  tau_73 = [3.52],
  tau_74 = [5.00],
  tau_75 = [5.36],
  tau_81 = [3.56],
  tau_82 = [3.27],
  tau_83 = [2.02],
  tau_84 = [1.77],
  tau_85 = [2.01],
  tau_91 = [5.34],
  tau_92 = [1.97],
  tau_93 = [4.70],
  tau_94 = [1.06],
  tau_95 = [3.83],
  tau_101 = [1.94],
  tau_102 = [2.83],
  tau_103 = [1.03],
  tau_104 = [3.92],
  tau_105 = [3.23],
  tau_111 = [1.90],
  tau_112 = [2.27],
  tau_113 = [3.05],
  tau_114 = [2.05],
  tau_115 = [1.13],
  tau_121 = [4.15],
  tau_122 = [4.40],
  tau_123 = [3.10],
  tau_124 = [1.90],
  tau_125 = [5.61],
  tau_131 = [0.96],
  tau_132 = [3.95],
  tau_133 = [3.20],
  tau_134 = [4.24],
  tau_135 = [2.07],
  tau_141 = [1.02],
  tau_142 = [2.95],
  tau_143 = [4.46],
  tau_144 = [3.66],
  tau_145 = [4.04],
  tau_151 = [4.09],
  tau_152 = [4.26],
  tau_153 = [1.03],
  tau_154 = [1.92],
  tau_155 = [4.95],
  tau_161 = [3.31],
  tau_162 = [1.95],
  tau_163 = [3.17],
  tau_164 = [5.14],
  tau_165 = [0.91],
  tau_171 = [3.00],
  tau_172 = [1.00],
  tau_173 = [0.99],
  tau_174 = [2.81],
  tau_175 = [0.97],
  tau_181 = [3.04],
  tau_182 = [2.68],
  tau_183 = [2.17],
  tau_184 = [3.43],
  tau_185 = [2.02],
  tau_191 = [5.35],
  tau_192 = [5.19],
  tau_193 = [2.07],
  tau_194 = [5.13],
  tau_195 = [3.40],
  tau_201 = [1.13],
  tau_202 = [3.38],
  tau_203 = [1.96],
  tau_204 = [3.90],
  tau_205 = [4.74],
  tau_211 = [3.91],
  tau_212 = [1.03],
  tau_213 = [2.04],
  tau_214 = [1.09],
  tau_215 = [1.04],
  tau_221 = [2.07],
  tau_222 = [5.01],
  tau_223 = [5.39],
  tau_224 = [2.02],
  tau_225 = [5.37],
  tau_231 = [1.02],
  tau_232 = [2.22],
  tau_233 = [1.14],
  tau_234 = [2.74],
  tau_235 = [3.01],
  tau_241 = [2.01],
  tau_242 = [5.18],
  tau_243 = [3.64],
  tau_244 = [3.04],
  tau_245 = [1.06],
  tau_251 = [3.17],
  tau_252 = [3.92],
  tau_253 = [2.02],
  tau_254 = [1.09],
  tau_255 = [2.84],
  tau_261 = [3.61],
  tau_262 = [0.97],
  tau_263 = [3.12],
  tau_264 = [5.21],
  tau_265 = [4.10],
  tau_271 = [5.28],
  tau_272 = [4.06],
  tau_273 = [3.38],
  tau_274 = [4.78],
  tau_275 = [3.07],
  tau_281 = [0.99],
  tau_282 = [4.31],
  tau_283 = [2.64],
  tau_284 = [5.21],
  tau_285 = [2.26],
  tau_291 = [4.19],
  tau_292 = [3.35],
  tau_293 = [0.96],
  tau_294 = [1.21],
  tau_295 = [3.21],
  tau_301 = [3.70],
  tau_302 = [3.26],
  tau_303 = [3.28],
  tau_304 = [3.08],
  tau_305 = [4.34],
  tau_311 = [2.18],
  tau_312 = [4.20],
  tau_313 = [0.98],
  tau_314 = [3.98],
  tau_315 = [3.34],
  tau_321 = [4.30],
  tau_322 = [4.86],
  tau_323 = [1.02],
  tau_324 = [4.74],
  tau_325 = [5.19],
  tau_331 = [5.59],
  tau_332 = [2.09],
  tau_333 = [1.06],
  tau_334 = [4.74],
  tau_335 = [0.95],
  tau_341 = [0.95],
  tau_342 = [5.01],
  tau_343 = [3.66],
  tau_344 = [1.08],
  tau_345 = [5.05],
  tau_351 = [1.18],
  tau_352 = [5.65],
  tau_353 = [3.83],
  tau_354 = [3.79],
  tau_355 = [2.03],
  tau_361 = [4.14],
  tau_362 = [4.96],
  tau_363 = [2.00],
  tau_364 = [3.74],
  tau_365 = [3.99],
  tau_371 = [5.30],
  tau_372 = [5.70],
  tau_373 = [3.70],
  tau_374 = [5.42],
  tau_375 = [2.24],
  tau_381 = [3.19],
  tau_382 = [5.13],
  tau_383 = [4.10],
  tau_384 = [5.25],
  tau_385 = [4.27],
  tau_391 = [3.13],
  tau_392 = [3.68],
  tau_393 = [3.76],
  tau_394 = [5.13],
  tau_395 = [4.95],
  tau_401 = [1.13],
  tau_402 = [2.84],
  tau_403 = [2.99],
  tau_404 = [4.87],
  tau_405 = [1.08],
]

Epsilon + ¦Ì_{jk} = [
  epsilon_plus_mu_11 = [12.66],
  epsilon_plus_mu_12 = [5.98],
  epsilon_plus_mu_13 = [12.65],
  epsilon_plus_mu_14 = [11.78],
  epsilon_plus_mu_15 = [1.79],
  epsilon_plus_mu_21 = [14.87],
  epsilon_plus_mu_22 = [8.20],
  epsilon_plus_mu_23 = [8.06],
  epsilon_plus_mu_24 = [1.84],
  epsilon_plus_mu_25 = [10.37],
  epsilon_plus_mu_31 = [6.73],
  epsilon_plus_mu_32 = [6.21],
  epsilon_plus_mu_33 = [13.13],
  epsilon_plus_mu_34 = [3.23],
  epsilon_plus_mu_35 = [1.76],
  epsilon_plus_mu_41 = [8.45],
  epsilon_plus_mu_42 = [8.04],
  epsilon_plus_mu_43 = [10.50],
  epsilon_plus_mu_44 = [14.54],
  epsilon_plus_mu_45 = [12.82],
  epsilon_plus_mu_51 = [4.65],
  epsilon_plus_mu_52 = [10.38],
  epsilon_plus_mu_53 = [8.98],
  epsilon_plus_mu_54 = [9.87],
  epsilon_plus_mu_55 = [2.84],
  epsilon_plus_mu_61 = [2.84],
  epsilon_plus_mu_62 = [12.26],
  epsilon_plus_mu_63 = [1.79],
  epsilon_plus_mu_64 = [3.85],
  epsilon_plus_mu_65 = [15.19],
  epsilon_plus_mu_71 = [7.10],
  epsilon_plus_mu_72 = [4.50],
  epsilon_plus_mu_73 = [6.92],
  epsilon_plus_mu_74 = [7.80],
  epsilon_plus_mu_75 = [4.93],
  epsilon_plus_mu_81 = [10.20],
  epsilon_plus_mu_82 = [16.89],
  epsilon_plus_mu_83 = [5.00],
  epsilon_plus_mu_84 = [13.56],
  epsilon_plus_mu_85 = [4.68],
  epsilon_plus_mu_91 = [9.73],
  epsilon_plus_mu_92 = [11.14],
  epsilon_plus_mu_93 = [9.80],
  epsilon_plus_mu_94 = [6.03],
  epsilon_plus_mu_95 = [1.61],
  epsilon_plus_mu_101 = [11.04],
  epsilon_plus_mu_102 = [14.16],
  epsilon_plus_mu_103 = [11.11],
  epsilon_plus_mu_104 = [14.50],
  epsilon_plus_mu_105 = [10.17],
  epsilon_plus_mu_111 = [10.49],
  epsilon_plus_mu_112 = [15.31],
  epsilon_plus_mu_113 = [10.62],
  epsilon_plus_mu_114 = [6.94],
  epsilon_plus_mu_115 = [9.49],
  epsilon_plus_mu_121 = [12.25],
  epsilon_plus_mu_122 = [12.09],
  epsilon_plus_mu_123 = [10.91],
  epsilon_plus_mu_124 = [11.70],
  epsilon_plus_mu_125 = [1.76],
  epsilon_plus_mu_131 = [4.41],
  epsilon_plus_mu_132 = [4.02],
  epsilon_plus_mu_133 = [13.29],
  epsilon_plus_mu_134 = [3.32],
  epsilon_plus_mu_135 = [14.53],
  epsilon_plus_mu_141 = [8.47],
  epsilon_plus_mu_142 = [13.10],
  epsilon_plus_mu_143 = [1.71],
  epsilon_plus_mu_144 = [1.66],
  epsilon_plus_mu_145 = [14.14],
  epsilon_plus_mu_151 = [8.45],
  epsilon_plus_mu_152 = [12.45],
  epsilon_plus_mu_153 = [14.63],
  epsilon_plus_mu_154 = [10.65],
  epsilon_plus_mu_155 = [9.77],
  epsilon_plus_mu_161 = [9.11],
  epsilon_plus_mu_162 = [14.82],
  epsilon_plus_mu_163 = [11.11],
  epsilon_plus_mu_164 = [13.86],
  epsilon_plus_mu_165 = [8.18],
  epsilon_plus_mu_171 = [6.71],
  epsilon_plus_mu_172 = [12.78],
  epsilon_plus_mu_173 = [13.34],
  epsilon_plus_mu_174 = [1.76],
  epsilon_plus_mu_175 = [11.98],
  epsilon_plus_mu_181 = [1.80],
  epsilon_plus_mu_182 = [13.59],
  epsilon_plus_mu_183 = [12.42],
  epsilon_plus_mu_184 = [10.06],
  epsilon_plus_mu_185 = [14.08],
  epsilon_plus_mu_191 = [16.81],
  epsilon_plus_mu_192 = [8.74],
  epsilon_plus_mu_193 = [6.60],
  epsilon_plus_mu_194 = [7.50],
  epsilon_plus_mu_195 = [3.04],
  epsilon_plus_mu_201 = [14.15],
  epsilon_plus_mu_202 = [6.79],
  epsilon_plus_mu_203 = [8.58],
  epsilon_plus_mu_204 = [5.94],
  epsilon_plus_mu_205 = [1.67],
  epsilon_plus_mu_211 = [1.75],
  epsilon_plus_mu_212 = [13.37],
  epsilon_plus_mu_213 = [5.05],
  epsilon_plus_mu_214 = [9.42],
  epsilon_plus_mu_215 = [7.96],
  epsilon_plus_mu_221 = [3.24],
  epsilon_plus_mu_222 = [6.51],
  epsilon_plus_mu_223 = [4.78],
  epsilon_plus_mu_224 = [12.77],
  epsilon_plus_mu_225 = [4.70],
  epsilon_plus_mu_231 = [10.34],
  epsilon_plus_mu_232 = [1.62],
  epsilon_plus_mu_233 = [11.21],
  epsilon_plus_mu_234 = [7.57],
  epsilon_plus_mu_235 = [4.17],
  epsilon_plus_mu_241 = [7.49],
  epsilon_plus_mu_242 = [9.77],
  epsilon_plus_mu_243 = [14.05],
  epsilon_plus_mu_244 = [9.48],
  epsilon_plus_mu_245 = [15.64],
  epsilon_plus_mu_251 = [10.81],
  epsilon_plus_mu_252 = [14.42],
  epsilon_plus_mu_253 = [6.74],
  epsilon_plus_mu_254 = [14.47],
  epsilon_plus_mu_255 = [7.82],
  epsilon_plus_mu_261 = [16.52],
  epsilon_plus_mu_262 = [5.92],
  epsilon_plus_mu_263 = [10.40],
  epsilon_plus_mu_264 = [7.31],
  epsilon_plus_mu_265 = [14.59],
  epsilon_plus_mu_271 = [9.64],
  epsilon_plus_mu_272 = [12.23],
  epsilon_plus_mu_273 = [6.30],
  epsilon_plus_mu_274 = [14.56],
  epsilon_plus_mu_275 = [14.01],
  epsilon_plus_mu_281 = [13.21],
  epsilon_plus_mu_282 = [13.32],
  epsilon_plus_mu_283 = [8.99],
  epsilon_plus_mu_284 = [15.18],
  epsilon_plus_mu_285 = [4.46],
  epsilon_plus_mu_291 = [12.27],
  epsilon_plus_mu_292 = [4.93],
  epsilon_plus_mu_293 = [13.78],
  epsilon_plus_mu_294 = [3.03],
  epsilon_plus_mu_295 = [4.63],
  epsilon_plus_mu_301 = [4.77],
  epsilon_plus_mu_302 = [11.90],
  epsilon_plus_mu_303 = [10.85],
  epsilon_plus_mu_304 = [8.74],
  epsilon_plus_mu_305 = [14.24],
  epsilon_plus_mu_311 = [15.08],
  epsilon_plus_mu_312 = [1.72],
  epsilon_plus_mu_313 = [1.77],
  epsilon_plus_mu_314 = [4.82],
  epsilon_plus_mu_315 = [9.07],
  epsilon_plus_mu_321 = [9.38],
  epsilon_plus_mu_322 = [1.73],
  epsilon_plus_mu_323 = [4.35],
  epsilon_plus_mu_324 = [10.63],
  epsilon_plus_mu_325 = [16.44],
  epsilon_plus_mu_331 = [13.27],
  epsilon_plus_mu_332 = [12.81],
  epsilon_plus_mu_333 = [6.27],
  epsilon_plus_mu_334 = [15.48],
  epsilon_plus_mu_335 = [3.31],
  epsilon_plus_mu_341 = [11.85],
  epsilon_plus_mu_342 = [3.17],
  epsilon_plus_mu_343 = [12.22],
  epsilon_plus_mu_344 = [3.26],
  epsilon_plus_mu_345 = [3.07],
  epsilon_plus_mu_351 = [1.85],
  epsilon_plus_mu_352 = [7.53],
  epsilon_plus_mu_353 = [1.69],
  epsilon_plus_mu_354 = [5.90],
  epsilon_plus_mu_355 = [1.78],
  epsilon_plus_mu_361 = [10.55],
  epsilon_plus_mu_362 = [12.12],
  epsilon_plus_mu_363 = [13.59],
  epsilon_plus_mu_364 = [12.26],
  epsilon_plus_mu_365 = [11.12],
  epsilon_plus_mu_371 = [6.59],
  epsilon_plus_mu_372 = [2.86],
  epsilon_plus_mu_373 = [10.51],
  epsilon_plus_mu_374 = [12.60],
  epsilon_plus_mu_375 = [9.89],
  epsilon_plus_mu_381 = [12.55],
  epsilon_plus_mu_382 = [1.72],
  epsilon_plus_mu_383 = [3.41],
  epsilon_plus_mu_384 = [4.56],
  epsilon_plus_mu_385 = [13.25],
  epsilon_plus_mu_391 = [1.76],
  epsilon_plus_mu_392 = [10.96],
  epsilon_plus_mu_393 = [8.30],
  epsilon_plus_mu_394 = [8.23],
  epsilon_plus_mu_395 = [2.67],
  epsilon_plus_mu_401 = [1.79],
  epsilon_plus_mu_402 = [15.00],
  epsilon_plus_mu_403 = [12.41],
  epsilon_plus_mu_404 = [9.06],
  epsilon_plus_mu_405 = [4.74],
]

Epsilon - ¦Ì_{jk} = [
  epsilon_minus_mu_11 = [-4.22],
  epsilon_minus_mu_12 = [-1.99],
  epsilon_minus_mu_13 = [-4.22],
  epsilon_minus_mu_14 = [-3.93],
  epsilon_minus_mu_15 = [-0.60],
  epsilon_minus_mu_21 = [-4.96],
  epsilon_minus_mu_22 = [-2.73],
  epsilon_minus_mu_23 = [-2.69],
  epsilon_minus_mu_24 = [-0.61],
  epsilon_minus_mu_25 = [-3.46],
  epsilon_minus_mu_31 = [-2.24],
  epsilon_minus_mu_32 = [-2.07],
  epsilon_minus_mu_33 = [-4.38],
  epsilon_minus_mu_34 = [-1.08],
  epsilon_minus_mu_35 = [-0.59],
  epsilon_minus_mu_41 = [-2.82],
  epsilon_minus_mu_42 = [-2.68],
  epsilon_minus_mu_43 = [-3.50],
  epsilon_minus_mu_44 = [-4.85],
  epsilon_minus_mu_45 = [-4.27],
  epsilon_minus_mu_51 = [-1.55],
  epsilon_minus_mu_52 = [-3.46],
  epsilon_minus_mu_53 = [-2.99],
  epsilon_minus_mu_54 = [-3.29],
  epsilon_minus_mu_55 = [-0.95],
  epsilon_minus_mu_61 = [-0.95],
  epsilon_minus_mu_62 = [-4.09],
  epsilon_minus_mu_63 = [-0.60],
  epsilon_minus_mu_64 = [-1.28],
  epsilon_minus_mu_65 = [-5.06],
  epsilon_minus_mu_71 = [-2.37],
  epsilon_minus_mu_72 = [-1.50],
  epsilon_minus_mu_73 = [-2.31],
  epsilon_minus_mu_74 = [-2.60],
  epsilon_minus_mu_75 = [-1.64],
  epsilon_minus_mu_81 = [-3.40],
  epsilon_minus_mu_82 = [-5.63],
  epsilon_minus_mu_83 = [-1.67],
  epsilon_minus_mu_84 = [-4.52],
  epsilon_minus_mu_85 = [-1.56],
  epsilon_minus_mu_91 = [-3.24],
  epsilon_minus_mu_92 = [-3.71],
  epsilon_minus_mu_93 = [-3.27],
  epsilon_minus_mu_94 = [-2.01],
  epsilon_minus_mu_95 = [-0.54],
  epsilon_minus_mu_101 = [-3.68],
  epsilon_minus_mu_102 = [-4.72],
  epsilon_minus_mu_103 = [-3.70],
  epsilon_minus_mu_104 = [-4.83],
  epsilon_minus_mu_105 = [-3.39],
  epsilon_minus_mu_111 = [-3.50],
  epsilon_minus_mu_112 = [-5.10],
  epsilon_minus_mu_113 = [-3.54],
  epsilon_minus_mu_114 = [-2.31],
  epsilon_minus_mu_115 = [-3.16],
  epsilon_minus_mu_121 = [-4.08],
  epsilon_minus_mu_122 = [-4.03],
  epsilon_minus_mu_123 = [-3.64],
  epsilon_minus_mu_124 = [-3.90],
  epsilon_minus_mu_125 = [-0.59],
  epsilon_minus_mu_131 = [-1.47],
  epsilon_minus_mu_132 = [-1.34],
  epsilon_minus_mu_133 = [-4.43],
  epsilon_minus_mu_134 = [-1.11],
  epsilon_minus_mu_135 = [-4.84],
  epsilon_minus_mu_141 = [-2.82],
  epsilon_minus_mu_142 = [-4.37],
  epsilon_minus_mu_143 = [-0.57],
  epsilon_minus_mu_144 = [-0.55],
  epsilon_minus_mu_145 = [-4.71],
  epsilon_minus_mu_151 = [-2.82],
  epsilon_minus_mu_152 = [-4.15],
  epsilon_minus_mu_153 = [-4.88],
  epsilon_minus_mu_154 = [-3.55],
  epsilon_minus_mu_155 = [-3.26],
  epsilon_minus_mu_161 = [-3.04],
  epsilon_minus_mu_162 = [-4.94],
  epsilon_minus_mu_163 = [-3.70],
  epsilon_minus_mu_164 = [-4.62],
  epsilon_minus_mu_165 = [-2.73],
  epsilon_minus_mu_171 = [-2.24],
  epsilon_minus_mu_172 = [-4.26],
  epsilon_minus_mu_173 = [-4.45],
  epsilon_minus_mu_174 = [-0.59],
  epsilon_minus_mu_175 = [-3.99],
  epsilon_minus_mu_181 = [-0.60],
  epsilon_minus_mu_182 = [-4.53],
  epsilon_minus_mu_183 = [-4.14],
  epsilon_minus_mu_184 = [-3.35],
  epsilon_minus_mu_185 = [-4.69],
  epsilon_minus_mu_191 = [-5.60],
  epsilon_minus_mu_192 = [-2.91],
  epsilon_minus_mu_193 = [-2.20],
  epsilon_minus_mu_194 = [-2.50],
  epsilon_minus_mu_195 = [-1.01],
  epsilon_minus_mu_201 = [-4.72],
  epsilon_minus_mu_202 = [-2.26],
  epsilon_minus_mu_203 = [-2.86],
  epsilon_minus_mu_204 = [-1.98],
  epsilon_minus_mu_205 = [-0.56],
  epsilon_minus_mu_211 = [-0.58],
  epsilon_minus_mu_212 = [-4.46],
  epsilon_minus_mu_213 = [-1.68],
  epsilon_minus_mu_214 = [-3.14],
  epsilon_minus_mu_215 = [-2.65],
  epsilon_minus_mu_221 = [-1.08],
  epsilon_minus_mu_222 = [-2.17],
  epsilon_minus_mu_223 = [-1.59],
  epsilon_minus_mu_224 = [-4.26],
  epsilon_minus_mu_225 = [-1.57],
  epsilon_minus_mu_231 = [-3.45],
  epsilon_minus_mu_232 = [-0.54],
  epsilon_minus_mu_233 = [-3.74],
  epsilon_minus_mu_234 = [-2.52],
  epsilon_minus_mu_235 = [-1.39],
  epsilon_minus_mu_241 = [-2.50],
  epsilon_minus_mu_242 = [-3.26],
  epsilon_minus_mu_243 = [-4.68],
  epsilon_minus_mu_244 = [-3.16],
  epsilon_minus_mu_245 = [-5.21],
  epsilon_minus_mu_251 = [-3.60],
  epsilon_minus_mu_252 = [-4.81],
  epsilon_minus_mu_253 = [-2.25],
  epsilon_minus_mu_254 = [-4.82],
  epsilon_minus_mu_255 = [-2.61],
  epsilon_minus_mu_261 = [-5.51],
  epsilon_minus_mu_262 = [-1.97],
  epsilon_minus_mu_263 = [-3.47],
  epsilon_minus_mu_264 = [-2.44],
  epsilon_minus_mu_265 = [-4.86],
  epsilon_minus_mu_271 = [-3.21],
  epsilon_minus_mu_272 = [-4.08],
  epsilon_minus_mu_273 = [-2.10],
  epsilon_minus_mu_274 = [-4.85],
  epsilon_minus_mu_275 = [-4.67],
  epsilon_minus_mu_281 = [-4.40],
  epsilon_minus_mu_282 = [-4.44],
  epsilon_minus_mu_283 = [-3.00],
  epsilon_minus_mu_284 = [-5.06],
  epsilon_minus_mu_285 = [-1.49],
  epsilon_minus_mu_291 = [-4.09],
  epsilon_minus_mu_292 = [-1.64],
  epsilon_minus_mu_293 = [-4.59],
  epsilon_minus_mu_294 = [-1.01],
  epsilon_minus_mu_295 = [-1.54],
  epsilon_minus_mu_301 = [-1.59],
  epsilon_minus_mu_302 = [-3.97],
  epsilon_minus_mu_303 = [-3.62],
  epsilon_minus_mu_304 = [-2.91],
  epsilon_minus_mu_305 = [-4.75],
  epsilon_minus_mu_311 = [-5.03],
  epsilon_minus_mu_312 = [-0.57],
  epsilon_minus_mu_313 = [-0.59],
  epsilon_minus_mu_314 = [-1.61],
  epsilon_minus_mu_315 = [-3.02],
  epsilon_minus_mu_321 = [-3.13],
  epsilon_minus_mu_322 = [-0.58],
  epsilon_minus_mu_323 = [-1.45],
  epsilon_minus_mu_324 = [-3.54],
  epsilon_minus_mu_325 = [-5.48],
  epsilon_minus_mu_331 = [-4.42],
  epsilon_minus_mu_332 = [-4.27],
  epsilon_minus_mu_333 = [-2.09],
  epsilon_minus_mu_334 = [-5.16],
  epsilon_minus_mu_335 = [-1.10],
  epsilon_minus_mu_341 = [-3.95],
  epsilon_minus_mu_342 = [-1.06],
  epsilon_minus_mu_343 = [-4.07],
  epsilon_minus_mu_344 = [-1.09],
  epsilon_minus_mu_345 = [-1.02],
  epsilon_minus_mu_351 = [-0.62],
  epsilon_minus_mu_352 = [-2.51],
  epsilon_minus_mu_353 = [-0.56],
  epsilon_minus_mu_354 = [-1.97],
  epsilon_minus_mu_355 = [-0.59],
  epsilon_minus_mu_361 = [-3.52],
  epsilon_minus_mu_362 = [-4.04],
  epsilon_minus_mu_363 = [-4.53],
  epsilon_minus_mu_364 = [-4.09],
  epsilon_minus_mu_365 = [-3.71],
  epsilon_minus_mu_371 = [-2.20],
  epsilon_minus_mu_372 = [-0.95],
  epsilon_minus_mu_373 = [-3.50],
  epsilon_minus_mu_374 = [-4.20],
  epsilon_minus_mu_375 = [-3.30],
  epsilon_minus_mu_381 = [-4.18],
  epsilon_minus_mu_382 = [-0.57],
  epsilon_minus_mu_383 = [-1.14],
  epsilon_minus_mu_384 = [-1.52],
  epsilon_minus_mu_385 = [-4.42],
  epsilon_minus_mu_391 = [-0.59],
  epsilon_minus_mu_392 = [-3.65],
  epsilon_minus_mu_393 = [-2.77],
  epsilon_minus_mu_394 = [-2.74],
  epsilon_minus_mu_395 = [-0.89],
  epsilon_minus_mu_401 = [-0.60],
  epsilon_minus_mu_402 = [-5.00],
  epsilon_minus_mu_403 = [-4.14],
  epsilon_minus_mu_404 = [-3.02],
  epsilon_minus_mu_405 = [-1.58],
]

Sigma + ¦Ó_{jk} = [
  sigma_plus_tau_11 = [6.20],
  sigma_plus_tau_12 = [1.64],
  sigma_plus_tau_13 = [7.03],
  sigma_plus_tau_14 = [1.53],
  sigma_plus_tau_15 = [7.22],
  sigma_plus_tau_21 = [8.62],
  sigma_plus_tau_22 = [1.41],
  sigma_plus_tau_23 = [7.14],
  sigma_plus_tau_24 = [8.09],
  sigma_plus_tau_25 = [1.50],
  sigma_plus_tau_31 = [1.55],
  sigma_plus_tau_32 = [7.30],
  sigma_plus_tau_33 = [1.52],
  sigma_plus_tau_34 = [4.75],
  sigma_plus_tau_35 = [1.60],
  sigma_plus_tau_41 = [4.24],
  sigma_plus_tau_42 = [1.34],
  sigma_plus_tau_43 = [3.34],
  sigma_plus_tau_44 = [4.18],
  sigma_plus_tau_45 = [6.52],
  sigma_plus_tau_51 = [4.77],
  sigma_plus_tau_52 = [5.43],
  sigma_plus_tau_53 = [5.25],
  sigma_plus_tau_54 = [2.84],
  sigma_plus_tau_55 = [1.66],
  sigma_plus_tau_61 = [2.96],
  sigma_plus_tau_62 = [5.17],
  sigma_plus_tau_63 = [1.68],
  sigma_plus_tau_64 = [4.51],
  sigma_plus_tau_65 = [7.40],
  sigma_plus_tau_71 = [4.76],
  sigma_plus_tau_72 = [1.57],
  sigma_plus_tau_73 = [5.28],
  sigma_plus_tau_74 = [7.50],
  sigma_plus_tau_75 = [8.04],
  sigma_plus_tau_81 = [5.34],
  sigma_plus_tau_82 = [4.91],
  sigma_plus_tau_83 = [3.02],
  sigma_plus_tau_84 = [2.65],
  sigma_plus_tau_85 = [3.02],
  sigma_plus_tau_91 = [8.00],
  sigma_plus_tau_92 = [2.96],
  sigma_plus_tau_93 = [7.05],
  sigma_plus_tau_94 = [1.59],
  sigma_plus_tau_95 = [5.75],
  sigma_plus_tau_101 = [2.91],
  sigma_plus_tau_102 = [4.24],
  sigma_plus_tau_103 = [1.55],
  sigma_plus_tau_104 = [5.88],
  sigma_plus_tau_105 = [4.84],
  sigma_plus_tau_111 = [2.85],
  sigma_plus_tau_112 = [3.41],
  sigma_plus_tau_113 = [4.57],
  sigma_plus_tau_114 = [3.07],
  sigma_plus_tau_115 = [1.70],
  sigma_plus_tau_121 = [6.23],
  sigma_plus_tau_122 = [6.60],
  sigma_plus_tau_123 = [4.66],
  sigma_plus_tau_124 = [2.85],
  sigma_plus_tau_125 = [8.41],
  sigma_plus_tau_131 = [1.45],
  sigma_plus_tau_132 = [5.93],
  sigma_plus_tau_133 = [4.80],
  sigma_plus_tau_134 = [6.35],
  sigma_plus_tau_135 = [3.10],
  sigma_plus_tau_141 = [1.53],
  sigma_plus_tau_142 = [4.43],
  sigma_plus_tau_143 = [6.69],
  sigma_plus_tau_144 = [5.48],
  sigma_plus_tau_145 = [6.06],
  sigma_plus_tau_151 = [6.14],
  sigma_plus_tau_152 = [6.39],
  sigma_plus_tau_153 = [1.54],
  sigma_plus_tau_154 = [2.89],
  sigma_plus_tau_155 = [7.42],
  sigma_plus_tau_161 = [4.97],
  sigma_plus_tau_162 = [2.93],
  sigma_plus_tau_163 = [4.76],
  sigma_plus_tau_164 = [7.71],
  sigma_plus_tau_165 = [1.37],
  sigma_plus_tau_171 = [4.50],
  sigma_plus_tau_172 = [1.50],
  sigma_plus_tau_173 = [1.48],
  sigma_plus_tau_174 = [4.21],
  sigma_plus_tau_175 = [1.45],
  sigma_plus_tau_181 = [4.56],
  sigma_plus_tau_182 = [4.02],
  sigma_plus_tau_183 = [3.26],
  sigma_plus_tau_184 = [5.14],
  sigma_plus_tau_185 = [3.03],
  sigma_plus_tau_191 = [8.03],
  sigma_plus_tau_192 = [7.79],
  sigma_plus_tau_193 = [3.10],
  sigma_plus_tau_194 = [7.70],
  sigma_plus_tau_195 = [5.10],
  sigma_plus_tau_201 = [1.70],
  sigma_plus_tau_202 = [5.08],
  sigma_plus_tau_203 = [2.94],
  sigma_plus_tau_204 = [5.85],
  sigma_plus_tau_205 = [7.11],
  sigma_plus_tau_211 = [5.87],
  sigma_plus_tau_212 = [1.54],
  sigma_plus_tau_213 = [3.06],
  sigma_plus_tau_214 = [1.64],
  sigma_plus_tau_215 = [1.56],
  sigma_plus_tau_221 = [3.10],
  sigma_plus_tau_222 = [7.52],
  sigma_plus_tau_223 = [8.09],
  sigma_plus_tau_224 = [3.03],
  sigma_plus_tau_225 = [8.05],
  sigma_plus_tau_231 = [1.53],
  sigma_plus_tau_232 = [3.34],
  sigma_plus_tau_233 = [1.70],
  sigma_plus_tau_234 = [4.11],
  sigma_plus_tau_235 = [4.51],
  sigma_plus_tau_241 = [3.01],
  sigma_plus_tau_242 = [7.77],
  sigma_plus_tau_243 = [5.46],
  sigma_plus_tau_244 = [4.56],
  sigma_plus_tau_245 = [1.59],
  sigma_plus_tau_251 = [4.76],
  sigma_plus_tau_252 = [5.89],
  sigma_plus_tau_253 = [3.02],
  sigma_plus_tau_254 = [1.64],
  sigma_plus_tau_255 = [4.25],
  sigma_plus_tau_261 = [5.42],
  sigma_plus_tau_262 = [1.46],
  sigma_plus_tau_263 = [4.67],
  sigma_plus_tau_264 = [7.82],
  sigma_plus_tau_265 = [6.16],
  sigma_plus_tau_271 = [7.92],
  sigma_plus_tau_272 = [6.09],
  sigma_plus_tau_273 = [5.07],
  sigma_plus_tau_274 = [7.17],
  sigma_plus_tau_275 = [4.60],
  sigma_plus_tau_281 = [1.48],
  sigma_plus_tau_282 = [6.47],
  sigma_plus_tau_283 = [3.96],
  sigma_plus_tau_284 = [7.82],
  sigma_plus_tau_285 = [3.39],
  sigma_plus_tau_291 = [6.28],
  sigma_plus_tau_292 = [5.02],
  sigma_plus_tau_293 = [1.44],
  sigma_plus_tau_294 = [1.82],
  sigma_plus_tau_295 = [4.82],
  sigma_plus_tau_301 = [5.55],
  sigma_plus_tau_302 = [4.90],
  sigma_plus_tau_303 = [4.92],
  sigma_plus_tau_304 = [4.62],
  sigma_plus_tau_305 = [6.51],
  sigma_plus_tau_311 = [3.28],
  sigma_plus_tau_312 = [6.30],
  sigma_plus_tau_313 = [1.47],
  sigma_plus_tau_314 = [5.97],
  sigma_plus_tau_315 = [5.01],
  sigma_plus_tau_321 = [6.45],
  sigma_plus_tau_322 = [7.30],
  sigma_plus_tau_323 = [1.53],
  sigma_plus_tau_324 = [7.11],
  sigma_plus_tau_325 = [7.78],
  sigma_plus_tau_331 = [8.38],
  sigma_plus_tau_332 = [3.14],
  sigma_plus_tau_333 = [1.60],
  sigma_plus_tau_334 = [7.12],
  sigma_plus_tau_335 = [1.42],
  sigma_plus_tau_341 = [1.42],
  sigma_plus_tau_342 = [7.52],
  sigma_plus_tau_343 = [5.49],
  sigma_plus_tau_344 = [1.62],
  sigma_plus_tau_345 = [7.57],
  sigma_plus_tau_351 = [1.76],
  sigma_plus_tau_352 = [8.47],
  sigma_plus_tau_353 = [5.74],
  sigma_plus_tau_354 = [5.68],
  sigma_plus_tau_355 = [3.05],
  sigma_plus_tau_361 = [6.21],
  sigma_plus_tau_362 = [7.44],
  sigma_plus_tau_363 = [3.00],
  sigma_plus_tau_364 = [5.61],
  sigma_plus_tau_365 = [5.99],
  sigma_plus_tau_371 = [7.95],
  sigma_plus_tau_372 = [8.55],
  sigma_plus_tau_373 = [5.55],
  sigma_plus_tau_374 = [8.12],
  sigma_plus_tau_375 = [3.35],
  sigma_plus_tau_381 = [4.78],
  sigma_plus_tau_382 = [7.69],
  sigma_plus_tau_383 = [6.16],
  sigma_plus_tau_384 = [7.88],
  sigma_plus_tau_385 = [6.41],
  sigma_plus_tau_391 = [4.70],
  sigma_plus_tau_392 = [5.52],
  sigma_plus_tau_393 = [5.64],
  sigma_plus_tau_394 = [7.70],
  sigma_plus_tau_395 = [7.43],
  sigma_plus_tau_401 = [1.69],
  sigma_plus_tau_402 = [4.26],
  sigma_plus_tau_403 = [4.48],
  sigma_plus_tau_404 = [7.31],
  sigma_plus_tau_405 = [1.62],
]

Sigma - ¦Ó_{jk} = [
  sigma_minus_tau_11 = [-2.07],
  sigma_minus_tau_12 = [-0.55],
  sigma_minus_tau_13 = [-2.34],
  sigma_minus_tau_14 = [-0.51],
  sigma_minus_tau_15 = [-2.41],
  sigma_minus_tau_21 = [-2.87],
  sigma_minus_tau_22 = [-0.47],
  sigma_minus_tau_23 = [-2.38],
  sigma_minus_tau_24 = [-2.70],
  sigma_minus_tau_25 = [-0.50],
  sigma_minus_tau_31 = [-0.52],
  sigma_minus_tau_32 = [-2.43],
  sigma_minus_tau_33 = [-0.51],
  sigma_minus_tau_34 = [-1.58],
  sigma_minus_tau_35 = [-0.53],
  sigma_minus_tau_41 = [-1.41],
  sigma_minus_tau_42 = [-0.45],
  sigma_minus_tau_43 = [-1.11],
  sigma_minus_tau_44 = [-1.39],
  sigma_minus_tau_45 = [-2.17],
  sigma_minus_tau_51 = [-1.59],
  sigma_minus_tau_52 = [-1.81],
  sigma_minus_tau_53 = [-1.75],
  sigma_minus_tau_54 = [-0.95],
  sigma_minus_tau_55 = [-0.55],
  sigma_minus_tau_61 = [-0.99],
  sigma_minus_tau_62 = [-1.72],
  sigma_minus_tau_63 = [-0.56],
  sigma_minus_tau_64 = [-1.50],
  sigma_minus_tau_65 = [-2.47],
  sigma_minus_tau_71 = [-1.59],
  sigma_minus_tau_72 = [-0.52],
  sigma_minus_tau_73 = [-1.76],
  sigma_minus_tau_74 = [-2.50],
  sigma_minus_tau_75 = [-2.68],
  sigma_minus_tau_81 = [-1.78],
  sigma_minus_tau_82 = [-1.64],
  sigma_minus_tau_83 = [-1.01],
  sigma_minus_tau_84 = [-0.88],
  sigma_minus_tau_85 = [-1.01],
  sigma_minus_tau_91 = [-2.67],
  sigma_minus_tau_92 = [-0.99],
  sigma_minus_tau_93 = [-2.35],
  sigma_minus_tau_94 = [-0.53],
  sigma_minus_tau_95 = [-1.92],
  sigma_minus_tau_101 = [-0.97],
  sigma_minus_tau_102 = [-1.41],
  sigma_minus_tau_103 = [-0.52],
  sigma_minus_tau_104 = [-1.96],
  sigma_minus_tau_105 = [-1.61],
  sigma_minus_tau_111 = [-0.95],
  sigma_minus_tau_112 = [-1.14],
  sigma_minus_tau_113 = [-1.52],
  sigma_minus_tau_114 = [-1.02],
  sigma_minus_tau_115 = [-0.57],
  sigma_minus_tau_121 = [-2.08],
  sigma_minus_tau_122 = [-2.20],
  sigma_minus_tau_123 = [-1.55],
  sigma_minus_tau_124 = [-0.95],
  sigma_minus_tau_125 = [-2.80],
  sigma_minus_tau_131 = [-0.48],
  sigma_minus_tau_132 = [-1.98],
  sigma_minus_tau_133 = [-1.60],
  sigma_minus_tau_134 = [-2.12],
  sigma_minus_tau_135 = [-1.03],
  sigma_minus_tau_141 = [-0.51],
  sigma_minus_tau_142 = [-1.48],
  sigma_minus_tau_143 = [-2.23],
  sigma_minus_tau_144 = [-1.83],
  sigma_minus_tau_145 = [-2.02],
  sigma_minus_tau_151 = [-2.05],
  sigma_minus_tau_152 = [-2.13],
  sigma_minus_tau_153 = [-0.51],
  sigma_minus_tau_154 = [-0.96],
  sigma_minus_tau_155 = [-2.47],
  sigma_minus_tau_161 = [-1.66],
  sigma_minus_tau_162 = [-0.98],
  sigma_minus_tau_163 = [-1.59],
  sigma_minus_tau_164 = [-2.57],
  sigma_minus_tau_165 = [-0.46],
  sigma_minus_tau_171 = [-1.50],
  sigma_minus_tau_172 = [-0.50],
  sigma_minus_tau_173 = [-0.49],
  sigma_minus_tau_174 = [-1.40],
  sigma_minus_tau_175 = [-0.48],
  sigma_minus_tau_181 = [-1.52],
  sigma_minus_tau_182 = [-1.34],
  sigma_minus_tau_183 = [-1.09],
  sigma_minus_tau_184 = [-1.71],
  sigma_minus_tau_185 = [-1.01],
  sigma_minus_tau_191 = [-2.68],
  sigma_minus_tau_192 = [-2.60],
  sigma_minus_tau_193 = [-1.03],
  sigma_minus_tau_194 = [-2.57],
  sigma_minus_tau_195 = [-1.70],
  sigma_minus_tau_201 = [-0.57],
  sigma_minus_tau_202 = [-1.69],
  sigma_minus_tau_203 = [-0.98],
  sigma_minus_tau_204 = [-1.95],
  sigma_minus_tau_205 = [-2.37],
  sigma_minus_tau_211 = [-1.96],
  sigma_minus_tau_212 = [-0.51],
  sigma_minus_tau_213 = [-1.02],
  sigma_minus_tau_214 = [-0.55],
  sigma_minus_tau_215 = [-0.52],
  sigma_minus_tau_221 = [-1.03],
  sigma_minus_tau_222 = [-2.51],
  sigma_minus_tau_223 = [-2.70],
  sigma_minus_tau_224 = [-1.01],
  sigma_minus_tau_225 = [-2.68],
  sigma_minus_tau_231 = [-0.51],
  sigma_minus_tau_232 = [-1.11],
  sigma_minus_tau_233 = [-0.57],
  sigma_minus_tau_234 = [-1.37],
  sigma_minus_tau_235 = [-1.50],
  sigma_minus_tau_241 = [-1.00],
  sigma_minus_tau_242 = [-2.59],
  sigma_minus_tau_243 = [-1.82],
  sigma_minus_tau_244 = [-1.52],
  sigma_minus_tau_245 = [-0.53],
  sigma_minus_tau_251 = [-1.59],
  sigma_minus_tau_252 = [-1.96],
  sigma_minus_tau_253 = [-1.01],
  sigma_minus_tau_254 = [-0.55],
  sigma_minus_tau_255 = [-1.42],
  sigma_minus_tau_261 = [-1.81],
  sigma_minus_tau_262 = [-0.49],
  sigma_minus_tau_263 = [-1.56],
  sigma_minus_tau_264 = [-2.61],
  sigma_minus_tau_265 = [-2.05],
  sigma_minus_tau_271 = [-2.64],
  sigma_minus_tau_272 = [-2.03],
  sigma_minus_tau_273 = [-1.69],
  sigma_minus_tau_274 = [-2.39],
  sigma_minus_tau_275 = [-1.53],
  sigma_minus_tau_281 = [-0.49],
  sigma_minus_tau_282 = [-2.16],
  sigma_minus_tau_283 = [-1.32],
  sigma_minus_tau_284 = [-2.61],
  sigma_minus_tau_285 = [-1.13],
  sigma_minus_tau_291 = [-2.09],
  sigma_minus_tau_292 = [-1.67],
  sigma_minus_tau_293 = [-0.48],
  sigma_minus_tau_294 = [-0.61],
  sigma_minus_tau_295 = [-1.61],
  sigma_minus_tau_301 = [-1.85],
  sigma_minus_tau_302 = [-1.63],
  sigma_minus_tau_303 = [-1.64],
  sigma_minus_tau_304 = [-1.54],
  sigma_minus_tau_305 = [-2.17],
  sigma_minus_tau_311 = [-1.09],
  sigma_minus_tau_312 = [-2.10],
  sigma_minus_tau_313 = [-0.49],
  sigma_minus_tau_314 = [-1.99],
  sigma_minus_tau_315 = [-1.67],
  sigma_minus_tau_321 = [-2.15],
  sigma_minus_tau_322 = [-2.43],
  sigma_minus_tau_323 = [-0.51],
  sigma_minus_tau_324 = [-2.37],
  sigma_minus_tau_325 = [-2.59],
  sigma_minus_tau_331 = [-2.79],
  sigma_minus_tau_332 = [-1.05],
  sigma_minus_tau_333 = [-0.53],
  sigma_minus_tau_334 = [-2.37],
  sigma_minus_tau_335 = [-0.47],
  sigma_minus_tau_341 = [-0.47],
  sigma_minus_tau_342 = [-2.51],
  sigma_minus_tau_343 = [-1.83],
  sigma_minus_tau_344 = [-0.54],
  sigma_minus_tau_345 = [-2.52],
  sigma_minus_tau_351 = [-0.59],
  sigma_minus_tau_352 = [-2.82],
  sigma_minus_tau_353 = [-1.91],
  sigma_minus_tau_354 = [-1.89],
  sigma_minus_tau_355 = [-1.02],
  sigma_minus_tau_361 = [-2.07],
  sigma_minus_tau_362 = [-2.48],
  sigma_minus_tau_363 = [-1.00],
  sigma_minus_tau_364 = [-1.87],
  sigma_minus_tau_365 = [-2.00],
  sigma_minus_tau_371 = [-2.65],
  sigma_minus_tau_372 = [-2.85],
  sigma_minus_tau_373 = [-1.85],
  sigma_minus_tau_374 = [-2.71],
  sigma_minus_tau_375 = [-1.12],
  sigma_minus_tau_381 = [-1.59],
  sigma_minus_tau_382 = [-2.56],
  sigma_minus_tau_383 = [-2.05],
  sigma_minus_tau_384 = [-2.63],
  sigma_minus_tau_385 = [-2.14],
  sigma_minus_tau_391 = [-1.57],
  sigma_minus_tau_392 = [-1.84],
  sigma_minus_tau_393 = [-1.88],
  sigma_minus_tau_394 = [-2.57],
  sigma_minus_tau_395 = [-2.48],
  sigma_minus_tau_401 = [-0.56],
  sigma_minus_tau_402 = [-1.42],
  sigma_minus_tau_403 = [-1.49],
  sigma_minus_tau_404 = [-2.44],
  sigma_minus_tau_405 = [-0.54],
]

Probabilities (p_s) = [
0.05, 0.05, 0.05, 0.05, 0.05, 0.05, 0.05, 0.05, 0.05, 0.05, 0.05, 0.05, 0.05, 0.05, 0.05, 0.05, 0.05, 0.05, 0.05, 0.05
]

c_bar = 5.87
