Jobs = 40
Machines = 5
Scenarios = 20

Ready Times (rj) = [
0.00, 0.00, 0.00, 0.00, 0.00, 0.00, 0.00, 0.00, 0.00, 0.00, 0.00, 0.00, 0.00, 0.00, 0.00, 0.00, 0.00, 0.00, 0.00, 0.00, 0.00, 0.00, 0.00, 0.00, 0.00, 0.00, 0.00, 0.00, 0.00, 0.00, 0.00, 0.00, 0.00, 0.00, 0.00, 0.00, 0.00, 0.00, 0.00, 0.00
]

Transportation Times (tjk^s) = [
  tjk_11 = [0.73, 0.85, 0.82, 1.03, 0.63, 0.84, 0.58, 0.86, 1.32, 1.02, 0.62, 1.16, 1.31, 1.80, 1.33, 0.55, 0.62, 1.54, 0.92, 0.67],
  tjk_12 = [7.57, 6.34, 5.83, 6.23, 4.24, 5.32, 5.48, 5.45, 7.91, 3.75, 6.20, 4.41, 4.49, 2.99, 5.48, 6.84, 7.88, 2.92, 6.51, 1.94],
  tjk_13 = [1.22, 1.59, 1.38, 3.71, 2.11, 1.59, 2.23, 2.32, 1.84, 1.97, 1.65, 1.00, 1.32, 2.98, 1.20, 2.12, 2.39, 1.53, 2.02, 1.52],
  tjk_14 = [2.79, 3.34, 3.34, 2.50, 2.15, 2.70, 1.38, 2.84, 3.32, 2.74, 2.13, 2.13, 2.02, 2.54, 7.35, 1.83, 2.87, 3.28, 3.01, 2.41],
  tjk_15 = [4.72, 4.08, 2.71, 1.55, 5.47, 2.33, 4.86, 3.89, 3.85, 1.87, 3.84, 2.37, 3.74, 2.79, 2.78, 7.07, 2.65, 2.53, 2.26, 3.24],
  tjk_21 = [1.02, 1.15, 0.88, 0.71, 0.55, 1.10, 1.49, 0.90, 0.62, 0.88, 1.26, 1.67, 0.89, 1.10, 1.17, 0.76, 1.48, 0.47, 0.70, 1.13],
  tjk_22 = [1.31, 2.09, 1.91, 1.74, 1.85, 2.58, 1.90, 2.91, 1.47, 2.57, 3.09, 2.14, 1.90, 2.64, 2.00, 1.74, 1.19, 1.90, 1.32, 1.24],
  tjk_23 = [0.98, 1.47, 0.71, 1.21, 1.08, 0.59, 1.28, 0.72, 0.96, 1.02, 0.92, 1.25, 1.07, 1.01, 1.22, 0.70, 1.14, 0.95, 1.40, 1.29],
  tjk_24 = [4.79, 2.76, 8.01, 3.09, 5.16, 6.61, 3.53, 3.80, 2.74, 3.32, 4.66, 6.37, 4.37, 3.59, 4.40, 4.52, 5.72, 4.98, 4.59, 5.01],
  tjk_25 = [2.74, 1.87, 1.93, 1.49, 2.33, 1.81, 2.33, 1.61, 2.45, 2.03, 2.47, 2.62, 0.73, 1.89, 1.84, 1.72, 1.62, 1.26, 2.18, 1.74],
  tjk_31 = [4.58, 3.32, 4.39, 2.85, 4.73, 2.44, 3.14, 2.49, 5.09, 2.89, 2.65, 4.31, 2.62, 4.27, 8.60, 5.91, 3.83, 3.27, 2.23, 3.16],
  tjk_32 = [4.55, 3.04, 4.14, 3.75, 4.10, 4.10, 4.81, 2.59, 3.44, 7.70, 4.27, 5.97, 4.67, 4.23, 3.29, 3.88, 4.09, 4.68, 5.67, 6.03],
  tjk_33 = [0.95, 3.72, 6.69, 4.22, 4.40, 3.74, 5.00, 5.77, 3.03, 4.51, 4.56, 5.09, 13.44, 6.52, 5.04, 3.46, 4.47, 4.88, 1.75, 4.83],
  tjk_34 = [3.45, 3.40, 4.30, 3.57, 4.45, 3.15, 4.18, 4.50, 3.04, 2.90, 5.61, 2.37, 5.24, 2.76, 5.96, 2.86, 2.34, 6.90, 5.54, 4.25],
  tjk_35 = [6.06, 5.50, 7.43, 5.62, 6.03, 6.51, 4.34, 3.81, 4.03, 5.83, 3.58, 7.13, 2.43, 4.96, 5.11, 4.14, 7.51, 6.14, 3.35, 4.42],
  tjk_41 = [2.22, 1.38, 1.79, 2.97, 2.42, 2.20, 3.15, 2.73, 2.75, 1.81, 1.31, 1.97, 2.19, 2.53, 1.99, 1.53, 2.23, 1.55, 1.83, 0.78],
  tjk_42 = [2.20, 1.63, 2.22, 1.38, 1.05, 2.19, 2.78, 1.81, 2.01, 1.48, 1.76, 1.83, 1.90, 1.86, 3.17, 1.74, 2.20, 2.56, 0.96, 1.47],
  tjk_43 = [2.82, 1.30, 3.27, 2.00, 1.47, 1.76, 2.10, 1.58, 1.81, 1.72, 1.76, 2.75, 3.23, 1.92, 1.55, 2.62, 2.49, 3.35, 1.75, 1.66],
  tjk_44 = [5.47, 5.35, 5.42, 5.34, 6.34, 3.14, 4.42, 5.12, 7.89, 4.32, 3.33, 4.99, 4.32, 3.87, 6.11, 3.62, 6.67, 2.44, 6.17, 5.00],
  tjk_45 = [2.74, 3.96, 3.49, 3.37, 4.10, 3.94, 1.68, 4.35, 6.66, 2.81, 4.38, 4.09, 3.09, 3.78, 6.58, 4.32, 3.45, 3.69, 4.03, 3.61],
  tjk_51 = [7.90, 7.44, 4.43, 3.62, 6.03, 4.12, 4.62, 4.98, 3.36, 3.49, 5.62, 4.11, 4.90, 7.19, 5.56, 6.67, 5.33, 5.41, 3.47, 7.41],
  tjk_52 = [5.40, 4.43, 2.69, 3.84, 4.46, 4.91, 4.87, 4.36, 3.82, 4.05, 4.99, 4.82, 2.73, 3.43, 3.25, 4.58, 2.70, 5.12, 4.42, 0.82],
  tjk_53 = [4.66, 5.96, 4.09, 2.39, 3.71, 6.02, 4.21, 3.39, 5.83, 4.80, 3.37, 5.01, 2.40, 3.05, 4.76, 4.53, 7.26, 2.33, 4.76, 5.82],
  tjk_54 = [5.19, 6.29, 5.77, 2.73, 4.27, 4.99, 6.42, 5.77, 5.76, 3.90, 5.70, 3.83, 6.48, 5.52, 3.54, 10.30, 4.23, 4.42, 4.50, 6.14],
  tjk_55 = [2.81, 1.67, 1.77, 1.74, 2.81, 1.98, 2.87, 1.42, 1.35, 1.93, 1.89, 2.77, 1.45, 2.15, 0.92, 1.40, 1.18, 1.49, 1.98, 2.53],
  tjk_61 = [1.95, 2.32, 2.31, 1.81, 1.90, 2.42, 1.51, 2.13, 2.29, 1.70, 2.82, 2.54, 1.73, 2.37, 1.67, 2.24, 3.48, 3.04, 2.15, 1.97],
  tjk_62 = [2.65, 2.28, 4.76, 2.38, 3.28, 3.89, 3.91, 4.20, 3.68, 3.11, 2.91, 2.77, 2.87, 3.99, 2.90, 2.89, 4.15, 4.06, 4.52, 4.11],
  tjk_63 = [0.67, 1.13, 1.00, 0.64, 1.00, 1.24, 1.33, 1.23, 1.81, 1.07, 1.80, 1.36, 1.16, 0.98, 1.28, 1.25, 0.76, 0.74, 1.15, 0.74],
  tjk_64 = [3.63, 4.73, 4.10, 4.96, 1.63, 2.97, 5.17, 3.98, 3.92, 3.17, 3.60, 3.67, 4.69, 2.90, 4.54, 3.37, 3.13, 2.61, 2.91, 3.27],
  tjk_65 = [4.06, 1.43, 2.86, 3.07, 2.28, 2.50, 1.87, 2.66, 1.77, 2.83, 2.38, 1.56, 1.61, 3.15, 3.19, 2.85, 3.25, 3.27, 2.55, 3.87],
  tjk_71 = [1.00, 0.72, 1.16, 0.79, 1.19, 1.23, 0.94, 0.55, 1.34, 0.80, 0.85, 1.42, 1.10, 1.39, 0.67, 0.98, 0.96, 1.19, 1.05, 0.32],
  tjk_72 = [1.18, 0.67, 0.90, 1.45, 1.05, 1.10, 0.61, 1.02, 0.80, 1.04, 1.01, 0.71, 0.63, 1.40, 1.12, 1.29, 1.12, 0.52, 0.64, 0.76],
  tjk_73 = [1.49, 1.14, 1.04, 1.07, 0.65, 0.66, 0.55, 0.93, 1.33, 0.60, 0.97, 1.04, 1.20, 1.13, 1.23, 1.53, 0.79, 1.87, 0.55, 0.89],
  tjk_74 = [4.53, 4.36, 2.77, 4.83, 5.92, 4.67, 4.00, 4.10, 5.11, 4.36, 6.51, 7.11, 3.87, 3.10, 6.24, 4.70, 5.69, 7.76, 4.13, 5.92],
  tjk_75 = [5.68, 4.80, 5.11, 0.76, 4.71, 4.02, 7.69, 4.55, 6.17, 4.22, 7.38, 5.86, 3.94, 6.43, 6.43, 5.04, 4.78, 3.74, 3.45, 3.66],
  tjk_81 = [2.80, 1.52, 2.10, 1.62, 1.65, 1.96, 3.02, 1.86, 1.08, 3.01, 2.42, 2.12, 1.81, 2.24, 1.72, 2.09, 1.75, 1.88, 2.06, 2.88],
  tjk_82 = [2.31, 7.05, 5.38, 3.77, 4.86, 2.19, 3.81, 3.36, 4.31, 3.86, 2.74, 2.66, 2.09, 3.71, 6.04, 3.17, 5.31, 3.95, 3.93, 3.69],
  tjk_83 = [3.43, 2.73, 2.56, 1.61, 3.12, 3.38, 3.35, 1.88, 3.10, 3.17, 4.72, 2.54, 2.76, 2.91, 3.78, 3.42, 3.19, 2.30, 1.26, 1.41],
  tjk_84 = [5.06, 7.20, 5.17, 5.85, 4.08, 7.80, 5.35, 4.94, 5.03, 5.23, 3.28, 5.05, 5.07, 5.39, 5.64, 8.18, 5.67, 5.56, 5.70, 5.46],
  tjk_85 = [2.00, 2.40, 2.47, 3.01, 1.57, 3.68, 1.99, 2.57, 3.29, 2.49, 2.85, 1.81, 3.67, 2.07, 3.02, 2.08, 3.29, 3.44, 3.48, 3.56],
  tjk_91 = [4.50, 5.07, 7.07, 4.63, 4.74, 5.46, 4.32, 6.22, 6.28, 3.58, 4.76, 4.07, 3.48, 4.85, 3.66, 8.06, 5.13, 4.50, 5.84, 4.18],
  tjk_92 = [2.00, 1.20, 1.74, 3.57, 1.96, 2.68, 1.25, 1.41, 1.74, 2.59, 1.55, 1.43, 3.07, 1.54, 2.11, 1.61, 2.70, 2.42, 2.42, 1.69],
  tjk_93 = [2.65, 1.23, 1.82, 1.83, 2.52, 1.94, 2.39, 1.35, 1.62, 2.50, 1.66, 2.61, 3.36, 2.80, 1.75, 2.09, 1.76, 1.32, 1.95, 2.09],
  tjk_94 = [3.48, 3.50, 4.23, 4.11, 4.10, 5.19, 3.06, 6.30, 3.90, 3.66, 4.24, 3.71, 6.39, 5.02, 6.06, 4.34, 3.78, 3.22, 5.74, 3.05],
  tjk_95 = [3.19, 6.02, 3.66, 3.76, 5.50, 4.01, 4.73, 3.32, 4.14, 6.00, 3.82, 4.88, 5.00, 2.90, 2.46, 2.16, 2.36, 5.39, 6.85, 4.03],
  tjk_101 = [0.84, 1.25, 0.97, 1.07, 1.12, 1.16, 1.36, 0.88, 1.20, 0.99, 1.06, 0.97, 1.63, 1.06, 1.69, 1.20, 0.92, 1.05, 1.14, 1.19],
  tjk_102 = [1.75, 3.03, 2.43, 0.73, 2.01, 4.80, 1.08, 2.38, 1.35, 2.05, 1.89, 1.55, 1.87, 1.40, 1.73, 2.16, 1.70, 2.90, 1.56, 1.60],
  tjk_103 = [0.34, 1.15, 0.86, 0.79, 1.23, 1.19, 1.73, 1.11, 0.76, 0.98, 0.98, 0.87, 1.01, 0.70, 0.77, 0.88, 1.21, 0.90, 1.65, 0.90],
  tjk_104 = [3.00, 3.86, 3.53, 5.36, 3.95, 7.23, 2.54, 4.78, 4.16, 2.69, 3.91, 4.08, 2.66, 4.43, 4.57, 3.20, 3.54, 2.46, 2.97, 4.64],
  tjk_105 = [2.78, 2.14, 2.34, 1.54, 2.45, 1.88, 1.64, 1.64, 3.39, 2.16, 1.73, 1.64, 1.62, 1.63, 3.00, 3.40, 3.05, 1.55, 2.35, 1.77],
  tjk_111 = [4.62, 5.52, 7.25, 5.36, 5.76, 2.59, 6.20, 4.48, 4.64, 4.47, 5.28, 5.23, 5.74, 4.81, 5.31, 6.34, 9.34, 6.17, 4.42, 5.02],
  tjk_112 = [3.17, 5.57, 3.66, 4.23, 6.09, 3.72, 1.22, 4.83, 3.97, 4.35, 3.82, 1.95, 3.28, 3.68, 5.82, 2.85, 3.74, 4.93, 5.87, 5.73],
  tjk_113 = [4.04, 4.22, 4.30, 0.66, 2.83, 4.91, 4.02, 4.04, 4.61, 4.30, 1.65, 3.91, 6.42, 4.18, 4.20, 2.96, 3.98, 6.86, 5.12, 6.96],
  tjk_114 = [4.46, 3.36, 3.62, 3.93, 3.40, 1.90, 1.88, 2.28, 6.63, 4.24, 3.35, 3.12, 2.86, 2.42, 3.97, 2.29, 2.71, 3.31, 4.59, 2.81],
  tjk_115 = [0.85, 1.12, 0.55, 0.80, 1.09, 0.98, 1.25, 0.70, 1.22, 1.08, 1.32, 0.89, 0.55, 1.10, 1.03, 1.70, 1.24, 0.98, 0.86, 0.93],
  tjk_121 = [5.12, 6.03, 3.99, 1.90, 4.52, 3.96, 2.68, 5.04, 4.18, 3.50, 4.77, 2.93, 4.09, 3.36, 4.56, 4.39, 3.89, 4.01, 2.54, 3.89],
  tjk_122 = [0.44, 1.02, 0.99, 1.18, 1.40, 0.87, 0.98, 0.62, 0.83, 1.47, 1.03, 1.00, 1.26, 1.00, 1.06, 1.25, 1.08, 0.74, 0.66, 0.58],
  tjk_123 = [4.89, 2.78, 5.68, 5.29, 4.10, 4.23, 2.18, 3.14, 3.01, 4.73, 3.89, 6.60, 3.13, 3.67, 5.88, 3.80, 2.51, 3.28, 2.57, 3.68],
  tjk_124 = [1.15, 1.23, 0.88, 1.04, 0.57, 1.23, 1.15, 0.71, 0.78, 0.89, 0.75, 1.13, 1.38, 1.31, 0.78, 1.21, 1.10, 0.61, 1.01, 1.05],
  tjk_125 = [1.83, 1.45, 2.85, 1.47, 2.33, 1.70, 2.86, 2.53, 2.03, 2.16, 0.93, 1.72, 0.98, 2.40, 1.72, 2.30, 2.41, 3.12, 2.99, 1.64],
  tjk_131 = [2.61, 4.38, 5.46, 4.62, 3.65, 5.52, 5.04, 4.93, 5.75, 5.10, 3.74, 2.36, 4.42, 2.86, 3.92, 4.21, 5.31, 4.37, 3.80, 5.82],
  tjk_132 = [6.23, 6.12, 3.78, 5.53, 6.68, 6.84, 6.19, 3.31, 6.32, 4.36, 3.04, 6.17, 3.41, 4.80, 2.11, 3.38, 4.21, 4.22, 3.94, 4.40],
  tjk_133 = [4.11, 4.74, 3.68, 3.63, 6.88, 2.90, 5.30, 4.53, 3.44, 3.32, 3.23, 4.36, 4.38, 5.65, 2.47, 4.49, 3.37, 5.78, 1.92, 2.76],
  tjk_134 = [3.75, 5.20, 7.28, 6.43, 3.32, 5.80, 5.60, 7.76, 3.03, 5.77, 5.42, 3.35, 4.35, 4.26, 6.12, 9.23, 5.22, 1.89, 3.85, 6.03],
  tjk_135 = [4.19, 4.54, 4.78, 3.64, 2.74, 2.93, 3.26, 3.32, 3.99, 3.65, 2.93, 5.74, 4.91, 4.08, 3.12, 2.07, 4.64, 4.67, 2.21, 4.36],
  tjk_141 = [4.02, 2.51, 3.69, 3.86, 5.30, 5.54, 6.95, 5.84, 4.50, 6.12, 3.42, 2.93, 8.01, 4.61, 5.04, 5.12, 4.10, 1.33, 5.91, 6.69],
  tjk_142 = [3.93, 5.34, 2.82, 7.41, 5.57, 4.89, 5.00, 3.16, 7.79, 4.93, 5.22, 5.48, 5.00, 3.09, 7.28, 6.35, 5.79, 4.26, 1.82, 6.12],
  tjk_143 = [1.56, 1.12, 1.42, 1.03, 1.07, 0.99, 1.26, 0.70, 1.37, 1.15, 0.69, 0.51, 0.61, 1.15, 0.85, 1.08, 0.48, 1.07, 1.08, 0.63],
  tjk_144 = [3.11, 2.93, 3.29, 3.98, 1.28, 2.05, 3.12, 1.18, 2.66, 2.14, 4.39, 3.11, 3.00, 2.65, 2.50, 3.77, 2.64, 2.71, 2.97, 2.26],
  tjk_145 = [1.26, 0.50, 0.75, 0.85, 0.99, 0.74, 1.15, 0.97, 1.10, 1.43, 1.00, 1.11, 0.85, 0.74, 1.07, 1.05, 0.98, 0.48, 1.23, 0.82],
  tjk_151 = [2.20, 2.56, 1.55, 2.13, 5.82, 2.70, 2.28, 1.51, 2.84, 3.27, 3.06, 1.43, 2.70, 3.69, 3.25, 1.08, 3.00, 3.37, 3.42, 2.19],
  tjk_152 = [1.85, 2.79, 3.13, 3.62, 3.37, 4.49, 2.75, 3.02, 2.53, 2.77, 3.76, 2.99, 3.81, 3.05, 2.52, 3.31, 1.54, 3.38, 2.25, 3.11],
  tjk_153 = [3.39, 7.39, 5.18, 4.21, 3.36, 3.74, 5.37, 5.06, 1.72, 5.27, 3.91, 3.94, 4.00, 4.56, 4.75, 3.95, 4.13, 4.59, 4.80, 5.22],
  tjk_154 = [5.74, 3.91, 3.53, 4.85, 3.84, 4.74, 6.03, 3.73, 5.43, 7.68, 9.07, 3.31, 3.14, 5.61, 5.24, 4.13, 5.47, 3.83, 5.81, 1.46],
  tjk_155 = [3.25, 6.43, 4.89, 2.77, 4.39, 2.58, 3.32, 2.78, 4.77, 1.82, 7.27, 3.33, 2.06, 4.09, 5.14, 3.89, 2.23, 3.75, 5.37, 4.27],
  tjk_161 = [3.97, 4.12, 4.05, 4.30, 2.37, 4.82, 6.60, 2.46, 4.79, 3.71, 4.09, 4.52, 5.27, 5.92, 2.81, 6.09, 1.38, 3.41, 4.58, 3.91],
  tjk_162 = [7.74, 6.15, 6.87, 4.79, 3.70, 5.25, 3.39, 4.23, 6.82, 2.78, 6.77, 6.92, 5.26, 4.07, 3.08, 9.07, 4.07, 5.18, 4.07, 4.18],
  tjk_163 = [5.22, 3.21, 4.65, 4.13, 0.52, 3.79, 2.18, 2.98, 3.30, 3.66, 6.15, 4.13, 3.37, 4.56, 5.69, 3.86, 4.70, 4.60, 5.51, 2.38],
  tjk_164 = [2.02, 2.82, 2.20, 1.88, 3.48, 2.65, 1.85, 2.22, 1.99, 1.96, 2.33, 1.59, 1.98, 3.91, 1.86, 1.97, 2.76, 2.87, 1.24, 3.16],
  tjk_165 = [4.46, 5.10, 5.47, 5.81, 6.31, 3.08, 7.76, 6.85, 6.88, 6.20, 5.87, 2.07, 4.24, 3.45, 4.79, 5.66, 6.67, 4.35, 6.47, 3.03],
  tjk_171 = [1.32, 3.10, 5.75, 2.69, 3.27, 4.86, 5.13, 3.66, 4.37, 3.69, 4.39, 3.22, 4.52, 5.49, 3.91, 4.14, 4.62, 4.35, 3.40, 2.99],
  tjk_172 = [1.18, 1.17, 0.80, 0.76, 1.09, 1.16, 1.07, 1.16, 1.08, 1.28, 1.17, 0.71, 0.91, 1.45, 1.51, 1.31, 0.66, 0.94, 0.94, 1.05],
  tjk_173 = [1.42, 1.94, 2.55, 1.73, 1.92, 2.71, 2.54, 1.63, 1.23, 1.14, 2.85, 1.97, 1.48, 2.19, 1.13, 1.44, 1.76, 2.16, 1.53, 2.06],
  tjk_174 = [5.33, 3.39, 3.46, 4.97, 3.81, 2.60, 3.83, 4.03, 2.41, 6.02, 4.15, 4.35, 3.16, 3.15, 4.23, 6.89, 3.24, 3.64, 5.50, 4.84],
  tjk_175 = [3.01, 3.21, 4.30, 3.91, 2.71, 3.55, 3.50, 6.14, 6.01, 3.80, 7.76, 6.61, 3.64, 3.36, 3.21, 3.57, 3.12, 2.98, 2.19, 5.85],
  tjk_181 = [3.64, 5.80, 4.92, 5.79, 4.51, 3.12, 5.59, 2.91, 1.39, 2.53, 2.26, 3.93, 3.77, 2.89, 3.48, 3.34, 4.05, 6.01, 4.83, 3.54],
  tjk_182 = [2.32, 2.10, 2.53, 3.51, 1.21, 1.80, 1.80, 1.29, 1.77, 2.30, 1.70, 2.22, 0.69, 2.36, 2.33, 2.15, 1.42, 2.13, 1.46, 1.74],
  tjk_183 = [3.92, 4.23, 4.93, 6.17, 6.69, 5.66, 5.93, 5.56, 6.92, 4.95, 6.00, 4.38, 3.86, 3.44, 6.68, 4.82, 7.88, 7.47, 6.86, 4.98],
  tjk_184 = [2.31, 1.92, 1.65, 2.21, 1.43, 1.61, 1.73, 2.04, 1.29, 0.79, 2.26, 1.42, 1.82, 1.26, 1.78, 3.12, 3.31, 1.35, 2.32, 1.55],
  tjk_185 = [2.28, 2.47, 1.38, 3.52, 2.53, 2.12, 4.10, 1.41, 1.88, 1.92, 2.61, 1.78, 1.71, 1.92, 2.44, 1.14, 2.25, 2.90, 2.09, 1.72],
  tjk_191 = [1.76, 1.95, 2.38, 1.61, 1.46, 1.56, 1.72, 2.78, 2.29, 2.37, 1.34, 2.25, 2.32, 2.50, 1.34, 2.21, 1.75, 1.27, 1.64, 1.09],
  tjk_192 = [2.44, 1.54, 2.47, 1.96, 2.21, 1.69, 2.22, 1.24, 1.63, 2.03, 2.42, 2.17, 1.35, 1.10, 3.01, 2.64, 2.11, 1.62, 1.56, 2.80],
  tjk_193 = [3.73, 9.34, 4.36, 4.88, 6.80, 2.30, 5.03, 7.86, 4.72, 5.31, 5.36, 4.66, 4.90, 4.53, 5.33, 3.14, 4.22, 6.05, 5.36, 6.16],
  tjk_194 = [2.78, 4.27, 6.46, 6.49, 5.00, 4.84, 4.97, 4.79, 5.84, 3.93, 6.18, 7.31, 7.56, 3.88, 2.93, 3.63, 6.31, 5.49, 3.76, 6.25],
  tjk_195 = [0.94, 0.80, 1.18, 0.89, 1.43, 1.00, 1.62, 1.28, 0.85, 0.84, 0.88, 0.66, 0.74, 1.05, 0.96, 1.37, 0.99, 0.97, 0.74, 0.92],
  tjk_201 = [2.71, 3.50, 2.75, 2.37, 2.45, 2.52, 2.86, 3.15, 3.71, 1.77, 2.90, 2.67, 2.49, 3.04, 2.67, 2.33, 3.37, 3.35, 4.40, 3.55],
  tjk_202 = [1.06, 0.45, 1.61, 1.16, 0.68, 1.33, 1.49, 1.24, 0.42, 1.06, 1.29, 0.53, 0.96, 1.30, 1.46, 1.02, 0.95, 1.04, 0.75, 1.05],
  tjk_203 = [5.66, 5.87, 3.17, 2.83, 2.71, 3.19, 3.83, 3.19, 2.35, 2.40, 4.57, 3.12, 4.45, 3.77, 3.45, 3.71, 3.84, 5.78, 1.39, 3.49],
  tjk_204 = [5.25, 3.83, 3.86, 5.35, 4.96, 9.23, 3.13, 4.83, 3.23, 5.90, 5.24, 3.05, 3.92, 2.78, 3.39, 7.19, 3.88, 3.82, 7.81, 5.54],
  tjk_205 = [1.03, 0.94, 1.08, 0.99, 1.21, 0.59, 0.73, 0.86, 0.56, 0.76, 1.36, 1.45, 0.85, 1.05, 0.90, 1.65, 0.90, 0.88, 0.46, 0.78],
  tjk_211 = [2.69, 2.28, 1.89, 2.24, 2.03, 2.90, 2.09, 1.33, 0.75, 1.80, 1.55, 2.37, 3.84, 1.90, 1.83, 1.22, 2.03, 2.16, 2.42, 1.85],
  tjk_212 = [3.98, 3.24, 3.27, 5.81, 3.08, 3.62, 3.82, 1.99, 3.34, 3.47, 3.51, 4.62, 5.94, 3.88, 3.50, 3.11, 1.62, 6.42, 6.30, 3.98],
  tjk_213 = [0.95, 1.02, 1.08, 1.37, 0.69, 0.67, 1.08, 1.04, 0.98, 0.87, 1.28, 1.19, 0.90, 0.70, 1.59, 0.83, 0.53, 1.39, 0.67, 1.13],
  tjk_214 = [2.90, 2.14, 2.61, 3.52, 2.10, 4.14, 4.66, 2.17, 6.78, 3.66, 2.37, 2.85, 1.91, 2.32, 3.48, 4.02, 3.26, 3.83, 3.18, 2.42],
  tjk_215 = [1.32, 4.82, 5.29, 6.73, 4.47, 6.75, 5.50, 6.73, 5.22, 2.16, 4.74, 6.32, 5.09, 3.01, 4.15, 5.84, 2.70, 5.89, 5.23, 7.12],
  tjk_221 = [6.63, 2.52, 2.85, 2.49, 2.45, 1.94, 2.21, 1.92, 2.88, 2.85, 2.23, 2.99, 2.00, 2.83, 3.78, 3.58, 6.45, 2.39, 3.68, 2.65],
  tjk_222 = [5.76, 2.97, 6.09, 3.78, 4.56, 5.69, 3.76, 3.75, 3.72, 4.79, 4.79, 6.35, 7.09, 7.07, 5.96, 4.70, 5.13, 6.55, 3.83, 6.06],
  tjk_223 = [0.88, 1.15, 0.83, 1.06, 0.91, 1.23, 1.29, 1.16, 0.84, 0.73, 0.96, 1.34, 0.99, 1.23, 0.67, 0.92, 0.93, 1.78, 1.22, 1.05],
  tjk_224 = [0.68, 0.79, 1.08, 0.87, 0.80, 1.15, 0.73, 1.24, 1.07, 1.26, 1.32, 1.51, 0.89, 0.89, 0.92, 1.38, 0.98, 0.93, 0.89, 1.23],
  tjk_225 = [1.37, 1.90, 1.88, 1.98, 2.04, 1.20, 1.96, 2.50, 0.92, 1.74, 2.96, 3.46, 2.02, 2.18, 1.65, 2.42, 2.15, 2.30, 1.87, 2.39],
  tjk_231 = [2.69, 2.40, 2.44, 1.88, 3.18, 2.26, 2.50, 2.86, 3.62, 3.65, 3.07, 4.59, 1.78, 2.49, 2.65, 4.00, 2.88, 2.15, 2.51, 2.16],
  tjk_232 = [3.76, 6.97, 8.12, 6.28, 7.97, 2.83, 3.00, 3.75, 4.80, 3.73, 4.61, 5.39, 5.90, 5.31, 5.90, 7.13, 4.53, 3.43, 3.51, 4.89],
  tjk_233 = [5.21, 3.94, 3.23, 2.82, 4.72, 2.14, 4.70, 3.31, 3.82, 5.01, 3.84, 2.66, 3.25, 5.37, 3.60, 4.67, 4.82, 4.55, 4.90, 4.16],
  tjk_234 = [2.61, 5.03, 3.96, 5.29, 3.71, 3.01, 2.58, 2.71, 5.59, 5.52, 3.23, 3.93, 6.55, 3.74, 4.82, 2.96, 3.24, 4.72, 4.06, 5.04],
  tjk_235 = [1.83, 2.58, 2.04, 1.61, 1.79, 2.02, 2.47, 1.44, 1.67, 2.21, 1.73, 1.48, 1.71, 0.84, 3.39, 2.55, 2.58, 1.37, 2.74, 2.62],
  tjk_241 = [7.19, 3.82, 4.91, 3.79, 4.76, 5.86, 3.95, 5.48, 8.38, 5.39, 7.15, 6.08, 4.41, 8.80, 4.03, 5.30, 4.99, 3.32, 5.28, 6.92],
  tjk_242 = [2.34, 1.70, 1.45, 1.80, 1.05, 2.42, 1.60, 1.86, 1.24, 1.64, 2.16, 2.07, 1.83, 2.12, 1.43, 2.44, 2.76, 1.77, 1.21, 2.92],
  tjk_243 = [4.44, 6.11, 4.14, 3.79, 6.03, 6.12, 7.00, 7.60, 6.21, 5.33, 4.76, 5.89, 8.05, 4.36, 3.10, 5.75, 4.28, 6.95, 6.57, 6.60],
  tjk_244 = [0.74, 1.91, 0.98, 0.93, 0.87, 1.02, 0.94, 0.99, 1.23, 1.03, 0.96, 0.93, 0.87, 0.90, 1.01, 1.43, 1.32, 0.55, 1.07, 1.23],
  tjk_245 = [4.37, 3.26, 4.76, 7.77, 8.90, 6.53, 4.57, 2.73, 5.16, 8.28, 7.66, 6.44, 4.75, 3.88, 5.65, 4.78, 5.10, 6.55, 5.58, 4.72],
  tjk_251 = [1.09, 1.08, 1.25, 0.95, 1.25, 1.05, 1.00, 0.90, 1.52, 0.89, 1.14, 1.00, 1.17, 0.95, 0.94, 0.90, 0.33, 0.71, 1.14, 0.90],
  tjk_252 = [4.39, 5.65, 6.64, 6.67, 3.29, 5.11, 5.33, 4.00, 3.00, 5.52, 6.25, 4.97, 4.37, 3.21, 4.79, 5.47, 3.99, 3.10, 5.55, 2.90],
  tjk_253 = [3.95, 7.25, 6.06, 4.25, 1.52, 2.90, 2.06, 2.51, 2.73, 2.89, 4.39, 4.74, 5.33, 3.09, 4.76, 6.32, 2.26, 2.75, 6.08, 3.09],
  tjk_254 = [1.41, 0.53, 0.89, 0.94, 1.28, 1.10, 1.81, 1.01, 1.07, 0.98, 1.34, 1.20, 0.91, 0.28, 1.44, 0.73, 1.35, 1.08, 0.95, 0.87],
  tjk_255 = [2.74, 3.42, 4.59, 2.55, 2.96, 3.63, 2.88, 1.97, 2.79, 2.81, 3.50, 2.73, 1.82, 2.37, 1.58, 0.10, 3.12, 2.41, 4.95, 3.75],
  tjk_261 = [4.12, 5.45, 4.17, 5.12, 3.44, 6.09, 5.46, 5.37, 3.10, 4.80, 5.00, 5.26, 2.66, 6.58, 4.13, 1.72, 3.57, 4.75, 5.71, 8.81],
  tjk_262 = [3.12, 2.14, 3.01, 2.24, 3.35, 2.30, 2.37, 2.16, 3.65, 4.72, 4.28, 3.80, 2.23, 3.47, 1.30, 3.23, 3.71, 3.09, 3.41, 3.67],
  tjk_263 = [3.76, 4.60, 4.39, 3.63, 3.12, 2.66, 10.84, 3.69, 2.32, 5.85, 2.92, 3.92, 5.60, 6.14, 3.50, 4.21, 5.49, 5.70, 4.52, 5.62],
  tjk_264 = [3.03, 2.66, 2.65, 2.12, 2.85, 1.56, 2.47, 1.64, 2.97, 2.95, 1.75, 1.82, 2.12, 1.65, 3.71, 1.38, 1.22, 2.75, 2.01, 1.75],
  tjk_265 = [2.23, 1.78, 2.28, 2.62, 2.05, 1.63, 3.41, 2.55, 1.91, 2.85, 2.32, 2.58, 1.86, 1.28, 3.37, 1.65, 0.64, 2.58, 2.95, 2.90],
  tjk_271 = [0.95, 0.97, 0.79, 0.35, 0.89, 1.42, 1.31, 1.45, 1.29, 1.26, 0.68, 1.12, 0.89, 0.77, 1.44, 0.96, 1.00, 0.93, 1.26, 1.51],
  tjk_272 = [5.49, 5.01, 5.50, 5.82, 11.43, 6.56, 4.43, 5.40, 7.32, 3.79, 3.84, 7.32, 3.87, 6.63, 6.14, 5.63, 4.68, 3.80, 2.97, 6.85],
  tjk_273 = [4.72, 4.62, 5.41, 5.02, 4.66, 6.52, 2.85, 7.09, 4.92, 4.24, 5.07, 3.33, 5.37, 3.66, 4.87, 5.27, 4.35, 2.77, 4.24, 3.49],
  tjk_274 = [0.98, 0.57, 0.62, 1.00, 1.73, 1.34, 0.67, 0.93, 1.16, 0.91, 0.87, 0.77, 1.23, 1.35, 1.28, 1.11, 1.11, 1.51, 1.57, 0.89],
  tjk_275 = [0.90, 1.78, 0.88, 1.46, 1.40, 0.77, 0.75, 1.17, 1.09, 1.30, 0.49, 1.04, 0.62, 1.33, 1.09, 0.77, 1.12, 0.86, 1.36, 0.93],
  tjk_281 = [4.29, 7.65, 5.42, 3.48, 8.03, 5.57, 5.00, 4.19, 3.87, 5.49, 5.18, 4.69, 2.57, 7.63, 4.80, 3.18, 6.58, 2.70, 6.07, 3.47],
  tjk_282 = [4.85, 7.54, 6.04, 4.21, 5.04, 3.83, 3.65, 2.65, 4.07, 5.79, 7.91, 5.57, 9.94, 4.31, 8.08, 4.05, 4.41, 6.08, 5.53, 5.12],
  tjk_283 = [3.09, 3.52, 7.27, 8.06, 2.72, 5.53, 7.38, 4.43, 4.28, 3.63, 3.32, 5.59, 3.51, 5.54, 6.27, 3.51, 4.41, 3.64, 4.97, 7.90],
  tjk_284 = [1.58, 1.45, 2.41, 2.51, 1.07, 2.62, 2.58, 1.74, 1.77, 1.61, 1.42, 2.74, 1.48, 2.00, 2.88, 2.64, 2.37, 2.13, 1.87, 1.95],
  tjk_285 = [1.83, 2.54, 1.96, 2.94, 1.72, 1.33, 2.40, 1.22, 1.28, 1.90, 1.62, 1.98, 2.54, 2.07, 2.06, 1.44, 2.07, 2.14, 1.79, 2.48],
  tjk_291 = [3.11, 2.20, 2.75, 3.33, 2.28, 1.00, 1.58, 3.27, 3.94, 5.07, 2.22, 3.16, 3.27, 3.61, 2.46, 3.54, 2.78, 3.26, 1.89, 3.50],
  tjk_292 = [3.06, 6.22, 6.18, 7.17, 2.66, 6.04, 3.17, 7.44, 4.92, 4.81, 4.45, 5.29, 5.21, 7.09, 5.23, 4.09, 5.42, 3.37, 4.59, 2.74],
  tjk_293 = [3.69, 3.76, 3.01, 6.90, 1.96, 4.63, 3.76, 1.92, 3.63, 4.99, 5.56, 3.94, 4.09, 5.86, 5.68, 3.16, 3.33, 2.22, 2.45, 3.10],
  tjk_294 = [2.70, 1.81, 2.76, 4.80, 3.40, 2.64, 2.15, 3.71, 3.89, 2.57, 2.16, 2.82, 2.03, 3.29, 2.90, 3.87, 2.80, 2.82, 3.56, 2.40],
  tjk_295 = [4.21, 3.80, 3.37, 3.52, 4.54, 3.30, 5.51, 3.32, 4.83, 4.13, 5.31, 4.04, 3.40, 3.39, 3.05, 5.69, 3.67, 3.96, 5.26, 2.39],
  tjk_301 = [3.45, 4.85, 2.26, 3.14, 3.00, 3.41, 6.35, 3.83, 4.47, 3.71, 3.11, 3.27, 3.49, 6.09, 4.68, 2.04, 4.30, 4.70, 4.59, 7.74],
  tjk_302 = [2.50, 3.88, 3.01, 3.38, 3.89, 3.67, 6.06, 4.58, 2.50, 4.98, 3.56, 3.33, 4.12, 2.65, 3.70, 3.03, 4.64, 2.27, 2.83, 2.98],
  tjk_303 = [4.94, 7.49, 6.56, 4.81, 5.79, 4.72, 3.00, 4.80, 3.95, 3.90, 3.28, 3.11, 5.85, 3.96, 7.08, 5.18, 3.99, 3.38, 6.72, 3.91],
  tjk_304 = [1.24, 0.95, 1.27, 0.95, 1.39, 0.55, 1.44, 0.73, 0.91, 1.15, 1.12, 0.89, 0.99, 1.08, 1.05, 0.64, 1.24, 1.01, 0.92, 0.69],
  tjk_305 = [7.05, 5.43, 3.64, 3.18, 3.05, 5.47, 4.44, 5.91, 3.68, 4.01, 4.51, 4.61, 3.38, 2.23, 4.85, 5.89, 4.66, 6.47, 6.66, 7.26],
  tjk_311 = [2.08, 4.04, 3.35, 3.16, 3.28, 5.74, 4.15, 3.94, 1.69, 2.29, 4.33, 3.07, 3.24, 3.22, 1.75, 3.28, 4.72, 2.84, 1.56, 3.05],
  tjk_312 = [1.82, 1.37, 0.91, 0.92, 0.98, 1.42, 0.39, 1.13, 0.80, 0.42, 1.50, 1.30, 1.21, 1.14, 0.96, 1.32, 1.05, 0.89, 1.10, 1.34],
  tjk_313 = [5.15, 3.28, 3.19, 5.60, 5.59, 3.45, 5.07, 2.46, 2.69, 7.33, 3.58, 3.80, 3.01, 4.64, 3.59, 3.39, 5.97, 4.63, 9.73, 3.61],
  tjk_314 = [6.50, 6.05, 4.57, 6.71, 4.79, 7.32, 6.75, 2.32, 2.87, 5.62, 4.67, 5.99, 4.69, 3.13, 2.94, 5.48, 6.30, 5.64, 3.92, 8.86],
  tjk_315 = [1.76, 2.39, 2.25, 2.96, 2.98, 1.99, 0.53, 2.33, 3.02, 3.82, 1.77, 1.50, 1.86, 3.93, 4.11, 3.09, 4.48, 3.26, 1.43, 2.96],
  tjk_321 = [1.78, 1.99, 1.03, 1.58, 2.64, 2.16, 1.91, 1.41, 1.97, 2.10, 1.52, 2.56, 2.79, 1.51, 2.45, 1.31, 2.98, 1.90, 2.69, 1.43],
  tjk_322 = [8.84, 5.44, 3.66, 6.56, 3.79, 5.50, 5.10, 5.72, 3.49, 5.78, 4.62, 4.15, 3.97, 6.13, 5.03, 3.89, 4.81, 7.08, 7.22, 5.30],
  tjk_323 = [3.20, 2.08, 1.76, 2.24, 2.72, 3.92, 2.80, 3.95, 3.80, 2.39, 2.93, 2.31, 3.41, 2.91, 1.63, 5.43, 3.23, 1.57, 1.84, 1.51],
  tjk_324 = [1.01, 1.76, 1.66, 1.89, 1.51, 2.30, 1.20, 1.54, 1.90, 1.89, 2.76, 2.48, 1.93, 1.97, 2.37, 3.41, 1.03, 3.60, 2.20, 2.44],
  tjk_325 = [0.17, 1.08, 0.60, 0.67, 1.06, 0.74, 0.77, 0.86, 0.73, 0.68, 1.56, 1.44, 1.52, 1.40, 0.91, 0.23, 1.57, 1.40, 0.88, 1.40],
  tjk_331 = [1.51, 1.79, 1.97, 2.08, 1.30, 1.62, 1.33, 1.80, 0.83, 2.71, 2.50, 1.77, 1.70, 1.72, 2.31, 3.36, 3.31, 2.31, 1.69, 3.17],
  tjk_332 = [1.88, 3.08, 1.06, 2.21, 1.47, 2.27, 1.78, 2.48, 1.57, 1.83, 2.00, 2.75, 2.68, 1.85, 0.35, 1.89, 1.23, 1.44, 1.82, 2.54],
  tjk_333 = [1.81, 6.39, 6.73, 5.57, 3.47, 2.10, 3.00, 4.20, 3.69, 3.58, 6.86, 4.25, 2.80, 3.56, 4.69, 2.83, 3.35, 2.42, 1.99, 4.17],
  tjk_334 = [1.88, 2.36, 1.81, 1.50, 2.29, 1.98, 2.63, 1.53, 2.66, 1.06, 2.85, 1.44, 2.35, 2.22, 2.07, 2.86, 1.98, 1.48, 1.99, 2.24],
  tjk_335 = [1.88, 2.69, 1.84, 1.03, 3.77, 1.41, 1.65, 1.09, 1.47, 2.21, 0.82, 2.62, 1.12, 0.90, 2.70, 1.87, 1.33, 1.76, 1.78, 1.89],
  tjk_341 = [3.46, 1.58, 3.07, 2.71, 4.50, 3.52, 3.42, 4.86, 7.19, 3.99, 3.41, 1.76, 3.86, 3.93, 6.28, 4.98, 5.01, 2.90, 4.40, 4.06],
  tjk_342 = [3.81, 2.82, 3.16, 2.50, 7.08, 1.54, 4.42, 5.17, 3.54, 2.07, 2.00, 3.87, 1.94, 2.49, 2.81, 3.11, 3.86, 3.13, 2.69, 3.46],
  tjk_343 = [5.06, 6.00, 7.60, 4.70, 5.11, 5.24, 3.98, 4.44, 4.27, 4.17, 4.04, 4.35, 4.50, 5.99, 5.96, 4.49, 4.07, 4.48, 0.96, 4.28],
  tjk_344 = [3.79, 4.49, 5.15, 5.41, 4.15, 7.37, 4.95, 3.26, 3.47, 7.03, 4.76, 2.89, 4.00, 4.23, 5.66, 3.49, 4.11, 4.18, 3.37, 5.49],
  tjk_345 = [2.55, 2.88, 3.59, 1.50, 2.09, 2.95, 2.83, 2.28, 4.88, 2.46, 3.35, 3.04, 2.47, 4.52, 2.19, 2.14, 1.95, 3.27, 4.06, 5.79],
  tjk_351 = [5.24, 4.52, 5.83, 3.65, 4.21, 8.29, 3.76, 4.46, 6.28, 3.56, 2.13, 3.76, 3.66, 6.01, 5.11, 7.17, 4.47, 5.17, 5.19, 3.87],
  tjk_352 = [1.02, 0.70, 1.27, 1.42, 0.66, 0.91, 0.83, 0.91, 1.15, 1.04, 1.16, 0.91, 1.03, 1.13, 1.16, 1.49, 0.64, 0.77, 0.67, 1.09],
  tjk_353 = [1.58, 2.59, 0.56, 2.07, 2.34, 2.71, 2.22, 1.88, 2.06, 1.38, 2.83, 2.05, 1.98, 2.58, 1.91, 1.00, 1.63, 2.14, 2.34, 1.08],
  tjk_354 = [0.76, 0.81, 1.19, 1.14, 1.31, 1.00, 0.88, 1.07, 1.06, 1.73, 0.78, 0.73, 0.84, 1.35, 0.95, 1.25, 0.96, 0.74, 1.15, 0.96],
  tjk_355 = [2.60, 1.80, 4.81, 3.22, 1.22, 2.59, 3.45, 3.10, 3.11, 4.46, 2.86, 1.87, 1.77, 4.05, 1.73, 2.77, 2.57, 4.44, 2.55, 4.02],
  tjk_361 = [1.91, 2.06, 1.50, 1.67, 1.12, 2.05, 1.53, 2.43, 2.99, 1.38, 2.11, 2.30, 2.12, 2.61, 1.72, 1.63, 2.38, 1.56, 1.05, 2.37],
  tjk_362 = [5.58, 6.51, 4.28, 2.84, 4.91, 2.48, 1.71, 4.64, 6.08, 3.91, 4.60, 2.15, 5.53, 3.62, 6.12, 3.60, 2.37, 2.29, 2.93, 4.05],
  tjk_363 = [2.08, 3.35, 3.63, 4.42, 1.68, 4.63, 2.63, 3.65, 4.32, 1.96, 2.54, 3.42, 3.51, 3.31, 7.01, 5.54, 1.71, 2.91, 1.44, 2.37],
  tjk_364 = [3.61, 5.95, 6.71, 3.73, 3.85, 2.47, 5.86, 6.17, 5.52, 3.33, 3.45, 5.81, 7.38, 4.91, 4.93, 4.93, 5.40, 4.66, 3.93, 4.87],
  tjk_365 = [4.18, 4.34, 4.84, 4.91, 3.17, 2.67, 3.96, 2.52, 3.12, 5.09, 4.73, 3.51, 3.95, 3.85, 6.11, 4.60, 3.90, 3.21, 4.79, 4.57],
  tjk_371 = [3.67, 3.90, 3.69, 2.88, 3.08, 2.93, 0.92, 3.94, 3.68, 3.36, 3.82, 2.57, 2.97, 3.61, 2.05, 2.87, 3.68, 3.65, 1.46, 2.65],
  tjk_372 = [2.44, 1.33, 2.71, 2.17, 2.36, 1.80, 2.23, 1.32, 2.40, 2.05, 1.70, 2.05, 1.36, 1.57, 1.78, 2.19, 2.18, 2.88, 1.42, 2.10],
  tjk_373 = [1.04, 1.30, 1.01, 1.21, 0.96, 1.35, 1.35, 1.26, 0.82, 0.60, 0.89, 1.28, 1.01, 0.90, 1.09, 1.16, 1.02, 0.58, 0.83, 1.05],
  tjk_374 = [1.11, 0.44, 0.75, 1.11, 1.11, 0.82, 1.66, 1.08, 1.37, 1.16, 0.92, 0.85, 0.70, 0.64, 0.57, 1.04, 0.86, 0.87, 1.21, 1.39],
  tjk_375 = [5.28, 5.16, 5.51, 5.00, 3.60, 3.97, 4.33, 3.33, 3.82, 2.42, 3.47, 5.10, 3.96, 9.97, 4.15, 3.19, 4.11, 5.22, 3.93, 6.52],
  tjk_381 = [6.05, 5.31, 7.20, 1.92, 3.12, 5.23, 4.86, 4.47, 4.70, 1.10, 4.85, 3.10, 7.25, 5.74, 6.72, 5.61, 6.10, 4.10, 2.64, 2.73],
  tjk_382 = [2.79, 4.61, 3.15, 2.73, 2.55, 2.26, 2.34, 2.75, 3.31, 2.68, 1.32, 2.40, 3.99, 1.75, 2.48, 1.76, 2.64, 2.75, 2.86, 2.10],
  tjk_383 = [4.70, 4.81, 4.43, 9.12, 4.03, 8.10, 2.19, 5.39, 8.88, 6.28, 4.52, 3.53, 5.96, 7.06, 5.44, 4.82, 5.09, 3.59, 5.24, 5.16],
  tjk_384 = [3.49, 5.51, 4.53, 4.24, 7.09, 8.72, 5.08, 6.53, 4.06, 6.12, 6.25, 5.34, 2.94, 5.16, 4.08, 5.76, 4.29, 5.60, 4.76, 6.53],
  tjk_385 = [2.22, 2.12, 1.58, 2.80, 2.75, 1.88, 1.68, 1.80, 2.19, 1.65, 1.84, 2.27, 2.80, 2.35, 2.85, 2.47, 2.05, 2.59, 2.45, 1.94],
  tjk_391 = [2.05, 3.19, 2.85, 2.42, 2.65, 4.06, 3.79, 3.00, 3.68, 2.86, 3.19, 3.87, 2.36, 1.83, 1.81, 3.95, 3.47, 3.03, 3.33, 2.40],
  tjk_392 = [8.09, 8.15, 2.79, 5.78, 7.62, 2.49, 2.68, 6.21, 5.86, 4.01, 5.98, 4.61, 3.53, 4.63, 5.83, 5.61, 5.74, 3.39, 4.56, 4.08],
  tjk_393 = [5.13, 3.03, 1.89, 5.39, 5.87, 3.40, 6.04, 4.46, 7.77, 4.53, 5.80, 6.28, 4.16, 5.13, 5.29, 4.02, 10.79, 2.70, 3.93, 3.42],
  tjk_394 = [1.83, 2.45, 2.59, 3.73, 3.06, 3.10, 3.79, 3.62, 1.99, 5.19, 2.29, 2.28, 1.93, 2.99, 3.08, 2.87, 2.23, 3.21, 2.73, 4.30],
  tjk_395 = [3.29, 3.63, 3.76, 1.95, 2.56, 4.01, 3.22, 2.42, 3.35, 3.48, 3.75, 2.07, 5.18, 2.75, 2.59, 2.54, 3.39, 4.33, 2.96, 4.75],
  tjk_401 = [5.07, 4.19, 2.01, 3.44, 2.20, 4.20, 2.86, 3.07, 2.47, 3.93, 1.95, 3.87, 3.81, 3.45, 1.78, 1.99, 1.92, 3.62, 4.74, 2.53],
  tjk_402 = [3.85, 4.19, 4.96, 5.08, 1.97, 8.95, 5.37, 4.05, 4.99, 4.76, 2.71, 6.05, 4.41, 6.45, 5.82, 4.71, 4.49, 3.61, 8.41, 4.92],
  tjk_403 = [1.52, 2.48, 3.26, 1.57, 2.47, 2.64, 0.84, 2.31, 2.36, 2.15, 1.83, 1.71, 3.02, 2.16, 2.10, 2.43, 2.00, 1.41, 2.43, 1.41],
  tjk_404 = [3.85, 4.14, 3.84, 6.00, 2.17, 6.42, 4.28, 4.61, 4.15, 5.43, 3.85, 4.22, 3.89, 7.11, 5.35, 6.79, 2.46, 5.14, 3.98, 6.09],
  tjk_405 = [3.41, 3.77, 2.91, 3.20, 2.67, 5.09, 2.58, 2.22, 4.97, 3.86, 3.99, 2.50, 5.73, 3.31, 2.80, 3.16, 3.31, 3.31, 1.71, 3.45],
]

Service Times (¦Î_{jk}^s) = [
  xi_11 = [9.04, 5.41, 11.82, 7.04, 3.63, 9.11, 11.09, 6.11, 6.43, 6.60, 9.17, 12.41, 10.15, 9.19, 3.96, 10.64, 10.03, 5.44, 6.54, 4.85],
  xi_12 = [4.03, 4.40, 2.97, 5.13, 3.68, 3.92, 3.94, 4.61, 4.26, 3.46, 2.81, 4.16, 5.22, 5.57, 4.00, 3.83, 5.09, 2.91, 2.69, 4.92],
  xi_13 = [6.71, 12.36, 9.87, 6.18, 7.80, 8.18, 14.58, 11.96, 8.93, 10.05, 11.62, 12.89, 10.11, 5.81, 8.12, 15.58, 11.02, 8.46, 9.12, 13.30],
  xi_14 = [12.80, 8.12, 11.54, 11.69, 7.35, 13.67, 8.06, 15.68, 5.26, 13.03, 13.77, 13.14, 15.68, 9.65, 7.38, 10.88, 7.61, 12.52, 9.20, 7.81],
  xi_15 = [1.25, 1.86, 1.00, 1.00, 1.00, 1.01, 2.10, 1.00, 1.07, 1.00, 1.00, 1.00, 1.00, 1.28, 1.21, 1.00, 1.00, 1.49, 1.00, 1.00],
  xi_21 = [1.69, 2.00, 2.00, 2.08, 1.86, 2.03, 2.65, 1.62, 1.58, 1.00, 2.54, 2.38, 1.94, 1.62, 2.01, 1.22, 1.76, 2.47, 2.07, 1.99],
  xi_22 = [1.89, 1.57, 2.67, 2.10, 1.00, 1.25, 1.59, 1.92, 1.66, 1.95, 2.10, 2.43, 1.98, 1.76, 2.05, 1.13, 1.07, 2.09, 2.32, 3.02],
  xi_23 = [8.43, 4.54, 6.24, 12.79, 15.72, 7.07, 6.52, 8.42, 9.45, 7.68, 6.91, 5.44, 5.66, 4.66, 8.68, 7.76, 8.33, 3.26, 7.05, 5.18],
  xi_24 = [4.68, 3.82, 2.40, 4.03, 2.15, 3.72, 3.35, 2.51, 2.44, 2.91, 2.87, 1.62, 3.16, 2.03, 3.97, 3.74, 1.77, 3.45, 3.91, 1.74],
  xi_25 = [3.19, 4.20, 4.35, 8.24, 3.43, 1.00, 3.45, 5.32, 2.86, 3.41, 3.39, 3.88, 4.71, 3.13, 4.66, 4.90, 2.87, 4.40, 2.56, 3.90],
  xi_31 = [8.42, 5.44, 6.22, 7.31, 6.28, 9.39, 5.45, 4.56, 6.83, 7.44, 5.43, 4.79, 5.55, 5.54, 5.49, 3.96, 4.14, 5.58, 6.36, 3.00],
  xi_32 = [5.08, 4.54, 2.77, 3.00, 5.49, 3.53, 4.61, 1.51, 4.86, 5.14, 5.35, 4.00, 3.25, 2.93, 2.04, 4.55, 2.52, 3.96, 3.43, 3.64],
  xi_33 = [7.02, 10.09, 5.93, 8.71, 16.22, 13.52, 12.13, 10.87, 14.06, 8.84, 11.50, 6.12, 9.07, 9.50, 9.88, 5.07, 10.59, 12.02, 12.43, 13.19],
  xi_34 = [3.25, 6.34, 6.64, 3.68, 6.09, 5.61, 7.21, 7.90, 5.17, 3.92, 6.64, 4.48, 6.24, 9.59, 8.16, 7.08, 6.11, 6.36, 6.30, 4.75],
  xi_35 = [6.47, 3.84, 4.60, 5.37, 4.08, 3.10, 7.33, 3.99, 6.22, 4.30, 5.04, 3.67, 6.82, 4.53, 3.36, 6.58, 4.38, 7.68, 3.35, 4.81],
  xi_41 = [3.21, 3.64, 2.63, 2.54, 2.67, 3.42, 4.52, 3.75, 4.33, 2.82, 2.25, 1.00, 5.18, 3.42, 2.22, 4.06, 1.26, 2.34, 3.12, 3.24],
  xi_42 = [3.13, 3.47, 3.54, 4.27, 6.06, 5.02, 5.01, 6.30, 2.24, 7.61, 5.94, 5.07, 4.69, 4.88, 4.80, 4.49, 3.68, 5.80, 4.13, 7.95],
  xi_43 = [6.18, 11.87, 7.73, 5.72, 6.52, 11.35, 8.98, 10.09, 5.12, 6.23, 9.55, 8.91, 12.55, 7.17, 6.68, 10.43, 8.60, 9.13, 6.90, 12.58],
  xi_44 = [6.45, 7.86, 9.55, 8.39, 5.32, 11.44, 7.59, 4.97, 5.72, 5.82, 9.06, 10.45, 10.63, 6.46, 7.23, 12.81, 7.87, 8.91, 9.63, 11.25],
  xi_45 = [6.61, 10.75, 10.10, 8.74, 8.51, 7.30, 5.11, 10.14, 9.25, 6.95, 10.62, 12.18, 9.74, 10.55, 8.04, 7.67, 8.94, 9.01, 7.09, 8.49],
  xi_51 = [13.11, 6.66, 10.45, 6.53, 7.61, 16.67, 7.78, 6.17, 4.20, 10.51, 8.71, 10.01, 13.17, 12.73, 6.23, 8.66, 8.64, 17.46, 9.47, 8.96],
  xi_52 = [3.82, 7.37, 10.15, 11.62, 13.97, 10.63, 7.16, 4.27, 12.58, 10.19, 6.09, 9.91, 11.08, 12.51, 7.81, 11.02, 8.28, 8.78, 15.31, 11.34],
  xi_53 = [1.00, 1.12, 1.00, 1.48, 1.00, 1.25, 1.00, 1.00, 1.26, 1.00, 1.00, 1.50, 1.00, 1.19, 1.67, 1.05, 1.00, 1.00, 1.00, 1.00],
  xi_54 = [7.86, 11.14, 10.86, 8.93, 7.16, 13.65, 9.31, 11.57, 11.07, 5.87, 12.98, 9.16, 10.35, 9.09, 14.62, 11.01, 10.52, 8.55, 10.64, 10.59],
  xi_55 = [4.46, 3.96, 5.76, 5.18, 5.51, 4.79, 6.18, 6.85, 4.84, 6.68, 5.69, 6.63, 5.41, 6.70, 8.71, 14.12, 6.11, 5.28, 6.85, 3.34],
  xi_61 = [1.23, 1.29, 1.55, 1.00, 1.00, 1.00, 1.08, 1.39, 1.07, 1.00, 1.08, 1.10, 1.00, 1.00, 1.00, 1.00, 1.00, 1.00, 1.48, 1.00],
  xi_62 = [7.43, 10.84, 9.90, 12.77, 13.42, 14.08, 10.29, 9.31, 14.94, 12.54, 9.80, 7.18, 8.93, 7.16, 5.18, 7.24, 12.48, 8.99, 7.74, 5.78],
  xi_63 = [1.00, 1.23, 1.14, 1.09, 1.00, 1.00, 1.00, 1.66, 1.00, 1.60, 1.24, 1.12, 1.35, 1.00, 1.00, 1.00, 1.10, 1.16, 1.00, 1.12],
  xi_64 = [1.00, 1.20, 1.00, 1.00, 1.00, 1.29, 1.16, 1.00, 1.00, 1.00, 1.00, 1.00, 1.52, 1.77, 1.04, 1.07, 1.20, 1.00, 1.33, 1.16],
  xi_65 = [4.45, 5.53, 2.79, 5.41, 7.28, 3.27, 6.71, 3.51, 4.20, 3.92, 4.65, 6.78, 7.13, 5.02, 3.82, 4.22, 5.82, 5.95, 5.05, 6.03],
  xi_71 = [5.25, 2.99, 3.61, 3.02, 2.55, 3.28, 2.51, 3.39, 2.66, 3.26, 3.27, 3.74, 2.42, 2.81, 3.51, 3.48, 3.18, 2.27, 3.75, 1.28],
  xi_72 = [2.23, 4.60, 2.22, 4.40, 3.29, 4.05, 3.28, 4.63, 4.24, 2.78, 2.27, 1.50, 1.99, 3.75, 4.38, 2.49, 3.15, 5.27, 3.57, 4.14],
  xi_73 = [7.83, 7.43, 14.47, 8.38, 5.05, 4.44, 5.73, 5.13, 6.77, 8.68, 5.07, 6.13, 6.17, 7.33, 7.96, 4.48, 2.63, 7.54, 8.55, 9.99],
  xi_74 = [3.29, 3.42, 3.65, 4.52, 3.11, 5.13, 4.46, 2.62, 5.93, 4.60, 4.21, 5.07, 5.07, 2.95, 2.67, 7.58, 3.38, 2.60, 5.03, 4.31],
  xi_75 = [4.14, 4.76, 4.43, 7.28, 5.21, 4.76, 5.93, 8.15, 5.20, 8.02, 4.85, 4.31, 6.62, 4.81, 7.64, 4.74, 7.21, 5.56, 4.23, 3.81],
  xi_81 = [8.47, 6.52, 5.45, 9.73, 6.63, 9.97, 5.47, 19.88, 7.11, 5.79, 10.35, 7.92, 11.18, 7.01, 8.70, 11.43, 10.59, 4.98, 9.27, 9.87],
  xi_82 = [5.54, 8.34, 10.10, 3.85, 9.05, 9.71, 8.81, 5.61, 15.10, 5.29, 10.36, 12.22, 8.78, 7.05, 7.18, 8.99, 9.18, 6.56, 14.64, 5.97],
  xi_83 = [4.93, 3.56, 3.76, 5.59, 5.03, 5.82, 4.55, 5.06, 4.74, 4.14, 3.16, 5.92, 5.07, 4.81, 4.23, 8.02, 5.93, 3.28, 7.33, 8.35],
  xi_84 = [3.44, 4.47, 5.62, 5.76, 7.26, 4.69, 3.00, 7.41, 7.55, 3.46, 5.86, 2.83, 4.38, 4.40, 5.04, 4.66, 4.03, 8.38, 5.81, 3.52],
  xi_85 = [5.50, 7.23, 4.98, 6.11, 7.15, 4.08, 6.02, 3.31, 6.41, 4.28, 4.08, 6.50, 2.50, 6.10, 6.11, 5.35, 4.82, 5.67, 5.72, 5.24],
  xi_91 = [8.21, 8.29, 2.39, 7.85, 8.23, 9.70, 12.85, 8.36, 13.62, 9.02, 5.29, 19.74, 10.01, 12.51, 11.96, 14.36, 9.92, 9.83, 14.33, 11.81],
  xi_92 = [4.12, 8.95, 11.07, 9.96, 12.00, 5.06, 6.72, 11.83, 12.83, 8.25, 8.79, 13.87, 6.06, 10.22, 11.67, 9.98, 5.27, 10.94, 10.90, 5.06],
  xi_93 = [6.70, 8.29, 6.32, 7.48, 4.44, 8.33, 4.99, 5.82, 9.28, 8.45, 4.16, 3.16, 4.00, 3.25, 4.18, 5.36, 5.74, 3.80, 3.83, 3.97],
  xi_94 = [16.58, 8.20, 11.61, 9.31, 9.33, 6.88, 13.86, 10.47, 10.83, 6.99, 8.71, 11.47, 12.93, 7.69, 7.53, 8.71, 11.08, 5.42, 12.20, 9.61],
  xi_95 = [9.80, 5.68, 12.47, 11.48, 11.13, 16.29, 5.80, 12.97, 13.49, 13.60, 5.30, 10.91, 5.55, 7.34, 7.27, 12.21, 9.12, 9.32, 11.94, 15.30],
  xi_101 = [14.43, 6.70, 9.75, 13.49, 5.91, 6.72, 6.39, 6.82, 8.76, 4.27, 12.20, 9.31, 13.50, 10.52, 6.22, 6.55, 6.38, 5.38, 8.47, 11.41],
  xi_102 = [4.13, 4.08, 4.00, 3.03, 1.04, 3.81, 2.03, 3.10, 2.98, 2.95, 2.12, 3.45, 2.89, 2.45, 4.47, 2.13, 2.99, 1.75, 3.33, 3.46],
  xi_103 = [4.66, 3.83, 5.34, 6.12, 5.11, 8.53, 5.17, 5.23, 4.03, 5.41, 4.76, 6.57, 6.79, 7.40, 3.69, 3.37, 9.27, 8.28, 5.79, 8.28],
  xi_104 = [8.44, 7.44, 6.10, 4.38, 6.42, 6.64, 6.67, 8.46, 6.15, 7.46, 8.38, 8.61, 5.74, 8.72, 7.89, 9.64, 5.51, 6.36, 3.44, 4.03],
  xi_105 = [6.06, 7.04, 8.55, 9.60, 9.63, 11.09, 7.13, 3.60, 5.28, 6.77, 3.33, 7.36, 6.26, 6.25, 4.54, 6.78, 6.23, 5.79, 5.43, 11.34],
  xi_111 = [7.07, 4.54, 6.02, 6.23, 3.78, 5.67, 7.08, 6.72, 7.03, 1.93, 4.94, 1.91, 6.00, 6.93, 5.53, 4.56, 5.68, 3.91, 6.64, 5.48],
  xi_112 = [1.00, 1.00, 1.13, 1.00, 1.00, 1.47, 1.17, 1.04, 1.89, 1.62, 1.00, 1.00, 1.00, 1.00, 1.51, 1.32, 1.00, 1.55, 1.16, 1.00],
  xi_113 = [9.35, 10.36, 6.18, 6.87, 6.75, 7.51, 5.83, 11.06, 7.87, 10.26, 5.74, 7.54, 10.19, 5.80, 8.30, 8.93, 10.54, 14.69, 11.52, 11.71],
  xi_114 = [8.34, 5.92, 2.85, 5.76, 6.14, 3.44, 4.63, 4.40, 6.22, 6.17, 4.70, 5.33, 5.07, 5.93, 6.23, 5.54, 3.01, 4.75, 4.31, 4.54],
  xi_115 = [3.12, 2.93, 5.02, 2.32, 4.34, 6.11, 2.47, 3.13, 3.68, 5.12, 4.98, 2.71, 4.10, 4.79, 4.91, 5.13, 4.81, 4.03, 3.05, 3.39],
  xi_121 = [1.00, 1.00, 1.47, 1.40, 1.16, 1.00, 1.01, 1.24, 1.00, 1.00, 1.00, 1.06, 1.00, 1.04, 1.00, 1.38, 1.46, 1.41, 1.29, 1.18],
  xi_122 = [2.43, 4.22, 3.18, 2.58, 4.29, 2.08, 2.60, 2.70, 4.11, 3.05, 1.93, 4.59, 2.47, 2.55, 5.45, 4.68, 2.84, 3.69, 1.94, 1.67],
  xi_123 = [1.00, 1.23, 1.00, 1.26, 1.00, 1.48, 1.00, 1.05, 1.02, 1.29, 1.00, 1.00, 1.00, 1.00, 1.00, 1.45, 1.35, 1.00, 1.00, 1.26],
  xi_124 = [3.45, 9.49, 5.65, 4.83, 2.99, 4.87, 3.73, 6.04, 7.23, 5.69, 6.04, 5.70, 7.60, 4.79, 5.60, 7.95, 8.89, 6.04, 5.34, 5.72],
  xi_125 = [6.09, 5.45, 4.80, 5.30, 5.77, 3.13, 4.84, 6.86, 5.44, 5.38, 5.40, 3.71, 9.08, 3.46, 5.98, 6.05, 4.81, 7.23, 4.47, 4.63],
  xi_131 = [6.59, 8.75, 19.15, 9.39, 7.88, 13.25, 10.04, 9.52, 10.42, 10.68, 14.13, 11.04, 14.01, 8.48, 9.33, 8.35, 11.54, 12.37, 7.99, 8.89],
  xi_132 = [2.79, 3.31, 5.69, 3.16, 4.69, 2.24, 4.69, 4.21, 5.19, 3.86, 5.12, 5.50, 2.08, 8.69, 1.00, 1.53, 2.28, 4.84, 3.32, 5.42],
  xi_133 = [7.46, 9.55, 7.43, 10.10, 3.93, 7.69, 6.60, 7.72, 7.09, 8.30, 7.55, 7.85, 6.36, 10.36, 5.46, 4.28, 9.88, 4.64, 9.30, 11.99],
  xi_134 = [8.87, 3.75, 9.25, 5.90, 5.17, 10.10, 4.13, 10.83, 7.79, 9.91, 7.07, 12.75, 9.65, 6.86, 8.55, 7.95, 6.76, 17.24, 7.92, 7.78],
  xi_135 = [6.51, 6.97, 10.30, 7.72, 6.15, 6.92, 13.80, 11.45, 13.60, 10.16, 9.64, 8.23, 8.17, 6.70, 1.00, 1.65, 8.36, 6.68, 10.14, 11.35],
  xi_141 = [4.79, 9.74, 10.61, 7.97, 14.60, 7.27, 11.69, 9.78, 9.32, 16.88, 7.36, 10.18, 6.04, 8.60, 11.29, 11.68, 6.77, 10.88, 13.35, 9.45],
  xi_142 = [7.26, 6.95, 5.16, 5.44, 7.70, 4.95, 6.11, 7.96, 7.52, 6.35, 8.50, 5.30, 4.88, 6.19, 6.75, 5.96, 7.38, 4.85, 7.27, 4.85],
  xi_143 = [5.11, 10.66, 7.59, 10.53, 7.46, 11.13, 5.15, 5.96, 9.10, 7.58, 10.68, 14.79, 6.82, 8.36, 5.68, 10.32, 2.85, 7.10, 5.63, 11.06],
  xi_144 = [3.82, 6.01, 5.30, 4.91, 4.25, 2.45, 4.82, 11.21, 5.24, 8.17, 4.75, 7.17, 7.84, 3.84, 2.73, 5.37, 6.21, 5.89, 3.50, 5.87],
  xi_145 = [1.59, 10.19, 4.73, 8.75, 3.68, 4.74, 8.35, 13.04, 8.70, 7.93, 6.70, 6.04, 3.89, 5.71, 6.30, 6.83, 9.61, 7.95, 6.17, 9.09],
  xi_151 = [6.57, 6.13, 4.73, 3.68, 6.48, 5.71, 6.32, 6.14, 6.68, 6.70, 4.54, 5.39, 7.16, 1.28, 6.99, 6.07, 5.22, 4.48, 9.08, 10.32],
  xi_152 = [3.43, 3.25, 3.97, 2.70, 5.81, 1.85, 6.21, 9.14, 3.76, 3.93, 3.56, 4.33, 3.94, 2.31, 3.96, 2.40, 5.08, 3.95, 3.46, 3.89],
  xi_153 = [12.26, 8.36, 13.84, 8.98, 12.69, 7.31, 8.45, 6.86, 8.18, 6.19, 9.73, 5.22, 12.00, 11.54, 13.13, 9.34, 17.21, 9.97, 5.30, 7.75],
  xi_154 = [1.39, 1.12, 2.06, 1.00, 1.13, 1.00, 1.00, 1.00, 1.00, 1.07, 1.36, 1.18, 1.00, 1.01, 1.00, 1.11, 1.00, 1.68, 1.00, 1.12],
  xi_155 = [10.63, 6.18, 6.51, 6.68, 8.62, 8.40, 4.66, 7.09, 7.59, 12.46, 12.27, 4.75, 2.57, 3.89, 10.54, 7.85, 3.70, 3.44, 4.29, 9.18],
  xi_161 = [3.24, 6.10, 3.79, 6.70, 6.87, 2.66, 3.20, 4.46, 5.94, 5.80, 2.80, 3.88, 4.34, 5.84, 7.06, 6.31, 4.01, 6.17, 4.51, 5.90],
  xi_162 = [1.00, 1.72, 1.00, 1.19, 1.23, 1.36, 1.00, 1.00, 1.01, 1.23, 1.00, 1.02, 1.00, 1.00, 1.00, 1.00, 1.00, 1.09, 1.00, 1.10],
  xi_163 = [13.79, 11.25, 12.19, 12.85, 10.47, 12.71, 9.12, 8.55, 8.74, 11.23, 7.86, 11.06, 9.57, 9.57, 7.15, 10.94, 14.67, 8.06, 8.79, 6.85],
  xi_164 = [2.47, 3.27, 2.77, 2.92, 3.21, 3.00, 2.30, 2.14, 4.88, 2.15, 4.66, 2.53, 2.28, 4.26, 3.89, 2.76, 2.38, 1.93, 2.71, 3.21],
  xi_165 = [5.74, 12.76, 5.99, 7.13, 4.70, 4.74, 10.10, 7.13, 5.38, 10.28, 5.57, 5.61, 9.23, 8.39, 6.06, 5.86, 4.39, 7.97, 13.84, 7.27],
  xi_171 = [3.09, 4.77, 5.60, 5.05, 3.76, 4.54, 7.16, 2.69, 2.99, 4.57, 6.39, 6.66, 6.06, 3.34, 3.89, 3.65, 5.90, 5.00, 7.15, 2.52],
  xi_172 = [6.22, 7.80, 9.63, 7.09, 5.76, 8.66, 7.90, 8.61, 7.66, 7.07, 7.13, 10.91, 11.43, 5.45, 7.64, 5.04, 9.37, 7.77, 6.07, 6.73],
  xi_173 = [6.31, 4.12, 5.78, 7.25, 3.14, 5.21, 5.39, 5.24, 2.94, 5.76, 9.95, 4.42, 8.74, 4.81, 5.42, 6.73, 8.02, 9.16, 5.80, 6.68],
  xi_174 = [9.55, 7.24, 12.38, 7.85, 6.06, 4.00, 6.97, 12.13, 7.12, 6.04, 19.90, 6.05, 10.93, 18.02, 11.72, 8.23, 13.98, 7.88, 3.79, 6.84],
  xi_175 = [1.42, 2.48, 2.38, 1.43, 1.97, 2.33, 2.23, 1.32, 2.20, 1.42, 2.11, 1.80, 1.35, 1.95, 2.30, 2.22, 1.75, 1.89, 1.12, 1.67],
  xi_181 = [1.00, 1.75, 1.00, 1.13, 1.05, 1.46, 1.00, 1.23, 1.00, 1.04, 1.00, 1.46, 1.00, 1.51, 1.37, 1.45, 1.00, 1.38, 1.00, 1.00],
  xi_182 = [2.24, 3.31, 3.56, 2.98, 3.20, 3.57, 3.48, 2.57, 2.10, 3.43, 3.02, 2.91, 3.83, 3.37, 2.39, 2.89, 2.56, 3.49, 3.60, 2.63],
  xi_183 = [6.67, 12.15, 12.80, 15.05, 8.33, 11.11, 8.35, 5.97, 6.28, 4.68, 10.89, 12.03, 8.71, 11.51, 12.21, 7.25, 8.53, 5.82, 5.88, 10.16],
  xi_184 = [6.46, 2.97, 5.18, 3.72, 6.03, 5.35, 4.10, 5.92, 4.63, 5.21, 10.03, 3.92, 4.21, 10.33, 3.61, 6.70, 3.78, 3.26, 3.60, 7.35],
  xi_185 = [8.68, 7.31, 8.17, 7.55, 7.32, 5.10, 8.58, 7.09, 4.78, 6.12, 4.14, 5.06, 7.31, 7.48, 4.60, 9.79, 8.84, 6.94, 8.77, 5.42],
  xi_191 = [7.53, 6.59, 7.61, 9.32, 11.47, 6.88, 10.71, 7.59, 12.92, 14.56, 7.78, 6.40, 6.74, 7.93, 9.53, 6.66, 4.27, 5.15, 10.53, 10.16],
  xi_192 = [1.00, 1.62, 1.19, 1.23, 1.52, 1.00, 1.00, 1.35, 1.01, 1.02, 1.00, 1.00, 1.00, 1.04, 1.00, 1.00, 1.09, 1.00, 1.00, 1.00],
  xi_193 = [8.97, 8.88, 10.24, 10.89, 8.15, 8.40, 9.85, 9.16, 8.27, 5.10, 13.87, 15.73, 7.04, 13.31, 8.94, 11.48, 15.69, 10.16, 8.50, 7.73],
  xi_194 = [9.22, 2.30, 5.41, 4.48, 7.31, 6.15, 7.40, 3.64, 5.85, 5.50, 8.38, 4.21, 4.57, 5.92, 6.44, 8.07, 4.78, 6.28, 6.16, 6.52],
  xi_195 = [1.00, 1.00, 1.11, 1.86, 1.00, 1.00, 1.00, 1.00, 1.12, 1.43, 1.00, 1.00, 1.00, 1.36, 1.00, 1.00, 1.00, 1.06, 1.00, 1.02],
  xi_201 = [3.32, 1.14, 2.00, 1.41, 1.80, 1.82, 2.25, 1.56, 2.59, 2.24, 2.87, 1.55, 2.24, 2.01, 2.76, 2.24, 2.31, 1.63, 1.71, 2.33],
  xi_202 = [2.32, 4.35, 5.43, 2.69, 4.05, 2.48, 2.86, 3.68, 4.44, 4.13, 4.49, 6.84, 1.83, 3.99, 3.27, 8.22, 2.35, 2.33, 2.92, 2.14],
  xi_203 = [6.83, 7.85, 8.97, 6.14, 6.83, 8.76, 1.00, 4.19, 4.35, 5.02, 5.30, 6.66, 5.59, 2.86, 5.63, 3.40, 5.12, 10.73, 5.38, 6.90],
  xi_204 = [1.00, 1.00, 2.36, 1.58, 1.48, 1.00, 1.00, 1.00, 1.00, 1.00, 1.00, 1.00, 1.24, 1.00, 1.00, 1.06, 1.00, 1.39, 1.00, 1.00],
  xi_205 = [7.32, 3.74, 3.89, 4.86, 4.84, 3.65, 8.97, 6.55, 4.03, 6.49, 5.97, 6.02, 7.71, 4.50, 6.59, 8.96, 8.37, 10.57, 8.39, 7.77],
  xi_211 = [14.97, 8.27, 6.72, 14.50, 6.95, 13.06, 12.30, 6.63, 14.83, 10.15, 9.21, 14.21, 5.68, 15.03, 11.79, 7.42, 15.51, 17.00, 12.54, 7.83],
  xi_212 = [6.87, 7.94, 6.30, 7.47, 16.48, 10.30, 11.76, 14.80, 8.15, 11.45, 12.68, 7.95, 9.41, 22.23, 14.29, 5.91, 18.80, 8.67, 7.03, 8.12],
  xi_213 = [3.67, 1.99, 2.26, 3.43, 3.63, 1.86, 4.08, 1.89, 2.04, 2.32, 4.44, 3.84, 2.25, 2.78, 2.39, 2.35, 2.20, 3.99, 4.01, 3.75],
  xi_214 = [7.83, 8.99, 4.48, 6.32, 7.85, 6.21, 8.91, 9.91, 12.37, 4.49, 6.85, 9.60, 6.45, 3.76, 10.15, 12.67, 5.63, 8.30, 6.83, 9.36],
  xi_215 = [10.67, 7.83, 8.34, 8.52, 7.13, 7.50, 8.01, 6.76, 11.55, 9.63, 8.85, 4.73, 13.58, 8.11, 9.77, 8.55, 7.26, 3.65, 12.09, 9.69],
  xi_221 = [11.58, 6.90, 8.99, 8.10, 10.97, 11.92, 7.73, 7.85, 5.62, 13.52, 9.37, 7.46, 6.98, 6.12, 17.57, 10.55, 10.50, 10.49, 8.55, 4.85],
  xi_222 = [2.49, 1.86, 2.24, 1.61, 1.74, 2.20, 2.08, 2.06, 2.01, 1.71, 1.00, 2.54, 2.29, 1.84, 2.55, 1.98, 1.35, 1.43, 2.45, 1.61],
  xi_223 = [9.10, 8.51, 9.53, 7.43, 10.71, 4.71, 6.19, 10.82, 11.86, 4.85, 3.42, 8.61, 7.93, 4.61, 7.97, 7.61, 9.64, 8.62, 10.68, 8.75],
  xi_224 = [2.04, 2.64, 2.38, 2.58, 2.42, 4.26, 4.13, 2.40, 1.96, 2.68, 2.81, 3.68, 2.85, 3.04, 3.40, 2.99, 3.97, 1.31, 3.50, 2.58],
  xi_225 = [8.01, 3.30, 11.10, 7.14, 11.89, 7.56, 11.66, 8.02, 9.67, 6.05, 13.94, 8.00, 6.34, 14.48, 7.36, 11.70, 10.89, 8.08, 8.64, 6.30],
  xi_231 = [1.00, 1.50, 1.44, 1.41, 1.13, 1.35, 1.00, 1.43, 1.00, 1.04, 1.28, 1.06, 1.36, 1.06, 1.48, 1.14, 1.22, 1.48, 1.00, 1.35],
  xi_232 = [5.14, 3.48, 3.32, 3.99, 4.82, 3.61, 4.12, 5.01, 3.54, 2.18, 3.95, 3.25, 2.90, 4.19, 4.73, 2.08, 4.61, 6.07, 3.35, 2.84],
  xi_233 = [1.50, 2.42, 2.00, 1.76, 3.59, 4.52, 3.11, 2.26, 4.37, 4.63, 3.18, 1.68, 2.84, 3.05, 2.67, 2.03, 3.50, 3.49, 1.96, 3.48],
  xi_234 = [3.78, 3.83, 3.95, 5.19, 4.09, 3.27, 4.07, 6.48, 3.91, 5.66, 4.41, 4.67, 4.41, 4.60, 3.40, 2.70, 4.41, 4.08, 5.15, 5.71],
  xi_235 = [10.16, 12.53, 7.14, 11.02, 7.18, 6.56, 14.95, 7.33, 23.07, 9.95, 6.54, 16.73, 8.87, 6.48, 14.69, 7.65, 15.51, 14.92, 10.64, 7.90],
  xi_241 = [1.00, 1.00, 1.00, 1.06, 1.00, 1.15, 1.15, 1.22, 1.69, 1.05, 1.14, 1.05, 1.00, 1.00, 1.10, 1.51, 1.00, 1.08, 1.11, 1.57],
  xi_242 = [4.74, 5.11, 7.95, 8.93, 6.79, 6.43, 6.94, 7.85, 5.74, 8.77, 6.99, 8.37, 5.60, 8.73, 11.19, 6.60, 7.45, 8.01, 8.16, 4.89],
  xi_243 = [2.82, 4.48, 6.94, 2.85, 5.23, 3.76, 3.29, 4.93, 2.79, 5.57, 5.46, 6.67, 2.61, 4.40, 4.54, 2.98, 5.08, 2.82, 3.27, 4.41],
  xi_244 = [3.17, 6.77, 5.98, 3.43, 5.41, 6.08, 6.61, 5.51, 3.65, 5.81, 8.37, 3.69, 7.82, 7.00, 6.06, 6.37, 6.64, 6.08, 8.19, 4.21],
  xi_245 = [6.81, 5.63, 7.30, 5.43, 1.26, 4.99, 5.50, 4.92, 9.68, 5.34, 5.20, 5.39, 8.17, 8.08, 6.73, 4.26, 3.48, 4.60, 7.28, 4.60],
  xi_251 = [5.27, 7.93, 10.60, 9.29, 7.73, 9.97, 9.53, 8.46, 6.30, 9.96, 8.61, 12.26, 4.53, 6.78, 8.03, 12.23, 11.06, 7.24, 10.62, 12.01],
  xi_252 = [2.10, 1.64, 1.90, 1.93, 3.05, 2.26, 1.89, 1.76, 2.33, 2.80, 3.97, 1.00, 2.47, 1.65, 1.78, 2.84, 1.57, 1.00, 1.91, 2.29],
  xi_253 = [1.02, 1.00, 1.00, 1.08, 1.10, 1.36, 1.00, 1.00, 1.03, 1.07, 1.16, 1.12, 1.00, 1.22, 1.32, 1.00, 1.03, 1.00, 1.00, 1.00],
  xi_254 = [8.39, 12.18, 12.68, 5.25, 8.71, 7.22, 8.12, 10.17, 11.57, 8.50, 3.38, 8.26, 10.56, 8.88, 8.61, 12.95, 12.25, 11.34, 10.29, 4.48],
  xi_255 = [5.71, 6.87, 3.79, 9.84, 8.83, 4.31, 5.40, 4.28, 9.11, 5.97, 5.60, 4.35, 3.43, 5.91, 5.31, 6.72, 5.43, 7.43, 7.30, 4.76],
  xi_261 = [6.08, 9.82, 7.92, 10.72, 9.71, 4.39, 9.55, 12.04, 11.24, 5.60, 7.40, 12.49, 6.18, 9.24, 5.49, 6.14, 3.24, 7.21, 7.03, 14.86],
  xi_262 = [1.83, 2.44, 2.24, 1.37, 2.70, 5.12, 2.81, 1.97, 1.90, 2.08, 2.13, 1.19, 1.91, 1.77, 1.31, 1.00, 2.91, 3.74, 1.01, 2.72],
  xi_263 = [8.96, 8.34, 4.68, 4.46, 6.66, 8.07, 7.12, 10.02, 10.91, 7.15, 7.54, 8.97, 6.41, 9.44, 7.80, 10.63, 9.66, 11.90, 6.73, 13.45],
  xi_264 = [8.89, 11.31, 13.31, 9.09, 13.66, 5.79, 15.27, 10.10, 9.58, 9.58, 9.33, 11.35, 10.18, 10.63, 5.52, 6.50, 7.02, 7.34, 1.26, 7.88],
  xi_265 = [6.78, 8.55, 5.36, 11.77, 8.86, 6.96, 10.44, 8.34, 5.51, 11.47, 6.85, 5.82, 6.89, 5.63, 11.90, 3.72, 8.90, 6.08, 5.41, 6.44],
  xi_271 = [5.52, 5.94, 6.62, 5.74, 6.69, 5.86, 7.82, 5.02, 5.13, 6.76, 4.23, 8.20, 6.52, 7.49, 3.48, 4.83, 5.50, 6.06, 5.39, 5.01],
  xi_272 = [3.29, 1.63, 5.24, 4.95, 2.78, 5.41, 4.21, 4.19, 4.66, 5.47, 2.32, 3.66, 4.86, 2.47, 3.62, 3.73, 5.96, 2.96, 7.59, 4.56],
  xi_273 = [7.57, 7.00, 4.50, 5.57, 5.48, 7.71, 7.06, 4.08, 2.95, 4.44, 4.26, 7.22, 4.40, 3.83, 4.68, 7.39, 3.80, 6.42, 5.37, 3.77],
  xi_274 = [2.89, 5.78, 1.34, 6.54, 6.07, 4.42, 4.07, 4.44, 7.25, 3.99, 6.67, 2.87, 4.52, 4.93, 4.01, 6.40, 5.33, 4.67, 2.23, 11.32],
  xi_275 = [3.47, 3.30, 5.16, 2.85, 3.22, 3.21, 2.22, 5.23, 2.87, 4.07, 3.34, 2.57, 3.74, 1.00, 4.89, 2.12, 2.53, 1.87, 2.26, 2.77],
  xi_281 = [9.00, 13.65, 6.58, 12.55, 5.84, 13.26, 11.33, 9.48, 10.40, 7.18, 8.92, 12.79, 7.84, 16.49, 7.90, 13.01, 12.88, 12.98, 5.11, 18.23],
  xi_282 = [15.58, 10.07, 13.07, 13.11, 13.11, 15.29, 9.49, 9.41, 13.38, 11.44, 1.00, 3.06, 7.06, 8.74, 9.94, 13.25, 6.12, 10.14, 7.41, 7.97],
  xi_283 = [1.37, 1.36, 1.86, 2.19, 2.78, 2.49, 2.53, 1.95, 1.16, 2.81, 2.11, 2.93, 1.52, 1.34, 1.48, 3.16, 1.93, 2.75, 1.56, 3.27],
  xi_284 = [4.40, 2.95, 4.69, 2.31, 2.38, 2.92, 2.79, 5.81, 2.98, 6.64, 3.63, 2.65, 3.76, 5.32, 6.10, 3.90, 3.51, 3.61, 3.66, 4.27],
  xi_285 = [3.47, 5.20, 6.03, 4.32, 4.56, 5.85, 3.81, 5.52, 6.21, 4.34, 5.75, 7.11, 3.58, 4.36, 7.14, 6.00, 2.16, 5.26, 5.46, 6.79],
  xi_291 = [3.98, 11.92, 2.90, 4.53, 5.65, 5.45, 8.68, 8.47, 9.88, 4.51, 10.11, 3.44, 10.89, 5.99, 7.90, 10.53, 6.33, 8.50, 9.73, 7.79],
  xi_292 = [12.88, 7.33, 7.09, 10.46, 8.95, 6.58, 7.17, 12.30, 8.28, 8.37, 9.07, 10.34, 5.43, 8.88, 6.74, 7.05, 6.85, 9.36, 3.92, 3.94],
  xi_293 = [6.14, 3.19, 5.68, 9.52, 7.55, 9.22, 6.75, 9.39, 8.74, 6.84, 5.48, 5.05, 8.02, 7.24, 6.76, 4.49, 9.84, 5.69, 4.80, 6.41],
  xi_294 = [7.71, 9.21, 12.99, 11.71, 10.21, 11.56, 7.02, 10.85, 10.98, 10.93, 7.89, 8.68, 12.06, 9.48, 9.46, 8.36, 9.10, 12.86, 8.78, 6.28],
  xi_295 = [1.00, 1.02, 1.00, 1.00, 1.00, 1.00, 1.08, 1.00, 1.03, 1.22, 1.00, 1.00, 1.35, 1.00, 1.00, 1.05, 1.00, 1.00, 1.00, 1.00],
  xi_301 = [5.99, 6.15, 9.66, 8.81, 10.35, 3.81, 1.46, 4.86, 8.38, 2.80, 3.70, 11.41, 3.66, 14.03, 8.97, 6.88, 7.79, 6.89, 4.70, 7.81],
  xi_302 = [7.32, 6.63, 5.08, 7.97, 7.75, 4.97, 9.01, 11.04, 5.85, 3.51, 7.91, 9.21, 4.44, 7.25, 6.46, 5.18, 6.74, 11.44, 5.57, 10.55],
  xi_303 = [9.84, 5.66, 12.33, 8.30, 8.03, 6.54, 6.08, 6.53, 10.08, 10.15, 7.64, 12.15, 14.26, 8.87, 8.38, 6.85, 5.62, 9.13, 7.85, 6.79],
  xi_304 = [8.82, 7.50, 7.04, 9.65, 6.80, 14.67, 13.37, 11.92, 8.31, 10.97, 6.08, 8.32, 11.78, 8.52, 7.21, 9.76, 16.87, 12.10, 10.66, 11.72],
  xi_305 = [8.55, 3.74, 6.57, 11.13, 7.04, 4.49, 6.60, 3.24, 6.95, 7.12, 4.93, 5.86, 4.83, 5.37, 4.35, 6.75, 5.11, 8.60, 6.79, 3.75],
  xi_311 = [2.72, 1.00, 2.29, 1.55, 1.64, 1.96, 1.36, 2.23, 2.95, 2.22, 2.89, 1.21, 1.80, 2.23, 2.76, 1.62, 1.60, 1.60, 1.95, 2.41],
  xi_312 = [4.27, 3.71, 6.62, 3.23, 5.69, 5.30, 4.64, 4.78, 4.65, 6.16, 3.77, 3.59, 5.42, 6.48, 5.10, 5.12, 4.10, 3.95, 8.80, 3.20],
  xi_313 = [3.24, 4.96, 5.93, 7.36, 8.46, 9.60, 4.88, 3.20, 6.43, 6.95, 7.56, 12.80, 6.63, 13.66, 3.60, 7.27, 3.58, 5.95, 4.44, 5.18],
  xi_314 = [5.66, 7.32, 4.68, 5.95, 7.32, 16.47, 4.93, 4.09, 4.45, 7.73, 8.00, 5.87, 9.77, 7.69, 3.91, 3.47, 4.17, 7.73, 1.92, 8.05],
  xi_315 = [3.16, 1.77, 3.50, 3.92, 2.84, 3.48, 3.83, 3.21, 5.13, 3.20, 3.79, 5.79, 2.30, 4.85, 3.57, 3.11, 4.82, 6.68, 3.01, 5.58],
  xi_321 = [10.89, 7.27, 12.93, 14.43, 10.27, 8.10, 13.99, 12.16, 5.16, 8.41, 11.86, 8.74, 9.74, 4.95, 7.00, 9.77, 6.20, 9.86, 11.69, 12.50],
  xi_322 = [1.00, 1.30, 2.65, 1.96, 1.15, 2.46, 4.23, 2.34, 1.96, 1.58, 1.64, 2.21, 1.18, 2.77, 1.24, 2.73, 1.58, 2.98, 2.03, 1.19],
  xi_323 = [7.90, 5.16, 9.49, 11.04, 14.13, 8.95, 8.16, 4.34, 7.00, 6.72, 4.99, 10.78, 8.18, 7.23, 5.24, 8.52, 5.75, 9.09, 8.19, 7.54],
  xi_324 = [9.35, 8.78, 12.55, 8.91, 13.44, 4.35, 8.40, 9.23, 7.46, 11.99, 9.33, 6.80, 13.50, 7.95, 14.37, 7.55, 7.99, 7.51, 2.08, 10.73],
  xi_325 = [4.48, 4.90, 11.06, 4.88, 7.68, 7.55, 14.24, 11.43, 16.64, 10.18, 10.02, 9.24, 10.62, 11.80, 13.74, 12.71, 11.82, 10.86, 7.77, 12.08],
  xi_331 = [2.62, 7.59, 7.32, 4.78, 4.61, 6.61, 6.03, 4.83, 4.30, 4.81, 5.78, 7.13, 4.96, 5.47, 7.61, 6.39, 4.43, 10.85, 4.44, 7.83],
  xi_332 = [4.39, 4.70, 8.15, 5.25, 4.10, 3.92, 3.85, 4.25, 2.88, 6.77, 5.66, 7.38, 1.92, 2.25, 2.57, 4.12, 2.95, 5.08, 3.87, 2.14],
  xi_333 = [12.66, 6.89, 9.59, 14.62, 13.05, 7.49, 7.45, 13.95, 14.89, 10.60, 10.11, 10.87, 11.24, 11.47, 16.49, 13.53, 2.18, 6.25, 11.39, 5.59],
  xi_334 = [2.90, 2.27, 1.90, 1.54, 3.18, 1.54, 2.17, 2.82, 1.42, 1.47, 1.55, 3.09, 2.23, 1.87, 1.66, 1.91, 1.71, 3.33, 1.54, 2.01],
  xi_335 = [7.18, 8.15, 10.74, 7.76, 7.37, 11.27, 7.26, 8.68, 9.14, 7.20, 6.71, 7.19, 10.34, 6.92, 9.93, 10.72, 11.14, 4.73, 6.66, 7.19],
  xi_341 = [7.63, 7.22, 6.86, 8.59, 6.71, 4.69, 7.79, 6.01, 9.24, 9.16, 5.68, 7.19, 6.38, 7.93, 5.54, 6.53, 8.95, 8.99, 7.47, 8.59],
  xi_342 = [3.80, 1.71, 3.04, 2.04, 3.36, 1.38, 1.74, 2.78, 2.61, 3.15, 2.62, 3.92, 4.17, 2.52, 2.75, 1.34, 3.17, 2.81, 3.65, 2.59],
  xi_343 = [2.03, 1.00, 1.07, 1.00, 1.38, 1.00, 1.00, 1.15, 1.01, 1.00, 1.38, 1.00, 1.22, 1.32, 1.00, 1.36, 1.00, 1.00, 1.42, 1.00],
  xi_344 = [1.40, 2.70, 3.20, 2.80, 3.57, 2.75, 3.75, 3.52, 3.16, 2.96, 2.53, 1.74, 3.12, 3.07, 2.86, 3.26, 4.16, 2.82, 2.76, 3.52],
  xi_345 = [9.24, 8.68, 7.95, 13.06, 11.61, 8.23, 8.69, 10.31, 15.24, 9.22, 9.56, 8.33, 9.90, 8.72, 8.01, 10.38, 9.51, 12.37, 4.64, 11.25],
  xi_351 = [1.09, 1.52, 1.00, 1.00, 1.35, 1.00, 1.23, 1.00, 1.00, 1.17, 1.01, 1.00, 1.00, 1.27, 1.00, 1.09, 1.00, 1.00, 1.09, 1.17],
  xi_352 = [1.69, 1.69, 1.99, 1.65, 2.19, 2.38, 1.90, 2.39, 2.45, 2.81, 1.71, 3.84, 2.22, 3.15, 2.37, 1.00, 1.43, 2.26, 1.25, 1.81],
  xi_353 = [8.72, 6.93, 7.36, 6.95, 9.21, 8.48, 3.94, 14.16, 4.03, 7.17, 7.98, 7.96, 10.99, 3.99, 8.46, 4.48, 7.32, 8.77, 5.12, 6.37],
  xi_354 = [5.06, 4.32, 5.60, 3.43, 4.24, 5.33, 7.41, 3.33, 4.63, 7.35, 4.69, 4.45, 5.56, 4.74, 6.24, 7.75, 3.68, 3.67, 9.60, 4.63],
  xi_355 = [7.86, 6.03, 4.44, 6.45, 6.85, 7.34, 6.89, 6.89, 10.65, 8.10, 6.05, 10.39, 4.80, 7.28, 6.66, 4.24, 5.86, 10.33, 6.62, 7.92],
  xi_361 = [1.00, 1.00, 1.44, 1.00, 1.00, 1.44, 1.00, 1.02, 1.60, 1.00, 1.07, 1.55, 1.02, 1.07, 1.00, 1.11, 1.00, 1.29, 1.00, 1.00],
  xi_362 = [3.41, 4.32, 4.37, 2.70, 4.87, 3.32, 3.57, 3.84, 6.23, 2.35, 4.33, 6.09, 1.76, 4.57, 3.50, 4.36, 5.96, 2.33, 2.82, 3.07],
  xi_363 = [3.33, 6.30, 7.33, 4.37, 4.52, 6.56, 7.46, 4.52, 4.30, 2.95, 2.64, 6.24, 5.60, 5.35, 5.63, 6.98, 4.28, 5.76, 5.86, 3.98],
  xi_364 = [7.81, 7.72, 7.47, 11.25, 9.36, 8.46, 9.32, 7.14, 9.95, 6.34, 10.89, 5.66, 12.31, 10.48, 9.15, 3.45, 5.41, 8.59, 8.32, 6.76],
  xi_365 = [5.58, 7.47, 7.32, 6.73, 3.95, 5.28, 7.32, 5.93, 4.42, 6.00, 9.09, 4.68, 1.00, 5.95, 4.91, 4.72, 4.61, 9.10, 6.07, 7.52],
  xi_371 = [7.12, 4.46, 3.45, 4.01, 6.12, 6.15, 3.51, 6.48, 1.98, 6.19, 2.84, 4.49, 4.82, 5.68, 6.02, 6.28, 8.13, 8.20, 3.86, 3.93],
  xi_372 = [7.43, 7.88, 5.60, 10.42, 4.58, 9.35, 8.36, 9.26, 11.18, 7.45, 8.30, 8.39, 4.78, 4.85, 9.08, 10.33, 10.01, 3.96, 5.65, 11.38],
  xi_373 = [6.46, 6.41, 5.27, 4.85, 4.51, 7.04, 7.21, 5.89, 4.49, 7.19, 1.00, 8.88, 8.23, 4.30, 8.80, 8.25, 8.05, 7.52, 8.73, 6.77],
  xi_374 = [2.19, 3.97, 1.90, 2.21, 1.24, 2.12, 1.10, 1.97, 1.76, 1.55, 1.83, 1.74, 2.79, 1.20, 2.46, 2.41, 1.87, 2.39, 2.64, 4.02],
  xi_375 = [8.94, 7.81, 13.37, 13.22, 10.69, 6.80, 15.33, 11.19, 8.69, 9.32, 11.79, 7.59, 6.18, 9.20, 4.49, 10.90, 11.44, 7.39, 10.29, 10.89],
  xi_381 = [4.43, 7.47, 9.99, 5.13, 9.31, 7.65, 5.51, 11.91, 5.92, 9.25, 5.76, 6.13, 6.56, 7.33, 8.35, 5.40, 6.80, 9.79, 5.44, 6.95],
  xi_382 = [8.05, 18.06, 7.47, 10.14, 14.84, 9.89, 11.18, 11.09, 6.76, 9.07, 11.41, 14.06, 9.50, 13.18, 5.99, 8.13, 8.70, 7.22, 9.29, 9.31],
  xi_383 = [4.87, 2.09, 6.55, 5.64, 4.58, 2.31, 3.96, 4.49, 2.02, 4.40, 4.00, 5.91, 4.82, 3.90, 3.47, 3.01, 3.81, 3.01, 4.88, 5.00],
  xi_384 = [1.44, 4.06, 2.27, 1.00, 1.38, 2.95, 1.83, 2.02, 1.87, 1.00, 2.84, 1.45, 1.95, 1.00, 2.56, 1.72, 1.00, 2.44, 1.25, 1.52],
  xi_385 = [2.17, 4.35, 3.66, 2.96, 4.42, 3.35, 3.29, 2.53, 5.17, 2.28, 2.83, 2.45, 3.11, 4.41, 2.62, 3.82, 2.28, 1.94, 3.44, 3.39],
  xi_391 = [9.56, 6.37, 7.41, 6.97, 8.11, 7.33, 8.87, 9.24, 12.19, 9.46, 3.26, 5.78, 8.64, 8.12, 11.04, 7.53, 6.73, 10.82, 7.21, 7.59],
  xi_392 = [9.69, 7.98, 5.67, 9.09, 5.36, 1.96, 8.69, 9.46, 7.68, 7.01, 4.03, 8.90, 7.02, 6.78, 11.93, 5.62, 12.11, 11.27, 7.01, 8.27],
  xi_393 = [1.00, 1.31, 1.13, 1.29, 1.73, 1.58, 1.00, 1.00, 1.16, 1.00, 1.00, 1.00, 1.05, 1.14, 1.00, 1.02, 1.00, 1.51, 1.63, 1.00],
  xi_394 = [1.04, 1.00, 1.38, 1.22, 1.87, 1.00, 1.08, 1.51, 1.38, 1.00, 1.00, 1.14, 1.26, 1.45, 1.03, 1.15, 1.00, 1.00, 1.00, 1.00],
  xi_395 = [11.61, 8.70, 13.93, 9.68, 9.85, 11.42, 14.05, 8.56, 8.71, 14.61, 11.36, 7.91, 11.00, 9.31, 6.23, 9.54, 11.34, 15.46, 8.85, 8.82],
  xi_401 = [2.66, 5.46, 10.15, 4.81, 9.11, 7.34, 11.07, 7.85, 8.82, 8.59, 12.88, 4.29, 7.64, 8.56, 3.51, 13.20, 8.18, 6.52, 8.13, 3.54],
  xi_402 = [1.77, 2.84, 1.67, 1.46, 1.87, 2.23, 1.26, 2.08, 2.92, 1.22, 1.74, 1.72, 2.18, 2.54, 2.38, 1.64, 2.47, 1.74, 1.53, 2.18],
  xi_403 = [4.18, 5.79, 5.45, 5.72, 6.99, 3.86, 3.71, 4.92, 5.65, 3.46, 6.03, 6.64, 4.37, 2.48, 5.60, 4.15, 5.73, 6.76, 1.82, 5.18],
  xi_404 = [4.47, 4.70, 5.65, 4.57, 3.40, 5.28, 4.58, 5.83, 5.36, 6.63, 3.60, 6.08, 2.80, 3.87, 4.71, 3.07, 4.54, 3.05, 4.30, 3.63],
  xi_405 = [5.56, 5.87, 6.28, 9.51, 5.69, 7.26, 19.66, 8.22, 8.40, 9.37, 9.07, 8.49, 6.65, 9.65, 10.12, 8.28, 6.52, 8.97, 10.34, 7.42],
]

Transportation Costs (cjk) = [
  [9.66, 5.48, 8.85, 0.44, 0.29],
  [4.49, 4.60, 5.96, 4.05, 1.40],
  [10.66, 6.84, 10.75, 3.76, 1.18],
  [6.93, 5.25, 8.56, 5.89, 1.86],
  [3.20, 10.31, 3.90, 7.67, 4.53],
  [1.26, 1.57, 0.96, 1.65, 11.26],
  [0.58, 7.69, 5.64, 9.83, 4.41],
  [1.34, 4.19, 1.69, 1.23, 3.46],
  [8.76, 10.32, 5.48, 2.64, 8.01],
  [9.73, 8.56, 6.45, 1.07, 7.66],
  [13.10, 8.26, 1.43, 10.55, 0.80],
  [5.38, 11.39, 6.86, 5.83, 2.73],
  [2.08, 5.74, 1.14, 6.20, 9.68],
  [2.17, 5.67, 2.83, 12.34, 2.18],
  [1.56, 3.99, 3.54, 6.09, 4.41],
  [9.36, 9.34, 4.05, 2.29, 2.49],
  [2.12, 4.23, 6.06, 6.78, 0.57],
  [0.76, 3.33, 9.95, 2.61, 3.28],
  [1.11, 9.12, 2.99, 11.56, 1.38],
  [8.60, 5.44, 5.55, 5.10, 1.06],
  [0.64, 2.85, 1.63, 1.99, 3.76],
  [1.57, 11.42, 2.57, 4.89, 3.92],
  [12.64, 3.19, 4.17, 6.59, 1.77],
  [5.27, 0.49, 11.04, 9.17, 3.85],
  [4.46, 8.44, 2.89, 6.24, 4.31],
  [5.85, 9.57, 7.02, 5.80, 0.89],
  [2.05, 4.33, 7.70, 7.77, 6.57],
  [4.43, 2.79, 2.60, 8.37, 10.54],
  [8.24, 6.62, 8.75, 1.19, 0.95],
  [4.24, 6.06, 12.01, 4.79, 5.18],
  [4.80, 2.95, 4.58, 5.26, 4.95],
  [1.27, 7.31, 7.11, 2.28, 3.01],
  [1.06, 3.28, 3.26, 5.52, 14.60],
  [2.82, 4.01, 4.12, 6.08, 1.74],
  [2.72, 1.76, 10.32, 5.17, 5.02],
  [1.53, 4.62, 3.98, 2.36, 1.13],
  [3.85, 2.92, 10.60, 8.76, 2.99],
  [4.89, 1.65, 3.81, 5.49, 1.50],
  [7.46, 4.69, 6.49, 1.24, 3.59],
  [1.40, 2.07, 6.13, 3.70, 1.67],
]

Mean Service Times (¦Ì_{jk}) = [
  mu_11 = [7.93],
  mu_12 = [4.08],
  mu_13 = [10.13],
  mu_14 = [10.74],
  mu_15 = [1.16],
  mu_21 = [1.93],
  mu_22 = [1.88],
  mu_23 = [7.49],
  mu_24 = [3.01],
  mu_25 = [3.89],
  mu_31 = [5.86],
  mu_32 = [3.81],
  mu_33 = [10.34],
  mu_34 = [6.08],
  mu_35 = [4.98],
  mu_41 = [3.08],
  mu_42 = [4.91],
  mu_43 = [8.62],
  mu_44 = [8.37],
  mu_45 = [8.79],
  mu_51 = [9.69],
  mu_52 = [9.69],
  mu_53 = [1.13],
  mu_54 = [10.25],
  mu_55 = [6.15],
  mu_61 = [1.11],
  mu_62 = [9.80],
  mu_63 = [1.14],
  mu_64 = [1.14],
  mu_65 = [5.08],
  mu_71 = [3.11],
  mu_72 = [3.41],
  mu_73 = [6.99],
  mu_74 = [4.18],
  mu_75 = [5.58],
  mu_81 = [8.82],
  mu_82 = [8.62],
  mu_83 = [5.16],
  mu_84 = [5.08],
  mu_85 = [5.36],
  mu_91 = [10.41],
  mu_92 = [9.18],
  mu_93 = [5.58],
  mu_94 = [9.97],
  mu_95 = [10.35],
  mu_101 = [8.66],
  mu_102 = [3.01],
  mu_103 = [5.88],
  mu_104 = [6.82],
  mu_105 = [6.90],
  mu_111 = [5.38],
  mu_112 = [1.19],
  mu_113 = [8.85],
  mu_114 = [5.16],
  mu_115 = [4.01],
  mu_121 = [1.16],
  mu_122 = [3.15],
  mu_123 = [1.12],
  mu_124 = [5.88],
  mu_125 = [5.39],
  mu_131 = [10.59],
  mu_132 = [3.98],
  mu_133 = [7.68],
  mu_134 = [8.41],
  mu_135 = [8.28],
  mu_141 = [9.91],
  mu_142 = [6.37],
  mu_143 = [8.18],
  mu_144 = [5.47],
  mu_145 = [7.00],
  mu_151 = [5.98],
  mu_152 = [4.05],
  mu_153 = [9.72],
  mu_154 = [1.16],
  mu_155 = [7.06],
  mu_161 = [4.98],
  mu_162 = [1.10],
  mu_163 = [10.27],
  mu_164 = [2.99],
  mu_165 = [7.41],
  mu_171 = [4.74],
  mu_172 = [7.70],
  mu_173 = [6.04],
  mu_174 = [9.33],
  mu_175 = [1.87],
  mu_181 = [1.19],
  mu_182 = [3.06],
  mu_183 = [9.22],
  mu_184 = [5.32],
  mu_185 = [6.95],
  mu_191 = [8.52],
  mu_192 = [1.10],
  mu_193 = [10.02],
  mu_194 = [5.93],
  mu_195 = [1.10],
  mu_201 = [2.09],
  mu_202 = [3.74],
  mu_203 = [5.88],
  mu_204 = [1.16],
  mu_205 = [6.46],
  mu_211 = [11.23],
  mu_212 = [10.83],
  mu_213 = [2.96],
  mu_214 = [7.85],
  mu_215 = [8.61],
  mu_221 = [9.28],
  mu_222 = [1.95],
  mu_223 = [8.08],
  mu_224 = [2.88],
  mu_225 = [9.01],
  mu_231 = [1.24],
  mu_232 = [3.86],
  mu_233 = [2.90],
  mu_234 = [4.39],
  mu_235 = [10.99],
  mu_241 = [1.14],
  mu_242 = [7.26],
  mu_243 = [4.25],
  mu_244 = [5.84],
  mu_245 = [5.73],
  mu_251 = [8.92],
  mu_252 = [2.11],
  mu_253 = [1.08],
  mu_254 = [9.19],
  mu_255 = [6.02],
  mu_261 = [8.32],
  mu_262 = [2.21],
  mu_263 = [8.44],
  mu_264 = [9.18],
  mu_265 = [7.58],
  mu_271 = [5.89],
  mu_272 = [4.18],
  mu_273 = [5.37],
  mu_274 = [4.99],
  mu_275 = [3.13],
  mu_281 = [10.77],
  mu_282 = [9.93],
  mu_283 = [2.13],
  mu_284 = [3.91],
  mu_285 = [5.15],
  mu_291 = [7.36],
  mu_292 = [8.05],
  mu_293 = [6.84],
  mu_294 = [9.81],
  mu_295 = [1.04],
  mu_301 = [6.91],
  mu_302 = [7.19],
  mu_303 = [8.55],
  mu_304 = [10.10],
  mu_305 = [6.09],
  mu_311 = [2.00],
  mu_312 = [4.93],
  mu_313 = [6.58],
  mu_314 = [6.46],
  mu_315 = [3.88],
  mu_321 = [9.80],
  mu_322 = [2.01],
  mu_323 = [7.92],
  mu_324 = [9.11],
  mu_325 = [10.19],
  mu_331 = [5.92],
  mu_332 = [4.31],
  mu_333 = [10.52],
  mu_334 = [2.11],
  mu_335 = [8.31],
  mu_341 = [7.36],
  mu_342 = [2.76],
  mu_343 = [1.17],
  mu_344 = [2.98],
  mu_345 = [9.75],
  mu_351 = [1.10],
  mu_352 = [2.11],
  mu_353 = [7.42],
  mu_354 = [5.29],
  mu_355 = [7.08],
  mu_361 = [1.13],
  mu_362 = [3.89],
  mu_363 = [5.20],
  mu_364 = [8.29],
  mu_365 = [5.88],
  mu_371 = [5.19],
  mu_372 = [7.91],
  mu_373 = [6.49],
  mu_374 = [2.17],
  mu_375 = [9.77],
  mu_381 = [7.25],
  mu_382 = [10.17],
  mu_383 = [4.14],
  mu_384 = [1.88],
  mu_385 = [3.22],
  mu_391 = [8.11],
  mu_392 = [7.78],
  mu_393 = [1.18],
  mu_394 = [1.18],
  mu_395 = [10.55],
  mu_401 = [7.61],
  mu_402 = [1.97],
  mu_403 = [4.93],
  mu_404 = [4.51],
  mu_405 = [8.57],
]

Mean Transportation Times (¦Ó_{jk}) = [
  tau_11 = [0.96],
  tau_12 = [5.39],
  tau_13 = [1.88],
  tau_14 = [2.83],
  tau_15 = [3.43],
  tau_21 = [1.00],
  tau_22 = [1.97],
  tau_23 = [1.05],
  tau_24 = [4.60],
  tau_25 = [1.93],
  tau_31 = [3.84],
  tau_32 = [4.45],
  tau_33 = [4.80],
  tau_34 = [4.04],
  tau_35 = [5.20],
  tau_41 = [2.07],
  tau_42 = [1.91],
  tau_43 = [2.15],
  tau_44 = [4.97],
  tau_45 = [3.91],
  tau_51 = [5.28],
  tau_52 = [3.98],
  tau_53 = [4.42],
  tau_54 = [5.29],
  tau_55 = [1.91],
  tau_61 = [2.22],
  tau_62 = [3.47],
  tau_63 = [1.12],
  tau_64 = [3.65],
  tau_65 = [2.65],
  tau_71 = [0.98],
  tau_72 = [0.95],
  tau_73 = [1.03],
  tau_74 = [4.98],
  tau_75 = [4.92],
  tau_81 = [2.08],
  tau_82 = [3.91],
  tau_83 = [2.83],
  tau_84 = [5.54],
  tau_85 = [2.74],
  tau_91 = [5.02],
  tau_92 = [2.03],
  tau_93 = [2.06],
  tau_94 = [4.35],
  tau_95 = [4.21],
  tau_101 = [1.14],
  tau_102 = [2.00],
  tau_103 = [1.00],
  tau_104 = [3.88],
  tau_105 = [2.19],
  tau_111 = [5.43],
  tau_112 = [4.12],
  tau_113 = [4.21],
  tau_114 = [3.36],
  tau_115 = [1.01],
  tau_121 = [3.97],
  tau_122 = [0.97],
  tau_123 = [3.95],
  tau_124 = [1.00],
  tau_125 = [2.07],
  tau_131 = [4.39],
  tau_132 = [4.75],
  tau_133 = [4.05],
  tau_134 = [5.18],
  tau_135 = [3.79],
  tau_141 = [4.77],
  tau_142 = [5.06],
  tau_143 = [0.99],
  tau_144 = [2.79],
  tau_145 = [0.95],
  tau_151 = [2.70],
  tau_152 = [3.00],
  tau_153 = [4.43],
  tau_154 = [4.83],
  tau_155 = [3.92],
  tau_161 = [4.16],
  tau_162 = [5.22],
  tau_163 = [3.93],
  tau_164 = [2.34],
  tau_165 = [5.23],
  tau_171 = [3.94],
  tau_172 = [1.07],
  tau_173 = [1.87],
  tau_174 = [4.15],
  tau_175 = [4.12],
  tau_181 = [3.92],
  tau_182 = [1.94],
  tau_183 = [5.57],
  tau_184 = [1.86],
  tau_185 = [2.21],
  tau_191 = [1.88],
  tau_192 = [2.01],
  tau_193 = [5.20],
  tau_194 = [5.13],
  tau_195 = [1.01],
  tau_201 = [2.93],
  tau_202 = [1.04],
  tau_203 = [3.64],
  tau_204 = [4.81],
  tau_205 = [0.95],
  tau_211 = [2.06],
  tau_212 = [3.93],
  tau_213 = [1.00],
  tau_214 = [3.22],
  tau_215 = [4.95],
  tau_221 = [3.07],
  tau_222 = [5.12],
  tau_223 = [1.06],
  tau_224 = [1.03],
  tau_225 = [2.04],
  tau_231 = [2.79],
  tau_232 = [5.09],
  tau_233 = [4.04],
  tau_234 = [4.11],
  tau_235 = [2.03],
  tau_241 = [5.49],
  tau_242 = [1.89],
  tau_243 = [5.65],
  tau_244 = [1.04],
  tau_245 = [5.57],
  tau_251 = [1.01],
  tau_252 = [4.71],
  tau_253 = [3.95],
  tau_254 = [1.06],
  tau_255 = [2.83],
  tau_261 = [4.77],
  tau_262 = [3.06],
  tau_263 = [4.62],
  tau_264 = [2.25],
  tau_265 = [2.27],
  tau_271 = [1.06],
  tau_272 = [5.62],
  tau_273 = [4.62],
  tau_274 = [1.08],
  tau_275 = [1.05],
  tau_281 = [4.99],
  tau_282 = [5.43],
  tau_283 = [4.93],
  tau_284 = [2.04],
  tau_285 = [1.97],
  tau_291 = [2.91],
  tau_292 = [4.96],
  tau_293 = [3.88],
  tau_294 = [2.95],
  tau_295 = [4.03],
  tau_301 = [4.12],
  tau_302 = [3.58],
  tau_303 = [4.82],
  tau_304 = [1.01],
  tau_305 = [4.82],
  tau_311 = [3.24],
  tau_312 = [1.10],
  tau_313 = [4.49],
  tau_314 = [5.26],
  tau_315 = [2.62],
  tau_321 = [1.99],
  tau_322 = [5.30],
  tau_323 = [2.78],
  tau_324 = [2.04],
  tau_325 = [0.98],
  tau_331 = [2.04],
  tau_332 = [1.91],
  tau_333 = [3.87],
  tau_334 = [2.06],
  tau_335 = [1.79],
  tau_341 = [3.94],
  tau_342 = [3.27],
  tau_343 = [4.68],
  tau_344 = [4.56],
  tau_345 = [3.04],
  tau_351 = [4.82],
  tau_352 = [1.00],
  tau_353 = [1.95],
  tau_354 = [1.03],
  tau_355 = [2.95],
  tau_361 = [1.93],
  tau_362 = [4.01],
  tau_363 = [3.31],
  tau_364 = [4.87],
  tau_365 = [4.10],
  tau_371 = [3.07],
  tau_372 = [2.00],
  tau_373 = [1.04],
  tau_374 = [0.98],
  tau_375 = [4.60],
  tau_381 = [4.64],
  tau_382 = [2.66],
  tau_383 = [5.42],
  tau_384 = [5.30],
  tau_385 = [2.21],
  tau_391 = [2.99],
  tau_392 = [5.08],
  tau_393 = [4.95],
  tau_394 = [2.96],
  tau_395 = [3.30],
  tau_401 = [3.15],
  tau_402 = [4.99],
  tau_403 = [2.10],
  tau_404 = [4.69],
  tau_405 = [3.40],
]

Epsilon + ¦Ì_{jk} = [
  epsilon_plus_mu_11 = [11.90],
  epsilon_plus_mu_12 = [6.12],
  epsilon_plus_mu_13 = [15.20],
  epsilon_plus_mu_14 = [16.11],
  epsilon_plus_mu_15 = [1.75],
  epsilon_plus_mu_21 = [2.89],
  epsilon_plus_mu_22 = [2.82],
  epsilon_plus_mu_23 = [11.23],
  epsilon_plus_mu_24 = [4.52],
  epsilon_plus_mu_25 = [5.84],
  epsilon_plus_mu_31 = [8.79],
  epsilon_plus_mu_32 = [5.71],
  epsilon_plus_mu_33 = [15.51],
  epsilon_plus_mu_34 = [9.11],
  epsilon_plus_mu_35 = [7.46],
  epsilon_plus_mu_41 = [4.62],
  epsilon_plus_mu_42 = [7.36],
  epsilon_plus_mu_43 = [12.92],
  epsilon_plus_mu_44 = [12.56],
  epsilon_plus_mu_45 = [13.18],
  epsilon_plus_mu_51 = [14.53],
  epsilon_plus_mu_52 = [14.54],
  epsilon_plus_mu_53 = [1.69],
  epsilon_plus_mu_54 = [15.37],
  epsilon_plus_mu_55 = [9.23],
  epsilon_plus_mu_61 = [1.67],
  epsilon_plus_mu_62 = [14.70],
  epsilon_plus_mu_63 = [1.71],
  epsilon_plus_mu_64 = [1.71],
  epsilon_plus_mu_65 = [7.62],
  epsilon_plus_mu_71 = [4.67],
  epsilon_plus_mu_72 = [5.12],
  epsilon_plus_mu_73 = [10.48],
  epsilon_plus_mu_74 = [6.27],
  epsilon_plus_mu_75 = [8.37],
  epsilon_plus_mu_81 = [13.22],
  epsilon_plus_mu_82 = [12.93],
  epsilon_plus_mu_83 = [7.75],
  epsilon_plus_mu_84 = [7.62],
  epsilon_plus_mu_85 = [8.04],
  epsilon_plus_mu_91 = [15.62],
  epsilon_plus_mu_92 = [13.77],
  epsilon_plus_mu_93 = [8.37],
  epsilon_plus_mu_94 = [14.96],
  epsilon_plus_mu_95 = [15.52],
  epsilon_plus_mu_101 = [12.99],
  epsilon_plus_mu_102 = [4.51],
  epsilon_plus_mu_103 = [8.82],
  epsilon_plus_mu_104 = [10.24],
  epsilon_plus_mu_105 = [10.36],
  epsilon_plus_mu_111 = [8.07],
  epsilon_plus_mu_112 = [1.79],
  epsilon_plus_mu_113 = [13.27],
  epsilon_plus_mu_114 = [7.75],
  epsilon_plus_mu_115 = [6.01],
  epsilon_plus_mu_121 = [1.73],
  epsilon_plus_mu_122 = [4.73],
  epsilon_plus_mu_123 = [1.68],
  epsilon_plus_mu_124 = [8.82],
  epsilon_plus_mu_125 = [8.09],
  epsilon_plus_mu_131 = [15.89],
  epsilon_plus_mu_132 = [5.97],
  epsilon_plus_mu_133 = [11.52],
  epsilon_plus_mu_134 = [12.62],
  epsilon_plus_mu_135 = [12.41],
  epsilon_plus_mu_141 = [14.87],
  epsilon_plus_mu_142 = [9.55],
  epsilon_plus_mu_143 = [12.27],
  epsilon_plus_mu_144 = [8.20],
  epsilon_plus_mu_145 = [10.50],
  epsilon_plus_mu_151 = [8.97],
  epsilon_plus_mu_152 = [6.07],
  epsilon_plus_mu_153 = [14.58],
  epsilon_plus_mu_154 = [1.74],
  epsilon_plus_mu_155 = [10.60],
  epsilon_plus_mu_161 = [7.47],
  epsilon_plus_mu_162 = [1.65],
  epsilon_plus_mu_163 = [15.41],
  epsilon_plus_mu_164 = [4.48],
  epsilon_plus_mu_165 = [11.11],
  epsilon_plus_mu_171 = [7.11],
  epsilon_plus_mu_172 = [11.54],
  epsilon_plus_mu_173 = [9.07],
  epsilon_plus_mu_174 = [14.00],
  epsilon_plus_mu_175 = [2.80],
  epsilon_plus_mu_181 = [1.79],
  epsilon_plus_mu_182 = [4.58],
  epsilon_plus_mu_183 = [13.83],
  epsilon_plus_mu_184 = [7.98],
  epsilon_plus_mu_185 = [10.43],
  epsilon_plus_mu_191 = [12.78],
  epsilon_plus_mu_192 = [1.65],
  epsilon_plus_mu_193 = [15.03],
  epsilon_plus_mu_194 = [8.89],
  epsilon_plus_mu_195 = [1.65],
  epsilon_plus_mu_201 = [3.13],
  epsilon_plus_mu_202 = [5.61],
  epsilon_plus_mu_203 = [8.81],
  epsilon_plus_mu_204 = [1.73],
  epsilon_plus_mu_205 = [9.69],
  epsilon_plus_mu_211 = [16.85],
  epsilon_plus_mu_212 = [16.25],
  epsilon_plus_mu_213 = [4.44],
  epsilon_plus_mu_214 = [11.77],
  epsilon_plus_mu_215 = [12.92],
  epsilon_plus_mu_221 = [13.92],
  epsilon_plus_mu_222 = [2.93],
  epsilon_plus_mu_223 = [12.12],
  epsilon_plus_mu_224 = [4.32],
  epsilon_plus_mu_225 = [13.51],
  epsilon_plus_mu_231 = [1.85],
  epsilon_plus_mu_232 = [5.79],
  epsilon_plus_mu_233 = [4.35],
  epsilon_plus_mu_234 = [6.58],
  epsilon_plus_mu_235 = [16.49],
  epsilon_plus_mu_241 = [1.71],
  epsilon_plus_mu_242 = [10.89],
  epsilon_plus_mu_243 = [6.37],
  epsilon_plus_mu_244 = [8.76],
  epsilon_plus_mu_245 = [8.60],
  epsilon_plus_mu_251 = [13.38],
  epsilon_plus_mu_252 = [3.16],
  epsilon_plus_mu_253 = [1.61],
  epsilon_plus_mu_254 = [13.78],
  epsilon_plus_mu_255 = [9.03],
  epsilon_plus_mu_261 = [12.48],
  epsilon_plus_mu_262 = [3.31],
  epsilon_plus_mu_263 = [12.67],
  epsilon_plus_mu_264 = [13.77],
  epsilon_plus_mu_265 = [11.37],
  epsilon_plus_mu_271 = [8.84],
  epsilon_plus_mu_272 = [6.27],
  epsilon_plus_mu_273 = [8.06],
  epsilon_plus_mu_274 = [7.48],
  epsilon_plus_mu_275 = [4.70],
  epsilon_plus_mu_281 = [16.16],
  epsilon_plus_mu_282 = [14.90],
  epsilon_plus_mu_283 = [3.19],
  epsilon_plus_mu_284 = [5.87],
  epsilon_plus_mu_285 = [7.72],
  epsilon_plus_mu_291 = [11.04],
  epsilon_plus_mu_292 = [12.07],
  epsilon_plus_mu_293 = [10.26],
  epsilon_plus_mu_294 = [14.71],
  epsilon_plus_mu_295 = [1.56],
  epsilon_plus_mu_301 = [10.36],
  epsilon_plus_mu_302 = [10.79],
  epsilon_plus_mu_303 = [12.83],
  epsilon_plus_mu_304 = [15.16],
  epsilon_plus_mu_305 = [9.13],
  epsilon_plus_mu_311 = [3.00],
  epsilon_plus_mu_312 = [7.39],
  epsilon_plus_mu_313 = [9.87],
  epsilon_plus_mu_314 = [9.69],
  epsilon_plus_mu_315 = [5.82],
  epsilon_plus_mu_321 = [14.69],
  epsilon_plus_mu_322 = [3.01],
  epsilon_plus_mu_323 = [11.88],
  epsilon_plus_mu_324 = [13.67],
  epsilon_plus_mu_325 = [15.28],
  epsilon_plus_mu_331 = [8.88],
  epsilon_plus_mu_332 = [6.46],
  epsilon_plus_mu_333 = [15.77],
  epsilon_plus_mu_334 = [3.16],
  epsilon_plus_mu_335 = [12.47],
  epsilon_plus_mu_341 = [11.04],
  epsilon_plus_mu_342 = [4.14],
  epsilon_plus_mu_343 = [1.75],
  epsilon_plus_mu_344 = [4.47],
  epsilon_plus_mu_345 = [14.62],
  epsilon_plus_mu_351 = [1.65],
  epsilon_plus_mu_352 = [3.16],
  epsilon_plus_mu_353 = [11.13],
  epsilon_plus_mu_354 = [7.93],
  epsilon_plus_mu_355 = [10.62],
  epsilon_plus_mu_361 = [1.70],
  epsilon_plus_mu_362 = [5.83],
  epsilon_plus_mu_363 = [7.80],
  epsilon_plus_mu_364 = [12.44],
  epsilon_plus_mu_365 = [8.82],
  epsilon_plus_mu_371 = [7.78],
  epsilon_plus_mu_372 = [11.87],
  epsilon_plus_mu_373 = [9.74],
  epsilon_plus_mu_374 = [3.25],
  epsilon_plus_mu_375 = [14.66],
  epsilon_plus_mu_381 = [10.88],
  epsilon_plus_mu_382 = [15.25],
  epsilon_plus_mu_383 = [6.20],
  epsilon_plus_mu_384 = [2.82],
  epsilon_plus_mu_385 = [4.84],
  epsilon_plus_mu_391 = [12.17],
  epsilon_plus_mu_392 = [11.67],
  epsilon_plus_mu_393 = [1.77],
  epsilon_plus_mu_394 = [1.76],
  epsilon_plus_mu_395 = [15.82],
  epsilon_plus_mu_401 = [11.42],
  epsilon_plus_mu_402 = [2.96],
  epsilon_plus_mu_403 = [7.39],
  epsilon_plus_mu_404 = [6.76],
  epsilon_plus_mu_405 = [12.85],
]

Epsilon - ¦Ì_{jk} = [
  epsilon_minus_mu_11 = [-3.97],
  epsilon_minus_mu_12 = [-2.04],
  epsilon_minus_mu_13 = [-5.07],
  epsilon_minus_mu_14 = [-5.37],
  epsilon_minus_mu_15 = [-0.58],
  epsilon_minus_mu_21 = [-0.96],
  epsilon_minus_mu_22 = [-0.94],
  epsilon_minus_mu_23 = [-3.74],
  epsilon_minus_mu_24 = [-1.51],
  epsilon_minus_mu_25 = [-1.95],
  epsilon_minus_mu_31 = [-2.93],
  epsilon_minus_mu_32 = [-1.90],
  epsilon_minus_mu_33 = [-5.17],
  epsilon_minus_mu_34 = [-3.04],
  epsilon_minus_mu_35 = [-2.49],
  epsilon_minus_mu_41 = [-1.54],
  epsilon_minus_mu_42 = [-2.45],
  epsilon_minus_mu_43 = [-4.31],
  epsilon_minus_mu_44 = [-4.19],
  epsilon_minus_mu_45 = [-4.39],
  epsilon_minus_mu_51 = [-4.84],
  epsilon_minus_mu_52 = [-4.85],
  epsilon_minus_mu_53 = [-0.56],
  epsilon_minus_mu_54 = [-5.12],
  epsilon_minus_mu_55 = [-3.08],
  epsilon_minus_mu_61 = [-0.56],
  epsilon_minus_mu_62 = [-4.90],
  epsilon_minus_mu_63 = [-0.57],
  epsilon_minus_mu_64 = [-0.57],
  epsilon_minus_mu_65 = [-2.54],
  epsilon_minus_mu_71 = [-1.56],
  epsilon_minus_mu_72 = [-1.71],
  epsilon_minus_mu_73 = [-3.49],
  epsilon_minus_mu_74 = [-2.09],
  epsilon_minus_mu_75 = [-2.79],
  epsilon_minus_mu_81 = [-4.41],
  epsilon_minus_mu_82 = [-4.31],
  epsilon_minus_mu_83 = [-2.58],
  epsilon_minus_mu_84 = [-2.54],
  epsilon_minus_mu_85 = [-2.68],
  epsilon_minus_mu_91 = [-5.21],
  epsilon_minus_mu_92 = [-4.59],
  epsilon_minus_mu_93 = [-2.79],
  epsilon_minus_mu_94 = [-4.99],
  epsilon_minus_mu_95 = [-5.17],
  epsilon_minus_mu_101 = [-4.33],
  epsilon_minus_mu_102 = [-1.50],
  epsilon_minus_mu_103 = [-2.94],
  epsilon_minus_mu_104 = [-3.41],
  epsilon_minus_mu_105 = [-3.45],
  epsilon_minus_mu_111 = [-2.69],
  epsilon_minus_mu_112 = [-0.60],
  epsilon_minus_mu_113 = [-4.42],
  epsilon_minus_mu_114 = [-2.58],
  epsilon_minus_mu_115 = [-2.00],
  epsilon_minus_mu_121 = [-0.58],
  epsilon_minus_mu_122 = [-1.58],
  epsilon_minus_mu_123 = [-0.56],
  epsilon_minus_mu_124 = [-2.94],
  epsilon_minus_mu_125 = [-2.70],
  epsilon_minus_mu_131 = [-5.30],
  epsilon_minus_mu_132 = [-1.99],
  epsilon_minus_mu_133 = [-3.84],
  epsilon_minus_mu_134 = [-4.21],
  epsilon_minus_mu_135 = [-4.14],
  epsilon_minus_mu_141 = [-4.96],
  epsilon_minus_mu_142 = [-3.18],
  epsilon_minus_mu_143 = [-4.09],
  epsilon_minus_mu_144 = [-2.73],
  epsilon_minus_mu_145 = [-3.50],
  epsilon_minus_mu_151 = [-2.99],
  epsilon_minus_mu_152 = [-2.02],
  epsilon_minus_mu_153 = [-4.86],
  epsilon_minus_mu_154 = [-0.58],
  epsilon_minus_mu_155 = [-3.53],
  epsilon_minus_mu_161 = [-2.49],
  epsilon_minus_mu_162 = [-0.55],
  epsilon_minus_mu_163 = [-5.14],
  epsilon_minus_mu_164 = [-1.49],
  epsilon_minus_mu_165 = [-3.70],
  epsilon_minus_mu_171 = [-2.37],
  epsilon_minus_mu_172 = [-3.85],
  epsilon_minus_mu_173 = [-3.02],
  epsilon_minus_mu_174 = [-4.67],
  epsilon_minus_mu_175 = [-0.93],
  epsilon_minus_mu_181 = [-0.60],
  epsilon_minus_mu_182 = [-1.53],
  epsilon_minus_mu_183 = [-4.61],
  epsilon_minus_mu_184 = [-2.66],
  epsilon_minus_mu_185 = [-3.48],
  epsilon_minus_mu_191 = [-4.26],
  epsilon_minus_mu_192 = [-0.55],
  epsilon_minus_mu_193 = [-5.01],
  epsilon_minus_mu_194 = [-2.96],
  epsilon_minus_mu_195 = [-0.55],
  epsilon_minus_mu_201 = [-1.04],
  epsilon_minus_mu_202 = [-1.87],
  epsilon_minus_mu_203 = [-2.94],
  epsilon_minus_mu_204 = [-0.58],
  epsilon_minus_mu_205 = [-3.23],
  epsilon_minus_mu_211 = [-5.62],
  epsilon_minus_mu_212 = [-5.42],
  epsilon_minus_mu_213 = [-1.48],
  epsilon_minus_mu_214 = [-3.92],
  epsilon_minus_mu_215 = [-4.31],
  epsilon_minus_mu_221 = [-4.64],
  epsilon_minus_mu_222 = [-0.98],
  epsilon_minus_mu_223 = [-4.04],
  epsilon_minus_mu_224 = [-1.44],
  epsilon_minus_mu_225 = [-4.50],
  epsilon_minus_mu_231 = [-0.62],
  epsilon_minus_mu_232 = [-1.93],
  epsilon_minus_mu_233 = [-1.45],
  epsilon_minus_mu_234 = [-2.19],
  epsilon_minus_mu_235 = [-5.50],
  epsilon_minus_mu_241 = [-0.57],
  epsilon_minus_mu_242 = [-3.63],
  epsilon_minus_mu_243 = [-2.12],
  epsilon_minus_mu_244 = [-2.92],
  epsilon_minus_mu_245 = [-2.87],
  epsilon_minus_mu_251 = [-4.46],
  epsilon_minus_mu_252 = [-1.05],
  epsilon_minus_mu_253 = [-0.54],
  epsilon_minus_mu_254 = [-4.59],
  epsilon_minus_mu_255 = [-3.01],
  epsilon_minus_mu_261 = [-4.16],
  epsilon_minus_mu_262 = [-1.10],
  epsilon_minus_mu_263 = [-4.22],
  epsilon_minus_mu_264 = [-4.59],
  epsilon_minus_mu_265 = [-3.79],
  epsilon_minus_mu_271 = [-2.95],
  epsilon_minus_mu_272 = [-2.09],
  epsilon_minus_mu_273 = [-2.69],
  epsilon_minus_mu_274 = [-2.49],
  epsilon_minus_mu_275 = [-1.57],
  epsilon_minus_mu_281 = [-5.39],
  epsilon_minus_mu_282 = [-4.97],
  epsilon_minus_mu_283 = [-1.06],
  epsilon_minus_mu_284 = [-1.96],
  epsilon_minus_mu_285 = [-2.57],
  epsilon_minus_mu_291 = [-3.68],
  epsilon_minus_mu_292 = [-4.02],
  epsilon_minus_mu_293 = [-3.42],
  epsilon_minus_mu_294 = [-4.90],
  epsilon_minus_mu_295 = [-0.52],
  epsilon_minus_mu_301 = [-3.45],
  epsilon_minus_mu_302 = [-3.60],
  epsilon_minus_mu_303 = [-4.28],
  epsilon_minus_mu_304 = [-5.05],
  epsilon_minus_mu_305 = [-3.04],
  epsilon_minus_mu_311 = [-1.00],
  epsilon_minus_mu_312 = [-2.46],
  epsilon_minus_mu_313 = [-3.29],
  epsilon_minus_mu_314 = [-3.23],
  epsilon_minus_mu_315 = [-1.94],
  epsilon_minus_mu_321 = [-4.90],
  epsilon_minus_mu_322 = [-1.00],
  epsilon_minus_mu_323 = [-3.96],
  epsilon_minus_mu_324 = [-4.56],
  epsilon_minus_mu_325 = [-5.09],
  epsilon_minus_mu_331 = [-2.96],
  epsilon_minus_mu_332 = [-2.15],
  epsilon_minus_mu_333 = [-5.26],
  epsilon_minus_mu_334 = [-1.05],
  epsilon_minus_mu_335 = [-4.16],
  epsilon_minus_mu_341 = [-3.68],
  epsilon_minus_mu_342 = [-1.38],
  epsilon_minus_mu_343 = [-0.58],
  epsilon_minus_mu_344 = [-1.49],
  epsilon_minus_mu_345 = [-4.87],
  epsilon_minus_mu_351 = [-0.55],
  epsilon_minus_mu_352 = [-1.05],
  epsilon_minus_mu_353 = [-3.71],
  epsilon_minus_mu_354 = [-2.64],
  epsilon_minus_mu_355 = [-3.54],
  epsilon_minus_mu_361 = [-0.57],
  epsilon_minus_mu_362 = [-1.94],
  epsilon_minus_mu_363 = [-2.60],
  epsilon_minus_mu_364 = [-4.15],
  epsilon_minus_mu_365 = [-2.94],
  epsilon_minus_mu_371 = [-2.59],
  epsilon_minus_mu_372 = [-3.96],
  epsilon_minus_mu_373 = [-3.25],
  epsilon_minus_mu_374 = [-1.08],
  epsilon_minus_mu_375 = [-4.89],
  epsilon_minus_mu_381 = [-3.63],
  epsilon_minus_mu_382 = [-5.08],
  epsilon_minus_mu_383 = [-2.07],
  epsilon_minus_mu_384 = [-0.94],
  epsilon_minus_mu_385 = [-1.61],
  epsilon_minus_mu_391 = [-4.06],
  epsilon_minus_mu_392 = [-3.89],
  epsilon_minus_mu_393 = [-0.59],
  epsilon_minus_mu_394 = [-0.59],
  epsilon_minus_mu_395 = [-5.27],
  epsilon_minus_mu_401 = [-3.81],
  epsilon_minus_mu_402 = [-0.99],
  epsilon_minus_mu_403 = [-2.46],
  epsilon_minus_mu_404 = [-2.25],
  epsilon_minus_mu_405 = [-4.28],
]

Sigma + ¦Ó_{jk} = [
  sigma_plus_tau_11 = [1.44],
  sigma_plus_tau_12 = [8.08],
  sigma_plus_tau_13 = [2.83],
  sigma_plus_tau_14 = [4.25],
  sigma_plus_tau_15 = [5.14],
  sigma_plus_tau_21 = [1.49],
  sigma_plus_tau_22 = [2.96],
  sigma_plus_tau_23 = [1.57],
  sigma_plus_tau_24 = [6.90],
  sigma_plus_tau_25 = [2.90],
  sigma_plus_tau_31 = [5.76],
  sigma_plus_tau_32 = [6.67],
  sigma_plus_tau_33 = [7.21],
  sigma_plus_tau_34 = [6.06],
  sigma_plus_tau_35 = [7.80],
  sigma_plus_tau_41 = [3.10],
  sigma_plus_tau_42 = [2.86],
  sigma_plus_tau_43 = [3.22],
  sigma_plus_tau_44 = [7.45],
  sigma_plus_tau_45 = [5.86],
  sigma_plus_tau_51 = [7.92],
  sigma_plus_tau_52 = [5.98],
  sigma_plus_tau_53 = [6.62],
  sigma_plus_tau_54 = [7.93],
  sigma_plus_tau_55 = [2.86],
  sigma_plus_tau_61 = [3.33],
  sigma_plus_tau_62 = [5.20],
  sigma_plus_tau_63 = [1.68],
  sigma_plus_tau_64 = [5.47],
  sigma_plus_tau_65 = [3.98],
  sigma_plus_tau_71 = [1.47],
  sigma_plus_tau_72 = [1.43],
  sigma_plus_tau_73 = [1.55],
  sigma_plus_tau_74 = [7.47],
  sigma_plus_tau_75 = [7.38],
  sigma_plus_tau_81 = [3.12],
  sigma_plus_tau_82 = [5.86],
  sigma_plus_tau_83 = [4.25],
  sigma_plus_tau_84 = [8.30],
  sigma_plus_tau_85 = [4.10],
  sigma_plus_tau_91 = [7.53],
  sigma_plus_tau_92 = [3.05],
  sigma_plus_tau_93 = [3.09],
  sigma_plus_tau_94 = [6.53],
  sigma_plus_tau_95 = [6.31],
  sigma_plus_tau_101 = [1.70],
  sigma_plus_tau_102 = [3.00],
  sigma_plus_tau_103 = [1.50],
  sigma_plus_tau_104 = [5.82],
  sigma_plus_tau_105 = [3.28],
  sigma_plus_tau_111 = [8.14],
  sigma_plus_tau_112 = [6.19],
  sigma_plus_tau_113 = [6.31],
  sigma_plus_tau_114 = [5.03],
  sigma_plus_tau_115 = [1.52],
  sigma_plus_tau_121 = [5.95],
  sigma_plus_tau_122 = [1.46],
  sigma_plus_tau_123 = [5.93],
  sigma_plus_tau_124 = [1.49],
  sigma_plus_tau_125 = [3.11],
  sigma_plus_tau_131 = [6.59],
  sigma_plus_tau_132 = [7.13],
  sigma_plus_tau_133 = [6.07],
  sigma_plus_tau_134 = [7.77],
  sigma_plus_tau_135 = [5.68],
  sigma_plus_tau_141 = [7.16],
  sigma_plus_tau_142 = [7.59],
  sigma_plus_tau_143 = [1.49],
  sigma_plus_tau_144 = [4.18],
  sigma_plus_tau_145 = [1.43],
  sigma_plus_tau_151 = [4.05],
  sigma_plus_tau_152 = [4.50],
  sigma_plus_tau_153 = [6.64],
  sigma_plus_tau_154 = [7.24],
  sigma_plus_tau_155 = [5.88],
  sigma_plus_tau_161 = [6.24],
  sigma_plus_tau_162 = [7.83],
  sigma_plus_tau_163 = [5.89],
  sigma_plus_tau_164 = [3.51],
  sigma_plus_tau_165 = [7.84],
  sigma_plus_tau_171 = [5.92],
  sigma_plus_tau_172 = [1.60],
  sigma_plus_tau_173 = [2.80],
  sigma_plus_tau_174 = [6.23],
  sigma_plus_tau_175 = [6.18],
  sigma_plus_tau_181 = [5.87],
  sigma_plus_tau_182 = [2.91],
  sigma_plus_tau_183 = [8.35],
  sigma_plus_tau_184 = [2.79],
  sigma_plus_tau_185 = [3.31],
  sigma_plus_tau_191 = [2.82],
  sigma_plus_tau_192 = [3.01],
  sigma_plus_tau_193 = [7.80],
  sigma_plus_tau_194 = [7.70],
  sigma_plus_tau_195 = [1.51],
  sigma_plus_tau_201 = [4.39],
  sigma_plus_tau_202 = [1.56],
  sigma_plus_tau_203 = [5.46],
  sigma_plus_tau_204 = [7.21],
  sigma_plus_tau_205 = [1.43],
  sigma_plus_tau_211 = [3.09],
  sigma_plus_tau_212 = [5.89],
  sigma_plus_tau_213 = [1.50],
  sigma_plus_tau_214 = [4.82],
  sigma_plus_tau_215 = [7.43],
  sigma_plus_tau_221 = [4.60],
  sigma_plus_tau_222 = [7.68],
  sigma_plus_tau_223 = [1.59],
  sigma_plus_tau_224 = [1.55],
  sigma_plus_tau_225 = [3.07],
  sigma_plus_tau_231 = [4.18],
  sigma_plus_tau_232 = [7.64],
  sigma_plus_tau_233 = [6.05],
  sigma_plus_tau_234 = [6.17],
  sigma_plus_tau_235 = [3.05],
  sigma_plus_tau_241 = [8.24],
  sigma_plus_tau_242 = [2.84],
  sigma_plus_tau_243 = [8.48],
  sigma_plus_tau_244 = [1.57],
  sigma_plus_tau_245 = [8.36],
  sigma_plus_tau_251 = [1.51],
  sigma_plus_tau_252 = [7.06],
  sigma_plus_tau_253 = [5.92],
  sigma_plus_tau_254 = [1.59],
  sigma_plus_tau_255 = [4.25],
  sigma_plus_tau_261 = [7.15],
  sigma_plus_tau_262 = [4.59],
  sigma_plus_tau_263 = [6.93],
  sigma_plus_tau_264 = [3.38],
  sigma_plus_tau_265 = [3.41],
  sigma_plus_tau_271 = [1.59],
  sigma_plus_tau_272 = [8.44],
  sigma_plus_tau_273 = [6.94],
  sigma_plus_tau_274 = [1.62],
  sigma_plus_tau_275 = [1.58],
  sigma_plus_tau_281 = [7.49],
  sigma_plus_tau_282 = [8.15],
  sigma_plus_tau_283 = [7.39],
  sigma_plus_tau_284 = [3.06],
  sigma_plus_tau_285 = [2.95],
  sigma_plus_tau_291 = [4.37],
  sigma_plus_tau_292 = [7.44],
  sigma_plus_tau_293 = [5.82],
  sigma_plus_tau_294 = [4.43],
  sigma_plus_tau_295 = [6.05],
  sigma_plus_tau_301 = [6.19],
  sigma_plus_tau_302 = [5.37],
  sigma_plus_tau_303 = [7.23],
  sigma_plus_tau_304 = [1.52],
  sigma_plus_tau_305 = [7.23],
  sigma_plus_tau_311 = [4.86],
  sigma_plus_tau_312 = [1.65],
  sigma_plus_tau_313 = [6.73],
  sigma_plus_tau_314 = [7.88],
  sigma_plus_tau_315 = [3.93],
  sigma_plus_tau_321 = [2.98],
  sigma_plus_tau_322 = [7.96],
  sigma_plus_tau_323 = [4.17],
  sigma_plus_tau_324 = [3.06],
  sigma_plus_tau_325 = [1.48],
  sigma_plus_tau_331 = [3.06],
  sigma_plus_tau_332 = [2.86],
  sigma_plus_tau_333 = [5.81],
  sigma_plus_tau_334 = [3.09],
  sigma_plus_tau_335 = [2.69],
  sigma_plus_tau_341 = [5.92],
  sigma_plus_tau_342 = [4.91],
  sigma_plus_tau_343 = [7.03],
  sigma_plus_tau_344 = [6.84],
  sigma_plus_tau_345 = [4.56],
  sigma_plus_tau_351 = [7.23],
  sigma_plus_tau_352 = [1.50],
  sigma_plus_tau_353 = [2.92],
  sigma_plus_tau_354 = [1.55],
  sigma_plus_tau_355 = [4.42],
  sigma_plus_tau_361 = [2.89],
  sigma_plus_tau_362 = [6.01],
  sigma_plus_tau_363 = [4.96],
  sigma_plus_tau_364 = [7.31],
  sigma_plus_tau_365 = [6.15],
  sigma_plus_tau_371 = [4.60],
  sigma_plus_tau_372 = [3.00],
  sigma_plus_tau_373 = [1.55],
  sigma_plus_tau_374 = [1.47],
  sigma_plus_tau_375 = [6.90],
  sigma_plus_tau_381 = [6.96],
  sigma_plus_tau_382 = [3.99],
  sigma_plus_tau_383 = [8.13],
  sigma_plus_tau_384 = [7.96],
  sigma_plus_tau_385 = [3.32],
  sigma_plus_tau_391 = [4.49],
  sigma_plus_tau_392 = [7.62],
  sigma_plus_tau_393 = [7.43],
  sigma_plus_tau_394 = [4.45],
  sigma_plus_tau_395 = [4.95],
  sigma_plus_tau_401 = [4.73],
  sigma_plus_tau_402 = [7.48],
  sigma_plus_tau_403 = [3.16],
  sigma_plus_tau_404 = [7.03],
  sigma_plus_tau_405 = [5.10],
]

Sigma - ¦Ó_{jk} = [
  sigma_minus_tau_11 = [-0.48],
  sigma_minus_tau_12 = [-2.69],
  sigma_minus_tau_13 = [-0.94],
  sigma_minus_tau_14 = [-1.42],
  sigma_minus_tau_15 = [-1.71],
  sigma_minus_tau_21 = [-0.50],
  sigma_minus_tau_22 = [-0.99],
  sigma_minus_tau_23 = [-0.52],
  sigma_minus_tau_24 = [-2.30],
  sigma_minus_tau_25 = [-0.97],
  sigma_minus_tau_31 = [-1.92],
  sigma_minus_tau_32 = [-2.22],
  sigma_minus_tau_33 = [-2.40],
  sigma_minus_tau_34 = [-2.02],
  sigma_minus_tau_35 = [-2.60],
  sigma_minus_tau_41 = [-1.03],
  sigma_minus_tau_42 = [-0.95],
  sigma_minus_tau_43 = [-1.07],
  sigma_minus_tau_44 = [-2.48],
  sigma_minus_tau_45 = [-1.95],
  sigma_minus_tau_51 = [-2.64],
  sigma_minus_tau_52 = [-1.99],
  sigma_minus_tau_53 = [-2.21],
  sigma_minus_tau_54 = [-2.64],
  sigma_minus_tau_55 = [-0.95],
  sigma_minus_tau_61 = [-1.11],
  sigma_minus_tau_62 = [-1.73],
  sigma_minus_tau_63 = [-0.56],
  sigma_minus_tau_64 = [-1.82],
  sigma_minus_tau_65 = [-1.33],
  sigma_minus_tau_71 = [-0.49],
  sigma_minus_tau_72 = [-0.48],
  sigma_minus_tau_73 = [-0.52],
  sigma_minus_tau_74 = [-2.49],
  sigma_minus_tau_75 = [-2.46],
  sigma_minus_tau_81 = [-1.04],
  sigma_minus_tau_82 = [-1.95],
  sigma_minus_tau_83 = [-1.42],
  sigma_minus_tau_84 = [-2.77],
  sigma_minus_tau_85 = [-1.37],
  sigma_minus_tau_91 = [-2.51],
  sigma_minus_tau_92 = [-1.02],
  sigma_minus_tau_93 = [-1.03],
  sigma_minus_tau_94 = [-2.18],
  sigma_minus_tau_95 = [-2.10],
  sigma_minus_tau_101 = [-0.57],
  sigma_minus_tau_102 = [-1.00],
  sigma_minus_tau_103 = [-0.50],
  sigma_minus_tau_104 = [-1.94],
  sigma_minus_tau_105 = [-1.09],
  sigma_minus_tau_111 = [-2.71],
  sigma_minus_tau_112 = [-2.06],
  sigma_minus_tau_113 = [-2.10],
  sigma_minus_tau_114 = [-1.68],
  sigma_minus_tau_115 = [-0.51],
  sigma_minus_tau_121 = [-1.98],
  sigma_minus_tau_122 = [-0.49],
  sigma_minus_tau_123 = [-1.98],
  sigma_minus_tau_124 = [-0.50],
  sigma_minus_tau_125 = [-1.04],
  sigma_minus_tau_131 = [-2.20],
  sigma_minus_tau_132 = [-2.38],
  sigma_minus_tau_133 = [-2.02],
  sigma_minus_tau_134 = [-2.59],
  sigma_minus_tau_135 = [-1.89],
  sigma_minus_tau_141 = [-2.39],
  sigma_minus_tau_142 = [-2.53],
  sigma_minus_tau_143 = [-0.50],
  sigma_minus_tau_144 = [-1.39],
  sigma_minus_tau_145 = [-0.48],
  sigma_minus_tau_151 = [-1.35],
  sigma_minus_tau_152 = [-1.50],
  sigma_minus_tau_153 = [-2.21],
  sigma_minus_tau_154 = [-2.41],
  sigma_minus_tau_155 = [-1.96],
  sigma_minus_tau_161 = [-2.08],
  sigma_minus_tau_162 = [-2.61],
  sigma_minus_tau_163 = [-1.96],
  sigma_minus_tau_164 = [-1.17],
  sigma_minus_tau_165 = [-2.61],
  sigma_minus_tau_171 = [-1.97],
  sigma_minus_tau_172 = [-0.53],
  sigma_minus_tau_173 = [-0.93],
  sigma_minus_tau_174 = [-2.08],
  sigma_minus_tau_175 = [-2.06],
  sigma_minus_tau_181 = [-1.96],
  sigma_minus_tau_182 = [-0.97],
  sigma_minus_tau_183 = [-2.78],
  sigma_minus_tau_184 = [-0.93],
  sigma_minus_tau_185 = [-1.10],
  sigma_minus_tau_191 = [-0.94],
  sigma_minus_tau_192 = [-1.00],
  sigma_minus_tau_193 = [-2.60],
  sigma_minus_tau_194 = [-2.57],
  sigma_minus_tau_195 = [-0.50],
  sigma_minus_tau_201 = [-1.46],
  sigma_minus_tau_202 = [-0.52],
  sigma_minus_tau_203 = [-1.82],
  sigma_minus_tau_204 = [-2.40],
  sigma_minus_tau_205 = [-0.48],
  sigma_minus_tau_211 = [-1.03],
  sigma_minus_tau_212 = [-1.96],
  sigma_minus_tau_213 = [-0.50],
  sigma_minus_tau_214 = [-1.61],
  sigma_minus_tau_215 = [-2.48],
  sigma_minus_tau_221 = [-1.53],
  sigma_minus_tau_222 = [-2.56],
  sigma_minus_tau_223 = [-0.53],
  sigma_minus_tau_224 = [-0.52],
  sigma_minus_tau_225 = [-1.02],
  sigma_minus_tau_231 = [-1.39],
  sigma_minus_tau_232 = [-2.55],
  sigma_minus_tau_233 = [-2.02],
  sigma_minus_tau_234 = [-2.06],
  sigma_minus_tau_235 = [-1.02],
  sigma_minus_tau_241 = [-2.75],
  sigma_minus_tau_242 = [-0.95],
  sigma_minus_tau_243 = [-2.83],
  sigma_minus_tau_244 = [-0.52],
  sigma_minus_tau_245 = [-2.79],
  sigma_minus_tau_251 = [-0.50],
  sigma_minus_tau_252 = [-2.35],
  sigma_minus_tau_253 = [-1.97],
  sigma_minus_tau_254 = [-0.53],
  sigma_minus_tau_255 = [-1.42],
  sigma_minus_tau_261 = [-2.38],
  sigma_minus_tau_262 = [-1.53],
  sigma_minus_tau_263 = [-2.31],
  sigma_minus_tau_264 = [-1.13],
  sigma_minus_tau_265 = [-1.14],
  sigma_minus_tau_271 = [-0.53],
  sigma_minus_tau_272 = [-2.81],
  sigma_minus_tau_273 = [-2.31],
  sigma_minus_tau_274 = [-0.54],
  sigma_minus_tau_275 = [-0.53],
  sigma_minus_tau_281 = [-2.50],
  sigma_minus_tau_282 = [-2.72],
  sigma_minus_tau_283 = [-2.46],
  sigma_minus_tau_284 = [-1.02],
  sigma_minus_tau_285 = [-0.98],
  sigma_minus_tau_291 = [-1.46],
  sigma_minus_tau_292 = [-2.48],
  sigma_minus_tau_293 = [-1.94],
  sigma_minus_tau_294 = [-1.48],
  sigma_minus_tau_295 = [-2.02],
  sigma_minus_tau_301 = [-2.06],
  sigma_minus_tau_302 = [-1.79],
  sigma_minus_tau_303 = [-2.41],
  sigma_minus_tau_304 = [-0.51],
  sigma_minus_tau_305 = [-2.41],
  sigma_minus_tau_311 = [-1.62],
  sigma_minus_tau_312 = [-0.55],
  sigma_minus_tau_313 = [-2.24],
  sigma_minus_tau_314 = [-2.63],
  sigma_minus_tau_315 = [-1.31],
  sigma_minus_tau_321 = [-0.99],
  sigma_minus_tau_322 = [-2.65],
  sigma_minus_tau_323 = [-1.39],
  sigma_minus_tau_324 = [-1.02],
  sigma_minus_tau_325 = [-0.49],
  sigma_minus_tau_331 = [-1.02],
  sigma_minus_tau_332 = [-0.95],
  sigma_minus_tau_333 = [-1.94],
  sigma_minus_tau_334 = [-1.03],
  sigma_minus_tau_335 = [-0.90],
  sigma_minus_tau_341 = [-1.97],
  sigma_minus_tau_342 = [-1.64],
  sigma_minus_tau_343 = [-2.34],
  sigma_minus_tau_344 = [-2.28],
  sigma_minus_tau_345 = [-1.52],
  sigma_minus_tau_351 = [-2.41],
  sigma_minus_tau_352 = [-0.50],
  sigma_minus_tau_353 = [-0.97],
  sigma_minus_tau_354 = [-0.52],
  sigma_minus_tau_355 = [-1.47],
  sigma_minus_tau_361 = [-0.96],
  sigma_minus_tau_362 = [-2.00],
  sigma_minus_tau_363 = [-1.65],
  sigma_minus_tau_364 = [-2.44],
  sigma_minus_tau_365 = [-2.05],
  sigma_minus_tau_371 = [-1.53],
  sigma_minus_tau_372 = [-1.00],
  sigma_minus_tau_373 = [-0.52],
  sigma_minus_tau_374 = [-0.49],
  sigma_minus_tau_375 = [-2.30],
  sigma_minus_tau_381 = [-2.32],
  sigma_minus_tau_382 = [-1.33],
  sigma_minus_tau_383 = [-2.71],
  sigma_minus_tau_384 = [-2.65],
  sigma_minus_tau_385 = [-1.11],
  sigma_minus_tau_391 = [-1.50],
  sigma_minus_tau_392 = [-2.54],
  sigma_minus_tau_393 = [-2.48],
  sigma_minus_tau_394 = [-1.48],
  sigma_minus_tau_395 = [-1.65],
  sigma_minus_tau_401 = [-1.58],
  sigma_minus_tau_402 = [-2.49],
  sigma_minus_tau_403 = [-1.05],
  sigma_minus_tau_404 = [-2.34],
  sigma_minus_tau_405 = [-1.70],
]

Probabilities (p_s) = [
0.05, 0.05, 0.05, 0.05, 0.05, 0.05, 0.05, 0.05, 0.05, 0.05, 0.05, 0.05, 0.05, 0.05, 0.05, 0.05, 0.05, 0.05, 0.05, 0.05
]

c_bar = 5.85
