Jobs = 40
Machines = 5
Scenarios = 20

Ready Times (rj) = [
0.00, 0.00, 0.00, 0.00, 0.00, 0.00, 0.00, 0.00, 0.00, 0.00, 0.00, 0.00, 0.00, 0.00, 0.00, 0.00, 0.00, 0.00, 0.00, 0.00, 0.00, 0.00, 0.00, 0.00, 0.00, 0.00, 0.00, 0.00, 0.00, 0.00, 0.00, 0.00, 0.00, 0.00, 0.00, 0.00, 0.00, 0.00, 0.00, 0.00
]

Transportation Times (tjk^s) = [
  tjk_11 = [0.88, 1.43, 1.48, 0.95, 0.95, 1.10, 0.94, 1.12, 1.13, 1.01, 0.47, 0.80, 0.58, 1.60, 1.06, 0.56, 0.74, 1.43, 1.33, 1.27],
  tjk_12 = [1.83, 1.92, 2.28, 2.89, 1.43, 2.47, 1.43, 1.12, 2.41, 2.74, 0.91, 1.81, 2.90, 1.05, 1.65, 2.39, 1.41, 1.19, 2.86, 2.37],
  tjk_13 = [2.45, 3.27, 2.26, 2.38, 2.91, 3.75, 3.46, 3.75, 2.39, 3.98, 2.76, 0.96, 3.05, 3.02, 2.84, 4.34, 3.38, 3.70, 3.98, 4.32],
  tjk_14 = [2.77, 1.11, 1.52, 3.55, 2.34, 2.22, 1.76, 1.17, 2.22, 2.94, 2.25, 2.82, 2.09, 1.18, 2.56, 1.60, 2.82, 2.05, 2.12, 0.72],
  tjk_15 = [0.75, 1.33, 0.93, 0.55, 1.57, 0.92, 0.56, 1.26, 1.60, 0.99, 1.19, 0.91, 0.59, 1.29, 0.94, 1.52, 1.09, 1.41, 0.78, 1.25],
  tjk_21 = [2.61, 1.89, 1.63, 1.48, 3.55, 1.74, 1.91, 3.39, 1.42, 1.94, 1.53, 1.52, 0.76, 1.72, 1.70, 2.97, 2.99, 2.15, 1.01, 2.99],
  tjk_22 = [5.26, 8.03, 6.03, 6.96, 4.28, 6.63, 5.07, 5.64, 4.82, 4.59, 4.65, 4.83, 5.69, 5.26, 3.11, 6.05, 5.84, 3.97, 8.88, 6.74],
  tjk_23 = [0.83, 1.56, 1.48, 1.27, 1.25, 0.89, 0.76, 1.49, 0.79, 0.55, 1.03, 1.30, 1.02, 1.13, 0.65, 1.12, 0.72, 1.03, 1.01, 1.47],
  tjk_24 = [3.46, 3.17, 3.70, 2.21, 0.92, 2.39, 4.06, 3.27, 3.63, 1.08, 3.81, 1.92, 2.29, 2.43, 4.02, 4.35, 1.54, 3.02, 1.88, 4.20],
  tjk_25 = [4.93, 5.88, 4.99, 2.53, 4.39, 4.45, 5.27, 3.84, 4.83, 3.20, 5.71, 9.24, 4.51, 6.00, 4.25, 6.93, 6.43, 3.82, 4.55, 6.88],
  tjk_31 = [2.70, 2.55, 2.91, 3.19, 2.06, 2.62, 2.64, 2.48, 2.10, 3.39, 1.88, 3.26, 3.91, 2.76, 4.72, 2.83, 1.21, 4.29, 3.20, 1.23],
  tjk_32 = [1.23, 0.54, 0.58, 0.85, 1.27, 1.24, 1.01, 0.66, 0.77, 1.43, 0.64, 0.81, 1.26, 1.28, 1.37, 1.21, 0.59, 1.04, 0.88, 1.33],
  tjk_33 = [4.71, 4.88, 3.58, 6.36, 4.97, 4.30, 4.34, 5.88, 7.48, 4.81, 6.83, 4.58, 4.83, 7.75, 5.00, 5.58, 3.11, 3.15, 7.48, 5.60],
  tjk_34 = [1.81, 2.30, 3.52, 1.31, 2.38, 2.93, 2.17, 2.27, 3.87, 1.00, 2.03, 1.11, 1.59, 2.63, 1.57, 1.59, 2.61, 2.47, 2.99, 1.42],
  tjk_35 = [3.89, 4.78, 2.59, 3.99, 4.92, 3.13, 1.78, 3.73, 3.18, 4.63, 4.45, 5.76, 4.95, 2.57, 2.36, 5.12, 2.76, 3.34, 5.33, 3.30],
  tjk_41 = [3.58, 2.29, 3.12, 2.26, 3.22, 2.38, 2.54, 2.11, 1.32, 2.14, 2.75, 1.15, 3.41, 1.86, 2.36, 3.22, 1.62, 0.85, 1.65, 2.05],
  tjk_42 = [5.29, 5.21, 4.29, 5.68, 3.53, 3.18, 6.12, 7.02, 2.80, 5.93, 7.74, 4.05, 4.88, 4.25, 7.62, 2.76, 4.09, 4.95, 3.36, 3.34],
  tjk_43 = [3.78, 3.98, 3.23, 5.40, 3.11, 3.58, 7.21, 5.72, 4.81, 0.79, 5.74, 3.24, 2.08, 4.44, 3.20, 4.65, 3.11, 5.17, 4.06, 5.64],
  tjk_44 = [3.23, 4.82, 5.13, 1.41, 3.24, 2.89, 1.33, 4.43, 6.25, 6.69, 5.39, 3.66, 5.85, 8.88, 4.40, 3.16, 4.32, 7.93, 4.77, 4.78],
  tjk_45 = [2.57, 2.75, 2.08, 3.76, 4.65, 2.94, 4.19, 4.91, 1.33, 4.04, 2.14, 1.66, 4.39, 1.96, 1.78, 2.33, 1.79, 5.11, 2.42, 3.29],
  tjk_51 = [1.01, 1.29, 1.11, 0.98, 0.45, 1.48, 1.56, 1.07, 0.88, 0.65, 0.73, 1.44, 0.81, 1.25, 0.88, 1.42, 0.83, 1.13, 0.73, 0.66],
  tjk_52 = [6.29, 3.98, 5.64, 5.84, 4.85, 3.11, 6.17, 5.90, 5.63, 3.46, 3.48, 3.05, 4.18, 4.09, 3.48, 3.91, 2.46, 4.63, 4.42, 5.17],
  tjk_53 = [0.80, 1.34, 1.14, 1.13, 1.07, 0.84, 0.70, 0.69, 1.38, 0.87, 1.05, 0.58, 1.15, 1.26, 1.13, 1.67, 0.94, 0.96, 0.56, 1.09],
  tjk_54 = [3.58, 6.48, 7.99, 6.32, 4.35, 5.08, 2.33, 6.34, 3.62, 7.13, 5.06, 5.09, 6.16, 4.45, 6.83, 3.98, 6.77, 3.78, 5.67, 3.75],
  tjk_55 = [0.76, 0.88, 1.32, 1.06, 1.21, 1.26, 1.29, 1.52, 1.27, 0.89, 1.30, 1.00, 0.62, 1.28, 1.24, 1.77, 0.60, 1.38, 1.17, 1.47],
  tjk_61 = [3.19, 3.47, 3.64, 2.24, 2.98, 4.50, 1.84, 2.47, 2.00, 4.24, 3.99, 2.30, 3.72, 4.34, 2.05, 2.19, 2.94, 2.55, 2.24, 3.69],
  tjk_62 = [3.68, 2.70, 3.29, 4.24, 2.35, 3.17, 3.25, 2.40, 3.45, 1.96, 1.99, 1.89, 1.89, 1.72, 2.70, 2.78, 2.29, 3.93, 1.50, 2.52],
  tjk_63 = [1.82, 1.75, 2.68, 1.72, 1.84, 3.38, 2.27, 2.33, 1.44, 1.56, 3.17, 1.89, 2.92, 5.13, 2.17, 2.95, 2.49, 1.90, 3.29, 1.04],
  tjk_64 = [1.46, 1.05, 1.13, 1.23, 1.25, 1.06, 0.79, 0.63, 1.89, 0.77, 1.51, 0.84, 1.49, 0.92, 0.86, 0.85, 1.35, 0.90, 1.05, 0.61],
  tjk_65 = [4.79, 5.51, 3.49, 3.27, 7.45, 3.27, 5.89, 5.05, 6.36, 4.81, 4.25, 6.23, 5.51, 3.94, 5.58, 8.10, 4.20, 3.82, 5.50, 2.80],
  tjk_71 = [2.88, 1.27, 1.48, 2.25, 2.83, 3.35, 2.05, 1.42, 2.38, 2.08, 1.88, 1.32, 2.40, 0.62, 1.10, 2.64, 1.09, 2.85, 1.74, 1.61],
  tjk_72 = [2.19, 1.54, 1.96, 2.50, 2.64, 4.60, 1.25, 3.30, 3.47, 3.00, 2.80, 3.82, 5.50, 5.10, 2.39, 2.56, 2.96, 1.76, 3.23, 2.81],
  tjk_73 = [1.16, 0.80, 1.27, 1.05, 1.19, 1.35, 0.98, 1.34, 0.94, 0.53, 0.92, 0.98, 0.62, 1.03, 0.95, 0.90, 0.57, 1.28, 1.15, 1.28],
  tjk_74 = [2.47, 2.95, 2.37, 1.78, 3.08, 3.87, 2.10, 1.90, 2.13, 2.70, 3.65, 4.59, 2.15, 3.30, 4.22, 3.00, 2.89, 2.71, 2.60, 3.86],
  tjk_75 = [6.08, 3.28, 6.34, 6.27, 3.24, 5.99, 6.26, 2.84, 3.50, 3.98, 3.04, 5.07, 4.13, 3.57, 5.31, 3.31, 4.94, 4.25, 4.52, 1.19],
  tjk_81 = [5.68, 2.20, 6.45, 6.15, 6.51, 3.32, 7.21, 6.21, 3.86, 4.14, 6.83, 8.12, 4.79, 6.94, 4.06, 5.38, 5.03, 4.03, 2.89, 4.27],
  tjk_82 = [2.81, 2.43, 1.25, 3.70, 2.95, 4.27, 2.14, 2.93, 2.98, 3.56, 2.77, 3.76, 3.60, 3.55, 3.56, 4.81, 2.05, 6.12, 3.61, 2.56],
  tjk_83 = [3.13, 1.68, 1.93, 2.57, 2.08, 3.85, 2.77, 2.30, 2.33, 1.43, 1.87, 2.78, 2.14, 1.91, 2.05, 1.67, 2.11, 1.64, 2.34, 2.10],
  tjk_84 = [1.79, 2.06, 2.79, 1.85, 2.14, 1.34, 2.26, 1.45, 2.03, 1.00, 2.09, 1.76, 1.61, 1.99, 1.36, 2.30, 2.30, 1.81, 2.13, 2.73],
  tjk_85 = [4.81, 2.60, 6.91, 3.93, 3.49, 2.94, 3.25, 3.56, 5.19, 5.13, 2.52, 4.34, 2.52, 4.91, 3.46, 4.48, 4.29, 4.33, 4.55, 4.55],
  tjk_91 = [2.29, 1.55, 2.42, 1.70, 3.18, 3.05, 4.71, 1.46, 1.58, 4.00, 1.79, 1.94, 1.28, 1.73, 2.25, 2.35, 2.79, 1.88, 2.58, 1.70],
  tjk_92 = [1.47, 1.78, 0.75, 0.76, 1.03, 0.74, 0.59, 0.70, 1.05, 1.23, 1.15, 1.52, 0.89, 0.87, 0.74, 0.90, 0.95, 0.98, 1.01, 1.45],
  tjk_93 = [2.62, 5.78, 3.03, 4.43, 2.22, 3.90, 3.80, 3.50, 2.13, 2.21, 4.30, 4.24, 3.97, 2.33, 1.83, 4.57, 4.46, 4.55, 4.52, 3.16],
  tjk_94 = [2.42, 3.05, 3.18, 2.12, 3.34, 4.88, 3.48, 2.27, 3.39, 5.39, 4.13, 3.02, 3.31, 3.31, 3.81, 2.77, 3.37, 3.09, 2.36, 2.58],
  tjk_95 = [3.07, 3.34, 3.29, 2.11, 2.71, 4.42, 2.62, 3.52, 2.23, 2.57, 1.18, 4.24, 3.24, 2.99, 1.55, 4.33, 4.02, 3.74, 2.64, 2.78],
  tjk_101 = [4.22, 4.86, 4.88, 3.85, 2.43, 3.91, 4.37, 4.61, 5.48, 9.96, 6.22, 5.90, 2.88, 9.98, 1.86, 5.83, 3.54, 6.43, 7.52, 7.39],
  tjk_102 = [1.49, 1.22, 0.77, 0.76, 0.70, 1.07, 1.12, 0.47, 0.76, 1.12, 0.81, 1.94, 0.67, 0.80, 0.56, 1.06, 1.01, 1.26, 0.98, 1.51],
  tjk_103 = [0.97, 1.09, 0.62, 0.75, 0.99, 1.70, 1.24, 1.01, 1.51, 0.97, 0.96, 1.76, 0.76, 1.06, 0.91, 1.32, 1.19, 0.63, 1.15, 1.04],
  tjk_104 = [1.25, 3.07, 2.53, 3.87, 2.72, 2.87, 1.58, 2.09, 2.89, 2.96, 4.64, 2.59, 3.58, 4.98, 4.04, 3.15, 2.43, 3.55, 2.48, 3.84],
  tjk_105 = [3.87, 2.75, 2.35, 3.44, 3.40, 3.26, 3.34, 2.85, 3.02, 4.34, 2.30, 4.23, 3.15, 3.44, 1.72, 3.21, 4.05, 2.25, 4.10, 3.20],
  tjk_111 = [2.56, 2.70, 4.25, 3.18, 3.28, 2.84, 2.39, 1.92, 4.48, 1.74, 3.83, 4.81, 3.47, 3.84, 3.64, 2.26, 3.77, 3.63, 3.55, 2.92],
  tjk_112 = [4.65, 5.55, 4.20, 7.98, 2.21, 4.04, 3.31, 4.36, 5.03, 4.33, 2.71, 3.12, 2.87, 3.93, 4.52, 3.52, 4.48, 2.55, 3.81, 3.18],
  tjk_113 = [3.31, 3.24, 3.55, 5.76, 2.48, 3.45, 3.74, 2.80, 3.28, 2.88, 2.19, 3.35, 2.48, 3.05, 3.25, 3.26, 3.36, 4.66, 0.87, 3.32],
  tjk_114 = [1.12, 1.79, 2.50, 1.34, 1.48, 1.32, 3.35, 2.23, 2.31, 1.95, 2.28, 1.43, 2.04, 2.84, 3.01, 2.12, 1.38, 1.68, 2.04, 1.85],
  tjk_115 = [1.00, 1.20, 1.07, 1.25, 0.94, 0.87, 1.39, 0.51, 0.49, 1.31, 0.76, 0.44, 0.93, 0.80, 1.35, 0.69, 0.72, 0.53, 1.06, 0.88],
  tjk_121 = [1.97, 2.78, 2.14, 1.92, 2.23, 1.04, 1.44, 1.06, 2.97, 2.68, 2.14, 1.83, 1.86, 2.66, 2.81, 2.33, 1.79, 1.96, 0.93, 2.20],
  tjk_122 = [5.59, 6.32, 4.33, 2.70, 4.05, 1.52, 9.95, 3.36, 4.54, 3.56, 4.53, 8.88, 4.18, 4.46, 2.49, 5.84, 3.03, 6.30, 4.48, 4.62],
  tjk_123 = [2.17, 2.39, 4.53, 4.95, 5.41, 3.07, 2.64, 5.83, 4.48, 5.88, 4.60, 6.43, 4.72, 5.58, 3.62, 3.09, 3.46, 4.86, 4.36, 4.93],
  tjk_124 = [2.94, 2.07, 2.15, 1.66, 1.19, 1.70, 1.83, 1.36, 0.87, 2.64, 1.82, 1.84, 1.38, 1.15, 2.31, 2.09, 2.04, 1.55, 2.07, 2.16],
  tjk_125 = [1.10, 1.20, 1.34, 1.22, 1.01, 1.14, 1.16, 0.59, 0.80, 0.98, 1.16, 0.97, 1.22, 0.78, 0.83, 0.90, 0.85, 0.54, 0.63, 1.45],
  tjk_131 = [6.24, 1.43, 4.75, 3.35, 4.01, 4.39, 4.39, 3.55, 4.10, 5.70, 2.85, 4.72, 3.56, 3.47, 3.97, 3.84, 3.30, 2.59, 5.78, 5.59],
  tjk_132 = [0.55, 1.40, 0.55, 0.58, 1.24, 0.78, 1.25, 0.69, 0.80, 0.83, 0.91, 1.22, 0.79, 1.20, 1.01, 1.08, 0.99, 1.15, 1.08, 1.17],
  tjk_133 = [4.63, 2.31, 1.88, 3.42, 2.09, 4.04, 2.16, 2.10, 1.81, 2.35, 2.42, 1.67, 2.36, 3.34, 3.47, 4.04, 3.69, 3.26, 4.12, 3.03],
  tjk_134 = [1.19, 0.47, 3.10, 3.01, 2.11, 3.26, 2.88, 1.93, 1.61, 2.57, 2.10, 2.41, 1.96, 1.74, 2.21, 1.53, 1.71, 1.03, 3.12, 1.14],
  tjk_135 = [1.62, 1.70, 1.89, 2.72, 1.73, 2.37, 2.22, 2.09, 1.74, 2.05, 1.78, 1.82, 1.56, 1.70, 1.50, 1.77, 2.49, 1.25, 1.26, 1.16],
  tjk_141 = [2.83, 2.39, 1.88, 4.08, 3.21, 3.31, 3.49, 2.04, 4.09, 3.05, 4.08, 4.35, 2.18, 2.84, 3.65, 3.53, 3.53, 3.28, 2.73, 2.47],
  tjk_142 = [4.45, 6.19, 4.88, 5.02, 6.43, 4.93, 6.94, 6.02, 2.52, 5.35, 4.24, 2.89, 4.21, 4.08, 3.89, 5.22, 4.03, 7.31, 8.48, 5.70],
  tjk_143 = [4.55, 2.53, 1.43, 2.15, 2.08, 2.93, 3.92, 2.22, 4.11, 3.39, 2.93, 3.43, 1.96, 3.48, 2.72, 3.00, 4.02, 2.23, 3.53, 3.94],
  tjk_144 = [1.78, 2.08, 1.78, 1.63, 1.32, 1.36, 2.26, 2.28, 1.61, 1.37, 3.47, 1.16, 1.56, 1.47, 3.18, 0.81, 2.06, 1.21, 1.53, 1.48],
  tjk_145 = [1.28, 1.82, 2.42, 1.86, 2.50, 3.56, 3.80, 2.98, 3.06, 2.14, 1.93, 2.72, 3.39, 2.60, 3.31, 2.38, 4.08, 2.94, 2.62, 2.17],
  tjk_151 = [3.08, 0.97, 4.11, 4.59, 1.96, 4.08, 2.26, 2.53, 3.59, 3.36, 3.68, 2.12, 3.04, 4.32, 2.31, 3.93, 1.38, 3.91, 3.70, 4.80],
  tjk_152 = [5.23, 5.59, 2.77, 4.34, 2.08, 5.71, 4.52, 3.20, 5.17, 7.01, 4.56, 7.17, 8.12, 9.47, 5.81, 6.12, 5.96, 7.86, 4.01, 8.44],
  tjk_153 = [3.49, 4.69, 3.54, 3.86, 5.94, 4.63, 4.47, 6.44, 6.20, 5.01, 7.01, 4.51, 9.85, 4.97, 4.62, 3.33, 5.17, 8.67, 6.33, 4.47],
  tjk_154 = [6.77, 7.19, 3.97, 4.27, 4.96, 3.24, 5.88, 6.83, 4.25, 5.23, 6.41, 2.96, 5.98, 4.64, 3.16, 5.36, 6.49, 5.17, 4.88, 4.78],
  tjk_155 = [0.75, 1.02, 0.88, 0.79, 0.74, 0.99, 1.01, 1.03, 0.77, 0.92, 1.36, 1.12, 0.83, 1.98, 0.82, 1.11, 0.70, 0.85, 1.05, 0.85],
  tjk_161 = [3.31, 2.22, 2.53, 2.19, 0.55, 5.68, 1.58, 3.63, 2.96, 2.96, 1.83, 1.57, 1.40, 3.89, 3.86, 2.24, 2.69, 4.58, 3.50, 2.33],
  tjk_162 = [2.96, 5.22, 3.88, 2.71, 4.95, 3.08, 3.08, 1.81, 4.76, 2.87, 3.66, 4.47, 3.92, 6.82, 7.35, 5.24, 3.16, 2.62, 3.77, 5.85],
  tjk_163 = [0.82, 0.96, 1.14, 0.91, 1.38, 1.20, 0.97, 0.86, 1.26, 1.13, 1.22, 1.70, 0.82, 1.02, 0.96, 1.19, 1.42, 0.86, 0.71, 1.19],
  tjk_164 = [3.57, 4.80, 3.99, 3.20, 2.40, 4.93, 4.70, 4.83, 5.26, 3.20, 5.08, 3.93, 4.46, 3.28, 2.74, 3.61, 3.81, 4.58, 2.86, 4.69],
  tjk_165 = [3.27, 3.02, 2.26, 2.62, 4.26, 3.42, 3.22, 2.35, 1.24, 4.94, 2.59, 2.88, 1.90, 3.83, 3.38, 2.87, 3.62, 4.66, 7.10, 2.31],
  tjk_171 = [1.89, 1.52, 1.84, 1.20, 2.16, 1.87, 1.70, 1.21, 2.33, 1.84, 1.68, 2.33, 2.05, 1.97, 1.91, 1.54, 2.64, 2.60, 1.47, 2.15],
  tjk_172 = [3.38, 3.19, 2.26, 2.23, 2.74, 1.54, 1.64, 1.65, 1.72, 1.90, 2.80, 1.94, 1.15, 2.59, 1.51, 1.32, 1.28, 2.47, 3.38, 2.52],
  tjk_173 = [0.92, 0.59, 1.12, 1.57, 0.83, 1.90, 0.73, 1.34, 1.04, 1.06, 1.03, 0.91, 1.38, 1.28, 0.49, 0.98, 0.51, 1.10, 0.65, 0.97],
  tjk_174 = [3.35, 1.89, 2.33, 2.98, 3.34, 1.97, 3.18, 3.59, 3.81, 3.39, 4.08, 2.76, 3.76, 3.98, 5.66, 3.23, 5.29, 3.27, 1.70, 3.37],
  tjk_175 = [4.54, 5.07, 4.55, 4.47, 4.71, 4.10, 4.63, 6.67, 3.67, 6.12, 2.89, 5.73, 5.68, 2.52, 2.37, 4.38, 4.93, 4.09, 3.68, 4.13],
  tjk_181 = [3.13, 3.69, 3.08, 2.98, 2.76, 3.76, 3.52, 3.15, 3.39, 3.33, 3.54, 1.71, 2.05, 1.52, 2.71, 4.19, 4.22, 3.45, 3.24, 2.67],
  tjk_182 = [2.96, 2.37, 5.08, 3.63, 2.47, 3.29, 3.51, 2.52, 4.28, 2.97, 2.69, 5.15, 3.22, 4.48, 5.06, 4.15, 6.32, 3.55, 3.74, 3.08],
  tjk_183 = [9.98, 3.74, 3.70, 3.02, 4.19, 5.11, 4.86, 5.08, 4.73, 2.79, 3.49, 4.22, 2.28, 5.67, 5.65, 3.81, 5.60, 4.73, 8.43, 6.41],
  tjk_184 = [6.06, 5.86, 3.83, 5.21, 3.73, 3.82, 6.86, 5.66, 4.68, 5.56, 5.66, 7.10, 4.06, 4.21, 4.70, 5.34, 6.33, 7.07, 4.76, 8.37],
  tjk_185 = [3.56, 3.07, 4.07, 3.64, 3.24, 3.85, 3.20, 3.49, 3.54, 3.94, 6.99, 3.19, 3.45, 3.46, 5.18, 5.21, 3.14, 3.47, 4.13, 4.22],
  tjk_191 = [2.30, 2.07, 1.84, 2.28, 2.89, 2.07, 1.53, 1.75, 1.35, 1.87, 2.37, 2.37, 1.41, 2.03, 2.26, 3.21, 2.40, 1.40, 2.36, 0.90],
  tjk_192 = [5.11, 0.82, 3.66, 3.08, 2.80, 3.14, 4.44, 3.51, 1.03, 5.95, 3.71, 4.81, 4.83, 3.21, 3.70, 5.70, 4.26, 2.51, 5.66, 4.80],
  tjk_193 = [2.45, 2.19, 3.25, 2.94, 1.57, 1.92, 1.92, 2.42, 1.51, 1.51, 1.83, 1.85, 2.05, 2.08, 1.73, 1.42, 1.78, 1.45, 2.61, 1.79],
  tjk_194 = [4.53, 4.28, 4.64, 4.24, 3.45, 2.91, 2.29, 5.66, 6.18, 3.30, 4.68, 4.66, 2.06, 2.91, 4.20, 4.18, 8.93, 2.70, 3.18, 2.89],
  tjk_195 = [1.82, 6.46, 6.03, 1.96, 3.06, 2.66, 2.49, 3.26, 3.31, 4.25, 5.06, 4.09, 2.00, 3.87, 3.45, 7.43, 3.09, 3.33, 4.47, 4.84],
  tjk_201 = [4.66, 3.96, 2.17, 4.00, 7.62, 4.62, 4.79, 3.02, 4.15, 3.90, 3.98, 2.82, 4.01, 4.21, 4.27, 3.86, 4.07, 4.34, 3.43, 4.04],
  tjk_202 = [1.42, 2.32, 1.49, 2.01, 2.07, 2.12, 1.83, 1.71, 2.26, 2.99, 3.36, 2.30, 1.28, 2.16, 0.85, 2.12, 1.39, 1.44, 1.57, 2.06],
  tjk_203 = [2.26, 2.11, 3.05, 3.74, 3.85, 3.06, 4.50, 7.16, 1.59, 3.06, 3.99, 2.94, 5.57, 8.07, 3.21, 4.18, 4.47, 5.36, 3.17, 4.54],
  tjk_204 = [1.43, 2.59, 2.49, 2.60, 5.01, 2.36, 2.55, 2.00, 2.21, 1.83, 2.48, 2.25, 1.26, 1.29, 2.10, 1.86, 1.10, 1.45, 2.29, 1.96],
  tjk_205 = [1.22, 3.96, 3.21, 4.60, 3.45, 3.19, 6.28, 5.21, 2.11, 3.21, 3.39, 2.90, 3.80, 2.79, 3.15, 2.43, 2.94, 4.09, 1.92, 2.50],
  tjk_211 = [1.13, 1.00, 0.88, 0.78, 1.14, 0.52, 0.55, 0.82, 0.96, 1.04, 1.30, 1.38, 0.85, 0.68, 0.73, 1.71, 1.52, 1.34, 0.78, 0.85],
  tjk_212 = [1.93, 3.38, 1.71, 5.07, 3.09, 4.97, 3.74, 2.96, 3.93, 4.26, 2.49, 3.94, 3.04, 3.85, 2.32, 3.66, 4.45, 2.63, 3.06, 3.80],
  tjk_213 = [1.64, 3.85, 3.70, 5.84, 4.60, 4.07, 4.93, 3.99, 4.10, 3.87, 5.05, 2.43, 3.26, 3.51, 4.21, 4.28, 4.38, 2.98, 4.45, 8.63],
  tjk_214 = [1.78, 1.96, 1.84, 2.34, 2.50, 1.86, 2.06, 1.25, 1.96, 2.19, 1.35, 3.00, 3.12, 2.30, 2.03, 2.62, 2.08, 1.98, 1.56, 1.81],
  tjk_215 = [5.29, 10.18, 2.37, 7.04, 3.17, 6.35, 4.81, 3.96, 7.65, 6.02, 6.49, 3.84, 1.91, 5.72, 6.63, 4.97, 5.20, 4.99, 7.21, 2.49],
  tjk_221 = [5.89, 7.49, 6.66, 4.15, 5.51, 7.39, 4.85, 7.68, 5.38, 4.43, 3.65, 3.87, 3.78, 5.10, 5.43, 4.97, 9.02, 5.82, 4.90, 4.67],
  tjk_222 = [4.59, 3.17, 4.22, 3.42, 5.31, 3.33, 4.10, 2.86, 4.87, 4.37, 5.20, 3.16, 4.88, 1.12, 3.94, 3.58, 3.41, 2.52, 5.43, 3.36],
  tjk_223 = [6.15, 3.70, 3.30, 5.82, 2.61, 4.21, 6.46, 4.83, 5.72, 4.64, 2.94, 4.17, 3.48, 4.00, 1.52, 2.48, 3.15, 4.81, 4.20, 3.62],
  tjk_224 = [0.94, 0.92, 1.19, 1.28, 0.90, 0.81, 1.41, 0.97, 1.02, 0.86, 0.84, 0.93, 1.05, 1.28, 1.37, 0.69, 0.68, 1.29, 0.98, 1.25],
  tjk_225 = [4.27, 3.41, 5.91, 3.55, 4.83, 4.88, 3.98, 4.27, 3.71, 4.43, 3.47, 2.81, 4.18, 4.84, 1.83, 3.43, 4.13, 4.61, 3.23, 2.83],
  tjk_231 = [7.76, 2.09, 3.63, 3.32, 5.47, 4.48, 1.55, 4.09, 3.93, 2.57, 3.65, 5.90, 2.48, 2.37, 2.02, 2.43, 4.03, 3.54, 5.76, 3.80],
  tjk_232 = [2.33, 3.88, 4.08, 6.20, 2.17, 2.99, 2.58, 4.62, 1.88, 3.83, 3.58, 4.16, 5.23, 2.83, 4.76, 3.15, 3.40, 4.11, 5.03, 3.99],
  tjk_233 = [1.08, 1.27, 1.27, 1.13, 0.86, 1.01, 1.11, 1.16, 0.61, 1.52, 0.38, 1.09, 0.99, 1.10, 1.34, 0.97, 0.96, 0.65, 0.96, 1.09],
  tjk_234 = [5.44, 4.59, 4.29, 5.23, 3.92, 5.93, 7.29, 5.64, 8.39, 4.68, 2.87, 4.97, 4.09, 5.44, 5.62, 5.88, 6.58, 4.94, 2.55, 2.86],
  tjk_235 = [3.89, 4.28, 4.36, 4.80, 4.56, 4.73, 5.46, 3.55, 5.77, 4.53, 5.14, 4.97, 7.12, 6.20, 5.30, 5.40, 11.54, 7.70, 4.87, 5.39],
  tjk_241 = [1.05, 1.06, 0.68, 0.69, 0.96, 0.94, 1.00, 0.95, 0.81, 0.94, 0.68, 0.75, 0.86, 0.63, 1.68, 0.95, 1.26, 0.98, 1.16, 0.70],
  tjk_242 = [1.56, 3.54, 3.04, 3.95, 3.31, 3.50, 2.32, 4.31, 2.36, 3.18, 4.29, 4.04, 5.82, 4.94, 6.47, 2.32, 6.69, 4.54, 4.40, 4.80],
  tjk_243 = [1.47, 1.16, 0.93, 0.62, 1.00, 0.58, 1.24, 0.79, 1.17, 0.99, 0.96, 0.90, 0.97, 1.07, 1.11, 1.39, 1.55, 0.89, 0.99, 0.50],
  tjk_244 = [2.23, 2.32, 1.86, 2.60, 1.59, 2.35, 1.80, 2.48, 1.50, 3.08, 2.78, 1.26, 1.79, 1.66, 1.52, 2.14, 1.74, 2.28, 1.83, 3.15],
  tjk_245 = [2.16, 3.06, 3.77, 4.67, 2.70, 2.56, 5.38, 3.18, 2.14, 3.85, 2.69, 2.77, 2.52, 2.54, 3.28, 4.58, 2.96, 2.13, 3.12, 2.94],
  tjk_251 = [1.11, 2.31, 0.90, 2.24, 2.02, 2.43, 1.41, 1.70, 1.85, 2.02, 1.73, 2.23, 2.81, 2.35, 2.69, 0.80, 2.43, 1.61, 2.21, 2.67],
  tjk_252 = [4.09, 3.70, 2.39, 2.71, 2.14, 2.44, 2.83, 2.60, 3.04, 1.53, 1.02, 3.13, 2.46, 3.93, 3.69, 4.04, 2.88, 3.31, 3.05, 2.85],
  tjk_253 = [2.19, 3.34, 3.62, 4.55, 3.57, 1.66, 1.91, 3.55, 2.81, 2.47, 3.10, 1.62, 3.90, 2.60, 2.80, 6.02, 2.66, 1.68, 4.42, 3.03],
  tjk_254 = [2.47, 4.32, 3.22, 1.83, 2.89, 2.11, 3.14, 2.83, 3.28, 1.78, 3.00, 2.60, 3.71, 3.51, 3.12, 2.44, 2.35, 3.94, 2.44, 2.15],
  tjk_255 = [1.47, 0.51, 1.25, 0.98, 1.22, 1.04, 1.09, 1.03, 0.60, 1.12, 1.08, 1.01, 1.22, 0.79, 1.02, 1.02, 1.49, 0.69, 0.77, 1.31],
  tjk_261 = [1.13, 0.91, 0.74, 1.08, 0.86, 1.40, 1.22, 1.11, 1.26, 0.84, 1.55, 0.90, 1.45, 0.66, 0.64, 0.72, 0.57, 1.10, 0.54, 0.82],
  tjk_262 = [2.89, 4.18, 3.64, 2.41, 3.05, 3.11, 2.41, 2.60, 2.53, 2.67, 2.78, 3.37, 2.47, 3.25, 3.11, 3.10, 4.88, 3.49, 1.86, 2.78],
  tjk_263 = [4.17, 3.78, 4.76, 3.85, 4.02, 4.48, 5.26, 5.41, 4.24, 7.56, 5.54, 6.97, 5.34, 6.07, 6.43, 7.36, 5.45, 0.10, 6.47, 5.62],
  tjk_264 = [1.91, 4.09, 3.28, 2.53, 3.33, 4.52, 2.47, 2.85, 3.88, 2.96, 3.95, 5.68, 2.92, 3.09, 5.19, 2.08, 3.34, 1.75, 4.65, 3.77],
  tjk_265 = [1.61, 1.90, 2.20, 4.33, 1.56, 1.88, 1.39, 2.09, 1.01, 1.98, 1.20, 1.40, 2.26, 1.90, 1.87, 1.93, 1.74, 0.88, 1.86, 2.14],
  tjk_271 = [6.41, 6.78, 6.22, 4.33, 4.35, 4.77, 5.08, 5.56, 5.13, 2.43, 5.73, 4.76, 3.93, 6.20, 4.32, 5.97, 7.46, 2.48, 4.25, 5.32],
  tjk_272 = [0.86, 0.98, 0.90, 0.68, 1.02, 1.56, 0.88, 1.22, 1.28, 0.88, 1.04, 1.04, 0.90, 0.74, 0.79, 0.78, 1.06, 0.84, 1.16, 0.71],
  tjk_273 = [5.94, 5.63, 7.51, 4.97, 4.80, 4.93, 6.91, 5.88, 1.86, 2.76, 3.39, 6.71, 5.87, 7.42, 7.05, 5.46, 5.04, 6.66, 4.60, 4.15],
  tjk_274 = [2.53, 2.05, 2.92, 2.61, 1.70, 2.61, 1.78, 1.48, 1.45, 1.74, 2.55, 1.91, 3.22, 2.16, 1.84, 2.39, 2.38, 2.63, 2.40, 1.63],
  tjk_275 = [2.42, 3.12, 3.90, 2.16, 2.38, 2.40, 3.34, 0.88, 4.14, 2.62, 2.27, 2.94, 3.24, 2.98, 2.35, 1.78, 3.59, 3.63, 2.72, 3.44],
  tjk_281 = [3.05, 2.27, 2.19, 1.64, 2.11, 1.99, 2.23, 2.20, 2.11, 1.92, 1.52, 0.91, 1.68, 3.57, 1.21, 2.12, 1.86, 1.01, 1.91, 2.61],
  tjk_282 = [1.54, 1.22, 0.95, 1.32, 1.39, 1.02, 0.83, 1.03, 0.91, 0.80, 1.25, 0.55, 1.35, 0.58, 0.77, 1.48, 0.83, 1.10, 0.63, 1.28],
  tjk_283 = [1.45, 1.25, 2.42, 1.20, 1.94, 2.07, 1.77, 0.89, 1.55, 2.24, 3.29, 2.51, 2.33, 1.78, 2.45, 2.46, 2.80, 2.22, 3.32, 1.34],
  tjk_284 = [3.52, 2.56, 3.30, 2.63, 1.70, 4.14, 3.25, 3.63, 3.17, 2.95, 3.94, 2.97, 1.89, 3.22, 2.26, 3.97, 2.17, 3.67, 3.39, 3.23],
  tjk_285 = [1.96, 3.39, 2.01, 3.29, 3.14, 2.78, 1.70, 1.62, 1.72, 2.08, 2.29, 1.68, 2.25, 2.92, 1.52, 2.01, 2.31, 1.37, 1.33, 1.87],
  tjk_291 = [3.48, 3.79, 4.66, 4.07, 5.16, 4.71, 7.25, 6.99, 3.12, 6.10, 3.31, 6.16, 5.92, 7.46, 3.66, 4.97, 4.73, 3.08, 4.26, 3.87],
  tjk_292 = [6.21, 5.67, 6.43, 9.84, 6.63, 3.61, 5.68, 7.63, 3.43, 7.00, 4.82, 5.75, 5.27, 4.07, 4.81, 5.28, 4.74, 3.85, 4.18, 7.51],
  tjk_293 = [3.58, 2.12, 4.12, 4.34, 4.34, 5.58, 3.23, 5.06, 6.45, 4.95, 4.24, 1.71, 3.48, 3.67, 3.15, 2.01, 3.59, 4.20, 4.32, 4.93],
  tjk_294 = [3.97, 3.03, 2.46, 4.00, 2.04, 3.22, 3.19, 3.69, 3.94, 1.93, 2.47, 4.98, 2.78, 3.05, 4.00, 2.63, 2.05, 3.28, 3.90, 2.72],
  tjk_295 = [1.03, 1.26, 0.91, 1.03, 0.83, 0.99, 1.07, 1.29, 1.12, 0.71, 1.03, 0.81, 1.14, 0.48, 0.95, 0.96, 1.59, 1.30, 1.00, 1.32],
  tjk_301 = [1.52, 1.21, 2.13, 2.18, 1.77, 2.09, 1.64, 1.40, 2.25, 2.33, 2.72, 2.71, 1.61, 2.80, 1.22, 1.51, 1.97, 1.61, 2.50, 1.42],
  tjk_302 = [2.42, 1.21, 1.29, 2.17, 1.92, 1.40, 1.74, 1.69, 2.61, 1.48, 2.30, 1.57, 1.93, 2.17, 2.24, 1.83, 1.57, 2.29, 2.63, 1.73],
  tjk_303 = [0.36, 0.74, 0.92, 0.53, 0.98, 1.24, 1.32, 1.11, 1.23, 1.20, 1.41, 0.81, 0.76, 0.72, 0.62, 0.99, 0.57, 0.14, 0.87, 1.23],
  tjk_304 = [0.72, 2.08, 1.97, 2.42, 3.31, 1.45, 1.25, 2.00, 1.37, 2.49, 2.06, 3.10, 1.72, 1.71, 1.52, 1.72, 3.17, 1.11, 1.60, 0.98],
  tjk_305 = [3.13, 3.67, 2.73, 2.51, 2.20, 1.80, 2.38, 4.20, 3.61, 5.18, 3.40, 2.92, 3.94, 2.34, 3.99, 1.95, 4.81, 2.88, 1.45, 3.20],
  tjk_311 = [1.02, 1.54, 1.26, 1.76, 1.80, 3.68, 1.65, 2.17, 1.75, 2.05, 2.19, 2.08, 1.52, 1.03, 2.02, 1.32, 3.10, 2.34, 2.32, 0.93],
  tjk_312 = [4.90, 5.56, 3.58, 5.76, 7.13, 3.15, 5.08, 5.36, 3.93, 4.00, 4.92, 8.18, 6.17, 5.97, 5.20, 7.59, 8.67, 3.70, 2.21, 3.86],
  tjk_313 = [0.72, 1.29, 1.34, 0.74, 0.92, 0.89, 0.81, 1.23, 1.14, 1.26, 1.60, 1.24, 1.35, 1.29, 1.21, 1.13, 0.86, 1.11, 1.68, 1.06],
  tjk_314 = [2.94, 1.54, 6.39, 4.20, 4.98, 1.84, 3.14, 2.63, 2.76, 3.35, 2.86, 1.93, 3.80, 1.92, 3.84, 3.50, 1.80, 2.07, 2.77, 1.88],
  tjk_315 = [2.42, 2.10, 3.57, 3.99, 3.68, 3.33, 3.61, 2.26, 2.24, 3.55, 2.64, 3.82, 3.04, 2.13, 4.32, 3.49, 4.13, 2.26, 2.57, 4.57],
  tjk_321 = [2.61, 2.32, 1.42, 2.54, 3.33, 3.59, 1.95, 0.74, 2.01, 2.07, 2.75, 1.51, 2.40, 2.75, 2.89, 4.40, 1.37, 2.80, 1.76, 2.03],
  tjk_322 = [4.62, 3.21, 4.73, 6.98, 6.53, 5.40, 7.13, 5.87, 5.92, 5.80, 6.45, 7.73, 5.23, 5.75, 6.73, 4.96, 4.89, 5.74, 3.51, 4.27],
  tjk_323 = [3.39, 3.28, 3.32, 4.72, 5.06, 5.18, 3.80, 3.20, 2.69, 4.39, 4.02, 3.03, 3.31, 3.48, 2.70, 3.47, 3.89, 4.53, 3.97, 2.07],
  tjk_324 = [1.92, 4.10, 1.54, 4.23, 4.12, 2.28, 1.66, 2.70, 3.82, 3.00, 4.66, 2.46, 3.26, 2.79, 2.97, 2.68, 4.25, 3.62, 2.97, 2.07],
  tjk_325 = [7.47, 6.79, 6.77, 6.88, 3.09, 6.07, 6.98, 4.67, 6.50, 4.41, 7.15, 5.71, 3.97, 5.61, 6.21, 3.77, 5.18, 3.23, 6.53, 7.19],
  tjk_331 = [3.28, 2.42, 3.04, 2.31, 1.11, 2.43, 2.71, 2.90, 2.16, 2.83, 2.65, 2.18, 1.64, 3.37, 3.28, 2.48, 5.03, 2.18, 0.98, 2.46],
  tjk_332 = [0.82, 0.56, 1.27, 0.96, 1.02, 0.71, 1.17, 0.58, 0.60, 1.21, 0.99, 1.73, 0.63, 1.28, 0.82, 0.81, 0.91, 0.77, 1.36, 1.06],
  tjk_333 = [2.16, 2.64, 2.69, 1.80, 1.58, 2.20, 1.47, 2.28, 1.61, 2.89, 1.27, 2.38, 1.13, 2.18, 0.54, 1.91, 2.22, 2.20, 1.30, 2.28],
  tjk_334 = [5.93, 4.19, 3.95, 1.84, 3.50, 3.43, 3.73, 5.35, 2.37, 1.76, 4.41, 3.92, 5.02, 3.45, 6.53, 2.88, 3.24, 4.13, 3.26, 3.27],
  tjk_335 = [1.98, 1.86, 1.50, 2.59, 1.59, 1.56, 1.97, 3.36, 2.94, 1.82, 2.06, 2.11, 2.07, 2.93, 1.21, 1.91, 2.49, 2.11, 1.64, 2.10],
  tjk_341 = [4.69, 6.92, 5.04, 5.89, 5.36, 5.41, 5.71, 5.22, 5.04, 7.28, 7.31, 4.32, 3.46, 4.39, 4.64, 5.77, 5.49, 4.99, 6.45, 3.16],
  tjk_342 = [2.51, 1.96, 4.27, 4.36, 3.19, 6.50, 2.64, 2.66, 1.86, 3.39, 2.28, 3.22, 3.14, 1.87, 3.09, 2.66, 3.04, 1.69, 3.81, 3.91],
  tjk_343 = [5.97, 3.54, 4.45, 6.20, 7.08, 5.36, 3.66, 5.77, 4.18, 2.44, 4.73, 4.70, 6.02, 9.39, 4.36, 3.04, 7.09, 3.90, 5.99, 7.36],
  tjk_344 = [2.84, 1.70, 2.15, 1.74, 2.09, 2.27, 1.20, 3.22, 1.22, 4.12, 1.90, 1.85, 1.85, 1.19, 2.90, 1.79, 2.32, 3.93, 2.61, 1.91],
  tjk_345 = [0.59, 0.74, 0.72, 1.41, 0.66, 0.40, 0.86, 1.14, 1.36, 0.85, 0.94, 0.68, 0.76, 0.86, 0.91, 0.84, 0.63, 1.49, 1.29, 0.75],
  tjk_351 = [0.90, 1.16, 0.84, 1.22, 0.95, 0.73, 1.25, 0.69, 1.09, 1.39, 1.37, 1.28, 1.17, 0.54, 1.22, 1.31, 0.96, 0.89, 1.52, 0.93],
  tjk_352 = [2.93, 2.67, 2.40, 3.37, 2.41, 3.70, 2.17, 2.48, 5.68, 3.24, 1.60, 2.99, 2.81, 3.84, 3.14, 4.60, 3.03, 3.12, 4.04, 2.26],
  tjk_353 = [6.32, 4.97, 5.36, 3.65, 4.90, 5.55, 3.40, 4.66, 6.22, 3.88, 3.53, 3.94, 6.38, 6.61, 4.06, 4.46, 6.10, 5.37, 3.98, 6.33],
  tjk_354 = [1.44, 1.16, 0.74, 0.82, 1.31, 1.09, 1.27, 0.77, 0.84, 0.96, 0.89, 0.73, 1.63, 0.64, 1.62, 0.57, 1.00, 1.19, 1.43, 0.61],
  tjk_355 = [3.29, 6.11, 5.30, 6.15, 4.82, 7.57, 4.54, 4.97, 4.82, 6.50, 5.95, 5.07, 4.58, 5.75, 3.59, 4.48, 5.06, 6.64, 4.78, 6.84],
  tjk_361 = [3.19, 4.78, 3.98, 3.94, 4.96, 4.49, 5.35, 4.72, 4.53, 3.43, 1.30, 5.45, 5.30, 3.47, 5.58, 2.68, 4.06, 3.80, 3.48, 4.11],
  tjk_362 = [1.63, 3.17, 1.63, 1.63, 1.51, 3.03, 1.22, 2.64, 1.51, 1.35, 1.34, 2.09, 3.64, 1.71, 2.32, 1.72, 2.12, 1.43, 2.22, 2.02],
  tjk_363 = [2.89, 1.73, 3.54, 1.22, 3.36, 1.60, 1.81, 2.68, 1.87, 1.14, 1.39, 1.65, 1.67, 2.51, 2.37, 2.52, 1.33, 2.87, 1.75, 1.70],
  tjk_364 = [2.44, 2.76, 2.42, 2.50, 2.32, 2.75, 2.65, 1.72, 1.56, 0.91, 1.82, 2.86, 1.61, 2.29, 1.86, 2.64, 1.96, 3.12, 1.20, 2.35],
  tjk_365 = [3.57, 6.12, 4.92, 5.42, 5.34, 6.45, 5.28, 5.53, 5.20, 5.57, 4.64, 5.94, 5.75, 4.17, 8.33, 4.47, 7.62, 3.90, 3.58, 4.59],
  tjk_371 = [2.71, 1.87, 1.88, 1.61, 1.59, 2.15, 2.20, 3.20, 1.99, 2.49, 0.98, 1.75, 2.70, 2.03, 2.16, 1.85, 1.92, 3.18, 1.78, 1.36],
  tjk_372 = [2.36, 2.47, 3.54, 3.73, 3.39, 3.95, 3.36, 2.77, 1.56, 1.68, 1.83, 3.48, 4.41, 2.82, 3.18, 3.16, 4.29, 1.94, 3.56, 3.64],
  tjk_373 = [4.90, 5.88, 3.13, 5.88, 6.80, 5.80, 5.04, 5.05, 3.41, 4.49, 2.27, 5.25, 7.94, 9.14, 7.25, 7.30, 5.93, 3.60, 4.37, 6.61],
  tjk_374 = [0.81, 0.28, 1.11, 1.05, 1.04, 0.90, 1.18, 1.25, 2.10, 0.80, 1.03, 1.79, 0.98, 0.95, 1.30, 1.50, 0.52, 0.98, 1.09, 1.73],
  tjk_375 = [3.95, 2.82, 4.45, 0.75, 4.03, 2.11, 3.40, 1.97, 1.97, 3.20, 5.44, 2.67, 4.74, 2.73, 3.73, 2.91, 3.55, 3.35, 1.70, 2.17],
  tjk_381 = [1.09, 1.36, 2.75, 1.81, 3.11, 1.86, 1.79, 2.56, 2.01, 2.57, 2.02, 2.72, 1.82, 1.92, 2.11, 2.42, 1.53, 2.15, 1.34, 2.00],
  tjk_382 = [0.72, 0.90, 1.65, 1.36, 0.65, 1.44, 1.04, 1.73, 0.81, 1.06, 1.20, 0.74, 1.25, 0.81, 1.30, 1.43, 0.76, 0.88, 0.86, 1.18],
  tjk_383 = [5.38, 3.44, 5.58, 3.23, 4.87, 5.84, 5.11, 4.86, 4.47, 7.67, 5.34, 4.82, 6.90, 5.64, 2.44, 6.28, 5.92, 6.12, 6.72, 4.83],
  tjk_384 = [2.05, 1.73, 2.13, 1.46, 2.38, 2.13, 2.59, 2.14, 1.73, 2.54, 0.74, 2.24, 1.58, 1.79, 3.17, 2.11, 2.20, 1.82, 1.83, 1.67],
  tjk_385 = [0.95, 0.78, 0.91, 1.11, 1.51, 0.35, 0.88, 0.57, 1.03, 0.75, 1.00, 0.98, 1.46, 1.38, 0.80, 0.99, 0.83, 1.22, 0.89, 0.82],
  tjk_391 = [1.70, 1.00, 0.68, 0.78, 1.08, 0.91, 0.78, 1.14, 0.76, 1.16, 0.71, 1.34, 0.86, 0.89, 1.23, 0.72, 1.53, 0.82, 0.70, 0.80],
  tjk_392 = [3.44, 1.53, 2.43, 4.25, 2.86, 3.96, 1.49, 4.01, 3.03, 4.00, 3.25, 3.83, 2.45, 3.29, 3.31, 4.21, 3.74, 2.46, 2.53, 1.93],
  tjk_393 = [3.50, 2.96, 3.83, 2.28, 2.42, 4.58, 4.37, 3.08, 4.73, 4.89, 3.78, 4.51, 2.83, 3.65, 2.21, 1.60, 4.53, 2.06, 2.74, 3.32],
  tjk_394 = [3.20, 5.80, 4.28, 3.15, 2.54, 2.02, 2.91, 2.04, 3.26, 2.73, 3.17, 2.82, 3.85, 6.42, 1.88, 3.25, 4.05, 1.85, 1.52, 2.26],
  tjk_395 = [1.17, 5.97, 5.26, 4.80, 4.94, 6.15, 5.40, 4.85, 5.38, 4.10, 5.29, 6.06, 6.94, 3.51, 5.53, 5.27, 1.89, 2.21, 5.86, 4.76],
  tjk_401 = [3.25, 4.62, 5.07, 2.34, 4.93, 2.16, 2.74, 6.77, 3.50, 6.23, 5.49, 6.17, 5.37, 4.01, 3.74, 5.32, 5.34, 3.66, 5.53, 5.68],
  tjk_402 = [0.93, 1.38, 0.66, 0.98, 1.15, 0.85, 1.67, 1.15, 1.47, 1.19, 0.82, 0.87, 1.06, 0.55, 0.32, 0.46, 0.99, 1.16, 1.56, 1.15],
  tjk_403 = [1.85, 2.19, 2.16, 2.75, 2.74, 1.88, 1.76, 2.00, 1.92, 0.85, 0.94, 2.39, 2.92, 1.56, 1.65, 1.88, 1.65, 2.68, 1.81, 1.54],
  tjk_404 = [6.70, 3.36, 2.68, 2.24, 5.02, 2.30, 5.72, 5.01, 5.18, 4.53, 4.05, 2.38, 1.15, 5.46, 8.61, 3.03, 3.71, 4.68, 4.43, 2.59],
  tjk_405 = [2.38, 1.92, 2.85, 2.65, 3.20, 4.05, 2.29, 3.80, 4.47, 3.74, 2.17, 2.08, 3.11, 3.76, 4.16, 4.02, 3.55, 1.93, 3.02, 1.69],
]

Service Times (¦Î_{jk}^s) = [
  xi_11 = [6.87, 3.04, 6.63, 4.39, 6.09, 6.50, 6.72, 6.41, 4.74, 5.51, 7.52, 3.64, 4.50, 6.06, 2.78, 5.74, 6.13, 9.74, 7.52, 5.49],
  xi_12 = [2.93, 6.70, 6.07, 1.76, 3.24, 4.04, 2.74, 2.90, 4.08, 4.48, 6.07, 6.04, 3.24, 4.48, 4.63, 4.60, 3.03, 4.53, 3.29, 4.19],
  xi_13 = [1.00, 1.48, 1.00, 1.00, 1.00, 1.23, 1.00, 1.24, 1.07, 1.00, 1.13, 1.17, 1.46, 1.00, 1.00, 1.06, 1.34, 1.00, 1.47, 1.01],
  xi_14 = [2.39, 2.12, 2.85, 3.25, 2.01, 2.63, 3.67, 3.16, 2.58, 2.68, 3.79, 1.56, 4.02, 3.10, 1.62, 2.13, 4.31, 1.93, 3.11, 2.67],
  xi_15 = [1.01, 1.06, 1.35, 1.27, 1.00, 1.00, 1.00, 1.00, 1.18, 1.48, 1.00, 1.17, 1.20, 1.00, 1.19, 1.00, 1.00, 1.13, 1.42, 1.21],
  xi_21 = [6.58, 9.29, 9.10, 6.76, 6.78, 7.70, 8.77, 5.32, 5.50, 7.83, 6.04, 8.86, 5.57, 7.14, 6.78, 7.82, 6.57, 6.60, 8.77, 4.45],
  xi_22 = [1.14, 1.50, 1.00, 1.79, 1.00, 1.17, 1.00, 1.45, 1.29, 1.19, 1.00, 1.00, 1.13, 1.00, 1.24, 1.00, 1.04, 1.00, 1.23, 1.00],
  xi_23 = [6.67, 8.38, 13.24, 7.74, 12.27, 5.93, 13.37, 8.04, 9.79, 13.61, 15.82, 10.22, 6.82, 6.19, 11.09, 5.76, 5.25, 4.91, 6.58, 7.46],
  xi_24 = [11.38, 7.46, 5.41, 7.95, 6.50, 11.70, 7.15, 8.43, 8.63, 8.27, 10.67, 5.29, 11.80, 10.91, 5.32, 10.27, 8.26, 13.03, 9.32, 8.20],
  xi_25 = [9.31, 9.16, 10.34, 8.93, 9.94, 7.04, 8.40, 9.17, 7.53, 7.33, 8.43, 11.22, 5.90, 9.86, 8.14, 5.96, 9.02, 10.05, 8.34, 13.32],
  xi_31 = [4.10, 4.40, 4.78, 5.30, 4.14, 4.58, 7.72, 3.64, 3.74, 7.09, 6.09, 5.57, 4.93, 4.24, 1.24, 9.41, 6.51, 6.78, 5.95, 5.45],
  xi_32 = [3.52, 7.59, 8.86, 5.50, 5.65, 2.40, 5.02, 5.42, 5.08, 4.79, 4.90, 5.12, 3.98, 6.47, 7.17, 6.55, 5.74, 5.83, 8.38, 6.36],
  xi_33 = [13.80, 9.66, 11.12, 9.47, 5.98, 8.57, 9.86, 11.63, 5.72, 9.12, 10.65, 9.18, 11.03, 5.25, 4.69, 7.36, 12.22, 14.17, 11.34, 6.64],
  xi_34 = [9.97, 7.31, 10.56, 8.53, 6.68, 8.00, 4.94, 6.33, 9.82, 6.09, 8.35, 6.05, 7.29, 5.13, 2.55, 8.33, 6.66, 7.71, 6.00, 12.59],
  xi_35 = [2.76, 4.87, 3.69, 5.25, 2.87, 5.28, 3.26, 2.20, 3.57, 2.97, 2.65, 5.40, 3.12, 2.69, 6.00, 3.55, 4.59, 4.58, 3.68, 1.84],
  xi_41 = [1.20, 1.92, 1.45, 1.91, 1.00, 3.08, 3.07, 1.00, 1.28, 1.44, 1.54, 1.70, 2.01, 2.14, 3.09, 2.14, 2.14, 2.31, 1.00, 2.84],
  xi_42 = [4.33, 6.89, 3.78, 5.48, 5.36, 7.36, 4.07, 4.80, 3.47, 5.15, 6.23, 8.64, 4.73, 4.80, 4.89, 2.57, 5.86, 2.08, 5.56, 4.39],
  xi_43 = [13.14, 5.29, 4.61, 7.24, 5.93, 6.17, 9.21, 6.05, 8.23, 5.18, 4.30, 7.59, 5.56, 5.58, 10.14, 5.94, 7.30, 6.62, 5.58, 8.02],
  xi_44 = [2.98, 2.12, 1.75, 1.92, 1.24, 2.06, 2.02, 2.61, 2.33, 3.76, 1.00, 1.97, 2.43, 2.13, 2.93, 2.47, 1.53, 1.50, 2.33, 2.09],
  xi_45 = [10.37, 5.36, 11.07, 6.09, 7.14, 9.87, 10.98, 10.23, 6.19, 7.80, 11.71, 4.87, 9.97, 8.18, 6.60, 6.37, 9.49, 7.97, 7.95, 6.87],
  xi_51 = [9.07, 9.36, 4.25, 13.64, 8.08, 9.29, 11.55, 10.69, 7.68, 6.22, 6.72, 5.85, 9.42, 6.00, 10.88, 8.46, 8.92, 5.98, 6.76, 9.30],
  xi_52 = [4.61, 5.64, 7.33, 4.77, 3.85, 7.76, 6.01, 6.13, 9.86, 8.39, 6.85, 5.22, 9.45, 5.94, 6.08, 8.14, 6.16, 7.65, 8.47, 6.37],
  xi_53 = [5.13, 5.28, 3.94, 7.06, 4.21, 3.97, 4.19, 6.56, 7.16, 4.91, 5.28, 7.49, 4.51, 5.42, 3.94, 6.84, 7.05, 4.94, 5.90, 4.73],
  xi_54 = [9.73, 10.09, 12.26, 11.35, 12.40, 12.17, 13.05, 7.56, 9.33, 8.69, 10.54, 9.38, 9.49, 11.00, 9.04, 10.20, 11.58, 8.38, 8.73, 6.32],
  xi_55 = [3.76, 5.04, 4.41, 4.70, 3.07, 4.23, 4.18, 3.27, 3.93, 4.46, 3.31, 4.15, 1.77, 4.16, 3.71, 5.69, 6.90, 4.54, 5.99, 3.66],
  xi_61 = [8.21, 9.05, 4.76, 6.23, 8.28, 5.18, 6.44, 5.97, 5.81, 3.64, 4.40, 3.82, 9.05, 6.21, 5.79, 7.86, 7.08, 5.67, 7.47, 6.83],
  xi_62 = [11.87, 7.77, 11.43, 3.90, 10.16, 12.93, 8.07, 7.76, 10.71, 11.55, 6.17, 7.59, 10.16, 14.67, 8.53, 10.53, 9.80, 9.92, 10.53, 9.53],
  xi_63 = [6.56, 5.85, 9.92, 5.79, 6.51, 7.60, 6.48, 7.58, 6.91, 9.09, 8.83, 7.25, 6.75, 12.88, 10.64, 8.31, 7.90, 12.73, 8.83, 5.47],
  xi_64 = [4.33, 4.47, 8.27, 8.26, 5.52, 5.32, 5.69, 7.53, 4.73, 5.72, 5.52, 5.96, 8.16, 3.74, 7.37, 5.34, 8.66, 7.68, 5.03, 8.13],
  xi_65 = [5.41, 9.93, 11.74, 5.48, 5.97, 9.61, 7.77, 8.80, 1.75, 6.41, 8.51, 10.02, 10.64, 9.49, 4.58, 7.34, 10.45, 9.81, 5.28, 6.19],
  xi_71 = [6.17, 6.12, 9.03, 10.29, 8.96, 8.77, 8.59, 8.46, 7.51, 8.92, 8.17, 8.25, 10.57, 6.70, 6.15, 10.15, 5.56, 10.02, 6.61, 13.64],
  xi_72 = [5.93, 6.73, 4.84, 3.45, 9.31, 5.34, 5.82, 3.93, 3.70, 8.28, 5.22, 6.91, 6.53, 4.11, 4.41, 5.26, 3.53, 3.59, 3.30, 6.66],
  xi_73 = [2.74, 1.81, 1.98, 2.19, 1.53, 2.13, 2.19, 3.17, 3.06, 1.41, 2.00, 3.15, 2.76, 1.88, 1.81, 2.63, 1.83, 2.00, 2.91, 2.43],
  xi_74 = [8.79, 7.11, 6.77, 3.84, 11.29, 11.68, 9.85, 7.94, 8.60, 6.44, 5.97, 9.90, 7.96, 7.32, 5.78, 14.47, 5.90, 7.46, 7.03, 7.50],
  xi_75 = [9.49, 11.49, 7.20, 7.35, 6.97, 9.04, 6.15, 11.73, 9.62, 12.18, 12.05, 7.48, 8.96, 3.09, 10.77, 11.51, 10.59, 9.55, 19.47, 9.19],
  xi_81 = [2.00, 2.25, 1.72, 1.93, 1.41, 3.60, 2.04, 2.68, 2.00, 1.48, 1.00, 2.46, 2.19, 1.00, 1.86, 3.49, 2.32, 2.24, 1.47, 2.32],
  xi_82 = [4.42, 5.10, 4.45, 3.93, 4.42, 3.38, 4.73, 5.42, 6.26, 4.28, 4.97, 3.75, 4.03, 5.38, 4.68, 4.13, 4.42, 3.86, 5.82, 5.91],
  xi_83 = [4.96, 2.98, 7.52, 5.11, 6.01, 9.01, 9.18, 4.09, 5.98, 11.35, 7.61, 3.59, 8.81, 4.29, 5.68, 9.76, 6.75, 7.73, 3.75, 8.33],
  xi_84 = [1.00, 1.83, 1.38, 2.56, 2.55, 2.42, 2.17, 2.50, 1.69, 2.09, 3.04, 1.53, 2.68, 1.76, 1.11, 1.00, 1.52, 2.24, 2.27, 2.11],
  xi_85 = [6.94, 5.38, 5.09, 4.28, 7.47, 8.93, 2.89, 5.89, 8.50, 9.81, 10.74, 6.41, 9.27, 7.70, 4.47, 7.98, 8.52, 4.80, 8.96, 8.82],
  xi_91 = [4.36, 3.78, 4.10, 2.99, 4.69, 4.29, 3.99, 5.35, 4.58, 6.29, 8.12, 4.29, 6.67, 4.80, 7.68, 4.74, 6.07, 3.85, 1.46, 4.73],
  xi_92 = [3.14, 2.85, 2.38, 2.06, 4.17, 4.70, 3.29, 2.62, 5.04, 6.40, 1.96, 4.78, 6.12, 3.30, 4.85, 3.42, 3.71, 2.43, 2.54, 3.64],
  xi_93 = [9.09, 3.45, 5.24, 5.41, 3.10, 6.54, 3.89, 3.91, 5.68, 3.71, 5.07, 5.03, 4.08, 3.43, 3.17, 4.09, 5.03, 7.20, 5.14, 2.89],
  xi_94 = [8.55, 6.58, 4.06, 6.40, 7.03, 8.23, 6.43, 6.14, 6.55, 9.21, 8.17, 6.48, 8.08, 7.45, 12.86, 9.00, 6.85, 4.34, 6.96, 7.25],
  xi_95 = [3.42, 5.68, 4.22, 6.46, 5.23, 5.82, 5.31, 4.18, 6.12, 3.68, 5.01, 6.51, 3.94, 5.43, 4.10, 6.17, 4.83, 2.92, 8.92, 4.41],
  xi_101 = [3.35, 3.00, 4.04, 3.36, 2.86, 2.86, 2.08, 5.58, 2.01, 4.74, 3.43, 4.56, 3.62, 2.66, 4.76, 1.60, 3.93, 1.91, 4.18, 3.58],
  xi_102 = [8.02, 4.99, 5.71, 5.33, 3.48, 10.06, 6.01, 7.38, 4.96, 5.51, 1.00, 7.81, 4.58, 5.93, 3.93, 4.25, 6.76, 4.62, 4.52, 4.08],
  xi_103 = [9.43, 5.27, 5.96, 5.78, 6.03, 9.10, 6.07, 7.80, 7.85, 8.53, 10.05, 8.70, 9.39, 9.52, 3.32, 9.20, 5.18, 9.48, 8.29, 8.69],
  xi_104 = [3.83, 8.64, 7.72, 6.84, 9.22, 5.82, 6.62, 8.83, 8.75, 10.06, 7.11, 9.09, 4.77, 7.63, 9.54, 5.67, 7.92, 7.96, 4.97, 8.14],
  xi_105 = [5.83, 8.33, 6.37, 6.16, 4.38, 13.50, 12.35, 7.20, 5.59, 6.24, 5.30, 6.67, 7.51, 10.18, 6.60, 4.41, 8.87, 10.26, 7.26, 5.30],
  xi_111 = [8.91, 7.06, 3.96, 4.98, 4.56, 6.06, 6.32, 3.08, 3.47, 3.29, 3.17, 7.18, 6.87, 3.84, 3.32, 3.41, 3.89, 5.69, 3.43, 3.65],
  xi_112 = [2.70, 3.72, 2.60, 3.68, 2.92, 2.78, 2.24, 3.04, 2.94, 3.99, 5.62, 4.52, 2.79, 3.43, 3.87, 7.05, 3.66, 3.51, 3.47, 2.52],
  xi_113 = [8.31, 10.99, 10.10, 7.05, 11.97, 7.42, 5.81, 8.25, 5.36, 8.55, 9.70, 5.24, 5.43, 10.54, 6.38, 11.45, 11.46, 13.69, 5.76, 8.78],
  xi_114 = [1.70, 1.34, 1.32, 2.03, 3.49, 2.11, 2.57, 1.12, 1.12, 1.74, 2.71, 2.24, 3.11, 3.33, 2.81, 2.13, 2.30, 1.77, 2.80, 1.61],
  xi_115 = [8.34, 3.29, 10.77, 3.53, 12.26, 9.23, 7.47, 8.29, 8.32, 5.75, 9.24, 9.96, 12.48, 8.26, 4.38, 11.83, 9.73, 5.71, 5.45, 9.95],
  xi_121 = [7.76, 8.10, 7.98, 9.03, 7.11, 6.03, 6.36, 7.06, 6.04, 6.41, 10.27, 7.54, 6.85, 7.50, 6.71, 5.43, 12.80, 7.08, 8.30, 5.73],
  xi_122 = [9.68, 14.06, 18.37, 10.29, 6.96, 14.27, 7.44, 11.58, 11.18, 12.54, 14.35, 14.19, 9.53, 10.84, 9.74, 15.89, 15.51, 13.34, 12.90, 13.04],
  xi_123 = [6.03, 7.83, 11.30, 11.56, 8.00, 11.77, 8.15, 7.66, 4.32, 10.82, 6.93, 9.49, 14.35, 14.93, 7.43, 9.73, 9.95, 9.23, 10.91, 7.38],
  xi_124 = [9.79, 13.45, 14.02, 5.84, 6.35, 8.99, 6.81, 6.43, 10.13, 8.30, 6.44, 5.66, 14.86, 8.76, 4.89, 8.69, 10.23, 9.35, 10.28, 9.47],
  xi_125 = [1.70, 1.19, 1.17, 2.03, 3.57, 1.86, 1.34, 1.46, 1.29, 1.74, 2.19, 1.48, 1.63, 1.00, 1.27, 2.23, 2.07, 1.87, 1.34, 2.46],
  xi_131 = [6.85, 5.00, 6.29, 11.09, 6.60, 7.09, 5.61, 5.39, 5.13, 6.40, 6.24, 12.41, 4.58, 3.39, 7.16, 5.15, 6.68, 6.55, 5.05, 2.76],
  xi_132 = [5.78, 11.44, 7.10, 9.49, 7.60, 11.23, 12.04, 5.42, 12.73, 13.05, 10.08, 5.40, 11.78, 12.02, 11.09, 9.73, 11.46, 13.53, 3.53, 10.12],
  xi_133 = [1.46, 1.82, 1.21, 1.80, 1.52, 2.42, 1.13, 1.46, 1.82, 2.13, 2.92, 1.81, 1.66, 2.37, 2.50, 2.39, 1.35, 2.56, 3.30, 1.73],
  xi_134 = [3.31, 6.12, 4.99, 5.23, 2.85, 9.31, 5.34, 4.30, 3.80, 6.03, 6.58, 3.31, 4.83, 3.17, 3.08, 2.93, 6.00, 4.39, 2.19, 7.55],
  xi_135 = [3.10, 2.75, 3.58, 3.70, 2.17, 1.78, 2.58, 2.70, 2.66, 2.83, 2.94, 2.14, 2.69, 3.24, 4.24, 2.79, 2.55, 4.26, 1.20, 2.49],
  xi_141 = [3.55, 7.38, 4.96, 5.05, 4.81, 4.26, 3.58, 4.70, 5.55, 7.00, 4.40, 5.87, 1.00, 10.33, 6.81, 2.61, 3.63, 5.38, 7.86, 4.44],
  xi_142 = [10.19, 9.79, 10.90, 7.73, 8.64, 10.97, 12.78, 7.45, 11.08, 8.62, 5.01, 11.50, 11.34, 10.52, 6.25, 8.96, 7.47, 8.31, 4.28, 12.48],
  xi_143 = [5.82, 4.87, 8.55, 6.27, 5.04, 4.82, 6.10, 1.97, 4.64, 5.38, 7.72, 8.30, 6.60, 8.90, 7.38, 9.51, 4.86, 6.70, 7.59, 6.04],
  xi_144 = [5.11, 4.39, 4.19, 3.61, 4.68, 3.22, 3.78, 3.35, 3.25, 3.73, 1.94, 5.22, 5.44, 2.76, 4.66, 4.82, 3.96, 5.33, 3.28, 3.43],
  xi_145 = [9.44, 3.02, 7.48, 4.99, 7.53, 4.02, 5.64, 5.68, 4.67, 7.50, 1.84, 6.69, 5.24, 6.19, 10.30, 5.78, 4.75, 5.05, 9.29, 8.75],
  xi_151 = [7.81, 14.97, 9.56, 10.65, 10.60, 9.54, 10.97, 10.92, 6.14, 7.00, 8.25, 7.38, 6.39, 6.69, 11.69, 12.78, 6.97, 6.93, 9.19, 4.76],
  xi_152 = [4.88, 3.53, 7.80, 4.67, 4.80, 2.86, 4.29, 4.74, 6.01, 6.19, 7.35, 5.27, 5.51, 5.14, 4.03, 3.33, 4.28, 5.26, 6.21, 4.58],
  xi_153 = [3.76, 4.33, 5.14, 3.67, 5.77, 5.10, 2.99, 4.46, 2.67, 3.59, 3.39, 5.11, 4.40, 2.60, 3.50, 4.58, 3.87, 5.28, 1.00, 4.51],
  xi_154 = [9.13, 8.76, 7.02, 9.33, 5.11, 10.82, 7.80, 6.56, 5.00, 7.46, 10.56, 11.01, 7.11, 5.53, 7.19, 4.96, 6.03, 6.75, 6.22, 5.31],
  xi_155 = [4.81, 3.32, 4.57, 4.25, 4.40, 3.68, 4.80, 5.57, 3.63, 3.98, 3.26, 3.84, 3.83, 3.27, 2.86, 2.57, 3.51, 4.53, 2.12, 4.38],
  xi_161 = [3.62, 3.05, 2.86, 3.57, 3.46, 2.01, 3.08, 2.84, 4.62, 2.43, 4.09, 2.97, 1.63, 3.28, 5.10, 3.17, 2.71, 3.90, 2.98, 3.05],
  xi_162 = [1.00, 1.00, 1.00, 1.00, 1.51, 1.06, 1.00, 1.00, 1.10, 1.00, 1.00, 1.16, 1.00, 1.00, 1.00, 1.08, 1.00, 1.00, 1.00, 1.09],
  xi_163 = [3.91, 5.94, 5.05, 4.91, 4.76, 3.43, 2.69, 4.64, 3.63, 1.98, 6.28, 7.18, 5.14, 4.53, 4.50, 3.68, 5.41, 3.83, 6.43, 6.79],
  xi_164 = [7.12, 4.82, 5.57, 9.36, 8.14, 6.27, 7.25, 8.46, 12.12, 5.96, 8.19, 7.74, 4.14, 10.48, 5.27, 13.47, 4.12, 5.71, 4.68, 11.73],
  xi_165 = [6.58, 7.67, 9.15, 5.58, 6.59, 8.90, 4.69, 8.20, 6.15, 10.04, 8.76, 4.36, 6.33, 5.88, 8.36, 10.18, 16.37, 4.62, 9.84, 7.69],
  xi_171 = [2.33, 3.93, 3.37, 2.33, 2.64, 1.40, 1.87, 3.27, 2.28, 3.56, 1.75, 2.03, 1.87, 1.88, 1.88, 2.81, 2.41, 2.19, 3.57, 1.00],
  xi_172 = [9.61, 16.46, 11.42, 6.62, 11.79, 8.23, 7.40, 13.29, 9.04, 8.91, 5.47, 11.03, 13.61, 13.23, 9.22, 11.55, 17.27, 7.00, 10.23, 5.03],
  xi_173 = [3.29, 5.10, 3.33, 1.82, 1.99, 1.76, 3.89, 4.45, 2.70, 1.40, 3.00, 3.23, 2.26, 3.81, 2.83, 2.61, 3.50, 2.11, 3.20, 3.04],
  xi_174 = [8.69, 4.43, 15.47, 11.71, 7.03, 6.28, 11.00, 10.35, 7.65, 7.76, 8.11, 9.06, 12.68, 10.51, 13.05, 12.53, 11.93, 12.28, 8.71, 9.89],
  xi_175 = [2.44, 5.56, 2.83, 6.28, 3.59, 5.50, 5.44, 5.68, 5.55, 4.42, 4.62, 3.05, 5.22, 4.79, 3.37, 5.58, 6.45, 3.85, 4.02, 3.63],
  xi_181 = [7.64, 5.83, 4.00, 6.92, 5.89, 6.54, 6.91, 4.74, 5.01, 3.73, 7.87, 5.04, 5.68, 4.45, 6.55, 3.03, 4.22, 5.67, 4.37, 5.85],
  xi_182 = [5.84, 9.70, 9.04, 12.12, 10.39, 9.25, 6.00, 5.54, 10.02, 9.18, 8.94, 7.87, 6.23, 4.59, 7.95, 8.63, 9.45, 5.51, 6.42, 3.01],
  xi_183 = [6.11, 5.49, 1.99, 5.32, 6.47, 7.20, 7.77, 9.05, 6.17, 1.83, 8.03, 6.04, 7.29, 8.18, 10.48, 5.46, 6.34, 5.60, 4.96, 7.71],
  xi_184 = [2.97, 4.94, 5.86, 7.58, 5.65, 6.88, 5.18, 12.87, 5.02, 3.84, 8.43, 6.04, 6.52, 9.51, 9.18, 8.21, 5.91, 10.23, 5.03, 7.33],
  xi_185 = [1.33, 1.30, 1.00, 1.16, 1.00, 1.06, 1.16, 1.33, 1.00, 1.07, 1.38, 1.19, 1.74, 1.00, 1.21, 1.03, 1.00, 1.00, 1.00, 1.02],
  xi_191 = [1.45, 1.66, 1.84, 1.87, 3.08, 1.73, 1.54, 2.66, 2.31, 1.69, 5.03, 1.00, 2.80, 1.74, 1.99, 2.03, 1.49, 1.55, 1.95, 1.56],
  xi_192 = [14.46, 11.07, 8.70, 12.48, 6.74, 11.58, 10.00, 9.97, 10.95, 13.40, 5.53, 12.39, 9.74, 12.47, 11.70, 7.17, 9.71, 6.94, 16.50, 11.10],
  xi_193 = [10.81, 6.42, 9.01, 4.81, 6.79, 12.43, 6.64, 6.83, 5.63, 9.26, 7.51, 10.27, 8.76, 4.70, 8.85, 9.80, 6.76, 8.76, 10.52, 9.04],
  xi_194 = [6.99, 7.56, 7.07, 8.88, 2.28, 7.29, 5.14, 5.09, 7.11, 8.16, 6.24, 4.33, 4.75, 5.90, 4.47, 5.10, 5.18, 3.49, 4.40, 5.92],
  xi_195 = [3.24, 8.36, 5.17, 6.47, 9.75, 9.26, 9.82, 6.82, 11.05, 12.29, 8.33, 9.18, 7.03, 7.41, 8.13, 9.37, 3.92, 14.46, 9.78, 8.52],
  xi_201 = [3.88, 1.78, 3.13, 2.03, 3.17, 2.95, 2.27, 2.52, 2.83, 2.86, 4.02, 2.60, 2.11, 2.21, 5.10, 2.01, 2.23, 2.06, 2.45, 2.61],
  xi_202 = [1.00, 1.05, 1.18, 1.55, 1.56, 1.00, 1.00, 1.06, 1.44, 1.53, 1.00, 1.01, 1.00, 1.00, 1.28, 1.01, 1.22, 1.21, 1.00, 1.13],
  xi_203 = [7.60, 1.91, 11.69, 8.24, 12.11, 13.05, 10.70, 10.52, 8.93, 12.86, 13.59, 8.89, 6.38, 9.42, 9.35, 13.26, 7.04, 14.56, 10.54, 7.39],
  xi_204 = [4.81, 10.66, 7.13, 9.05, 8.97, 13.31, 7.85, 13.86, 12.82, 9.91, 11.33, 12.80, 13.21, 6.44, 9.60, 7.06, 9.44, 8.96, 8.04, 14.78],
  xi_205 = [1.65, 1.27, 1.10, 3.22, 2.13, 2.43, 1.52, 1.95, 3.27, 3.28, 2.33, 1.67, 1.99, 2.74, 1.81, 1.40, 1.86, 1.63, 2.36, 2.40],
  xi_211 = [1.12, 1.32, 1.05, 1.00, 1.00, 1.00, 1.00, 1.00, 1.00, 1.00, 1.00, 1.00, 2.10, 1.00, 1.00, 1.23, 1.00, 1.09, 1.00, 1.40],
  xi_212 = [5.99, 4.71, 7.70, 5.46, 8.18, 3.58, 6.01, 3.71, 11.85, 5.64, 6.34, 3.08, 7.86, 8.01, 5.83, 8.52, 8.41, 4.86, 4.19, 5.70],
  xi_213 = [4.56, 10.48, 7.04, 8.42, 6.92, 4.18, 6.59, 4.25, 9.78, 5.32, 8.41, 4.29, 3.37, 9.50, 7.74, 6.04, 5.52, 7.10, 7.25, 6.67],
  xi_214 = [1.00, 1.00, 1.00, 1.67, 1.10, 1.03, 1.34, 1.00, 1.06, 1.61, 1.00, 1.69, 1.53, 1.00, 1.35, 1.00, 1.00, 1.21, 1.15, 1.00],
  xi_215 = [6.99, 9.05, 7.92, 6.20, 7.14, 4.90, 7.78, 2.04, 7.03, 8.17, 7.47, 8.97, 6.10, 3.10, 4.64, 5.72, 4.71, 5.80, 4.53, 5.76],
  xi_221 = [10.02, 8.19, 4.11, 12.02, 11.09, 10.71, 6.95, 10.74, 7.23, 9.75, 4.24, 11.27, 7.36, 6.56, 12.87, 7.44, 7.21, 7.37, 8.40, 8.84],
  xi_222 = [10.43, 1.78, 8.30, 7.57, 12.20, 11.27, 5.67, 1.66, 7.66, 6.03, 6.78, 10.36, 8.62, 8.65, 10.76, 7.90, 9.55, 10.32, 3.03, 5.70],
  xi_223 = [7.43, 9.70, 5.70, 5.41, 7.12, 7.40, 12.47, 4.22, 5.38, 7.09, 5.93, 7.18, 4.98, 2.38, 5.87, 6.14, 7.16, 7.02, 2.63, 7.38],
  xi_224 = [2.11, 3.23, 3.40, 3.00, 3.79, 2.18, 3.22, 2.19, 3.19, 2.90, 2.14, 4.63, 2.63, 4.75, 3.71, 4.66, 1.69, 4.08, 1.30, 3.59],
  xi_225 = [3.94, 3.33, 4.19, 4.64, 4.44, 3.52, 4.72, 2.48, 2.60, 4.20, 3.93, 3.45, 6.12, 6.17, 3.35, 1.84, 3.04, 5.12, 5.28, 4.57],
  xi_231 = [2.32, 4.29, 4.69, 3.21, 4.36, 2.96, 2.70, 3.71, 2.25, 3.77, 3.52, 3.21, 3.60, 3.15, 3.19, 3.27, 2.31, 3.18, 5.06, 1.81],
  xi_232 = [7.02, 7.65, 6.82, 6.74, 7.15, 3.45, 4.20, 7.67, 5.85, 8.06, 6.81, 7.02, 6.52, 5.66, 5.81, 5.97, 6.70, 7.02, 6.59, 7.41],
  xi_233 = [2.62, 1.91, 1.67, 3.10, 2.87, 3.29, 1.80, 2.04, 1.00, 1.73, 2.91, 1.29, 2.21, 1.65, 2.37, 1.66, 2.11, 1.68, 1.20, 1.94],
  xi_234 = [1.37, 1.00, 1.00, 1.35, 1.00, 1.15, 1.00, 1.16, 1.85, 1.00, 1.00, 1.00, 1.00, 1.00, 1.00, 1.00, 1.00, 1.00, 1.00, 1.25],
  xi_235 = [6.42, 4.90, 3.84, 5.21, 1.80, 5.91, 3.86, 4.98, 5.34, 4.72, 4.44, 4.89, 6.42, 5.88, 6.48, 6.30, 3.48, 5.64, 9.01, 3.88],
  xi_241 = [3.32, 4.73, 3.35, 2.57, 3.08, 3.04, 2.86, 3.51, 1.18, 3.39, 2.73, 3.95, 2.65, 3.01, 3.13, 3.76, 3.14, 3.57, 1.00, 2.69],
  xi_242 = [11.81, 8.91, 10.17, 8.15, 13.71, 9.47, 13.46, 9.33, 7.94, 17.33, 8.79, 12.86, 16.81, 10.52, 11.82, 15.54, 10.79, 6.82, 12.07, 4.94],
  xi_243 = [9.48, 10.95, 9.35, 7.73, 6.67, 8.89, 11.26, 11.54, 4.62, 9.40, 7.68, 10.22, 3.37, 7.60, 6.38, 7.39, 8.94, 7.28, 7.53, 9.11],
  xi_244 = [11.18, 12.73, 9.45, 10.87, 7.58, 5.54, 8.63, 8.25, 7.43, 6.54, 8.44, 5.91, 12.70, 10.34, 10.77, 7.04, 11.56, 8.07, 9.75, 6.70],
  xi_245 = [3.97, 4.36, 3.44, 4.24, 3.50, 2.50, 2.55, 2.62, 1.82, 4.38, 5.42, 3.58, 3.07, 4.41, 2.98, 3.53, 5.14, 3.91, 3.26, 3.64],
  xi_251 = [3.66, 4.56, 2.62, 3.76, 2.66, 4.23, 4.66, 3.73, 4.47, 4.68, 2.74, 4.59, 2.98, 2.69, 3.88, 5.68, 1.39, 2.34, 5.42, 4.03],
  xi_252 = [2.95, 4.10, 3.18, 3.39, 3.93, 2.90, 2.98, 2.53, 2.51, 3.33, 4.96, 3.29, 3.23, 2.35, 3.91, 2.60, 2.31, 3.10, 3.80, 2.53],
  xi_253 = [8.63, 6.32, 9.30, 5.17, 7.69, 13.41, 13.01, 6.44, 9.26, 6.36, 9.37, 8.28, 9.71, 10.40, 6.64, 11.40, 4.91, 9.37, 12.06, 12.56],
  xi_254 = [10.55, 5.13, 10.14, 6.41, 8.12, 6.00, 5.12, 6.88, 2.53, 8.48, 2.31, 3.78, 6.86, 7.36, 9.87, 7.42, 7.57, 11.71, 9.07, 8.29],
  xi_255 = [10.05, 12.57, 11.74, 13.48, 11.38, 8.62, 8.09, 8.01, 9.73, 10.32, 10.85, 9.11, 12.51, 10.44, 8.42, 11.58, 14.83, 16.88, 12.87, 9.95],
  xi_261 = [1.32, 1.00, 1.24, 1.40, 1.00, 1.00, 1.00, 1.26, 1.66, 1.16, 1.12, 1.03, 1.00, 1.00, 1.00, 1.00, 1.00, 1.04, 1.23, 1.43],
  xi_262 = [1.00, 1.39, 1.35, 1.06, 1.00, 1.00, 1.00, 1.15, 1.00, 1.00, 1.00, 1.24, 1.00, 1.00, 1.85, 1.26, 1.09, 1.51, 1.00, 1.72],
  xi_263 = [1.18, 1.00, 1.27, 1.00, 1.74, 1.18, 1.00, 1.25, 1.05, 1.00, 1.00, 1.00, 1.00, 1.00, 1.91, 1.00, 1.00, 1.08, 1.00, 1.13],
  xi_264 = [7.74, 7.74, 7.59, 10.05, 7.19, 9.92, 9.63, 9.67, 9.83, 7.44, 3.10, 6.13, 10.52, 4.91, 6.10, 5.51, 5.37, 6.85, 9.36, 7.73],
  xi_265 = [1.73, 2.46, 1.61, 2.02, 1.78, 2.11, 2.27, 3.45, 1.66, 1.77, 2.00, 1.90, 2.33, 2.18, 2.59, 2.79, 1.66, 1.75, 2.52, 2.37],
  xi_271 = [1.30, 1.77, 1.83, 1.91, 2.79, 2.13, 2.15, 1.52, 3.14, 1.35, 2.12, 1.70, 3.14, 1.21, 1.37, 3.13, 1.26, 2.82, 1.12, 2.45],
  xi_272 = [5.97, 4.53, 2.95, 4.44, 4.31, 3.83, 6.92, 5.28, 3.96, 6.47, 4.56, 4.97, 4.61, 3.16, 4.11, 3.69, 5.43, 5.64, 4.82, 6.10],
  xi_273 = [10.71, 10.77, 17.19, 12.06, 13.10, 6.88, 11.86, 14.04, 15.36, 11.73, 9.49, 8.05, 17.59, 8.03, 6.89, 6.54, 11.36, 14.38, 7.20, 15.03],
  xi_274 = [3.06, 2.10, 1.84, 1.34, 1.84, 1.94, 1.86, 2.03, 2.52, 1.84, 2.01, 3.03, 2.67, 2.65, 1.52, 1.77, 2.10, 2.69, 2.64, 2.27],
  xi_275 = [1.36, 3.49, 6.04, 5.15, 3.61, 2.55, 3.67, 2.13, 2.83, 4.80, 2.06, 3.81, 2.19, 3.00, 2.90, 2.83, 3.87, 4.85, 2.82, 2.79],
  xi_281 = [2.71, 4.34, 1.34, 5.01, 4.18, 4.51, 8.19, 2.38, 3.66, 4.39, 4.62, 5.79, 4.73, 5.43, 2.57, 3.41, 3.02, 6.70, 3.68, 3.23],
  xi_282 = [5.56, 6.70, 3.03, 3.46, 4.06, 3.02, 6.13, 6.28, 6.42, 6.47, 4.98, 8.50, 3.53, 5.18, 3.79, 8.47, 5.20, 6.43, 4.14, 6.93],
  xi_283 = [7.01, 8.06, 11.88, 12.34, 10.25, 8.46, 5.65, 6.90, 9.82, 9.69, 11.07, 5.96, 6.34, 9.22, 7.26, 6.51, 10.21, 10.53, 9.77, 5.13],
  xi_284 = [2.67, 4.64, 6.31, 3.21, 5.02, 4.84, 6.00, 3.78, 2.66, 1.60, 4.18, 5.87, 4.14, 3.42, 3.28, 4.32, 3.44, 2.96, 4.75, 4.57],
  xi_285 = [3.81, 2.87, 6.29, 6.96, 3.37, 4.20, 8.07, 2.56, 5.36, 4.16, 4.61, 3.57, 4.99, 4.98, 4.42, 3.57, 5.39, 5.80, 4.45, 4.45],
  xi_291 = [6.09, 6.01, 6.81, 5.25, 5.91, 6.61, 6.07, 6.37, 5.43, 7.82, 10.41, 6.72, 4.43, 7.63, 4.84, 9.84, 5.08, 7.07, 6.74, 4.75],
  xi_292 = [9.73, 11.56, 8.06, 7.78, 10.16, 13.95, 7.40, 15.17, 11.65, 6.73, 12.42, 13.96, 12.78, 11.76, 4.48, 8.89, 7.98, 9.04, 9.32, 7.39],
  xi_293 = [9.29, 6.63, 8.68, 9.97, 8.49, 5.53, 7.88, 8.61, 8.80, 4.29, 9.74, 8.07, 5.35, 7.33, 7.49, 5.68, 6.27, 6.80, 8.08, 6.65],
  xi_294 = [5.72, 5.06, 5.41, 5.14, 7.76, 4.66, 6.17, 8.05, 7.87, 9.89, 6.75, 4.31, 13.96, 8.07, 6.82, 6.85, 6.02, 6.04, 4.22, 5.68],
  xi_295 = [4.39, 4.25, 6.57, 3.63, 3.25, 5.28, 7.98, 7.53, 8.60, 4.99, 5.57, 4.46, 3.94, 6.50, 4.69, 6.37, 2.39, 6.22, 9.74, 4.16],
  xi_301 = [11.02, 15.72, 3.89, 11.39, 10.78, 6.83, 5.75, 8.34, 7.91, 6.57, 8.70, 9.87, 12.51, 6.52, 9.36, 5.22, 5.79, 9.84, 10.61, 10.82],
  xi_302 = [10.34, 9.75, 8.94, 7.96, 4.04, 16.55, 8.84, 14.66, 11.93, 7.57, 8.41, 10.96, 10.28, 5.68, 9.31, 13.73, 8.95, 7.62, 8.91, 9.22],
  xi_303 = [5.01, 11.12, 10.73, 22.68, 9.69, 15.91, 9.03, 8.11, 6.70, 15.60, 8.05, 6.20, 12.02, 11.36, 14.82, 12.79, 4.99, 6.90, 10.36, 12.81],
  xi_304 = [5.79, 3.73, 3.64, 4.82, 3.89, 2.43, 4.39, 3.31, 3.18, 6.19, 3.95, 7.43, 3.17, 8.88, 1.12, 2.34, 4.39, 3.78, 3.90, 3.05],
  xi_305 = [8.44, 6.74, 3.73, 9.95, 8.70, 9.06, 1.00, 9.29, 7.15, 8.48, 4.91, 6.81, 7.68, 3.95, 5.21, 6.27, 5.89, 2.56, 11.15, 9.55],
  xi_311 = [5.46, 3.36, 3.59, 6.13, 3.84, 3.70, 3.76, 5.44, 4.99, 3.48, 3.41, 5.27, 4.95, 3.03, 1.52, 4.80, 3.86, 4.16, 4.42, 5.45],
  xi_312 = [7.20, 6.36, 2.97, 5.14, 4.16, 6.26, 4.69, 3.43, 6.53, 10.20, 5.07, 4.77, 5.50, 6.23, 5.48, 6.12, 7.93, 5.25, 5.02, 5.12],
  xi_313 = [5.88, 4.86, 6.45, 7.12, 8.42, 6.55, 4.39, 7.20, 2.91, 8.30, 7.23, 6.63, 5.66, 6.33, 6.35, 3.96, 13.46, 8.81, 7.08, 4.48],
  xi_314 = [8.60, 6.50, 10.10, 12.12, 6.96, 10.41, 6.46, 8.24, 10.63, 6.59, 7.96, 7.87, 9.77, 6.70, 10.59, 6.14, 12.79, 7.85, 3.81, 8.91],
  xi_315 = [2.88, 3.99, 2.40, 2.37, 5.07, 2.51, 5.19, 3.57, 5.24, 3.74, 6.61, 6.08, 7.55, 3.71, 3.70, 3.92, 2.96, 4.84, 2.99, 2.60],
  xi_321 = [1.75, 1.00, 1.20, 1.22, 1.00, 1.00, 1.03, 1.17, 1.39, 1.07, 1.73, 1.00, 1.05, 1.00, 1.00, 1.00, 1.11, 1.01, 1.00, 1.34],
  xi_322 = [2.55, 2.90, 2.73, 5.36, 3.10, 1.00, 3.08, 4.70, 3.64, 2.74, 2.72, 2.53, 1.33, 3.14, 1.79, 1.78, 3.80, 2.10, 2.39, 2.12],
  xi_323 = [7.03, 1.69, 15.90, 4.29, 10.73, 7.24, 10.01, 7.55, 9.78, 7.38, 5.15, 4.57, 6.18, 9.19, 7.49, 11.08, 6.91, 7.56, 8.04, 6.76],
  xi_324 = [5.60, 2.59, 3.17, 4.70, 5.85, 3.11, 3.81, 5.13, 5.26, 3.44, 4.47, 5.05, 4.71, 3.85, 3.69, 3.07, 3.12, 3.96, 2.85, 4.40],
  xi_325 = [6.98, 7.43, 7.97, 11.16, 11.02, 9.14, 11.39, 7.52, 5.72, 9.84, 8.52, 9.36, 4.72, 9.70, 9.39, 7.14, 12.99, 7.52, 8.10, 5.92],
  xi_331 = [2.91, 4.86, 6.84, 1.00, 7.52, 4.39, 3.62, 2.34, 4.43, 5.58, 5.36, 10.17, 4.56, 5.86, 5.02, 6.89, 5.66, 5.66, 7.98, 7.83],
  xi_332 = [2.50, 1.36, 2.23, 2.51, 1.82, 2.56, 2.05, 2.11, 1.43, 1.43, 1.84, 1.44, 1.74, 2.86, 1.79, 2.29, 2.22, 2.20, 1.57, 1.60],
  xi_333 = [6.73, 9.46, 10.18, 9.97, 12.59, 4.18, 9.29, 6.47, 13.69, 6.95, 8.48, 7.15, 8.98, 4.30, 10.51, 11.87, 13.75, 7.58, 12.12, 4.75],
  xi_334 = [1.68, 1.26, 2.76, 2.11, 2.05, 1.95, 1.64, 2.03, 1.80, 2.62, 1.79, 1.65, 1.00, 2.31, 2.09, 2.03, 2.09, 2.12, 1.61, 2.06],
  xi_335 = [6.16, 6.96, 6.48, 14.53, 6.11, 7.84, 5.37, 8.97, 11.60, 6.94, 4.85, 9.16, 5.16, 5.77, 9.91, 6.55, 7.52, 5.69, 9.78, 4.56],
  xi_341 = [4.42, 3.82, 5.18, 4.45, 4.32, 2.60, 2.84, 4.26, 4.49, 6.14, 4.59, 4.13, 1.62, 5.60, 2.96, 4.62, 4.79, 5.71, 4.83, 4.50],
  xi_342 = [8.93, 9.63, 17.07, 9.60, 14.88, 13.98, 8.93, 14.63, 15.18, 9.97, 10.88, 13.18, 13.80, 6.72, 16.52, 7.48, 14.06, 14.33, 12.95, 9.02],
  xi_343 = [4.55, 8.54, 6.04, 8.59, 5.22, 2.17, 6.02, 7.00, 6.29, 7.51, 4.77, 5.86, 4.58, 5.18, 5.28, 3.21, 8.29, 4.15, 6.21, 7.14],
  xi_344 = [7.23, 6.83, 8.32, 4.68, 11.78, 9.11, 2.84, 9.31, 5.72, 9.78, 10.81, 7.84, 7.51, 6.76, 5.95, 8.89, 7.56, 8.70, 6.85, 6.14],
  xi_345 = [5.03, 9.49, 8.59, 6.36, 9.90, 13.58, 12.10, 12.76, 14.07, 10.88, 7.76, 9.00, 11.79, 7.43, 9.03, 6.37, 19.29, 9.15, 5.74, 6.01],
  xi_351 = [6.65, 3.98, 5.94, 6.18, 6.61, 4.04, 3.22, 6.47, 5.16, 3.95, 5.93, 5.90, 5.01, 3.20, 4.39, 10.42, 5.29, 6.22, 5.94, 4.27],
  xi_352 = [8.85, 14.32, 7.80, 7.77, 6.00, 8.29, 9.83, 5.74, 8.04, 5.11, 8.43, 5.71, 6.53, 9.15, 5.99, 10.03, 10.60, 9.99, 8.70, 6.77],
  xi_353 = [7.49, 8.06, 15.51, 9.46, 9.18, 6.97, 5.34, 9.04, 13.13, 7.52, 14.54, 5.40, 7.55, 9.21, 8.05, 6.51, 11.58, 6.39, 10.11, 11.38],
  xi_354 = [5.36, 3.75, 2.88, 2.54, 5.01, 2.45, 4.91, 5.21, 2.05, 3.28, 3.04, 4.92, 5.02, 4.01, 2.55, 1.89, 3.54, 1.98, 6.42, 5.63],
  xi_355 = [1.00, 1.00, 1.08, 1.00, 1.00, 1.00, 1.00, 1.18, 1.29, 1.10, 1.00, 1.06, 1.00, 1.00, 1.00, 1.14, 1.00, 1.45, 1.00, 1.00],
  xi_361 = [9.27, 7.50, 6.43, 13.39, 11.49, 13.74, 7.91, 9.66, 5.13, 9.52, 7.74, 9.33, 8.94, 13.50, 8.06, 12.40, 10.56, 7.91, 9.61, 5.10],
  xi_362 = [1.09, 2.49, 1.38, 1.85, 2.21, 1.97, 1.52, 1.47, 2.10, 1.92, 1.41, 2.18, 3.55, 1.69, 2.31, 1.78, 1.94, 2.76, 2.66, 2.04],
  xi_363 = [15.49, 9.90, 13.09, 9.71, 9.72, 7.46, 8.69, 8.85, 10.44, 13.81, 9.49, 13.22, 9.29, 10.87, 8.32, 8.47, 13.67, 17.91, 11.98, 11.43],
  xi_364 = [5.42, 4.68, 6.64, 9.10, 9.91, 9.75, 6.80, 6.16, 8.47, 4.08, 5.65, 5.99, 10.70, 8.67, 5.78, 7.16, 4.24, 4.99, 7.70, 6.81],
  xi_365 = [3.79, 4.92, 8.03, 2.88, 5.34, 4.52, 3.65, 4.70, 4.01, 3.35, 1.00, 3.82, 5.34, 3.72, 4.23, 2.99, 7.01, 2.17, 2.43, 5.06],
  xi_371 = [1.21, 1.21, 1.00, 1.00, 1.08, 1.71, 1.58, 1.28, 1.00, 1.07, 1.63, 1.00, 1.30, 1.00, 1.00, 1.00, 1.14, 1.02, 1.12, 1.19],
  xi_372 = [12.81, 9.23, 9.51, 6.85, 10.01, 9.55, 10.17, 9.27, 14.51, 25.00, 11.63, 18.71, 8.70, 13.96, 6.79, 9.20, 13.31, 10.03, 4.86, 12.88],
  xi_373 = [7.15, 6.81, 7.34, 6.77, 4.22, 8.18, 4.27, 4.52, 8.43, 5.73, 4.59, 5.76, 4.57, 7.76, 4.98, 6.23, 4.39, 6.46, 7.55, 4.52],
  xi_374 = [7.36, 7.00, 3.25, 11.99, 10.11, 5.46, 10.57, 13.17, 11.44, 5.01, 6.71, 15.81, 6.71, 8.08, 11.23, 11.52, 6.40, 10.14, 7.05, 10.42],
  xi_375 = [8.90, 6.82, 7.08, 8.86, 14.48, 14.04, 11.64, 9.40, 13.91, 9.07, 1.00, 14.68, 9.23, 10.05, 5.54, 7.71, 11.17, 5.52, 10.19, 9.73],
  xi_381 = [7.63, 10.71, 9.40, 13.07, 8.11, 11.77, 12.39, 7.49, 8.64, 23.16, 10.46, 9.30, 7.50, 12.61, 6.94, 11.46, 8.14, 7.49, 8.09, 9.13],
  xi_382 = [7.16, 9.62, 8.31, 7.99, 3.82, 7.81, 5.41, 8.70, 8.52, 5.47, 9.47, 7.20, 13.02, 7.65, 6.21, 6.21, 6.90, 8.86, 4.20, 11.88],
  xi_383 = [10.33, 7.92, 8.54, 10.85, 10.16, 7.69, 6.37, 5.75, 8.51, 9.46, 4.26, 4.14, 12.24, 12.78, 12.39, 9.00, 9.91, 4.67, 7.13, 8.19],
  xi_384 = [13.65, 6.56, 3.37, 10.35, 11.98, 12.99, 10.25, 11.54, 8.78, 6.95, 8.89, 8.05, 6.20, 10.23, 11.35, 8.51, 8.32, 7.83, 14.24, 9.84],
  xi_385 = [3.63, 3.22, 3.45, 3.99, 3.52, 2.49, 3.62, 4.39, 6.00, 4.49, 2.98, 6.99, 3.98, 3.60, 3.72, 4.56, 1.74, 4.97, 3.83, 3.57],
  xi_391 = [5.03, 4.83, 5.62, 4.37, 6.68, 6.95, 10.72, 11.10, 7.03, 7.70, 5.94, 4.30, 6.31, 6.91, 6.88, 5.34, 9.07, 6.22, 7.99, 8.90],
  xi_392 = [5.97, 4.60, 3.50, 2.21, 6.36, 4.92, 7.01, 5.80, 4.13, 3.79, 4.01, 7.62, 4.29, 6.68, 4.12, 3.00, 2.72, 4.50, 2.32, 5.43],
  xi_393 = [4.42, 6.66, 5.72, 6.90, 4.63, 5.64, 5.68, 5.99, 3.92, 4.34, 4.96, 4.18, 4.78, 4.13, 8.96, 5.42, 6.08, 4.84, 6.25, 6.49],
  xi_394 = [9.18, 10.46, 5.95, 14.18, 22.32, 4.44, 8.49, 14.11, 16.44, 12.54, 12.49, 11.85, 10.62, 7.85, 11.72, 7.91, 8.20, 9.44, 10.21, 9.65],
  xi_395 = [7.99, 7.83, 10.99, 4.99, 9.28, 3.76, 8.65, 5.14, 5.10, 9.40, 2.38, 6.07, 9.74, 8.70, 6.84, 9.43, 7.57, 8.11, 10.68, 4.69],
  xi_401 = [1.00, 1.00, 1.00, 1.00, 1.34, 1.12, 1.00, 1.00, 1.00, 1.25, 1.00, 1.00, 1.08, 1.27, 1.21, 1.40, 1.00, 1.00, 1.00, 1.00],
  xi_402 = [3.33, 3.64, 3.90, 3.29, 3.84, 4.29, 3.01, 2.60, 3.56, 2.52, 3.73, 3.91, 4.13, 3.09, 2.51, 3.41, 3.98, 4.13, 5.51, 2.95],
  xi_403 = [2.79, 3.27, 1.78, 1.81, 3.12, 2.09, 1.41, 1.58, 1.55, 2.55, 2.14, 2.60, 2.08, 1.38, 2.38, 1.32, 2.25, 2.91, 1.11, 1.93],
  xi_404 = [9.77, 8.18, 5.60, 3.14, 9.37, 8.58, 4.67, 15.50, 11.63, 11.29, 14.45, 9.22, 10.46, 11.56, 10.21, 13.00, 12.78, 1.68, 8.60, 12.44],
  xi_405 = [8.67, 13.61, 7.90, 10.47, 6.80, 8.55, 13.62, 10.73, 12.11, 14.19, 7.17, 8.91, 8.49, 12.10, 8.61, 9.50, 8.68, 10.75, 10.13, 11.60],
]

Transportation Costs (cjk) = [
  [2.12, 1.53, 3.84, 7.46, 7.39],
  [11.82, 4.53, 8.66, 2.26, 7.92],
  [10.33, 4.61, 2.91, 9.52, 4.59],
  [1.75, 2.05, 8.58, 8.48, 6.08],
  [7.17, 5.63, 4.37, 7.91, 0.93],
  [2.79, 2.24, 5.98, 4.08, 5.89],
  [11.47, 8.48, 5.03, 7.38, 3.38],
  [7.94, 1.83, 9.03, 2.39, 0.81],
  [7.05, 7.65, 7.11, 14.24, 5.98],
  [6.47, 11.34, 5.97, 3.05, 2.41],
  [4.36, 6.76, 7.95, 0.67, 10.79],
  [1.88, 1.45, 4.61, 5.93, 1.34],
  [2.53, 4.62, 3.26, 3.73, 4.27],
  [1.19, 3.63, 3.98, 0.94, 1.11],
  [6.63, 1.54, 5.37, 2.46, 2.47],
  [6.60, 6.77, 2.50, 11.75, 11.33],
  [7.34, 4.71, 7.21, 8.36, 2.11],
  [5.86, 7.72, 2.84, 4.15, 6.49],
  [8.19, 1.81, 5.96, 1.27, 6.44],
  [2.32, 6.54, 3.01, 3.86, 4.54],
  [3.80, 7.41, 7.46, 2.45, 7.63],
  [3.69, 6.78, 8.94, 1.96, 6.69],
  [8.57, 4.47, 6.96, 9.14, 0.82],
  [3.91, 3.08, 0.97, 1.46, 4.20],
  [5.40, 4.66, 4.40, 4.70, 2.84],
  [4.98, 4.95, 5.05, 11.08, 9.54],
  [4.84, 0.89, 1.30, 2.54, 4.80],
  [7.87, 3.59, 6.13, 0.78, 2.56],
  [7.32, 2.76, 9.06, 6.88, 2.75],
  [2.51, 8.64, 3.23, 3.97, 11.34],
  [5.79, 4.75, 4.80, 2.46, 3.65],
  [2.86, 0.77, 3.99, 6.46, 0.97],
  [4.95, 8.94, 5.56, 3.14, 1.24],
  [6.66, 5.28, 4.74, 8.66, 4.57],
  [9.53, 0.77, 3.07, 1.50, 0.69],
  [1.54, 3.30, 2.70, 2.86, 3.72],
  [1.86, 6.89, 5.70, 8.74, 3.17],
  [6.90, 2.39, 1.21, 2.49, 4.61],
  [3.98, 0.64, 2.11, 9.58, 3.17],
  [5.25, 4.03, 2.86, 11.34, 0.96],
]

Mean Service Times (¦Ì_{jk}) = [
  mu_11 = [5.80],
  mu_12 = [4.15],
  mu_13 = [1.13],
  mu_14 = [2.78],
  mu_15 = [1.13],
  mu_21 = [7.11],
  mu_22 = [1.16],
  mu_23 = [8.96],
  mu_24 = [8.80],
  mu_25 = [8.87],
  mu_31 = [5.28],
  mu_32 = [5.72],
  mu_33 = [9.37],
  mu_34 = [7.45],
  mu_35 = [3.74],
  mu_41 = [1.91],
  mu_42 = [5.02],
  mu_43 = [6.88],
  mu_44 = [2.16],
  mu_45 = [8.25],
  mu_51 = [8.41],
  mu_52 = [6.73],
  mu_53 = [5.43],
  mu_54 = [10.06],
  mu_55 = [4.25],
  mu_61 = [6.39],
  mu_62 = [9.68],
  mu_63 = [8.10],
  mu_64 = [6.27],
  mu_65 = [7.76],
  mu_71 = [8.43],
  mu_72 = [5.34],
  mu_73 = [2.28],
  mu_74 = [8.08],
  mu_75 = [9.69],
  mu_81 = [2.07],
  mu_82 = [4.67],
  mu_83 = [6.63],
  mu_84 = [1.97],
  mu_85 = [7.14],
  mu_91 = [4.84],
  mu_92 = [3.67],
  mu_93 = [4.76],
  mu_94 = [7.33],
  mu_95 = [5.12],
  mu_101 = [3.40],
  mu_102 = [5.45],
  mu_103 = [7.68],
  mu_104 = [7.46],
  mu_105 = [7.42],
  mu_111 = [4.81],
  mu_112 = [3.55],
  mu_113 = [8.61],
  mu_114 = [2.17],
  mu_115 = [8.21],
  mu_121 = [7.50],
  mu_122 = [12.28],
  mu_123 = [9.39],
  mu_124 = [8.94],
  mu_125 = [1.74],
  mu_131 = [6.27],
  mu_132 = [9.73],
  mu_133 = [1.97],
  mu_134 = [4.77],
  mu_135 = [2.82],
  mu_141 = [5.16],
  mu_142 = [9.21],
  mu_143 = [6.35],
  mu_144 = [4.01],
  mu_145 = [6.19],
  mu_151 = [8.96],
  mu_152 = [5.04],
  mu_153 = [3.99],
  mu_154 = [7.38],
  mu_155 = [3.86],
  mu_161 = [3.22],
  mu_162 = [1.05],
  mu_163 = [4.74],
  mu_164 = [7.53],
  mu_165 = [7.80],
  mu_171 = [2.42],
  mu_172 = [10.32],
  mu_173 = [2.97],
  mu_174 = [9.96],
  mu_175 = [4.59],
  mu_181 = [5.50],
  mu_182 = [7.78],
  mu_183 = [6.37],
  mu_184 = [6.86],
  mu_185 = [1.15],
  mu_191 = [2.05],
  mu_192 = [10.63],
  mu_193 = [8.18],
  mu_194 = [5.77],
  mu_195 = [8.42],
  mu_201 = [2.74],
  mu_202 = [1.16],
  mu_203 = [9.90],
  mu_204 = [10.00],
  mu_205 = [2.10],
  mu_211 = [1.12],
  mu_212 = [6.28],
  mu_213 = [6.67],
  mu_214 = [1.19],
  mu_215 = [6.20],
  mu_221 = [8.62],
  mu_222 = [7.71],
  mu_223 = [6.43],
  mu_224 = [3.12],
  mu_225 = [4.05],
  mu_231 = [3.33],
  mu_232 = [6.51],
  mu_233 = [2.05],
  mu_234 = [1.11],
  mu_235 = [5.17],
  mu_241 = [3.03],
  mu_242 = [11.06],
  mu_243 = [8.27],
  mu_244 = [8.97],
  mu_245 = [3.62],
  mu_251 = [3.74],
  mu_252 = [3.19],
  mu_253 = [9.01],
  mu_254 = [7.18],
  mu_255 = [11.07],
  mu_261 = [1.14],
  mu_262 = [1.18],
  mu_263 = [1.14],
  mu_264 = [7.62],
  mu_265 = [2.15],
  mu_271 = [2.01],
  mu_272 = [4.79],
  mu_273 = [11.41],
  mu_274 = [2.19],
  mu_275 = [3.34],
  mu_281 = [4.20],
  mu_282 = [5.41],
  mu_283 = [8.60],
  mu_284 = [4.08],
  mu_285 = [4.69],
  mu_291 = [6.49],
  mu_292 = [10.01],
  mu_293 = [7.48],
  mu_294 = [6.72],
  mu_295 = [5.53],
  mu_301 = [8.87],
  mu_302 = [9.68],
  mu_303 = [10.74],
  mu_304 = [4.17],
  mu_305 = [6.83],
  mu_311 = [4.23],
  mu_312 = [5.67],
  mu_313 = [6.60],
  mu_314 = [8.45],
  mu_315 = [4.10],
  mu_321 = [1.15],
  mu_322 = [2.78],
  mu_323 = [7.73],
  mu_324 = [4.09],
  mu_325 = [8.58],
  mu_331 = [5.42],
  mu_332 = [1.98],
  mu_333 = [8.95],
  mu_334 = [1.93],
  mu_335 = [7.50],
  mu_341 = [4.29],
  mu_342 = [12.09],
  mu_343 = [5.83],
  mu_344 = [7.63],
  mu_345 = [9.72],
  mu_351 = [5.44],
  mu_352 = [8.18],
  mu_353 = [9.12],
  mu_354 = [3.82],
  mu_355 = [1.06],
  mu_361 = [9.36],
  mu_362 = [2.02],
  mu_363 = [11.09],
  mu_364 = [6.94],
  mu_365 = [4.15],
  mu_371 = [1.18],
  mu_372 = [11.35],
  mu_373 = [6.01],
  mu_374 = [8.97],
  mu_375 = [9.45],
  mu_381 = [10.17],
  mu_382 = [7.72],
  mu_383 = [8.51],
  mu_384 = [9.49],
  mu_385 = [3.94],
  mu_391 = [6.89],
  mu_392 = [4.65],
  mu_393 = [5.50],
  mu_394 = [10.90],
  mu_395 = [7.37],
  mu_401 = [1.08],
  mu_402 = [3.57],
  mu_403 = [2.10],
  mu_404 = [9.61],
  mu_405 = [10.13],
]

Mean Transportation Times (¦Ó_{jk}) = [
  tau_11 = [1.04],
  tau_12 = [1.95],
  tau_13 = [3.15],
  tau_14 = [2.09],
  tau_15 = [1.07],
  tau_21 = [2.04],
  tau_22 = [5.62],
  tau_23 = [1.07],
  tau_24 = [2.87],
  tau_25 = [5.13],
  tau_31 = [2.80],
  tau_32 = [1.00],
  tau_33 = [5.26],
  tau_34 = [2.18],
  tau_35 = [3.83],
  tau_41 = [2.29],
  tau_42 = [4.80],
  tau_43 = [4.15],
  tau_44 = [4.63],
  tau_45 = [3.00],
  tau_51 = [1.02],
  tau_52 = [4.49],
  tau_53 = [1.02],
  tau_54 = [5.24],
  tau_55 = [1.16],
  tau_61 = [3.03],
  tau_62 = [2.69],
  tau_63 = [2.39],
  tau_64 = [1.08],
  tau_65 = [4.99],
  tau_71 = [1.96],
  tau_72 = [2.97],
  tau_73 = [1.02],
  tau_74 = [2.92],
  tau_75 = [4.35],
  tau_81 = [5.20],
  tau_82 = [3.27],
  tau_83 = [2.23],
  tau_84 = [1.94],
  tau_85 = [4.09],
  tau_91 = [2.31],
  tau_92 = [1.03],
  tau_93 = [3.58],
  tau_94 = [3.26],
  tau_95 = [3.03],
  tau_101 = [5.31],
  tau_102 = [1.00],
  tau_103 = [1.08],
  tau_104 = [3.05],
  tau_105 = [3.21],
  tau_111 = [3.25],
  tau_112 = [4.02],
  tau_113 = [3.21],
  tau_114 = [2.00],
  tau_115 = [0.91],
  tau_121 = [2.04],
  tau_122 = [4.74],
  tau_123 = [4.35],
  tau_124 = [1.84],
  tau_125 = [0.99],
  tau_131 = [4.08],
  tau_132 = [0.96],
  tau_133 = [2.91],
  tau_134 = [2.05],
  tau_135 = [1.82],
  tau_141 = [3.15],
  tau_142 = [5.14],
  tau_143 = [3.03],
  tau_144 = [1.77],
  tau_145 = [2.68],
  tau_151 = [3.19],
  tau_152 = [5.66],
  tau_153 = [5.36],
  tau_154 = [5.12],
  tau_155 = [0.98],
  tau_161 = [2.78],
  tau_162 = [4.11],
  tau_163 = [1.09],
  tau_164 = [4.00],
  tau_165 = [3.29],
  tau_171 = [1.90],
  tau_172 = [2.16],
  tau_173 = [1.02],
  tau_174 = [3.35],
  tau_175 = [4.45],
  tau_181 = [3.10],
  tau_182 = [3.73],
  tau_183 = [4.87],
  tau_184 = [5.44],
  tau_185 = [3.90],
  tau_191 = [2.03],
  tau_192 = [3.84],
  tau_193 = [2.01],
  tau_194 = [4.09],
  tau_195 = [3.85],
  tau_201 = [4.10],
  tau_202 = [1.94],
  tau_203 = [3.99],
  tau_204 = [2.15],
  tau_205 = [3.32],
  tau_211 = [1.00],
  tau_212 = [3.41],
  tau_213 = [4.19],
  tau_214 = [2.08],
  tau_215 = [5.31],
  tau_221 = [5.53],
  tau_222 = [3.84],
  tau_223 = [4.09],
  tau_224 = [1.03],
  tau_225 = [3.93],
  tau_231 = [3.74],
  tau_232 = [3.74],
  tau_233 = [1.03],
  tau_234 = [5.06],
  tau_235 = [5.48],
  tau_241 = [0.94],
  tau_242 = [3.97],
  tau_243 = [1.01],
  tau_244 = [2.10],
  tau_245 = [3.15],
  tau_251 = [1.98],
  tau_252 = [2.89],
  tau_253 = [3.08],
  tau_254 = [2.86],
  tau_255 = [1.04],
  tau_261 = [0.98],
  tau_262 = [3.03],
  tau_263 = [5.14],
  tau_264 = [3.41],
  tau_265 = [1.86],
  tau_271 = [5.07],
  tau_272 = [0.97],
  tau_273 = [5.38],
  tau_274 = [2.20],
  tau_275 = [2.81],
  tau_281 = [2.01],
  tau_282 = [1.04],
  tau_283 = [2.06],
  tau_284 = [3.08],
  tau_285 = [2.16],
  tau_291 = [4.84],
  tau_292 = [5.62],
  tau_293 = [3.95],
  tau_294 = [3.17],
  tau_295 = [1.04],
  tau_301 = [1.93],
  tau_302 = [1.91],
  tau_303 = [0.89],
  tau_304 = [1.89],
  tau_305 = [3.12],
  tau_311 = [1.88],
  tau_312 = [5.25],
  tau_313 = [1.14],
  tau_314 = [3.01],
  tau_315 = [3.19],
  tau_321 = [2.36],
  tau_322 = [5.57],
  tau_323 = [3.67],
  tau_324 = [3.06],
  tau_325 = [5.71],
  tau_331 = [2.57],
  tau_332 = [0.96],
  tau_333 = [1.94],
  tau_334 = [3.81],
  tau_335 = [2.09],
  tau_341 = [5.33],
  tau_342 = [3.10],
  tau_343 = [5.26],
  tau_344 = [2.24],
  tau_345 = [0.89],
  tau_351 = [1.07],
  tau_352 = [3.12],
  tau_353 = [4.98],
  tau_354 = [1.03],
  tau_355 = [5.34],
  tau_361 = [4.13],
  tau_362 = [2.00],
  tau_363 = [2.08],
  tau_364 = [2.19],
  tau_365 = [5.32],
  tau_371 = [2.07],
  tau_372 = [3.06],
  tau_373 = [5.50],
  tau_374 = [1.12],
  tau_375 = [3.08],
  tau_381 = [2.05],
  tau_382 = [1.09],
  tau_383 = [5.27],
  tau_384 = [2.00],
  tau_385 = [0.96],
  tau_391 = [0.98],
  tau_392 = [3.10],
  tau_393 = [3.39],
  tau_394 = [3.15],
  tau_395 = [4.77],
  tau_401 = [4.60],
  tau_402 = [1.02],
  tau_403 = [1.96],
  tau_404 = [4.14],
  tau_405 = [3.04],
]

Epsilon + ¦Ì_{jk} = [
  epsilon_plus_mu_11 = [8.70],
  epsilon_plus_mu_12 = [6.23],
  epsilon_plus_mu_13 = [1.70],
  epsilon_plus_mu_14 = [4.17],
  epsilon_plus_mu_15 = [1.70],
  epsilon_plus_mu_21 = [10.67],
  epsilon_plus_mu_22 = [1.74],
  epsilon_plus_mu_23 = [13.43],
  epsilon_plus_mu_24 = [13.20],
  epsilon_plus_mu_25 = [13.31],
  epsilon_plus_mu_31 = [7.92],
  epsilon_plus_mu_32 = [8.57],
  epsilon_plus_mu_33 = [14.06],
  epsilon_plus_mu_34 = [11.17],
  epsilon_plus_mu_35 = [5.61],
  epsilon_plus_mu_41 = [2.87],
  epsilon_plus_mu_42 = [7.53],
  epsilon_plus_mu_43 = [10.33],
  epsilon_plus_mu_44 = [3.24],
  epsilon_plus_mu_45 = [12.38],
  epsilon_plus_mu_51 = [12.61],
  epsilon_plus_mu_52 = [10.10],
  epsilon_plus_mu_53 = [8.14],
  epsilon_plus_mu_54 = [15.10],
  epsilon_plus_mu_55 = [6.37],
  epsilon_plus_mu_61 = [9.58],
  epsilon_plus_mu_62 = [14.52],
  epsilon_plus_mu_63 = [12.14],
  epsilon_plus_mu_64 = [9.41],
  epsilon_plus_mu_65 = [11.64],
  epsilon_plus_mu_71 = [12.65],
  epsilon_plus_mu_72 = [8.01],
  epsilon_plus_mu_73 = [3.42],
  epsilon_plus_mu_74 = [12.12],
  epsilon_plus_mu_75 = [14.54],
  epsilon_plus_mu_81 = [3.11],
  epsilon_plus_mu_82 = [7.00],
  epsilon_plus_mu_83 = [9.94],
  epsilon_plus_mu_84 = [2.96],
  epsilon_plus_mu_85 = [10.71],
  epsilon_plus_mu_91 = [7.26],
  epsilon_plus_mu_92 = [5.51],
  epsilon_plus_mu_93 = [7.14],
  epsilon_plus_mu_94 = [11.00],
  epsilon_plus_mu_95 = [7.68],
  epsilon_plus_mu_101 = [5.11],
  epsilon_plus_mu_102 = [8.17],
  epsilon_plus_mu_103 = [11.52],
  epsilon_plus_mu_104 = [11.19],
  epsilon_plus_mu_105 = [11.12],
  epsilon_plus_mu_111 = [7.21],
  epsilon_plus_mu_112 = [5.33],
  epsilon_plus_mu_113 = [12.92],
  epsilon_plus_mu_114 = [3.25],
  epsilon_plus_mu_115 = [12.32],
  epsilon_plus_mu_121 = [11.26],
  epsilon_plus_mu_122 = [18.43],
  epsilon_plus_mu_123 = [14.08],
  epsilon_plus_mu_124 = [13.41],
  epsilon_plus_mu_125 = [2.62],
  epsilon_plus_mu_131 = [9.41],
  epsilon_plus_mu_132 = [14.60],
  epsilon_plus_mu_133 = [2.95],
  epsilon_plus_mu_134 = [7.15],
  epsilon_plus_mu_135 = [4.23],
  epsilon_plus_mu_141 = [7.74],
  epsilon_plus_mu_142 = [13.82],
  epsilon_plus_mu_143 = [9.53],
  epsilon_plus_mu_144 = [6.01],
  epsilon_plus_mu_145 = [9.29],
  epsilon_plus_mu_151 = [13.44],
  epsilon_plus_mu_152 = [7.56],
  epsilon_plus_mu_153 = [5.98],
  epsilon_plus_mu_154 = [11.07],
  epsilon_plus_mu_155 = [5.79],
  epsilon_plus_mu_161 = [4.83],
  epsilon_plus_mu_162 = [1.58],
  epsilon_plus_mu_163 = [7.10],
  epsilon_plus_mu_164 = [11.29],
  epsilon_plus_mu_165 = [11.70],
  epsilon_plus_mu_171 = [3.63],
  epsilon_plus_mu_172 = [15.48],
  epsilon_plus_mu_173 = [4.45],
  epsilon_plus_mu_174 = [14.93],
  epsilon_plus_mu_175 = [6.89],
  epsilon_plus_mu_181 = [8.24],
  epsilon_plus_mu_182 = [11.68],
  epsilon_plus_mu_183 = [9.56],
  epsilon_plus_mu_184 = [10.29],
  epsilon_plus_mu_185 = [1.72],
  epsilon_plus_mu_191 = [3.07],
  epsilon_plus_mu_192 = [15.94],
  epsilon_plus_mu_193 = [12.27],
  epsilon_plus_mu_194 = [8.65],
  epsilon_plus_mu_195 = [12.63],
  epsilon_plus_mu_201 = [4.11],
  epsilon_plus_mu_202 = [1.74],
  epsilon_plus_mu_203 = [14.85],
  epsilon_plus_mu_204 = [15.00],
  epsilon_plus_mu_205 = [3.15],
  epsilon_plus_mu_211 = [1.67],
  epsilon_plus_mu_212 = [9.42],
  epsilon_plus_mu_213 = [10.01],
  epsilon_plus_mu_214 = [1.78],
  epsilon_plus_mu_215 = [9.30],
  epsilon_plus_mu_221 = [12.93],
  epsilon_plus_mu_222 = [11.57],
  epsilon_plus_mu_223 = [9.64],
  epsilon_plus_mu_224 = [4.68],
  epsilon_plus_mu_225 = [6.07],
  epsilon_plus_mu_231 = [4.99],
  epsilon_plus_mu_232 = [9.76],
  epsilon_plus_mu_233 = [3.08],
  epsilon_plus_mu_234 = [1.66],
  epsilon_plus_mu_235 = [7.75],
  epsilon_plus_mu_241 = [4.55],
  epsilon_plus_mu_242 = [16.59],
  epsilon_plus_mu_243 = [12.41],
  epsilon_plus_mu_244 = [13.46],
  epsilon_plus_mu_245 = [5.42],
  epsilon_plus_mu_251 = [5.61],
  epsilon_plus_mu_252 = [4.79],
  epsilon_plus_mu_253 = [13.52],
  epsilon_plus_mu_254 = [10.77],
  epsilon_plus_mu_255 = [16.61],
  epsilon_plus_mu_261 = [1.72],
  epsilon_plus_mu_262 = [1.77],
  epsilon_plus_mu_263 = [1.71],
  epsilon_plus_mu_264 = [11.43],
  epsilon_plus_mu_265 = [3.22],
  epsilon_plus_mu_271 = [3.02],
  epsilon_plus_mu_272 = [7.18],
  epsilon_plus_mu_273 = [17.12],
  epsilon_plus_mu_274 = [3.28],
  epsilon_plus_mu_275 = [5.01],
  epsilon_plus_mu_281 = [6.29],
  epsilon_plus_mu_282 = [8.12],
  epsilon_plus_mu_283 = [12.90],
  epsilon_plus_mu_284 = [6.12],
  epsilon_plus_mu_285 = [7.04],
  epsilon_plus_mu_291 = [9.74],
  epsilon_plus_mu_292 = [15.02],
  epsilon_plus_mu_293 = [11.22],
  epsilon_plus_mu_294 = [10.08],
  epsilon_plus_mu_295 = [8.29],
  epsilon_plus_mu_301 = [13.31],
  epsilon_plus_mu_302 = [14.52],
  epsilon_plus_mu_303 = [16.12],
  epsilon_plus_mu_304 = [6.25],
  epsilon_plus_mu_305 = [10.24],
  epsilon_plus_mu_311 = [6.35],
  epsilon_plus_mu_312 = [8.51],
  epsilon_plus_mu_313 = [9.91],
  epsilon_plus_mu_314 = [12.67],
  epsilon_plus_mu_315 = [6.14],
  epsilon_plus_mu_321 = [1.73],
  epsilon_plus_mu_322 = [4.16],
  epsilon_plus_mu_323 = [11.59],
  epsilon_plus_mu_324 = [6.14],
  epsilon_plus_mu_325 = [12.87],
  epsilon_plus_mu_331 = [8.14],
  epsilon_plus_mu_332 = [2.97],
  epsilon_plus_mu_333 = [13.42],
  epsilon_plus_mu_334 = [2.90],
  epsilon_plus_mu_335 = [11.24],
  epsilon_plus_mu_341 = [6.44],
  epsilon_plus_mu_342 = [18.13],
  epsilon_plus_mu_343 = [8.74],
  epsilon_plus_mu_344 = [11.45],
  epsilon_plus_mu_345 = [14.57],
  epsilon_plus_mu_351 = [8.16],
  epsilon_plus_mu_352 = [12.27],
  epsilon_plus_mu_353 = [13.68],
  epsilon_plus_mu_354 = [5.73],
  epsilon_plus_mu_355 = [1.60],
  epsilon_plus_mu_361 = [14.04],
  epsilon_plus_mu_362 = [3.02],
  epsilon_plus_mu_363 = [16.64],
  epsilon_plus_mu_364 = [10.40],
  epsilon_plus_mu_365 = [6.22],
  epsilon_plus_mu_371 = [1.76],
  epsilon_plus_mu_372 = [17.02],
  epsilon_plus_mu_373 = [9.02],
  epsilon_plus_mu_374 = [13.46],
  epsilon_plus_mu_375 = [14.18],
  epsilon_plus_mu_381 = [15.26],
  epsilon_plus_mu_382 = [11.58],
  epsilon_plus_mu_383 = [12.77],
  epsilon_plus_mu_384 = [14.24],
  epsilon_plus_mu_385 = [5.90],
  epsilon_plus_mu_391 = [10.34],
  epsilon_plus_mu_392 = [6.97],
  epsilon_plus_mu_393 = [8.25],
  epsilon_plus_mu_394 = [16.35],
  epsilon_plus_mu_395 = [11.05],
  epsilon_plus_mu_401 = [1.62],
  epsilon_plus_mu_402 = [5.35],
  epsilon_plus_mu_403 = [3.15],
  epsilon_plus_mu_404 = [14.41],
  epsilon_plus_mu_405 = [15.19],
]

Epsilon - ¦Ì_{jk} = [
  epsilon_minus_mu_11 = [-2.90],
  epsilon_minus_mu_12 = [-2.08],
  epsilon_minus_mu_13 = [-0.57],
  epsilon_minus_mu_14 = [-1.39],
  epsilon_minus_mu_15 = [-0.57],
  epsilon_minus_mu_21 = [-3.56],
  epsilon_minus_mu_22 = [-0.58],
  epsilon_minus_mu_23 = [-4.48],
  epsilon_minus_mu_24 = [-4.40],
  epsilon_minus_mu_25 = [-4.44],
  epsilon_minus_mu_31 = [-2.64],
  epsilon_minus_mu_32 = [-2.86],
  epsilon_minus_mu_33 = [-4.69],
  epsilon_minus_mu_34 = [-3.72],
  epsilon_minus_mu_35 = [-1.87],
  epsilon_minus_mu_41 = [-0.96],
  epsilon_minus_mu_42 = [-2.51],
  epsilon_minus_mu_43 = [-3.44],
  epsilon_minus_mu_44 = [-1.08],
  epsilon_minus_mu_45 = [-4.13],
  epsilon_minus_mu_51 = [-4.20],
  epsilon_minus_mu_52 = [-3.37],
  epsilon_minus_mu_53 = [-2.71],
  epsilon_minus_mu_54 = [-5.03],
  epsilon_minus_mu_55 = [-2.12],
  epsilon_minus_mu_61 = [-3.19],
  epsilon_minus_mu_62 = [-4.84],
  epsilon_minus_mu_63 = [-4.05],
  epsilon_minus_mu_64 = [-3.14],
  epsilon_minus_mu_65 = [-3.88],
  epsilon_minus_mu_71 = [-4.22],
  epsilon_minus_mu_72 = [-2.67],
  epsilon_minus_mu_73 = [-1.14],
  epsilon_minus_mu_74 = [-4.04],
  epsilon_minus_mu_75 = [-4.85],
  epsilon_minus_mu_81 = [-1.04],
  epsilon_minus_mu_82 = [-2.33],
  epsilon_minus_mu_83 = [-3.31],
  epsilon_minus_mu_84 = [-0.99],
  epsilon_minus_mu_85 = [-3.57],
  epsilon_minus_mu_91 = [-2.42],
  epsilon_minus_mu_92 = [-1.84],
  epsilon_minus_mu_93 = [-2.38],
  epsilon_minus_mu_94 = [-3.67],
  epsilon_minus_mu_95 = [-2.56],
  epsilon_minus_mu_101 = [-1.70],
  epsilon_minus_mu_102 = [-2.72],
  epsilon_minus_mu_103 = [-3.84],
  epsilon_minus_mu_104 = [-3.73],
  epsilon_minus_mu_105 = [-3.71],
  epsilon_minus_mu_111 = [-2.40],
  epsilon_minus_mu_112 = [-1.78],
  epsilon_minus_mu_113 = [-4.31],
  epsilon_minus_mu_114 = [-1.08],
  epsilon_minus_mu_115 = [-4.11],
  epsilon_minus_mu_121 = [-3.75],
  epsilon_minus_mu_122 = [-6.14],
  epsilon_minus_mu_123 = [-4.69],
  epsilon_minus_mu_124 = [-4.47],
  epsilon_minus_mu_125 = [-0.87],
  epsilon_minus_mu_131 = [-3.14],
  epsilon_minus_mu_132 = [-4.87],
  epsilon_minus_mu_133 = [-0.98],
  epsilon_minus_mu_134 = [-2.38],
  epsilon_minus_mu_135 = [-1.41],
  epsilon_minus_mu_141 = [-2.58],
  epsilon_minus_mu_142 = [-4.61],
  epsilon_minus_mu_143 = [-3.18],
  epsilon_minus_mu_144 = [-2.00],
  epsilon_minus_mu_145 = [-3.10],
  epsilon_minus_mu_151 = [-4.48],
  epsilon_minus_mu_152 = [-2.52],
  epsilon_minus_mu_153 = [-1.99],
  epsilon_minus_mu_154 = [-3.69],
  epsilon_minus_mu_155 = [-1.93],
  epsilon_minus_mu_161 = [-1.61],
  epsilon_minus_mu_162 = [-0.53],
  epsilon_minus_mu_163 = [-2.37],
  epsilon_minus_mu_164 = [-3.76],
  epsilon_minus_mu_165 = [-3.90],
  epsilon_minus_mu_171 = [-1.21],
  epsilon_minus_mu_172 = [-5.16],
  epsilon_minus_mu_173 = [-1.48],
  epsilon_minus_mu_174 = [-4.98],
  epsilon_minus_mu_175 = [-2.30],
  epsilon_minus_mu_181 = [-2.75],
  epsilon_minus_mu_182 = [-3.89],
  epsilon_minus_mu_183 = [-3.19],
  epsilon_minus_mu_184 = [-3.43],
  epsilon_minus_mu_185 = [-0.57],
  epsilon_minus_mu_191 = [-1.02],
  epsilon_minus_mu_192 = [-5.31],
  epsilon_minus_mu_193 = [-4.09],
  epsilon_minus_mu_194 = [-2.88],
  epsilon_minus_mu_195 = [-4.21],
  epsilon_minus_mu_201 = [-1.37],
  epsilon_minus_mu_202 = [-0.58],
  epsilon_minus_mu_203 = [-4.95],
  epsilon_minus_mu_204 = [-5.00],
  epsilon_minus_mu_205 = [-1.05],
  epsilon_minus_mu_211 = [-0.56],
  epsilon_minus_mu_212 = [-3.14],
  epsilon_minus_mu_213 = [-3.34],
  epsilon_minus_mu_214 = [-0.59],
  epsilon_minus_mu_215 = [-3.10],
  epsilon_minus_mu_221 = [-4.31],
  epsilon_minus_mu_222 = [-3.86],
  epsilon_minus_mu_223 = [-3.21],
  epsilon_minus_mu_224 = [-1.56],
  epsilon_minus_mu_225 = [-2.02],
  epsilon_minus_mu_231 = [-1.66],
  epsilon_minus_mu_232 = [-3.25],
  epsilon_minus_mu_233 = [-1.03],
  epsilon_minus_mu_234 = [-0.55],
  epsilon_minus_mu_235 = [-2.58],
  epsilon_minus_mu_241 = [-1.52],
  epsilon_minus_mu_242 = [-5.53],
  epsilon_minus_mu_243 = [-4.14],
  epsilon_minus_mu_244 = [-4.49],
  epsilon_minus_mu_245 = [-1.81],
  epsilon_minus_mu_251 = [-1.87],
  epsilon_minus_mu_252 = [-1.60],
  epsilon_minus_mu_253 = [-4.51],
  epsilon_minus_mu_254 = [-3.59],
  epsilon_minus_mu_255 = [-5.54],
  epsilon_minus_mu_261 = [-0.57],
  epsilon_minus_mu_262 = [-0.59],
  epsilon_minus_mu_263 = [-0.57],
  epsilon_minus_mu_264 = [-3.81],
  epsilon_minus_mu_265 = [-1.07],
  epsilon_minus_mu_271 = [-1.01],
  epsilon_minus_mu_272 = [-2.39],
  epsilon_minus_mu_273 = [-5.71],
  epsilon_minus_mu_274 = [-1.09],
  epsilon_minus_mu_275 = [-1.67],
  epsilon_minus_mu_281 = [-2.10],
  epsilon_minus_mu_282 = [-2.71],
  epsilon_minus_mu_283 = [-4.30],
  epsilon_minus_mu_284 = [-2.04],
  epsilon_minus_mu_285 = [-2.35],
  epsilon_minus_mu_291 = [-3.25],
  epsilon_minus_mu_292 = [-5.01],
  epsilon_minus_mu_293 = [-3.74],
  epsilon_minus_mu_294 = [-3.36],
  epsilon_minus_mu_295 = [-2.76],
  epsilon_minus_mu_301 = [-4.44],
  epsilon_minus_mu_302 = [-4.84],
  epsilon_minus_mu_303 = [-5.37],
  epsilon_minus_mu_304 = [-2.08],
  epsilon_minus_mu_305 = [-3.41],
  epsilon_minus_mu_311 = [-2.12],
  epsilon_minus_mu_312 = [-2.84],
  epsilon_minus_mu_313 = [-3.30],
  epsilon_minus_mu_314 = [-4.22],
  epsilon_minus_mu_315 = [-2.05],
  epsilon_minus_mu_321 = [-0.58],
  epsilon_minus_mu_322 = [-1.39],
  epsilon_minus_mu_323 = [-3.86],
  epsilon_minus_mu_324 = [-2.05],
  epsilon_minus_mu_325 = [-4.29],
  epsilon_minus_mu_331 = [-2.71],
  epsilon_minus_mu_332 = [-0.99],
  epsilon_minus_mu_333 = [-4.47],
  epsilon_minus_mu_334 = [-0.97],
  epsilon_minus_mu_335 = [-3.75],
  epsilon_minus_mu_341 = [-2.15],
  epsilon_minus_mu_342 = [-6.04],
  epsilon_minus_mu_343 = [-2.91],
  epsilon_minus_mu_344 = [-3.82],
  epsilon_minus_mu_345 = [-4.86],
  epsilon_minus_mu_351 = [-2.72],
  epsilon_minus_mu_352 = [-4.09],
  epsilon_minus_mu_353 = [-4.56],
  epsilon_minus_mu_354 = [-1.91],
  epsilon_minus_mu_355 = [-0.53],
  epsilon_minus_mu_361 = [-4.68],
  epsilon_minus_mu_362 = [-1.01],
  epsilon_minus_mu_363 = [-5.55],
  epsilon_minus_mu_364 = [-3.47],
  epsilon_minus_mu_365 = [-2.07],
  epsilon_minus_mu_371 = [-0.59],
  epsilon_minus_mu_372 = [-5.67],
  epsilon_minus_mu_373 = [-3.01],
  epsilon_minus_mu_374 = [-4.49],
  epsilon_minus_mu_375 = [-4.73],
  epsilon_minus_mu_381 = [-5.09],
  epsilon_minus_mu_382 = [-3.86],
  epsilon_minus_mu_383 = [-4.26],
  epsilon_minus_mu_384 = [-4.75],
  epsilon_minus_mu_385 = [-1.97],
  epsilon_minus_mu_391 = [-3.45],
  epsilon_minus_mu_392 = [-2.32],
  epsilon_minus_mu_393 = [-2.75],
  epsilon_minus_mu_394 = [-5.45],
  epsilon_minus_mu_395 = [-3.68],
  epsilon_minus_mu_401 = [-0.54],
  epsilon_minus_mu_402 = [-1.78],
  epsilon_minus_mu_403 = [-1.05],
  epsilon_minus_mu_404 = [-4.80],
  epsilon_minus_mu_405 = [-5.06],
]

Sigma + ¦Ó_{jk} = [
  sigma_plus_tau_11 = [1.56],
  sigma_plus_tau_12 = [2.93],
  sigma_plus_tau_13 = [4.72],
  sigma_plus_tau_14 = [3.14],
  sigma_plus_tau_15 = [1.61],
  sigma_plus_tau_21 = [3.07],
  sigma_plus_tau_22 = [8.43],
  sigma_plus_tau_23 = [1.60],
  sigma_plus_tau_24 = [4.30],
  sigma_plus_tau_25 = [7.70],
  sigma_plus_tau_31 = [4.19],
  sigma_plus_tau_32 = [1.50],
  sigma_plus_tau_33 = [7.89],
  sigma_plus_tau_34 = [3.27],
  sigma_plus_tau_35 = [5.74],
  sigma_plus_tau_41 = [3.44],
  sigma_plus_tau_42 = [7.21],
  sigma_plus_tau_43 = [6.22],
  sigma_plus_tau_44 = [6.94],
  sigma_plus_tau_45 = [4.51],
  sigma_plus_tau_51 = [1.53],
  sigma_plus_tau_52 = [6.73],
  sigma_plus_tau_53 = [1.53],
  sigma_plus_tau_54 = [7.86],
  sigma_plus_tau_55 = [1.75],
  sigma_plus_tau_61 = [4.54],
  sigma_plus_tau_62 = [4.03],
  sigma_plus_tau_63 = [3.58],
  sigma_plus_tau_64 = [1.62],
  sigma_plus_tau_65 = [7.49],
  sigma_plus_tau_71 = [2.94],
  sigma_plus_tau_72 = [4.45],
  sigma_plus_tau_73 = [1.52],
  sigma_plus_tau_74 = [4.37],
  sigma_plus_tau_75 = [6.53],
  sigma_plus_tau_81 = [7.80],
  sigma_plus_tau_82 = [4.91],
  sigma_plus_tau_83 = [3.35],
  sigma_plus_tau_84 = [2.91],
  sigma_plus_tau_85 = [6.13],
  sigma_plus_tau_91 = [3.47],
  sigma_plus_tau_92 = [1.54],
  sigma_plus_tau_93 = [5.37],
  sigma_plus_tau_94 = [4.90],
  sigma_plus_tau_95 = [4.55],
  sigma_plus_tau_101 = [7.96],
  sigma_plus_tau_102 = [1.51],
  sigma_plus_tau_103 = [1.62],
  sigma_plus_tau_104 = [4.58],
  sigma_plus_tau_105 = [4.82],
  sigma_plus_tau_111 = [4.88],
  sigma_plus_tau_112 = [6.03],
  sigma_plus_tau_113 = [4.82],
  sigma_plus_tau_114 = [3.00],
  sigma_plus_tau_115 = [1.37],
  sigma_plus_tau_121 = [3.06],
  sigma_plus_tau_122 = [7.11],
  sigma_plus_tau_123 = [6.52],
  sigma_plus_tau_124 = [2.76],
  sigma_plus_tau_125 = [1.49],
  sigma_plus_tau_131 = [6.12],
  sigma_plus_tau_132 = [1.44],
  sigma_plus_tau_133 = [4.36],
  sigma_plus_tau_134 = [3.08],
  sigma_plus_tau_135 = [2.73],
  sigma_plus_tau_141 = [4.73],
  sigma_plus_tau_142 = [7.71],
  sigma_plus_tau_143 = [4.54],
  sigma_plus_tau_144 = [2.65],
  sigma_plus_tau_145 = [4.02],
  sigma_plus_tau_151 = [4.78],
  sigma_plus_tau_152 = [8.48],
  sigma_plus_tau_153 = [8.04],
  sigma_plus_tau_154 = [7.68],
  sigma_plus_tau_155 = [1.47],
  sigma_plus_tau_161 = [4.16],
  sigma_plus_tau_162 = [6.16],
  sigma_plus_tau_163 = [1.63],
  sigma_plus_tau_164 = [6.00],
  sigma_plus_tau_165 = [4.93],
  sigma_plus_tau_171 = [2.84],
  sigma_plus_tau_172 = [3.24],
  sigma_plus_tau_173 = [1.53],
  sigma_plus_tau_174 = [5.02],
  sigma_plus_tau_175 = [6.67],
  sigma_plus_tau_181 = [4.66],
  sigma_plus_tau_182 = [5.59],
  sigma_plus_tau_183 = [7.31],
  sigma_plus_tau_184 = [8.16],
  sigma_plus_tau_185 = [5.85],
  sigma_plus_tau_191 = [3.05],
  sigma_plus_tau_192 = [5.75],
  sigma_plus_tau_193 = [3.02],
  sigma_plus_tau_194 = [6.14],
  sigma_plus_tau_195 = [5.77],
  sigma_plus_tau_201 = [6.14],
  sigma_plus_tau_202 = [2.91],
  sigma_plus_tau_203 = [5.99],
  sigma_plus_tau_204 = [3.23],
  sigma_plus_tau_205 = [4.98],
  sigma_plus_tau_211 = [1.50],
  sigma_plus_tau_212 = [5.12],
  sigma_plus_tau_213 = [6.28],
  sigma_plus_tau_214 = [3.12],
  sigma_plus_tau_215 = [7.97],
  sigma_plus_tau_221 = [8.30],
  sigma_plus_tau_222 = [5.76],
  sigma_plus_tau_223 = [6.14],
  sigma_plus_tau_224 = [1.55],
  sigma_plus_tau_225 = [5.90],
  sigma_plus_tau_231 = [5.62],
  sigma_plus_tau_232 = [5.61],
  sigma_plus_tau_233 = [1.54],
  sigma_plus_tau_234 = [7.59],
  sigma_plus_tau_235 = [8.22],
  sigma_plus_tau_241 = [1.40],
  sigma_plus_tau_242 = [5.95],
  sigma_plus_tau_243 = [1.52],
  sigma_plus_tau_244 = [3.15],
  sigma_plus_tau_245 = [4.73],
  sigma_plus_tau_251 = [2.96],
  sigma_plus_tau_252 = [4.34],
  sigma_plus_tau_253 = [4.61],
  sigma_plus_tau_254 = [4.29],
  sigma_plus_tau_255 = [1.55],
  sigma_plus_tau_261 = [1.46],
  sigma_plus_tau_262 = [4.54],
  sigma_plus_tau_263 = [7.72],
  sigma_plus_tau_264 = [5.12],
  sigma_plus_tau_265 = [2.78],
  sigma_plus_tau_271 = [7.61],
  sigma_plus_tau_272 = [1.45],
  sigma_plus_tau_273 = [8.06],
  sigma_plus_tau_274 = [3.30],
  sigma_plus_tau_275 = [4.22],
  sigma_plus_tau_281 = [3.01],
  sigma_plus_tau_282 = [1.56],
  sigma_plus_tau_283 = [3.10],
  sigma_plus_tau_284 = [4.62],
  sigma_plus_tau_285 = [3.24],
  sigma_plus_tau_291 = [7.26],
  sigma_plus_tau_292 = [8.43],
  sigma_plus_tau_293 = [5.93],
  sigma_plus_tau_294 = [4.75],
  sigma_plus_tau_295 = [1.56],
  sigma_plus_tau_301 = [2.89],
  sigma_plus_tau_302 = [2.87],
  sigma_plus_tau_303 = [1.33],
  sigma_plus_tau_304 = [2.83],
  sigma_plus_tau_305 = [4.67],
  sigma_plus_tau_311 = [2.81],
  sigma_plus_tau_312 = [7.87],
  sigma_plus_tau_313 = [1.72],
  sigma_plus_tau_314 = [4.51],
  sigma_plus_tau_315 = [4.78],
  sigma_plus_tau_321 = [3.54],
  sigma_plus_tau_322 = [8.36],
  sigma_plus_tau_323 = [5.51],
  sigma_plus_tau_324 = [4.58],
  sigma_plus_tau_325 = [8.56],
  sigma_plus_tau_331 = [3.86],
  sigma_plus_tau_332 = [1.44],
  sigma_plus_tau_333 = [2.90],
  sigma_plus_tau_334 = [5.71],
  sigma_plus_tau_335 = [3.13],
  sigma_plus_tau_341 = [7.99],
  sigma_plus_tau_342 = [4.65],
  sigma_plus_tau_343 = [7.89],
  sigma_plus_tau_344 = [3.36],
  sigma_plus_tau_345 = [1.34],
  sigma_plus_tau_351 = [1.61],
  sigma_plus_tau_352 = [4.69],
  sigma_plus_tau_353 = [7.47],
  sigma_plus_tau_354 = [1.55],
  sigma_plus_tau_355 = [8.01],
  sigma_plus_tau_361 = [6.19],
  sigma_plus_tau_362 = [2.99],
  sigma_plus_tau_363 = [3.12],
  sigma_plus_tau_364 = [3.28],
  sigma_plus_tau_365 = [7.98],
  sigma_plus_tau_371 = [3.11],
  sigma_plus_tau_372 = [4.58],
  sigma_plus_tau_373 = [8.25],
  sigma_plus_tau_374 = [1.68],
  sigma_plus_tau_375 = [4.62],
  sigma_plus_tau_381 = [3.07],
  sigma_plus_tau_382 = [1.63],
  sigma_plus_tau_383 = [7.91],
  sigma_plus_tau_384 = [3.00],
  sigma_plus_tau_385 = [1.44],
  sigma_plus_tau_391 = [1.47],
  sigma_plus_tau_392 = [4.65],
  sigma_plus_tau_393 = [5.09],
  sigma_plus_tau_394 = [4.73],
  sigma_plus_tau_395 = [7.15],
  sigma_plus_tau_401 = [6.89],
  sigma_plus_tau_402 = [1.53],
  sigma_plus_tau_403 = [2.93],
  sigma_plus_tau_404 = [6.21],
  sigma_plus_tau_405 = [4.56],
]

Sigma - ¦Ó_{jk} = [
  sigma_minus_tau_11 = [-0.52],
  sigma_minus_tau_12 = [-0.98],
  sigma_minus_tau_13 = [-1.57],
  sigma_minus_tau_14 = [-1.05],
  sigma_minus_tau_15 = [-0.54],
  sigma_minus_tau_21 = [-1.02],
  sigma_minus_tau_22 = [-2.81],
  sigma_minus_tau_23 = [-0.53],
  sigma_minus_tau_24 = [-1.43],
  sigma_minus_tau_25 = [-2.57],
  sigma_minus_tau_31 = [-1.40],
  sigma_minus_tau_32 = [-0.50],
  sigma_minus_tau_33 = [-2.63],
  sigma_minus_tau_34 = [-1.09],
  sigma_minus_tau_35 = [-1.91],
  sigma_minus_tau_41 = [-1.15],
  sigma_minus_tau_42 = [-2.40],
  sigma_minus_tau_43 = [-2.07],
  sigma_minus_tau_44 = [-2.31],
  sigma_minus_tau_45 = [-1.50],
  sigma_minus_tau_51 = [-0.51],
  sigma_minus_tau_52 = [-2.24],
  sigma_minus_tau_53 = [-0.51],
  sigma_minus_tau_54 = [-2.62],
  sigma_minus_tau_55 = [-0.58],
  sigma_minus_tau_61 = [-1.51],
  sigma_minus_tau_62 = [-1.34],
  sigma_minus_tau_63 = [-1.19],
  sigma_minus_tau_64 = [-0.54],
  sigma_minus_tau_65 = [-2.50],
  sigma_minus_tau_71 = [-0.98],
  sigma_minus_tau_72 = [-1.48],
  sigma_minus_tau_73 = [-0.51],
  sigma_minus_tau_74 = [-1.46],
  sigma_minus_tau_75 = [-2.18],
  sigma_minus_tau_81 = [-2.60],
  sigma_minus_tau_82 = [-1.64],
  sigma_minus_tau_83 = [-1.12],
  sigma_minus_tau_84 = [-0.97],
  sigma_minus_tau_85 = [-2.04],
  sigma_minus_tau_91 = [-1.16],
  sigma_minus_tau_92 = [-0.51],
  sigma_minus_tau_93 = [-1.79],
  sigma_minus_tau_94 = [-1.63],
  sigma_minus_tau_95 = [-1.52],
  sigma_minus_tau_101 = [-2.65],
  sigma_minus_tau_102 = [-0.50],
  sigma_minus_tau_103 = [-0.54],
  sigma_minus_tau_104 = [-1.53],
  sigma_minus_tau_105 = [-1.61],
  sigma_minus_tau_111 = [-1.63],
  sigma_minus_tau_112 = [-2.01],
  sigma_minus_tau_113 = [-1.61],
  sigma_minus_tau_114 = [-1.00],
  sigma_minus_tau_115 = [-0.46],
  sigma_minus_tau_121 = [-1.02],
  sigma_minus_tau_122 = [-2.37],
  sigma_minus_tau_123 = [-2.17],
  sigma_minus_tau_124 = [-0.92],
  sigma_minus_tau_125 = [-0.50],
  sigma_minus_tau_131 = [-2.04],
  sigma_minus_tau_132 = [-0.48],
  sigma_minus_tau_133 = [-1.45],
  sigma_minus_tau_134 = [-1.03],
  sigma_minus_tau_135 = [-0.91],
  sigma_minus_tau_141 = [-1.58],
  sigma_minus_tau_142 = [-2.57],
  sigma_minus_tau_143 = [-1.51],
  sigma_minus_tau_144 = [-0.88],
  sigma_minus_tau_145 = [-1.34],
  sigma_minus_tau_151 = [-1.59],
  sigma_minus_tau_152 = [-2.83],
  sigma_minus_tau_153 = [-2.68],
  sigma_minus_tau_154 = [-2.56],
  sigma_minus_tau_155 = [-0.49],
  sigma_minus_tau_161 = [-1.39],
  sigma_minus_tau_162 = [-2.05],
  sigma_minus_tau_163 = [-0.54],
  sigma_minus_tau_164 = [-2.00],
  sigma_minus_tau_165 = [-1.64],
  sigma_minus_tau_171 = [-0.95],
  sigma_minus_tau_172 = [-1.08],
  sigma_minus_tau_173 = [-0.51],
  sigma_minus_tau_174 = [-1.67],
  sigma_minus_tau_175 = [-2.22],
  sigma_minus_tau_181 = [-1.55],
  sigma_minus_tau_182 = [-1.86],
  sigma_minus_tau_183 = [-2.44],
  sigma_minus_tau_184 = [-2.72],
  sigma_minus_tau_185 = [-1.95],
  sigma_minus_tau_191 = [-1.02],
  sigma_minus_tau_192 = [-1.92],
  sigma_minus_tau_193 = [-1.01],
  sigma_minus_tau_194 = [-2.05],
  sigma_minus_tau_195 = [-1.92],
  sigma_minus_tau_201 = [-2.05],
  sigma_minus_tau_202 = [-0.97],
  sigma_minus_tau_203 = [-2.00],
  sigma_minus_tau_204 = [-1.08],
  sigma_minus_tau_205 = [-1.66],
  sigma_minus_tau_211 = [-0.50],
  sigma_minus_tau_212 = [-1.71],
  sigma_minus_tau_213 = [-2.09],
  sigma_minus_tau_214 = [-1.04],
  sigma_minus_tau_215 = [-2.66],
  sigma_minus_tau_221 = [-2.77],
  sigma_minus_tau_222 = [-1.92],
  sigma_minus_tau_223 = [-2.05],
  sigma_minus_tau_224 = [-0.52],
  sigma_minus_tau_225 = [-1.97],
  sigma_minus_tau_231 = [-1.87],
  sigma_minus_tau_232 = [-1.87],
  sigma_minus_tau_233 = [-0.51],
  sigma_minus_tau_234 = [-2.53],
  sigma_minus_tau_235 = [-2.74],
  sigma_minus_tau_241 = [-0.47],
  sigma_minus_tau_242 = [-1.98],
  sigma_minus_tau_243 = [-0.51],
  sigma_minus_tau_244 = [-1.05],
  sigma_minus_tau_245 = [-1.58],
  sigma_minus_tau_251 = [-0.99],
  sigma_minus_tau_252 = [-1.45],
  sigma_minus_tau_253 = [-1.54],
  sigma_minus_tau_254 = [-1.43],
  sigma_minus_tau_255 = [-0.52],
  sigma_minus_tau_261 = [-0.49],
  sigma_minus_tau_262 = [-1.51],
  sigma_minus_tau_263 = [-2.57],
  sigma_minus_tau_264 = [-1.71],
  sigma_minus_tau_265 = [-0.93],
  sigma_minus_tau_271 = [-2.54],
  sigma_minus_tau_272 = [-0.48],
  sigma_minus_tau_273 = [-2.69],
  sigma_minus_tau_274 = [-1.10],
  sigma_minus_tau_275 = [-1.41],
  sigma_minus_tau_281 = [-1.00],
  sigma_minus_tau_282 = [-0.52],
  sigma_minus_tau_283 = [-1.03],
  sigma_minus_tau_284 = [-1.54],
  sigma_minus_tau_285 = [-1.08],
  sigma_minus_tau_291 = [-2.42],
  sigma_minus_tau_292 = [-2.81],
  sigma_minus_tau_293 = [-1.98],
  sigma_minus_tau_294 = [-1.58],
  sigma_minus_tau_295 = [-0.52],
  sigma_minus_tau_301 = [-0.96],
  sigma_minus_tau_302 = [-0.96],
  sigma_minus_tau_303 = [-0.44],
  sigma_minus_tau_304 = [-0.94],
  sigma_minus_tau_305 = [-1.56],
  sigma_minus_tau_311 = [-0.94],
  sigma_minus_tau_312 = [-2.62],
  sigma_minus_tau_313 = [-0.57],
  sigma_minus_tau_314 = [-1.50],
  sigma_minus_tau_315 = [-1.59],
  sigma_minus_tau_321 = [-1.18],
  sigma_minus_tau_322 = [-2.79],
  sigma_minus_tau_323 = [-1.84],
  sigma_minus_tau_324 = [-1.53],
  sigma_minus_tau_325 = [-2.85],
  sigma_minus_tau_331 = [-1.29],
  sigma_minus_tau_332 = [-0.48],
  sigma_minus_tau_333 = [-0.97],
  sigma_minus_tau_334 = [-1.90],
  sigma_minus_tau_335 = [-1.04],
  sigma_minus_tau_341 = [-2.66],
  sigma_minus_tau_342 = [-1.55],
  sigma_minus_tau_343 = [-2.63],
  sigma_minus_tau_344 = [-1.12],
  sigma_minus_tau_345 = [-0.45],
  sigma_minus_tau_351 = [-0.54],
  sigma_minus_tau_352 = [-1.56],
  sigma_minus_tau_353 = [-2.49],
  sigma_minus_tau_354 = [-0.52],
  sigma_minus_tau_355 = [-2.67],
  sigma_minus_tau_361 = [-2.06],
  sigma_minus_tau_362 = [-1.00],
  sigma_minus_tau_363 = [-1.04],
  sigma_minus_tau_364 = [-1.09],
  sigma_minus_tau_365 = [-2.66],
  sigma_minus_tau_371 = [-1.04],
  sigma_minus_tau_372 = [-1.53],
  sigma_minus_tau_373 = [-2.75],
  sigma_minus_tau_374 = [-0.56],
  sigma_minus_tau_375 = [-1.54],
  sigma_minus_tau_381 = [-1.02],
  sigma_minus_tau_382 = [-0.54],
  sigma_minus_tau_383 = [-2.64],
  sigma_minus_tau_384 = [-1.00],
  sigma_minus_tau_385 = [-0.48],
  sigma_minus_tau_391 = [-0.49],
  sigma_minus_tau_392 = [-1.55],
  sigma_minus_tau_393 = [-1.70],
  sigma_minus_tau_394 = [-1.58],
  sigma_minus_tau_395 = [-2.38],
  sigma_minus_tau_401 = [-2.30],
  sigma_minus_tau_402 = [-0.51],
  sigma_minus_tau_403 = [-0.98],
  sigma_minus_tau_404 = [-2.07],
  sigma_minus_tau_405 = [-1.52],
]

Probabilities (p_s) = [
0.05, 0.05, 0.05, 0.05, 0.05, 0.05, 0.05, 0.05, 0.05, 0.05, 0.05, 0.05, 0.05, 0.05, 0.05, 0.05, 0.05, 0.05, 0.05, 0.05
]

c_bar = 5.93
