Jobs = 20
Machines = 10
Scenarios = 20

Transportation Times (tjk^s) = [
  tjk_11 = [7.89, 7.85, 7.57, 7.79, 8.19, 7.62, 8.18, 8.07, 7.53, 7.98, 7.66, 7.74, 7.96, 7.52, 7.84, 7.61, 7.82, 7.54, 8.17, 8.21],
  tjk_12 = [7.82, 7.79, 7.50, 7.73, 8.13, 7.55, 8.11, 8.01, 7.47, 7.92, 7.60, 7.68, 7.89, 7.46, 7.78, 7.55, 7.76, 7.48, 8.10, 8.15],
  tjk_13 = [7.60, 7.57, 7.30, 7.52, 7.90, 7.34, 7.89, 7.78, 7.26, 7.70, 7.39, 7.47, 7.67, 7.26, 7.56, 7.34, 7.54, 7.27, 7.88, 7.92],
  tjk_14 = [7.60, 7.57, 7.29, 7.51, 7.89, 7.34, 7.88, 7.78, 7.26, 7.69, 7.38, 7.46, 7.67, 7.25, 7.56, 7.33, 7.53, 7.26, 7.87, 7.91],
  tjk_15 = [7.59, 7.56, 7.28, 7.50, 7.89, 7.33, 7.87, 7.77, 7.25, 7.68, 7.37, 7.45, 7.66, 7.24, 7.55, 7.33, 7.53, 7.26, 7.86, 7.90],
  tjk_16 = [7.61, 7.58, 7.30, 7.52, 7.91, 7.35, 7.89, 7.79, 7.27, 7.70, 7.39, 7.47, 7.68, 7.26, 7.57, 7.35, 7.55, 7.28, 7.89, 7.93],
  tjk_17 = [8.02, 7.99, 7.69, 7.93, 8.33, 7.75, 8.32, 8.21, 7.66, 8.12, 7.79, 7.87, 8.09, 7.65, 7.98, 7.74, 7.95, 7.67, 8.31, 8.35],
  tjk_18 = [7.76, 7.73, 7.44, 7.67, 8.06, 7.49, 8.05, 7.94, 7.41, 7.85, 7.54, 7.62, 7.83, 7.40, 7.71, 7.49, 7.69, 7.42, 8.04, 8.08],
  tjk_19 = [7.72, 7.69, 7.41, 7.63, 8.03, 7.46, 8.01, 7.91, 7.38, 7.82, 7.50, 7.58, 7.79, 7.37, 7.68, 7.46, 7.66, 7.38, 8.00, 8.04],
  tjk_110 = [7.76, 7.73, 7.45, 7.67, 8.06, 7.50, 8.05, 7.95, 7.41, 7.85, 7.54, 7.62, 7.83, 7.40, 7.72, 7.49, 7.70, 7.42, 8.04, 8.08],
  tjk_21 = [3.79, 3.77, 3.63, 3.74, 3.93, 3.66, 3.93, 3.88, 3.62, 3.83, 3.68, 3.72, 3.82, 3.61, 3.76, 3.65, 3.75, 3.62, 3.92, 3.94],
  tjk_22 = [3.75, 3.74, 3.60, 3.71, 3.90, 3.63, 3.89, 3.84, 3.59, 3.80, 3.65, 3.69, 3.79, 3.58, 3.73, 3.62, 3.72, 3.59, 3.89, 3.91],
  tjk_23 = [3.65, 3.63, 3.50, 3.61, 3.79, 3.53, 3.79, 3.74, 3.49, 3.69, 3.55, 3.58, 3.68, 3.48, 3.63, 3.52, 3.62, 3.49, 3.78, 3.80],
  tjk_24 = [3.65, 3.63, 3.50, 3.60, 3.79, 3.52, 3.78, 3.73, 3.48, 3.69, 3.54, 3.58, 3.68, 3.48, 3.63, 3.52, 3.62, 3.49, 3.78, 3.80],
  tjk_25 = [3.64, 3.63, 3.50, 3.60, 3.79, 3.52, 3.78, 3.73, 3.48, 3.69, 3.54, 3.58, 3.68, 3.48, 3.62, 3.52, 3.61, 3.48, 3.77, 3.79],
  tjk_26 = [3.65, 3.64, 3.51, 3.61, 3.80, 3.53, 3.79, 3.74, 3.49, 3.70, 3.55, 3.59, 3.69, 3.49, 3.63, 3.53, 3.62, 3.49, 3.79, 3.81],
  tjk_27 = [3.85, 3.83, 3.69, 3.80, 4.00, 3.72, 3.99, 3.94, 3.68, 3.90, 3.74, 3.78, 3.88, 3.67, 3.83, 3.72, 3.82, 3.68, 3.99, 4.01],
  tjk_28 = [3.72, 3.71, 3.57, 3.68, 3.87, 3.60, 3.86, 3.81, 3.56, 3.77, 3.62, 3.66, 3.76, 3.55, 3.70, 3.59, 3.69, 3.56, 3.86, 3.88],
  tjk_29 = [3.71, 3.69, 3.56, 3.66, 3.85, 3.58, 3.85, 3.80, 3.54, 3.75, 3.60, 3.64, 3.74, 3.54, 3.69, 3.58, 3.68, 3.54, 3.84, 3.86],
  tjk_210 = [3.73, 3.71, 3.57, 3.68, 3.87, 3.60, 3.86, 3.81, 3.56, 3.77, 3.62, 3.66, 3.76, 3.55, 3.70, 3.60, 3.69, 3.56, 3.86, 3.88],
  tjk_31 = [7.87, 7.83, 7.55, 7.77, 8.17, 7.60, 8.16, 8.05, 7.51, 7.96, 7.64, 7.72, 7.94, 7.50, 7.82, 7.59, 7.80, 7.52, 8.15, 8.19],
  tjk_32 = [7.80, 7.77, 7.49, 7.71, 8.11, 7.54, 8.09, 7.99, 7.45, 7.90, 7.58, 7.66, 7.87, 7.44, 7.76, 7.53, 7.74, 7.46, 8.08, 8.13],
  tjk_33 = [7.59, 7.55, 7.28, 7.50, 7.88, 7.33, 7.87, 7.76, 7.24, 7.68, 7.37, 7.45, 7.65, 7.24, 7.54, 7.32, 7.52, 7.25, 7.86, 7.90],
  tjk_34 = [7.58, 7.55, 7.27, 7.49, 7.87, 7.32, 7.86, 7.76, 7.24, 7.67, 7.36, 7.44, 7.65, 7.23, 7.54, 7.32, 7.51, 7.24, 7.85, 7.89],
  tjk_35 = [7.57, 7.54, 7.26, 7.48, 7.87, 7.31, 7.85, 7.75, 7.23, 7.66, 7.35, 7.43, 7.64, 7.22, 7.53, 7.31, 7.51, 7.24, 7.84, 7.88],
  tjk_36 = [7.59, 7.56, 7.28, 7.50, 7.89, 7.33, 7.87, 7.77, 7.25, 7.68, 7.37, 7.46, 7.66, 7.24, 7.55, 7.33, 7.53, 7.26, 7.87, 7.91],
  tjk_37 = [8.00, 7.97, 7.67, 7.91, 8.31, 7.73, 8.30, 8.19, 7.64, 8.10, 7.77, 7.85, 8.07, 7.63, 7.95, 7.72, 7.93, 7.65, 8.29, 8.33],
  tjk_38 = [7.74, 7.71, 7.42, 7.65, 8.04, 7.47, 8.03, 7.92, 7.39, 7.83, 7.52, 7.60, 7.81, 7.38, 7.70, 7.47, 7.67, 7.40, 8.02, 8.06],
  tjk_39 = [7.70, 7.67, 7.39, 7.61, 8.01, 7.44, 7.99, 7.89, 7.36, 7.80, 7.48, 7.56, 7.77, 7.35, 7.66, 7.44, 7.64, 7.37, 7.98, 8.02],
  tjk_310 = [7.74, 7.71, 7.43, 7.65, 8.04, 7.48, 8.03, 7.92, 7.39, 7.83, 7.52, 7.60, 7.81, 7.39, 7.70, 7.47, 7.68, 7.40, 8.02, 8.06],
  tjk_41 = [18.03, 17.96, 17.30, 17.82, 18.74, 17.41, 18.70, 18.46, 17.22, 18.25, 17.51, 17.71, 18.19, 17.20, 17.93, 17.41, 17.88, 17.24, 18.68, 18.78],
  tjk_42 = [17.89, 17.81, 17.16, 17.68, 18.58, 17.27, 18.55, 18.31, 17.08, 18.10, 17.37, 17.56, 18.05, 17.06, 17.79, 17.27, 17.73, 17.10, 18.53, 18.63],
  tjk_43 = [17.39, 17.31, 16.68, 17.18, 18.07, 16.79, 18.03, 17.80, 16.60, 17.60, 16.89, 17.07, 17.54, 16.59, 17.29, 16.78, 17.24, 16.62, 18.01, 18.11],
  tjk_44 = [17.37, 17.30, 16.67, 17.17, 18.05, 16.78, 18.02, 17.78, 16.59, 17.58, 16.87, 17.06, 17.53, 16.57, 17.27, 16.77, 17.22, 16.61, 18.00, 18.09],
  tjk_45 = [17.35, 17.28, 16.65, 17.15, 18.03, 16.76, 18.00, 17.77, 16.57, 17.56, 16.86, 17.04, 17.51, 16.56, 17.26, 16.75, 17.21, 16.59, 17.98, 18.07],
  tjk_46 = [17.41, 17.33, 16.70, 17.20, 18.09, 16.81, 18.05, 17.82, 16.62, 17.62, 16.91, 17.09, 17.56, 16.61, 17.31, 16.80, 17.26, 16.64, 18.03, 18.13],
  tjk_47 = [18.34, 18.26, 17.59, 18.12, 19.05, 17.71, 19.02, 18.77, 17.51, 18.56, 17.81, 18.01, 18.50, 17.50, 18.23, 17.70, 18.18, 17.53, 19.00, 19.10],
  tjk_48 = [17.74, 17.67, 17.02, 17.53, 18.43, 17.13, 18.40, 18.16, 16.94, 17.95, 17.23, 17.42, 17.90, 16.92, 17.64, 17.12, 17.59, 16.96, 18.38, 18.47],
  tjk_49 = [17.66, 17.59, 16.94, 17.45, 18.35, 17.06, 18.32, 18.08, 16.87, 17.87, 17.15, 17.34, 17.82, 16.85, 17.56, 17.05, 17.51, 16.88, 18.29, 18.39],
  tjk_410 = [17.75, 17.67, 17.03, 17.54, 18.44, 17.14, 18.40, 18.17, 16.95, 17.96, 17.24, 17.42, 17.91, 16.93, 17.65, 17.13, 17.60, 16.96, 18.38, 18.48],
  tjk_51 = [23.95, 23.84, 22.97, 23.66, 24.88, 23.12, 24.83, 24.51, 22.87, 24.23, 23.26, 23.51, 24.16, 22.84, 23.81, 23.11, 23.74, 22.89, 24.80, 24.94],
  tjk_52 = [23.75, 23.65, 22.79, 23.47, 24.68, 22.94, 24.63, 24.31, 22.68, 24.04, 23.07, 23.32, 23.96, 22.66, 23.62, 22.93, 23.55, 22.70, 24.60, 24.73],
  tjk_53 = [23.09, 22.99, 22.15, 22.82, 23.99, 22.30, 23.94, 23.64, 22.05, 23.37, 22.42, 22.67, 23.30, 22.03, 22.96, 22.29, 22.89, 22.07, 23.92, 24.04],
  tjk_54 = [23.07, 22.97, 22.13, 22.80, 23.97, 22.28, 23.92, 23.61, 22.03, 23.35, 22.40, 22.65, 23.27, 22.01, 22.94, 22.27, 22.87, 22.05, 23.90, 24.02],
  tjk_55 = [23.04, 22.95, 22.11, 22.77, 23.94, 22.25, 23.90, 23.59, 22.01, 23.32, 22.38, 22.63, 23.25, 21.99, 22.91, 22.24, 22.85, 22.03, 23.87, 24.00],
  tjk_56 = [23.11, 23.02, 22.17, 22.84, 24.02, 22.32, 23.97, 23.66, 22.07, 23.39, 22.45, 22.69, 23.32, 22.05, 22.98, 22.31, 22.92, 22.10, 23.94, 24.07],
  tjk_57 = [24.35, 24.25, 23.36, 24.06, 25.30, 23.52, 25.25, 24.93, 23.25, 24.64, 23.65, 23.91, 24.57, 23.23, 24.21, 23.51, 24.14, 23.28, 25.22, 25.36],
  tjk_58 = [23.56, 23.46, 22.60, 23.28, 24.48, 22.75, 24.43, 24.11, 22.49, 23.84, 22.88, 23.13, 23.77, 22.47, 23.42, 22.74, 23.36, 22.52, 24.40, 24.53],
  tjk_59 = [23.45, 23.35, 22.50, 23.18, 24.37, 22.65, 24.32, 24.01, 22.40, 23.73, 22.78, 23.03, 23.66, 22.37, 23.32, 22.64, 23.25, 22.42, 24.29, 24.42],
  tjk_510 = [23.57, 23.47, 22.61, 23.29, 24.49, 22.76, 24.44, 24.12, 22.50, 23.85, 22.89, 23.14, 23.78, 22.48, 23.43, 22.75, 23.36, 22.53, 24.41, 24.54],
  tjk_61 = [6.13, 6.10, 5.88, 6.05, 6.37, 5.92, 6.35, 6.27, 5.85, 6.20, 5.95, 6.02, 6.18, 5.84, 6.09, 5.91, 6.07, 5.86, 6.35, 6.38],
  tjk_62 = [6.08, 6.05, 5.83, 6.01, 6.31, 5.87, 6.30, 6.22, 5.80, 6.15, 5.90, 5.97, 6.13, 5.80, 6.04, 5.87, 6.02, 5.81, 6.29, 6.33],
  tjk_63 = [5.91, 5.88, 5.67, 5.84, 6.14, 5.70, 6.13, 6.05, 5.64, 5.98, 5.74, 5.80, 5.96, 5.64, 5.87, 5.70, 5.86, 5.65, 6.12, 6.15],
  tjk_64 = [5.90, 5.88, 5.66, 5.83, 6.13, 5.70, 6.12, 6.04, 5.64, 5.97, 5.73, 5.79, 5.95, 5.63, 5.87, 5.70, 5.85, 5.64, 6.11, 6.15],
  tjk_65 = [5.90, 5.87, 5.66, 5.83, 6.13, 5.69, 6.11, 6.04, 5.63, 5.97, 5.73, 5.79, 5.95, 5.62, 5.86, 5.69, 5.85, 5.64, 6.11, 6.14],
  tjk_66 = [5.91, 5.89, 5.67, 5.84, 6.14, 5.71, 6.13, 6.05, 5.65, 5.98, 5.74, 5.81, 5.97, 5.64, 5.88, 5.71, 5.86, 5.65, 6.13, 6.16],
  tjk_67 = [6.23, 6.20, 5.98, 6.16, 6.47, 6.02, 6.46, 6.38, 5.95, 6.30, 6.05, 6.12, 6.29, 5.94, 6.19, 6.01, 6.18, 5.96, 6.45, 6.49],
  tjk_68 = [6.03, 6.00, 5.78, 5.96, 6.26, 5.82, 6.25, 6.17, 5.76, 6.10, 5.85, 5.92, 6.08, 5.75, 5.99, 5.82, 5.98, 5.76, 6.24, 6.28],
  tjk_69 = [6.00, 5.97, 5.76, 5.93, 6.23, 5.79, 6.22, 6.14, 5.73, 6.07, 5.83, 5.89, 6.05, 5.72, 5.97, 5.79, 5.95, 5.74, 6.22, 6.25],
  tjk_610 = [6.03, 6.00, 5.78, 5.96, 6.26, 5.82, 6.25, 6.17, 5.76, 6.10, 5.86, 5.92, 6.08, 5.75, 6.00, 5.82, 5.98, 5.76, 6.25, 6.28],
  tjk_71 = [1.07, 1.06, 1.03, 1.06, 1.11, 1.03, 1.11, 1.09, 1.02, 1.08, 1.04, 1.05, 1.08, 1.02, 1.06, 1.03, 1.06, 1.02, 1.11, 1.11],
  tjk_72 = [1.06, 1.06, 1.02, 1.05, 1.10, 1.02, 1.10, 1.08, 1.01, 1.07, 1.03, 1.04, 1.07, 1.01, 1.05, 1.02, 1.05, 1.01, 1.10, 1.10],
  tjk_73 = [1.03, 1.03, 0.99, 1.02, 1.07, 1.00, 1.07, 1.05, 0.98, 1.04, 1.00, 1.01, 1.04, 0.98, 1.02, 0.99, 1.02, 0.98, 1.07, 1.07],
  tjk_74 = [1.03, 1.03, 0.99, 1.02, 1.07, 0.99, 1.07, 1.05, 0.98, 1.04, 1.00, 1.01, 1.04, 0.98, 1.02, 0.99, 1.02, 0.98, 1.07, 1.07],
  tjk_75 = [1.03, 1.02, 0.99, 1.02, 1.07, 0.99, 1.07, 1.05, 0.98, 1.04, 1.00, 1.01, 1.04, 0.98, 1.02, 0.99, 1.02, 0.98, 1.07, 1.07],
  tjk_76 = [1.03, 1.03, 0.99, 1.02, 1.07, 1.00, 1.07, 1.06, 0.98, 1.04, 1.00, 1.01, 1.04, 0.98, 1.03, 1.00, 1.02, 0.99, 1.07, 1.07],
  tjk_77 = [1.09, 1.08, 1.04, 1.07, 1.13, 1.05, 1.13, 1.11, 1.04, 1.10, 1.06, 1.07, 1.10, 1.04, 1.08, 1.05, 1.08, 1.04, 1.13, 1.13],
  tjk_78 = [1.05, 1.05, 1.01, 1.04, 1.09, 1.02, 1.09, 1.08, 1.00, 1.06, 1.02, 1.03, 1.06, 1.00, 1.05, 1.01, 1.04, 1.00, 1.09, 1.09],
  tjk_79 = [1.05, 1.04, 1.00, 1.03, 1.09, 1.01, 1.09, 1.07, 1.00, 1.06, 1.02, 1.03, 1.06, 1.00, 1.04, 1.01, 1.04, 1.00, 1.08, 1.09],
  tjk_710 = [1.05, 1.05, 1.01, 1.04, 1.09, 1.02, 1.09, 1.08, 1.00, 1.06, 1.02, 1.03, 1.06, 1.00, 1.05, 1.02, 1.04, 1.01, 1.09, 1.10],
  tjk_81 = [3.24, 3.22, 3.10, 3.20, 3.36, 3.13, 3.36, 3.31, 3.09, 3.28, 3.14, 3.18, 3.27, 3.09, 3.22, 3.12, 3.21, 3.09, 3.35, 3.37],
  tjk_82 = [3.21, 3.20, 3.08, 3.17, 3.34, 3.10, 3.33, 3.29, 3.07, 3.25, 3.12, 3.15, 3.24, 3.06, 3.19, 3.10, 3.18, 3.07, 3.32, 3.34],
  tjk_83 = [3.12, 3.11, 2.99, 3.08, 3.24, 3.01, 3.24, 3.19, 2.98, 3.16, 3.03, 3.06, 3.15, 2.98, 3.10, 3.01, 3.09, 2.98, 3.23, 3.25],
  tjk_84 = [3.12, 3.10, 2.99, 3.08, 3.24, 3.01, 3.23, 3.19, 2.98, 3.16, 3.03, 3.06, 3.15, 2.97, 3.10, 3.01, 3.09, 2.98, 3.23, 3.25],
  tjk_85 = [3.11, 3.10, 2.99, 3.08, 3.24, 3.01, 3.23, 3.19, 2.97, 3.15, 3.02, 3.06, 3.14, 2.97, 3.10, 3.01, 3.09, 2.98, 3.23, 3.24],
  tjk_86 = [3.12, 3.11, 3.00, 3.09, 3.25, 3.02, 3.24, 3.20, 2.98, 3.16, 3.03, 3.07, 3.15, 2.98, 3.11, 3.02, 3.10, 2.99, 3.24, 3.25],
  tjk_87 = [3.29, 3.28, 3.16, 3.25, 3.42, 3.18, 3.41, 3.37, 3.14, 3.33, 3.20, 3.23, 3.32, 3.14, 3.27, 3.18, 3.26, 3.15, 3.41, 3.43],
  tjk_88 = [3.18, 3.17, 3.05, 3.15, 3.31, 3.07, 3.30, 3.26, 3.04, 3.22, 3.09, 3.13, 3.21, 3.04, 3.17, 3.07, 3.16, 3.04, 3.30, 3.32],
  tjk_89 = [3.17, 3.16, 3.04, 3.13, 3.29, 3.06, 3.29, 3.24, 3.03, 3.21, 3.08, 3.11, 3.20, 3.02, 3.15, 3.06, 3.14, 3.03, 3.28, 3.30],
  tjk_810 = [3.18, 3.17, 3.06, 3.15, 3.31, 3.08, 3.30, 3.26, 3.04, 3.22, 3.09, 3.13, 3.21, 3.04, 3.17, 3.07, 3.16, 3.04, 3.30, 3.32],
  tjk_91 = [19.11, 19.03, 18.33, 18.89, 19.86, 18.46, 19.82, 19.56, 18.25, 19.34, 18.56, 18.77, 19.28, 18.23, 19.00, 18.45, 18.95, 18.27, 19.80, 19.90],
  tjk_92 = [18.96, 18.88, 18.19, 18.73, 19.70, 18.31, 19.66, 19.41, 18.10, 19.18, 18.41, 18.61, 19.13, 18.09, 18.85, 18.30, 18.79, 18.12, 19.64, 19.74],
  tjk_93 = [18.43, 18.35, 17.68, 18.21, 19.15, 17.80, 19.11, 18.86, 17.60, 18.65, 17.90, 18.09, 18.59, 17.58, 18.32, 17.79, 18.27, 17.62, 19.09, 19.19],
  tjk_94 = [18.41, 18.33, 17.66, 18.19, 19.13, 17.78, 19.09, 18.85, 17.58, 18.63, 17.88, 18.08, 18.58, 17.57, 18.31, 17.77, 18.25, 17.60, 19.07, 19.17],
  tjk_95 = [18.39, 18.32, 17.65, 18.18, 19.11, 17.76, 19.07, 18.83, 17.56, 18.61, 17.86, 18.06, 18.56, 17.55, 18.29, 17.75, 18.24, 17.58, 19.05, 19.15],
  tjk_96 = [18.45, 18.37, 17.70, 18.23, 19.17, 17.82, 19.13, 18.88, 17.62, 18.67, 17.92, 18.11, 18.61, 17.60, 18.34, 17.81, 18.29, 17.64, 19.11, 19.21],
  tjk_97 = [19.44, 19.35, 18.65, 19.21, 20.19, 18.77, 20.15, 19.90, 18.56, 19.67, 18.88, 19.08, 19.61, 18.54, 19.33, 18.76, 19.27, 18.58, 20.13, 20.24],
  tjk_98 = [18.80, 18.72, 18.04, 18.58, 19.54, 18.16, 19.50, 19.25, 17.95, 19.03, 18.26, 18.46, 18.97, 17.94, 18.70, 18.15, 18.64, 17.97, 19.48, 19.58],
  tjk_99 = [18.72, 18.64, 17.96, 18.50, 19.45, 18.08, 19.41, 19.16, 17.87, 18.94, 18.18, 18.38, 18.89, 17.86, 18.61, 18.07, 18.56, 17.89, 19.39, 19.49],
  tjk_910 = [18.81, 18.73, 18.04, 18.59, 19.54, 18.16, 19.50, 19.25, 17.96, 19.03, 18.27, 18.47, 18.98, 17.94, 18.70, 18.16, 18.65, 17.98, 19.48, 19.59],
  tjk_101 = [18.67, 18.60, 17.92, 18.45, 19.40, 18.03, 19.37, 19.12, 17.83, 18.90, 18.14, 18.34, 18.84, 17.82, 18.57, 18.03, 18.51, 17.85, 19.34, 19.45],
  tjk_102 = [18.52, 18.44, 17.77, 18.30, 19.25, 17.89, 19.21, 18.96, 17.69, 18.75, 17.99, 18.19, 18.69, 17.67, 18.42, 17.88, 18.36, 17.71, 19.19, 19.29],
  tjk_103 = [18.01, 17.93, 17.27, 17.79, 18.71, 17.39, 18.67, 18.43, 17.19, 18.22, 17.49, 17.68, 18.17, 17.18, 17.90, 17.38, 17.85, 17.21, 18.65, 18.75],
  tjk_104 = [17.99, 17.91, 17.26, 17.78, 18.69, 17.37, 18.66, 18.42, 17.18, 18.21, 17.47, 17.66, 18.15, 17.16, 17.89, 17.37, 17.84, 17.20, 18.63, 18.73],
  tjk_105 = [17.97, 17.90, 17.24, 17.76, 18.67, 17.36, 18.64, 18.40, 17.16, 18.19, 17.45, 17.65, 18.13, 17.15, 17.87, 17.35, 17.82, 17.18, 18.62, 18.71],
  tjk_106 = [18.03, 17.95, 17.29, 17.81, 18.73, 17.41, 18.69, 18.45, 17.21, 18.24, 17.51, 17.70, 18.19, 17.20, 17.92, 17.40, 17.87, 17.23, 18.67, 18.77],
  tjk_107 = [18.99, 18.91, 18.22, 18.77, 19.73, 18.34, 19.69, 19.44, 18.13, 19.22, 18.44, 18.65, 19.16, 18.12, 18.88, 18.33, 18.83, 18.15, 19.67, 19.77],
  tjk_108 = [18.37, 18.29, 17.62, 18.15, 19.09, 17.74, 19.05, 18.81, 17.54, 18.59, 17.84, 18.04, 18.54, 17.53, 18.27, 17.73, 18.21, 17.56, 19.03, 19.13],
  tjk_109 = [18.29, 18.21, 17.55, 18.07, 19.00, 17.66, 18.97, 18.72, 17.47, 18.51, 17.76, 17.96, 18.45, 17.45, 18.19, 17.65, 18.13, 17.48, 18.95, 19.05],
  tjk_1010 = [18.38, 18.30, 17.63, 18.16, 19.09, 17.75, 19.06, 18.81, 17.55, 18.60, 17.85, 18.04, 18.54, 17.53, 18.27, 17.74, 18.22, 17.57, 19.04, 19.14],
  tjk_111 = [22.97, 22.87, 22.04, 22.70, 23.87, 22.18, 23.82, 23.51, 21.93, 23.24, 22.31, 22.55, 23.17, 21.91, 22.84, 22.17, 22.77, 21.96, 23.79, 23.92],
  tjk_112 = [22.78, 22.69, 21.86, 22.51, 23.67, 22.00, 23.63, 23.32, 21.76, 23.06, 22.13, 22.37, 22.99, 21.73, 22.65, 21.99, 22.59, 21.78, 23.60, 23.72],
  tjk_113 = [22.15, 22.05, 21.25, 21.89, 23.01, 21.39, 22.97, 22.67, 21.15, 22.41, 21.51, 21.75, 22.35, 21.13, 22.02, 21.38, 21.96, 21.17, 22.94, 23.06],
  tjk_114 = [22.13, 22.03, 21.23, 21.87, 22.99, 21.37, 22.95, 22.65, 21.13, 22.39, 21.49, 21.73, 22.32, 21.11, 22.00, 21.36, 21.94, 21.15, 22.92, 23.04],
  tjk_115 = [22.10, 22.01, 21.21, 21.84, 22.97, 21.35, 22.92, 22.63, 21.11, 22.37, 21.47, 21.70, 22.30, 21.09, 21.98, 21.34, 21.92, 21.13, 22.90, 23.02],
  tjk_116 = [22.17, 22.08, 21.27, 21.91, 23.04, 21.41, 22.99, 22.70, 21.17, 22.44, 21.53, 21.77, 22.37, 21.15, 22.05, 21.40, 21.98, 21.19, 22.97, 23.09],
  tjk_117 = [23.36, 23.26, 22.41, 23.08, 24.27, 22.56, 24.22, 23.91, 22.30, 23.64, 22.69, 22.93, 23.57, 22.28, 23.23, 22.55, 23.16, 22.33, 24.19, 24.32],
  tjk_118 = [22.60, 22.50, 21.68, 22.33, 23.48, 21.82, 23.43, 23.13, 21.58, 22.87, 21.95, 22.19, 22.80, 21.56, 22.47, 21.81, 22.40, 21.60, 23.41, 23.53],
  tjk_119 = [22.50, 22.40, 21.58, 22.23, 23.37, 21.72, 23.33, 23.03, 21.48, 22.77, 21.85, 22.09, 22.70, 21.46, 22.37, 21.71, 22.30, 21.50, 23.30, 23.43],
  tjk_1110 = [22.60, 22.51, 21.69, 22.34, 23.49, 21.83, 23.44, 23.14, 21.59, 22.88, 21.95, 22.19, 22.81, 21.56, 22.48, 21.82, 22.41, 21.61, 23.41, 23.54],
  tjk_121 = [2.97, 2.96, 2.85, 2.94, 3.09, 2.87, 3.08, 3.04, 2.84, 3.01, 2.89, 2.92, 3.00, 2.83, 2.95, 2.87, 2.95, 2.84, 3.08, 3.09],
  tjk_122 = [2.95, 2.94, 2.83, 2.91, 3.06, 2.85, 3.06, 3.02, 2.81, 2.98, 2.86, 2.89, 2.97, 2.81, 2.93, 2.85, 2.92, 2.82, 3.05, 3.07],
  tjk_123 = [2.87, 2.85, 2.75, 2.83, 2.98, 2.77, 2.97, 2.93, 2.74, 2.90, 2.78, 2.81, 2.89, 2.73, 2.85, 2.77, 2.84, 2.74, 2.97, 2.98],
  tjk_124 = [2.86, 2.85, 2.75, 2.83, 2.97, 2.76, 2.97, 2.93, 2.73, 2.90, 2.78, 2.81, 2.89, 2.73, 2.85, 2.76, 2.84, 2.74, 2.97, 2.98],
  tjk_125 = [2.86, 2.85, 2.74, 2.83, 2.97, 2.76, 2.97, 2.93, 2.73, 2.89, 2.78, 2.81, 2.89, 2.73, 2.84, 2.76, 2.84, 2.73, 2.96, 2.98],
  tjk_126 = [2.87, 2.86, 2.75, 2.83, 2.98, 2.77, 2.97, 2.94, 2.74, 2.90, 2.79, 2.82, 2.89, 2.74, 2.85, 2.77, 2.84, 2.74, 2.97, 2.99],
  tjk_127 = [3.02, 3.01, 2.90, 2.99, 3.14, 2.92, 3.13, 3.09, 2.89, 3.06, 2.93, 2.97, 3.05, 2.88, 3.00, 2.92, 3.00, 2.89, 3.13, 3.15],
  tjk_128 = [2.92, 2.91, 2.80, 2.89, 3.04, 2.82, 3.03, 2.99, 2.79, 2.96, 2.84, 2.87, 2.95, 2.79, 2.91, 2.82, 2.90, 2.79, 3.03, 3.04],
  tjk_129 = [2.91, 2.90, 2.79, 2.88, 3.02, 2.81, 3.02, 2.98, 2.78, 2.95, 2.83, 2.86, 2.94, 2.78, 2.89, 2.81, 2.89, 2.78, 3.01, 3.03],
  tjk_1210 = [2.92, 2.91, 2.81, 2.89, 3.04, 2.82, 3.03, 2.99, 2.79, 2.96, 2.84, 2.87, 2.95, 2.79, 2.91, 2.82, 2.90, 2.80, 3.03, 3.05],
  tjk_131 = [10.65, 10.61, 10.22, 10.53, 11.07, 10.29, 11.05, 10.91, 10.17, 10.78, 10.35, 10.46, 10.75, 10.17, 10.59, 10.28, 10.56, 10.19, 11.04, 11.10],
  tjk_132 = [10.57, 10.52, 10.14, 10.44, 10.98, 10.21, 10.96, 10.82, 10.09, 10.70, 10.26, 10.38, 10.66, 10.08, 10.51, 10.20, 10.48, 10.10, 10.95, 11.01],
  tjk_133 = [10.27, 10.23, 9.86, 10.15, 10.67, 9.92, 10.65, 10.52, 9.81, 10.40, 9.98, 10.09, 10.37, 9.80, 10.22, 9.92, 10.19, 9.82, 10.64, 10.70],
  tjk_134 = [10.26, 10.22, 9.85, 10.14, 10.67, 9.91, 10.64, 10.51, 9.80, 10.39, 9.97, 10.08, 10.36, 9.79, 10.21, 9.91, 10.18, 9.81, 10.63, 10.69],
  tjk_135 = [10.25, 10.21, 9.84, 10.13, 10.65, 9.90, 10.63, 10.50, 9.79, 10.38, 9.96, 10.07, 10.35, 9.78, 10.20, 9.90, 10.17, 9.80, 10.62, 10.68],
  tjk_136 = [10.28, 10.24, 9.87, 10.16, 10.69, 9.93, 10.67, 10.53, 9.82, 10.41, 9.99, 10.10, 10.38, 9.81, 10.23, 9.93, 10.20, 9.83, 10.65, 10.71],
  tjk_137 = [10.84, 10.79, 10.39, 10.71, 11.26, 10.46, 11.24, 11.09, 10.35, 10.97, 10.52, 10.64, 10.93, 10.34, 10.77, 10.46, 10.74, 10.36, 11.22, 11.28],
  tjk_138 = [10.48, 10.44, 10.06, 10.36, 10.89, 10.12, 10.87, 10.73, 10.01, 10.61, 10.18, 10.29, 10.58, 10.00, 10.42, 10.12, 10.39, 10.02, 10.86, 10.92],
  tjk_139 = [10.44, 10.39, 10.01, 10.31, 10.84, 10.08, 10.82, 10.68, 9.97, 10.56, 10.14, 10.25, 10.53, 9.96, 10.38, 10.07, 10.35, 9.98, 10.81, 10.87],
  tjk_1310 = [10.49, 10.44, 10.06, 10.36, 10.90, 10.13, 10.87, 10.73, 10.01, 10.61, 10.18, 10.30, 10.58, 10.00, 10.43, 10.12, 10.40, 10.02, 10.86, 10.92],
  tjk_141 = [23.78, 23.68, 22.82, 23.50, 24.71, 22.97, 24.66, 24.35, 22.71, 24.07, 23.10, 23.35, 24.00, 22.69, 23.65, 22.96, 23.58, 22.74, 24.64, 24.77],
  tjk_142 = [23.59, 23.49, 22.63, 23.31, 24.51, 22.78, 24.46, 24.15, 22.53, 23.87, 22.91, 23.16, 23.80, 22.51, 23.46, 22.77, 23.39, 22.55, 24.44, 24.56],
  tjk_143 = [22.93, 22.84, 22.00, 22.66, 23.83, 22.15, 23.78, 23.48, 21.90, 23.21, 22.27, 22.52, 23.14, 21.88, 22.80, 22.14, 22.74, 21.92, 23.75, 23.88],
  tjk_144 = [22.91, 22.82, 21.98, 22.64, 23.81, 22.13, 23.76, 23.45, 21.88, 23.19, 22.25, 22.50, 23.12, 21.86, 22.78, 22.12, 22.72, 21.90, 23.73, 23.86],
  tjk_145 = [22.89, 22.79, 21.96, 22.62, 23.78, 22.10, 23.74, 23.43, 21.86, 23.16, 22.23, 22.47, 23.09, 21.84, 22.76, 22.09, 22.69, 21.88, 23.71, 23.83],
  tjk_146 = [22.96, 22.86, 22.02, 22.69, 23.85, 22.17, 23.81, 23.50, 21.92, 23.23, 22.30, 22.54, 23.16, 21.90, 22.83, 22.16, 22.76, 21.95, 23.78, 23.91],
  tjk_147 = [24.19, 24.08, 23.20, 23.90, 25.13, 23.36, 25.08, 24.76, 23.09, 24.48, 23.49, 23.75, 24.40, 23.07, 24.05, 23.35, 23.98, 23.12, 25.05, 25.18],
  tjk_148 = [23.40, 23.30, 22.45, 23.12, 24.31, 22.59, 24.26, 23.95, 22.34, 23.68, 22.72, 22.97, 23.61, 22.32, 23.26, 22.58, 23.20, 22.37, 24.24, 24.36],
  tjk_149 = [23.29, 23.20, 22.35, 23.02, 24.20, 22.49, 24.16, 23.84, 22.24, 23.57, 22.62, 22.87, 23.50, 22.22, 23.16, 22.48, 23.09, 22.27, 24.13, 24.26],
  tjk_1410 = [23.41, 23.31, 22.45, 23.13, 24.32, 22.60, 24.27, 23.96, 22.35, 23.69, 22.73, 22.98, 23.61, 22.33, 23.27, 22.59, 23.21, 22.37, 24.24, 24.37],
  tjk_151 = [12.13, 12.08, 11.64, 11.99, 12.60, 11.71, 12.58, 12.42, 11.58, 12.28, 11.78, 11.91, 12.24, 11.57, 12.06, 11.71, 12.03, 11.60, 12.57, 12.63],
  tjk_152 = [12.03, 11.98, 11.54, 11.89, 12.50, 11.62, 12.48, 12.32, 11.49, 12.18, 11.69, 11.81, 12.14, 11.48, 11.96, 11.61, 11.93, 11.50, 12.46, 12.53],
  tjk_153 = [11.70, 11.65, 11.22, 11.56, 12.15, 11.30, 12.13, 11.97, 11.17, 11.84, 11.36, 11.48, 11.80, 11.16, 11.63, 11.29, 11.60, 11.18, 12.12, 12.18],
  tjk_154 = [11.69, 11.64, 11.21, 11.55, 12.14, 11.29, 12.12, 11.96, 11.16, 11.83, 11.35, 11.47, 11.79, 11.15, 11.62, 11.28, 11.59, 11.17, 12.11, 12.17],
  tjk_155 = [11.67, 11.63, 11.20, 11.54, 12.13, 11.27, 12.11, 11.95, 11.15, 11.81, 11.34, 11.46, 11.78, 11.14, 11.61, 11.27, 11.57, 11.16, 12.09, 12.16],
  tjk_156 = [11.71, 11.66, 11.23, 11.57, 12.17, 11.31, 12.14, 11.99, 11.18, 11.85, 11.37, 11.50, 11.81, 11.17, 11.64, 11.30, 11.61, 11.19, 12.13, 12.19],
  tjk_157 = [12.34, 12.28, 11.83, 12.19, 12.82, 11.91, 12.79, 12.63, 11.78, 12.48, 11.98, 12.11, 12.45, 11.77, 12.27, 11.91, 12.23, 11.79, 12.78, 12.85],
  tjk_158 = [11.93, 11.88, 11.45, 11.79, 12.40, 11.52, 12.38, 12.22, 11.40, 12.08, 11.59, 11.72, 12.04, 11.38, 11.87, 11.52, 11.83, 11.41, 12.36, 12.43],
  tjk_159 = [11.88, 11.83, 11.40, 11.74, 12.34, 11.47, 12.32, 12.16, 11.35, 12.02, 11.54, 11.67, 11.99, 11.33, 11.81, 11.47, 11.78, 11.36, 12.31, 12.37],
  tjk_1510 = [11.94, 11.89, 11.45, 11.80, 12.40, 11.53, 12.38, 12.22, 11.40, 12.08, 11.59, 11.72, 12.04, 11.39, 11.87, 11.52, 11.84, 11.41, 12.37, 12.43],
  tjk_161 = [7.10, 7.07, 6.81, 7.02, 7.38, 6.86, 7.37, 7.27, 6.78, 7.19, 6.90, 6.97, 7.17, 6.78, 7.06, 6.86, 7.04, 6.79, 7.36, 7.40],
  tjk_162 = [7.05, 7.02, 6.76, 6.96, 7.32, 6.80, 7.31, 7.21, 6.73, 7.13, 6.84, 6.92, 7.11, 6.72, 7.01, 6.80, 6.99, 6.74, 7.30, 7.34],
  tjk_163 = [6.85, 6.82, 6.57, 6.77, 7.12, 6.61, 7.10, 7.01, 6.54, 6.93, 6.65, 6.73, 6.91, 6.53, 6.81, 6.61, 6.79, 6.55, 7.09, 7.13],
  tjk_164 = [6.84, 6.81, 6.56, 6.76, 7.11, 6.61, 7.10, 7.01, 6.53, 6.93, 6.65, 6.72, 6.90, 6.53, 6.80, 6.61, 6.78, 6.54, 7.09, 7.13],
  tjk_165 = [6.84, 6.81, 6.56, 6.76, 7.10, 6.60, 7.09, 7.00, 6.53, 6.92, 6.64, 6.71, 6.90, 6.52, 6.80, 6.60, 6.78, 6.53, 7.08, 7.12],
  tjk_166 = [6.86, 6.83, 6.58, 6.78, 7.12, 6.62, 7.11, 7.02, 6.55, 6.94, 6.66, 6.73, 6.92, 6.54, 6.82, 6.62, 6.80, 6.55, 7.10, 7.14],
  tjk_167 = [7.22, 7.19, 6.93, 7.14, 7.51, 6.98, 7.49, 7.39, 6.90, 7.31, 7.02, 7.09, 7.29, 6.89, 7.18, 6.97, 7.16, 6.91, 7.48, 7.52],
  tjk_168 = [6.99, 6.96, 6.70, 6.91, 7.26, 6.75, 7.25, 7.15, 6.67, 7.07, 6.79, 6.86, 7.05, 6.67, 6.95, 6.75, 6.93, 6.68, 7.24, 7.28],
  tjk_169 = [6.96, 6.93, 6.67, 6.88, 7.23, 6.72, 7.21, 7.12, 6.64, 7.04, 6.76, 6.83, 7.02, 6.64, 6.92, 6.72, 6.90, 6.65, 7.21, 7.24],
  tjk_1610 = [6.99, 6.96, 6.71, 6.91, 7.26, 6.75, 7.25, 7.16, 6.68, 7.07, 6.79, 6.86, 7.05, 6.67, 6.95, 6.75, 6.93, 6.68, 7.24, 7.28],
  tjk_171 = [17.43, 17.36, 16.72, 17.23, 18.11, 16.84, 18.08, 17.85, 16.65, 17.64, 16.93, 17.12, 17.59, 16.63, 17.33, 16.83, 17.28, 16.66, 18.06, 18.15],
  tjk_172 = [17.29, 17.22, 16.59, 17.09, 17.97, 16.70, 17.93, 17.70, 16.51, 17.50, 16.79, 16.98, 17.45, 16.50, 17.19, 16.69, 17.14, 16.53, 17.91, 18.01],
  tjk_173 = [16.81, 16.74, 16.13, 16.61, 17.47, 16.23, 17.43, 17.21, 16.05, 17.01, 16.33, 16.50, 16.96, 16.04, 16.71, 16.23, 16.67, 16.07, 17.41, 17.50],
  tjk_174 = [16.79, 16.72, 16.11, 16.60, 17.45, 16.22, 17.42, 17.19, 16.04, 17.00, 16.31, 16.49, 16.94, 16.02, 16.70, 16.21, 16.65, 16.05, 17.40, 17.49],
  tjk_175 = [16.78, 16.71, 16.09, 16.58, 17.43, 16.20, 17.40, 17.17, 16.02, 16.98, 16.29, 16.47, 16.93, 16.01, 16.68, 16.19, 16.63, 16.04, 17.38, 17.47],
  tjk_176 = [16.83, 16.76, 16.14, 16.63, 17.48, 16.25, 17.45, 17.23, 16.07, 17.03, 16.34, 16.52, 16.98, 16.05, 16.73, 16.24, 16.68, 16.09, 17.43, 17.52],
  tjk_177 = [17.73, 17.65, 17.01, 17.52, 18.42, 17.12, 18.38, 18.15, 16.93, 17.94, 17.22, 17.41, 17.89, 16.91, 17.63, 17.11, 17.58, 16.95, 18.36, 18.46],
  tjk_178 = [17.15, 17.08, 16.45, 16.95, 17.82, 16.56, 17.78, 17.56, 16.38, 17.36, 16.66, 16.84, 17.30, 16.36, 17.05, 16.55, 17.00, 16.39, 17.76, 17.86],
  tjk_179 = [17.07, 17.00, 16.38, 16.87, 17.74, 16.49, 17.71, 17.48, 16.30, 17.28, 16.58, 16.76, 17.23, 16.29, 16.98, 16.48, 16.93, 16.32, 17.69, 17.78],
  tjk_1710 = [17.16, 17.08, 16.46, 16.95, 17.83, 16.57, 17.79, 17.56, 16.38, 17.36, 16.66, 16.84, 17.31, 16.37, 17.06, 16.56, 17.01, 16.40, 17.77, 17.86],
  tjk_181 = [8.45, 8.41, 8.10, 8.35, 8.78, 8.16, 8.76, 8.65, 8.07, 8.55, 8.20, 8.29, 8.52, 8.06, 8.40, 8.15, 8.37, 8.07, 8.75, 8.80],
  tjk_182 = [8.38, 8.34, 8.04, 8.28, 8.70, 8.09, 8.69, 8.58, 8.00, 8.48, 8.14, 8.23, 8.45, 7.99, 8.33, 8.09, 8.31, 8.01, 8.68, 8.72],
  tjk_183 = [8.14, 8.11, 7.81, 8.05, 8.46, 7.87, 8.45, 8.34, 7.78, 8.24, 7.91, 8.00, 8.22, 7.77, 8.10, 7.86, 8.07, 7.79, 8.44, 8.48],
  tjk_184 = [8.14, 8.10, 7.81, 8.04, 8.45, 7.86, 8.44, 8.33, 7.77, 8.23, 7.90, 7.99, 8.21, 7.76, 8.09, 7.85, 8.07, 7.78, 8.43, 8.47],
  tjk_185 = [8.13, 8.09, 7.80, 8.03, 8.45, 7.85, 8.43, 8.32, 7.76, 8.23, 7.89, 7.98, 8.20, 7.76, 8.08, 7.85, 8.06, 7.77, 8.42, 8.46],
  tjk_186 = [8.15, 8.12, 7.82, 8.06, 8.47, 7.87, 8.46, 8.35, 7.79, 8.25, 7.92, 8.01, 8.23, 7.78, 8.11, 7.87, 8.08, 7.79, 8.45, 8.49],
  tjk_187 = [8.59, 8.55, 8.24, 8.49, 8.92, 8.30, 8.91, 8.79, 8.20, 8.69, 8.34, 8.43, 8.67, 8.19, 8.54, 8.29, 8.52, 8.21, 8.90, 8.94],
  tjk_188 = [8.31, 8.27, 7.97, 8.21, 8.63, 8.02, 8.62, 8.51, 7.93, 8.41, 8.07, 8.16, 8.38, 7.93, 8.26, 8.02, 8.24, 7.94, 8.61, 8.65],
  tjk_189 = [8.27, 8.24, 7.94, 8.18, 8.60, 7.99, 8.58, 8.47, 7.90, 8.37, 8.03, 8.12, 8.35, 7.89, 8.23, 7.99, 8.20, 7.91, 8.57, 8.61],
  tjk_1810 = [8.31, 8.28, 7.97, 8.21, 8.64, 8.03, 8.62, 8.51, 7.94, 8.41, 8.07, 8.16, 8.39, 7.93, 8.27, 8.02, 8.24, 7.95, 8.61, 8.66],
  tjk_191 = [11.98, 11.93, 11.49, 11.84, 12.45, 11.57, 12.42, 12.26, 11.44, 12.12, 11.63, 11.76, 12.08, 11.43, 11.91, 11.56, 11.88, 11.45, 12.41, 12.47],
  tjk_192 = [11.88, 11.83, 11.40, 11.74, 12.34, 11.47, 12.32, 12.16, 11.35, 12.02, 11.54, 11.67, 11.99, 11.33, 11.81, 11.47, 11.78, 11.36, 12.31, 12.37],
  tjk_193 = [11.55, 11.50, 11.08, 11.41, 12.00, 11.15, 11.98, 11.82, 11.03, 11.69, 11.22, 11.34, 11.65, 11.02, 11.48, 11.15, 11.45, 11.04, 11.96, 12.03],
  tjk_194 = [11.54, 11.49, 11.07, 11.40, 11.99, 11.14, 11.97, 11.81, 11.02, 11.68, 11.21, 11.33, 11.64, 11.01, 11.47, 11.14, 11.44, 11.03, 11.95, 12.02],
  tjk_195 = [11.53, 11.48, 11.06, 11.39, 11.98, 11.13, 11.95, 11.80, 11.01, 11.67, 11.20, 11.32, 11.63, 11.00, 11.46, 11.13, 11.43, 11.02, 11.94, 12.00],
  tjk_196 = [11.56, 11.51, 11.09, 11.43, 12.01, 11.17, 11.99, 11.84, 11.04, 11.70, 11.23, 11.35, 11.67, 11.03, 11.50, 11.16, 11.46, 11.05, 11.98, 12.04],
  tjk_197 = [12.18, 12.13, 11.69, 12.04, 12.66, 11.76, 12.63, 12.47, 11.63, 12.33, 11.83, 11.96, 12.29, 11.62, 12.11, 11.76, 12.08, 11.64, 12.62, 12.68],
  tjk_198 = [11.78, 11.73, 11.30, 11.64, 12.24, 11.38, 12.22, 12.06, 11.25, 11.93, 11.44, 11.57, 11.89, 11.24, 11.72, 11.37, 11.68, 11.26, 12.21, 12.27],
  tjk_199 = [11.73, 11.68, 11.25, 11.59, 12.19, 11.33, 12.17, 12.01, 11.20, 11.87, 11.39, 11.52, 11.84, 11.19, 11.67, 11.32, 11.63, 11.21, 12.15, 12.22],
  tjk_1910 = [11.79, 11.74, 11.31, 11.65, 12.25, 11.38, 12.22, 12.07, 11.26, 11.93, 11.45, 11.57, 11.89, 11.25, 11.72, 11.38, 11.69, 11.27, 12.21, 12.27],
  tjk_201 = [1.09, 1.08, 1.04, 1.08, 1.13, 1.05, 1.13, 1.11, 1.04, 1.10, 1.06, 1.07, 1.10, 1.04, 1.08, 1.05, 1.08, 1.04, 1.13, 1.13],
  tjk_202 = [1.08, 1.08, 1.04, 1.07, 1.12, 1.04, 1.12, 1.11, 1.03, 1.09, 1.05, 1.06, 1.09, 1.03, 1.07, 1.04, 1.07, 1.03, 1.12, 1.12],
  tjk_203 = [1.05, 1.05, 1.01, 1.04, 1.09, 1.01, 1.09, 1.07, 1.00, 1.06, 1.02, 1.03, 1.06, 1.00, 1.04, 1.01, 1.04, 1.00, 1.09, 1.09],
  tjk_204 = [1.05, 1.04, 1.01, 1.04, 1.09, 1.01, 1.09, 1.07, 1.00, 1.06, 1.02, 1.03, 1.06, 1.00, 1.04, 1.01, 1.04, 1.00, 1.09, 1.09],
  tjk_205 = [1.05, 1.04, 1.01, 1.04, 1.09, 1.01, 1.09, 1.07, 1.00, 1.06, 1.02, 1.03, 1.06, 1.00, 1.04, 1.01, 1.04, 1.00, 1.09, 1.09],
  tjk_206 = [1.05, 1.05, 1.01, 1.04, 1.09, 1.02, 1.09, 1.08, 1.00, 1.06, 1.02, 1.03, 1.06, 1.00, 1.05, 1.01, 1.04, 1.00, 1.09, 1.09],
  tjk_207 = [1.11, 1.10, 1.06, 1.09, 1.15, 1.07, 1.15, 1.13, 1.06, 1.12, 1.08, 1.09, 1.12, 1.06, 1.10, 1.07, 1.10, 1.06, 1.15, 1.15],
  tjk_208 = [1.07, 1.07, 1.03, 1.06, 1.11, 1.03, 1.11, 1.10, 1.02, 1.08, 1.04, 1.05, 1.08, 1.02, 1.07, 1.03, 1.06, 1.02, 1.11, 1.12],
  tjk_209 = [1.07, 1.06, 1.02, 1.05, 1.11, 1.03, 1.11, 1.09, 1.02, 1.08, 1.04, 1.05, 1.08, 1.02, 1.06, 1.03, 1.06, 1.02, 1.10, 1.11],
  tjk_2010 = [1.07, 1.07, 1.03, 1.06, 1.11, 1.03, 1.11, 1.10, 1.02, 1.08, 1.04, 1.05, 1.08, 1.02, 1.07, 1.03, 1.06, 1.02, 1.11, 1.12],
]

Service Times (xi_{jk}^s) = [
  xi_11 = [5.95, 5.86, 6.15, 6.01, 6.11, 6.03, 6.42, 6.07, 6.41, 6.14, 6.24, 6.30, 6.38, 6.25, 6.42, 6.43, 5.94, 6.33, 6.11, 5.94],
  xi_12 = [6.01, 5.91, 6.20, 6.06, 6.16, 6.08, 6.48, 6.13, 6.47, 6.19, 6.29, 6.36, 6.44, 6.31, 6.48, 6.48, 5.99, 6.38, 6.16, 5.99],
  xi_13 = [5.85, 5.76, 6.04, 5.90, 6.00, 5.93, 6.31, 5.97, 6.30, 6.03, 6.13, 6.19, 6.27, 6.15, 6.31, 6.31, 5.83, 6.22, 6.00, 5.84],
  xi_14 = [6.13, 6.03, 6.33, 6.18, 6.29, 6.21, 6.61, 6.25, 6.60, 6.31, 6.42, 6.49, 6.57, 6.44, 6.61, 6.61, 6.11, 6.51, 6.29, 6.12],
  xi_15 = [5.84, 5.75, 6.03, 5.90, 5.99, 5.92, 6.30, 5.96, 6.29, 6.02, 6.12, 6.19, 6.26, 6.14, 6.30, 6.30, 5.82, 6.21, 5.99, 5.83],
  xi_16 = [5.95, 5.86, 6.14, 6.00, 6.10, 6.03, 6.42, 6.07, 6.41, 6.13, 6.23, 6.30, 6.38, 6.25, 6.42, 6.42, 5.93, 6.32, 6.10, 5.94],
  xi_17 = [6.28, 6.18, 6.48, 6.33, 6.44, 6.36, 6.77, 6.40, 6.76, 6.47, 6.58, 6.65, 6.73, 6.59, 6.77, 6.77, 6.26, 6.67, 6.44, 6.26],
  xi_18 = [6.31, 6.22, 6.52, 6.37, 6.48, 6.40, 6.81, 6.44, 6.80, 6.51, 6.62, 6.69, 6.77, 6.63, 6.81, 6.82, 6.30, 6.71, 6.48, 6.30],
  xi_19 = [5.97, 5.88, 6.17, 6.03, 6.13, 6.05, 6.45, 6.10, 6.44, 6.16, 6.26, 6.33, 6.41, 6.28, 6.44, 6.45, 5.96, 6.35, 6.13, 5.96],
  xi_110 = [5.92, 5.82, 6.11, 5.97, 6.07, 5.99, 6.38, 6.04, 6.38, 6.10, 6.20, 6.27, 6.35, 6.22, 6.38, 6.39, 5.90, 6.29, 6.07, 5.91],
  xi_21 = [11.02, 10.85, 11.38, 11.13, 11.31, 11.17, 11.89, 11.25, 11.88, 11.36, 11.55, 11.67, 11.82, 11.58, 11.89, 11.90, 10.99, 11.72, 11.31, 11.00],
  xi_22 = [11.12, 10.95, 11.48, 11.23, 11.41, 11.27, 12.00, 11.35, 11.99, 11.46, 11.65, 11.78, 11.93, 11.69, 12.00, 12.01, 11.09, 11.82, 11.41, 11.10],
  xi_23 = [10.83, 10.66, 11.18, 10.93, 11.12, 10.97, 11.69, 11.05, 11.67, 11.16, 11.35, 11.47, 11.62, 11.38, 11.68, 11.69, 10.80, 11.51, 11.11, 10.81],
  xi_24 = [11.35, 11.17, 11.71, 11.45, 11.64, 11.50, 12.24, 11.58, 12.23, 11.69, 11.89, 12.02, 12.17, 11.92, 12.24, 12.25, 11.31, 12.06, 11.64, 11.32],
  xi_25 = [10.82, 10.65, 11.17, 10.92, 11.10, 10.96, 11.67, 11.04, 11.66, 11.15, 11.33, 11.46, 11.60, 11.37, 11.67, 11.68, 10.79, 11.50, 11.10, 10.80],
  xi_26 = [11.02, 10.84, 11.37, 11.12, 11.31, 11.16, 11.89, 11.24, 11.87, 11.35, 11.54, 11.67, 11.81, 11.57, 11.88, 11.89, 10.99, 11.71, 11.30, 11.00],
  xi_27 = [11.62, 11.44, 12.00, 11.73, 11.93, 11.78, 12.54, 11.86, 12.52, 11.98, 12.18, 12.31, 12.46, 12.21, 12.54, 12.55, 11.59, 12.35, 11.93, 11.60],
  xi_28 = [11.69, 11.51, 12.07, 11.80, 12.00, 11.85, 12.62, 11.93, 12.60, 12.05, 12.25, 12.38, 12.54, 12.29, 12.61, 12.62, 11.66, 12.43, 12.00, 11.67],
  xi_29 = [11.06, 10.89, 11.42, 11.17, 11.35, 11.21, 11.94, 11.29, 11.92, 11.40, 11.59, 11.72, 11.87, 11.62, 11.93, 11.94, 11.03, 11.76, 11.35, 11.04],
  xi_210 = [10.96, 10.79, 11.31, 11.06, 11.25, 11.10, 11.82, 11.18, 11.81, 11.29, 11.48, 11.60, 11.75, 11.51, 11.82, 11.83, 10.93, 11.65, 11.24, 10.94],
  xi_31 = [23.18, 22.81, 23.93, 23.39, 23.78, 23.48, 25.01, 23.64, 24.97, 23.89, 24.28, 24.54, 24.85, 24.35, 25.00, 25.02, 23.11, 24.63, 23.78, 23.13],
  xi_32 = [23.38, 23.02, 24.14, 23.60, 24.00, 23.69, 25.23, 23.86, 25.20, 24.10, 24.50, 24.76, 25.08, 24.57, 25.22, 25.24, 23.32, 24.85, 23.99, 23.34],
  xi_33 = [22.77, 22.42, 23.51, 22.98, 23.37, 23.07, 24.57, 23.23, 24.54, 23.47, 23.86, 24.11, 24.42, 23.93, 24.56, 24.58, 22.71, 24.20, 23.37, 22.73],
  xi_34 = [23.85, 23.48, 24.63, 24.08, 24.48, 24.17, 25.74, 24.34, 25.70, 24.59, 24.99, 25.26, 25.58, 25.06, 25.73, 25.75, 23.79, 25.35, 24.48, 23.81],
  xi_35 = [22.74, 22.39, 23.48, 22.95, 23.34, 23.04, 24.54, 23.20, 24.51, 23.44, 23.83, 24.08, 24.39, 23.89, 24.53, 24.55, 22.68, 24.17, 23.34, 22.70],
  xi_36 = [23.16, 22.80, 23.91, 23.38, 23.77, 23.46, 24.99, 23.63, 24.96, 23.87, 24.27, 24.53, 24.84, 24.33, 24.98, 25.00, 23.09, 24.62, 23.76, 23.12],
  xi_37 = [24.43, 24.05, 25.23, 24.66, 25.08, 24.75, 26.36, 24.93, 26.33, 25.18, 25.60, 25.88, 26.20, 25.67, 26.36, 26.37, 24.36, 25.97, 25.07, 24.39],
  xi_38 = [24.58, 24.20, 25.38, 24.81, 25.23, 24.91, 26.52, 25.08, 26.49, 25.34, 25.76, 26.03, 26.36, 25.83, 26.52, 26.53, 24.51, 26.13, 25.22, 24.54],
  xi_39 = [23.26, 22.90, 24.01, 23.48, 23.87, 23.57, 25.10, 23.73, 25.06, 23.97, 24.37, 24.63, 24.94, 24.44, 25.09, 25.11, 23.19, 24.72, 23.87, 23.22],
  xi_310 = [23.04, 22.67, 23.78, 23.25, 23.64, 23.34, 24.85, 23.50, 24.82, 23.74, 24.14, 24.39, 24.70, 24.20, 24.85, 24.86, 22.97, 24.48, 23.64, 22.99],
  xi_41 = [4.01, 3.95, 4.14, 4.05, 4.11, 4.06, 4.33, 4.09, 4.32, 4.13, 4.20, 4.25, 4.30, 4.21, 4.32, 4.33, 4.00, 4.26, 4.11, 4.00],
  xi_42 = [4.05, 3.98, 4.18, 4.08, 4.15, 4.10, 4.36, 4.13, 4.36, 4.17, 4.24, 4.28, 4.34, 4.25, 4.36, 4.37, 4.03, 4.30, 4.15, 4.04],
  xi_43 = [3.94, 3.88, 4.07, 3.98, 4.04, 3.99, 4.25, 4.02, 4.25, 4.06, 4.13, 4.17, 4.22, 4.14, 4.25, 4.25, 3.93, 4.19, 4.04, 3.93],
  xi_44 = [4.13, 4.06, 4.26, 4.17, 4.24, 4.18, 4.45, 4.21, 4.45, 4.25, 4.32, 4.37, 4.43, 4.34, 4.45, 4.45, 4.12, 4.39, 4.23, 4.12],
  xi_45 = [3.93, 3.87, 4.06, 3.97, 4.04, 3.99, 4.25, 4.01, 4.24, 4.06, 4.12, 4.17, 4.22, 4.13, 4.24, 4.25, 3.92, 4.18, 4.04, 3.93],
  xi_46 = [4.01, 3.94, 4.14, 4.04, 4.11, 4.06, 4.32, 4.09, 4.32, 4.13, 4.20, 4.24, 4.30, 4.21, 4.32, 4.32, 4.00, 4.26, 4.11, 4.00],
  xi_47 = [4.23, 4.16, 4.36, 4.27, 4.34, 4.28, 4.56, 4.31, 4.56, 4.36, 4.43, 4.48, 4.53, 4.44, 4.56, 4.56, 4.22, 4.49, 4.34, 4.22],
  xi_48 = [4.25, 4.19, 4.39, 4.29, 4.36, 4.31, 4.59, 4.34, 4.58, 4.38, 4.46, 4.50, 4.56, 4.47, 4.59, 4.59, 4.24, 4.52, 4.36, 4.24],
  xi_49 = [4.02, 3.96, 4.15, 4.06, 4.13, 4.08, 4.34, 4.11, 4.34, 4.15, 4.22, 4.26, 4.32, 4.23, 4.34, 4.34, 4.01, 4.28, 4.13, 4.02],
  xi_410 = [3.99, 3.92, 4.11, 4.02, 4.09, 4.04, 4.30, 4.07, 4.29, 4.11, 4.18, 4.22, 4.27, 4.19, 4.30, 4.30, 3.97, 4.24, 4.09, 3.98],
  xi_51 = [0.10, 0.10, 0.10, 0.10, 0.10, 0.10, 0.10, 0.10, 0.10, 0.10, 0.10, 0.10, 0.10, 0.10, 0.10, 0.10, 0.10, 0.10, 0.10, 0.10],
  xi_52 = [0.10, 0.10, 0.10, 0.10, 0.10, 0.10, 0.10, 0.10, 0.10, 0.10, 0.10, 0.10, 0.10, 0.10, 0.10, 0.10, 0.10, 0.10, 0.10, 0.10],
  xi_53 = [0.10, 0.10, 0.10, 0.10, 0.10, 0.10, 0.10, 0.10, 0.10, 0.10, 0.10, 0.10, 0.10, 0.10, 0.10, 0.10, 0.10, 0.10, 0.10, 0.10],
  xi_54 = [0.10, 0.10, 0.10, 0.10, 0.10, 0.10, 0.11, 0.10, 0.11, 0.10, 0.10, 0.10, 0.10, 0.10, 0.11, 0.11, 0.10, 0.10, 0.10, 0.10],
  xi_55 = [0.10, 0.10, 0.10, 0.10, 0.10, 0.10, 0.10, 0.10, 0.10, 0.10, 0.10, 0.10, 0.10, 0.10, 0.10, 0.10, 0.10, 0.10, 0.10, 0.10],
  xi_56 = [0.10, 0.10, 0.10, 0.10, 0.10, 0.10, 0.10, 0.10, 0.10, 0.10, 0.10, 0.10, 0.10, 0.10, 0.10, 0.10, 0.10, 0.10, 0.10, 0.10],
  xi_57 = [0.10, 0.10, 0.10, 0.10, 0.10, 0.10, 0.11, 0.10, 0.11, 0.10, 0.10, 0.11, 0.11, 0.10, 0.11, 0.11, 0.10, 0.11, 0.10, 0.10],
  xi_58 = [0.10, 0.10, 0.10, 0.10, 0.10, 0.10, 0.11, 0.10, 0.11, 0.10, 0.11, 0.11, 0.11, 0.11, 0.11, 0.11, 0.10, 0.11, 0.10, 0.10],
  xi_59 = [0.10, 0.10, 0.10, 0.10, 0.10, 0.10, 0.10, 0.10, 0.10, 0.10, 0.10, 0.10, 0.10, 0.10, 0.10, 0.10, 0.10, 0.10, 0.10, 0.10],
  xi_510 = [0.10, 0.10, 0.10, 0.10, 0.10, 0.10, 0.10, 0.10, 0.10, 0.10, 0.10, 0.10, 0.10, 0.10, 0.10, 0.10, 0.10, 0.10, 0.10, 0.10],
  xi_61 = [0.10, 0.10, 0.10, 0.10, 0.10, 0.10, 0.10, 0.10, 0.10, 0.10, 0.10, 0.10, 0.10, 0.10, 0.10, 0.10, 0.10, 0.10, 0.10, 0.10],
  xi_62 = [0.10, 0.10, 0.10, 0.10, 0.10, 0.10, 0.10, 0.10, 0.10, 0.10, 0.10, 0.10, 0.10, 0.10, 0.10, 0.10, 0.10, 0.10, 0.10, 0.10],
  xi_63 = [0.10, 0.10, 0.10, 0.10, 0.10, 0.10, 0.10, 0.10, 0.10, 0.10, 0.10, 0.10, 0.10, 0.10, 0.10, 0.10, 0.10, 0.10, 0.10, 0.10],
  xi_64 = [0.10, 0.10, 0.10, 0.10, 0.10, 0.10, 0.11, 0.10, 0.11, 0.10, 0.10, 0.10, 0.10, 0.10, 0.11, 0.11, 0.10, 0.10, 0.10, 0.10],
  xi_65 = [0.10, 0.10, 0.10, 0.10, 0.10, 0.10, 0.10, 0.10, 0.10, 0.10, 0.10, 0.10, 0.10, 0.10, 0.10, 0.10, 0.10, 0.10, 0.10, 0.10],
  xi_66 = [0.10, 0.10, 0.10, 0.10, 0.10, 0.10, 0.10, 0.10, 0.10, 0.10, 0.10, 0.10, 0.10, 0.10, 0.10, 0.10, 0.10, 0.10, 0.10, 0.10],
  xi_67 = [0.10, 0.10, 0.10, 0.10, 0.10, 0.10, 0.11, 0.10, 0.11, 0.10, 0.10, 0.11, 0.11, 0.10, 0.11, 0.11, 0.10, 0.11, 0.10, 0.10],
  xi_68 = [0.10, 0.10, 0.10, 0.10, 0.10, 0.10, 0.11, 0.10, 0.11, 0.10, 0.11, 0.11, 0.11, 0.11, 0.11, 0.11, 0.10, 0.11, 0.10, 0.10],
  xi_69 = [0.10, 0.10, 0.10, 0.10, 0.10, 0.10, 0.10, 0.10, 0.10, 0.10, 0.10, 0.10, 0.10, 0.10, 0.10, 0.10, 0.10, 0.10, 0.10, 0.10],
  xi_610 = [0.10, 0.10, 0.10, 0.10, 0.10, 0.10, 0.10, 0.10, 0.10, 0.10, 0.10, 0.10, 0.10, 0.10, 0.10, 0.10, 0.10, 0.10, 0.10, 0.10],
  xi_71 = [23.63, 23.26, 24.40, 23.85, 24.25, 23.94, 25.50, 24.11, 25.46, 24.36, 24.76, 25.02, 25.34, 24.83, 25.49, 25.51, 23.56, 25.12, 24.25, 23.59],
  xi_72 = [23.84, 23.47, 24.61, 24.06, 24.47, 24.16, 25.73, 24.32, 25.69, 24.57, 24.98, 25.25, 25.57, 25.05, 25.72, 25.73, 23.77, 25.34, 24.46, 23.80],
  xi_73 = [23.22, 22.86, 23.97, 23.44, 23.83, 23.52, 25.05, 23.69, 25.02, 23.93, 24.33, 24.59, 24.90, 24.40, 25.05, 25.06, 23.15, 24.68, 23.83, 23.17],
  xi_74 = [24.32, 23.94, 25.11, 24.55, 24.96, 24.64, 26.24, 24.81, 26.21, 25.07, 25.48, 25.76, 26.08, 25.55, 26.23, 26.25, 24.25, 25.85, 24.96, 24.28],
  xi_75 = [23.19, 22.82, 23.94, 23.40, 23.80, 23.49, 25.02, 23.66, 24.99, 23.90, 24.30, 24.56, 24.87, 24.36, 25.01, 25.03, 23.12, 24.65, 23.79, 23.14],
  xi_76 = [23.61, 23.24, 24.38, 23.83, 24.24, 23.92, 25.48, 24.09, 25.45, 24.34, 24.74, 25.01, 25.32, 24.81, 25.47, 25.49, 23.55, 25.10, 24.23, 23.57],
  xi_77 = [24.91, 24.52, 25.72, 25.15, 25.57, 25.24, 26.88, 25.42, 26.85, 25.68, 26.10, 26.38, 26.72, 26.18, 26.87, 26.89, 24.84, 26.48, 25.56, 24.87],
  xi_78 = [25.07, 24.67, 25.88, 25.30, 25.72, 25.39, 27.05, 25.57, 27.01, 25.83, 26.26, 26.54, 26.88, 26.34, 27.04, 27.06, 24.99, 26.64, 25.72, 25.02],
  xi_79 = [23.72, 23.35, 24.49, 23.94, 24.34, 24.03, 25.59, 24.20, 25.56, 24.44, 24.85, 25.12, 25.43, 24.92, 25.58, 25.60, 23.65, 25.21, 24.34, 23.67],
  xi_710 = [23.49, 23.12, 24.25, 23.71, 24.11, 23.80, 25.34, 23.96, 25.31, 24.21, 24.61, 24.87, 25.19, 24.68, 25.33, 25.35, 23.42, 24.96, 24.10, 23.44],
  xi_81 = [13.51, 13.30, 13.95, 13.63, 13.86, 13.68, 14.57, 13.78, 14.55, 13.92, 14.15, 14.30, 14.49, 14.19, 14.57, 14.58, 13.47, 14.36, 13.86, 13.48],
  xi_82 = [13.63, 13.41, 14.07, 13.76, 13.99, 13.81, 14.70, 13.90, 14.69, 14.05, 14.28, 14.43, 14.62, 14.32, 14.70, 14.71, 13.59, 14.48, 13.98, 13.60],
  xi_83 = [13.27, 13.06, 13.70, 13.40, 13.62, 13.45, 14.32, 13.54, 14.30, 13.68, 13.91, 14.05, 14.23, 13.94, 14.32, 14.33, 13.23, 14.11, 13.62, 13.25],
  xi_84 = [13.90, 13.68, 14.35, 14.03, 14.27, 14.09, 15.00, 14.18, 14.98, 14.33, 14.57, 14.72, 14.91, 14.61, 15.00, 15.01, 13.86, 14.78, 14.27, 13.88],
  xi_85 = [13.25, 13.05, 13.68, 13.38, 13.60, 13.43, 14.30, 13.52, 14.28, 13.66, 13.89, 14.04, 14.21, 13.93, 14.30, 14.31, 13.22, 14.09, 13.60, 13.23],
  xi_86 = [13.50, 13.29, 13.94, 13.62, 13.85, 13.68, 14.56, 13.77, 14.54, 13.91, 14.14, 14.29, 14.48, 14.18, 14.56, 14.57, 13.46, 14.35, 13.85, 13.47],
  xi_87 = [14.24, 14.02, 14.70, 14.37, 14.62, 14.43, 15.37, 14.53, 15.35, 14.68, 14.92, 15.08, 15.27, 14.96, 15.36, 15.37, 14.20, 15.14, 14.61, 14.21],
  xi_88 = [14.33, 14.10, 14.79, 14.46, 14.70, 14.52, 15.46, 14.62, 15.44, 14.77, 15.01, 15.17, 15.36, 15.05, 15.45, 15.46, 14.29, 15.23, 14.70, 14.30],
  xi_89 = [13.56, 13.34, 14.00, 13.68, 13.91, 13.73, 14.63, 13.83, 14.61, 13.97, 14.20, 14.36, 14.54, 14.24, 14.62, 14.63, 13.52, 14.41, 13.91, 13.53],
  xi_810 = [13.43, 13.22, 13.86, 13.55, 13.78, 13.60, 14.49, 13.70, 14.47, 13.84, 14.07, 14.22, 14.40, 14.11, 14.48, 14.49, 13.39, 14.27, 13.78, 13.40],
  xi_91 = [10.10, 9.94, 10.42, 10.19, 10.36, 10.23, 10.89, 10.30, 10.88, 10.40, 10.58, 10.69, 10.83, 10.61, 10.89, 10.90, 10.07, 10.73, 10.36, 10.08],
  xi_92 = [10.19, 10.03, 10.52, 10.28, 10.45, 10.32, 10.99, 10.39, 10.98, 10.50, 10.67, 10.79, 10.92, 10.70, 10.99, 10.99, 10.16, 10.83, 10.45, 10.17],
  xi_93 = [9.92, 9.76, 10.24, 10.01, 10.18, 10.05, 10.70, 10.12, 10.69, 10.22, 10.39, 10.50, 10.64, 10.42, 10.70, 10.71, 9.89, 10.54, 10.18, 9.90],
  xi_94 = [10.39, 10.23, 10.73, 10.49, 10.66, 10.53, 11.21, 10.60, 11.20, 10.71, 10.89, 11.00, 11.14, 10.92, 11.21, 11.22, 10.36, 11.04, 10.66, 10.37],
  xi_95 = [9.91, 9.75, 10.23, 10.00, 10.17, 10.04, 10.69, 10.11, 10.67, 10.21, 10.38, 10.49, 10.62, 10.41, 10.68, 10.69, 9.88, 10.53, 10.16, 9.89],
  xi_96 = [10.09, 9.93, 10.41, 10.18, 10.35, 10.22, 10.88, 10.29, 10.87, 10.40, 10.57, 10.68, 10.82, 10.60, 10.88, 10.89, 10.06, 10.72, 10.35, 10.07],
  xi_97 = [10.64, 10.48, 10.99, 10.74, 10.92, 10.78, 11.48, 10.86, 11.47, 10.97, 11.15, 11.27, 11.41, 11.18, 11.48, 11.49, 10.61, 11.31, 10.92, 10.62],
  xi_98 = [10.71, 10.54, 11.05, 10.81, 10.99, 10.85, 11.55, 10.92, 11.54, 11.04, 11.22, 11.34, 11.48, 11.25, 11.55, 11.56, 10.68, 11.38, 10.99, 10.69],
  xi_99 = [10.13, 9.97, 10.46, 10.23, 10.40, 10.26, 10.93, 10.34, 10.92, 10.44, 10.62, 10.73, 10.87, 10.65, 10.93, 10.94, 10.10, 10.77, 10.40, 10.11],
  xi_910 = [10.03, 9.88, 10.36, 10.13, 10.30, 10.17, 10.83, 10.24, 10.81, 10.34, 10.51, 10.63, 10.76, 10.54, 10.82, 10.83, 10.01, 10.66, 10.30, 10.01],
  xi_101 = [3.60, 3.55, 3.72, 3.64, 3.70, 3.65, 3.89, 3.67, 3.88, 3.71, 3.77, 3.81, 3.86, 3.78, 3.89, 3.89, 3.59, 3.83, 3.70, 3.60],
  xi_102 = [3.63, 3.58, 3.75, 3.67, 3.73, 3.68, 3.92, 3.71, 3.92, 3.75, 3.81, 3.85, 3.90, 3.82, 3.92, 3.92, 3.62, 3.86, 3.73, 3.63],
  xi_103 = [3.54, 3.48, 3.65, 3.57, 3.63, 3.59, 3.82, 3.61, 3.81, 3.65, 3.71, 3.75, 3.80, 3.72, 3.82, 3.82, 3.53, 3.76, 3.63, 3.53],
  xi_104 = [3.71, 3.65, 3.83, 3.74, 3.80, 3.76, 4.00, 3.78, 3.99, 3.82, 3.88, 3.93, 3.98, 3.90, 4.00, 4.00, 3.70, 3.94, 3.80, 3.70],
  xi_105 = [3.53, 3.48, 3.65, 3.57, 3.63, 3.58, 3.81, 3.61, 3.81, 3.64, 3.70, 3.74, 3.79, 3.71, 3.81, 3.82, 3.52, 3.76, 3.63, 3.53],
  xi_106 = [3.60, 3.54, 3.72, 3.63, 3.69, 3.65, 3.88, 3.67, 3.88, 3.71, 3.77, 3.81, 3.86, 3.78, 3.88, 3.89, 3.59, 3.83, 3.69, 3.59],
  xi_107 = [3.80, 3.74, 3.92, 3.83, 3.90, 3.85, 4.10, 3.87, 4.09, 3.91, 3.98, 4.02, 4.07, 3.99, 4.10, 4.10, 3.79, 4.04, 3.90, 3.79],
  xi_108 = [3.82, 3.76, 3.94, 3.86, 3.92, 3.87, 4.12, 3.90, 4.12, 3.94, 4.00, 4.05, 4.10, 4.01, 4.12, 4.12, 3.81, 4.06, 3.92, 3.81],
  xi_109 = [3.62, 3.56, 3.73, 3.65, 3.71, 3.66, 3.90, 3.69, 3.90, 3.73, 3.79, 3.83, 3.88, 3.80, 3.90, 3.90, 3.60, 3.84, 3.71, 3.61],
  xi_1010 = [3.58, 3.52, 3.70, 3.61, 3.67, 3.63, 3.86, 3.65, 3.86, 3.69, 3.75, 3.79, 3.84, 3.76, 3.86, 3.86, 3.57, 3.81, 3.67, 3.57],
  xi_111 = [0.10, 0.10, 0.10, 0.10, 0.10, 0.10, 0.10, 0.10, 0.10, 0.10, 0.10, 0.10, 0.10, 0.10, 0.10, 0.10, 0.10, 0.10, 0.10, 0.10],
  xi_112 = [0.10, 0.10, 0.10, 0.10, 0.10, 0.10, 0.10, 0.10, 0.10, 0.10, 0.10, 0.10, 0.10, 0.10, 0.10, 0.10, 0.10, 0.10, 0.10, 0.10],
  xi_113 = [0.10, 0.10, 0.10, 0.10, 0.10, 0.10, 0.10, 0.10, 0.10, 0.10, 0.10, 0.10, 0.10, 0.10, 0.10, 0.10, 0.10, 0.10, 0.10, 0.10],
  xi_114 = [0.10, 0.10, 0.10, 0.10, 0.10, 0.10, 0.11, 0.10, 0.11, 0.10, 0.10, 0.10, 0.10, 0.10, 0.11, 0.11, 0.10, 0.10, 0.10, 0.10],
  xi_115 = [0.10, 0.10, 0.10, 0.10, 0.10, 0.10, 0.10, 0.10, 0.10, 0.10, 0.10, 0.10, 0.10, 0.10, 0.10, 0.10, 0.10, 0.10, 0.10, 0.10],
  xi_116 = [0.10, 0.10, 0.10, 0.10, 0.10, 0.10, 0.10, 0.10, 0.10, 0.10, 0.10, 0.10, 0.10, 0.10, 0.10, 0.10, 0.10, 0.10, 0.10, 0.10],
  xi_117 = [0.10, 0.10, 0.10, 0.10, 0.10, 0.10, 0.11, 0.10, 0.11, 0.10, 0.10, 0.11, 0.11, 0.10, 0.11, 0.11, 0.10, 0.11, 0.10, 0.10],
  xi_118 = [0.10, 0.10, 0.10, 0.10, 0.10, 0.10, 0.11, 0.10, 0.11, 0.10, 0.11, 0.11, 0.11, 0.11, 0.11, 0.11, 0.10, 0.11, 0.10, 0.10],
  xi_119 = [0.10, 0.10, 0.10, 0.10, 0.10, 0.10, 0.10, 0.10, 0.10, 0.10, 0.10, 0.10, 0.10, 0.10, 0.10, 0.10, 0.10, 0.10, 0.10, 0.10],
  xi_1110 = [0.10, 0.10, 0.10, 0.10, 0.10, 0.10, 0.10, 0.10, 0.10, 0.10, 0.10, 0.10, 0.10, 0.10, 0.10, 0.10, 0.10, 0.10, 0.10, 0.10],
  xi_121 = [4.09, 4.03, 4.23, 4.13, 4.20, 4.15, 4.42, 4.18, 4.41, 4.22, 4.29, 4.34, 4.39, 4.30, 4.42, 4.42, 4.08, 4.35, 4.20, 4.09],
  xi_122 = [4.13, 4.07, 4.27, 4.17, 4.24, 4.19, 4.46, 4.22, 4.45, 4.26, 4.33, 4.38, 4.43, 4.34, 4.46, 4.46, 4.12, 4.39, 4.24, 4.12],
  xi_123 = [4.02, 3.96, 4.15, 4.06, 4.13, 4.08, 4.34, 4.10, 4.34, 4.15, 4.22, 4.26, 4.31, 4.23, 4.34, 4.34, 4.01, 4.28, 4.13, 4.02],
  xi_124 = [4.21, 4.15, 4.35, 4.25, 4.33, 4.27, 4.55, 4.30, 4.54, 4.34, 4.42, 4.46, 4.52, 4.43, 4.55, 4.55, 4.20, 4.48, 4.32, 4.21],
  xi_125 = [4.02, 3.96, 4.15, 4.06, 4.12, 4.07, 4.34, 4.10, 4.33, 4.14, 4.21, 4.26, 4.31, 4.22, 4.33, 4.34, 4.01, 4.27, 4.12, 4.01],
  xi_126 = [4.09, 4.03, 4.22, 4.13, 4.20, 4.15, 4.42, 4.17, 4.41, 4.22, 4.29, 4.33, 4.39, 4.30, 4.41, 4.42, 4.08, 4.35, 4.20, 4.08],
  xi_127 = [4.32, 4.25, 4.46, 4.36, 4.43, 4.37, 4.66, 4.40, 4.65, 4.45, 4.52, 4.57, 4.63, 4.54, 4.66, 4.66, 4.30, 4.59, 4.43, 4.31],
  xi_128 = [4.34, 4.28, 4.48, 4.38, 4.46, 4.40, 4.69, 4.43, 4.68, 4.48, 4.55, 4.60, 4.66, 4.56, 4.69, 4.69, 4.33, 4.62, 4.46, 4.34],
  xi_129 = [4.11, 4.05, 4.24, 4.15, 4.22, 4.16, 4.43, 4.19, 4.43, 4.24, 4.31, 4.35, 4.41, 4.32, 4.43, 4.44, 4.10, 4.37, 4.22, 4.10],
  xi_1210 = [4.07, 4.01, 4.20, 4.11, 4.18, 4.12, 4.39, 4.15, 4.39, 4.19, 4.26, 4.31, 4.36, 4.28, 4.39, 4.39, 4.06, 4.33, 4.18, 4.06],
  xi_131 = [11.97, 11.78, 12.36, 12.08, 12.29, 12.13, 12.92, 12.21, 12.90, 12.34, 12.54, 12.68, 12.84, 12.58, 12.91, 12.92, 11.94, 12.72, 12.28, 11.95],
  xi_132 = [12.08, 11.89, 12.47, 12.19, 12.40, 12.24, 13.03, 12.32, 13.02, 12.45, 12.66, 12.79, 12.95, 12.69, 13.03, 13.04, 12.04, 12.84, 12.39, 12.06],
  xi_133 = [11.76, 11.58, 12.14, 11.87, 12.07, 11.92, 12.69, 12.00, 12.68, 12.12, 12.33, 12.46, 12.62, 12.36, 12.69, 12.70, 11.73, 12.50, 12.07, 11.74],
  xi_134 = [12.32, 12.13, 12.72, 12.44, 12.65, 12.48, 13.30, 12.57, 13.28, 12.70, 12.91, 13.05, 13.21, 12.95, 13.29, 13.30, 12.29, 13.10, 12.64, 12.30],
  xi_135 = [11.75, 11.56, 12.13, 11.86, 12.06, 11.90, 12.68, 11.98, 12.66, 12.11, 12.31, 12.44, 12.60, 12.34, 12.67, 12.68, 11.71, 12.49, 12.05, 11.72],
  xi_136 = [11.96, 11.78, 12.35, 12.08, 12.28, 12.12, 12.91, 12.21, 12.89, 12.33, 12.54, 12.67, 12.83, 12.57, 12.90, 12.91, 11.93, 12.72, 12.28, 11.94],
  xi_137 = [12.62, 12.42, 13.03, 12.74, 12.95, 12.79, 13.62, 12.88, 13.60, 13.01, 13.23, 13.37, 13.54, 13.26, 13.61, 13.62, 12.59, 13.42, 12.95, 12.60],
  xi_138 = [12.70, 12.50, 13.11, 12.82, 13.03, 12.87, 13.70, 12.96, 13.68, 13.09, 13.31, 13.45, 13.62, 13.34, 13.70, 13.71, 12.66, 13.50, 13.03, 12.67],
  xi_139 = [12.02, 11.83, 12.40, 12.13, 12.33, 12.17, 12.96, 12.26, 12.95, 12.38, 12.59, 12.72, 12.89, 12.62, 12.96, 12.97, 11.98, 12.77, 12.33, 11.99],
  xi_1310 = [11.90, 11.71, 12.28, 12.01, 12.21, 12.06, 12.84, 12.14, 12.82, 12.26, 12.47, 12.60, 12.76, 12.50, 12.84, 12.84, 11.87, 12.65, 12.21, 11.88],
  xi_141 = [6.00, 5.91, 6.19, 6.06, 6.16, 6.08, 6.47, 6.12, 6.47, 6.18, 6.29, 6.35, 6.43, 6.30, 6.47, 6.48, 5.98, 6.38, 6.16, 5.99],
  xi_142 = [6.05, 5.96, 6.25, 6.11, 6.21, 6.13, 6.53, 6.18, 6.52, 6.24, 6.34, 6.41, 6.49, 6.36, 6.53, 6.53, 6.04, 6.43, 6.21, 6.04],
  xi_143 = [5.90, 5.80, 6.09, 5.95, 6.05, 5.97, 6.36, 6.01, 6.35, 6.08, 6.18, 6.24, 6.32, 6.19, 6.36, 6.36, 5.88, 6.27, 6.05, 5.88],
  xi_144 = [6.18, 6.08, 6.38, 6.23, 6.34, 6.26, 6.66, 6.30, 6.65, 6.37, 6.47, 6.54, 6.62, 6.49, 6.66, 6.67, 6.16, 6.56, 6.34, 6.16],
  xi_145 = [5.89, 5.80, 6.08, 5.94, 6.04, 5.96, 6.35, 6.01, 6.34, 6.07, 6.17, 6.23, 6.31, 6.19, 6.35, 6.36, 5.87, 6.26, 6.04, 5.88],
  xi_146 = [6.00, 5.90, 6.19, 6.05, 6.15, 6.07, 6.47, 6.12, 6.46, 6.18, 6.28, 6.35, 6.43, 6.30, 6.47, 6.47, 5.98, 6.37, 6.15, 5.98],
  xi_147 = [6.33, 6.23, 6.53, 6.38, 6.49, 6.41, 6.83, 6.45, 6.82, 6.52, 6.63, 6.70, 6.78, 6.65, 6.82, 6.83, 6.31, 6.72, 6.49, 6.31],
  xi_148 = [6.36, 6.26, 6.57, 6.42, 6.53, 6.45, 6.87, 6.49, 6.86, 6.56, 6.67, 6.74, 6.83, 6.69, 6.86, 6.87, 6.35, 6.76, 6.53, 6.35],
  xi_149 = [6.02, 5.93, 6.22, 6.08, 6.18, 6.10, 6.50, 6.14, 6.49, 6.21, 6.31, 6.38, 6.46, 6.33, 6.50, 6.50, 6.00, 6.40, 6.18, 6.01],
  xi_1410 = [5.96, 5.87, 6.16, 6.02, 6.12, 6.04, 6.43, 6.08, 6.43, 6.15, 6.25, 6.32, 6.40, 6.27, 6.43, 6.44, 5.95, 6.34, 6.12, 5.95],
  xi_151 = [6.19, 6.09, 6.39, 6.25, 6.35, 6.27, 6.68, 6.31, 6.67, 6.38, 6.49, 6.55, 6.64, 6.50, 6.68, 6.68, 6.17, 6.58, 6.35, 6.18],
  xi_152 = [6.25, 6.15, 6.45, 6.30, 6.41, 6.33, 6.74, 6.37, 6.73, 6.44, 6.54, 6.61, 6.70, 6.56, 6.74, 6.74, 6.23, 6.64, 6.41, 6.23],
  xi_153 = [6.08, 5.99, 6.28, 6.14, 6.24, 6.16, 6.56, 6.20, 6.55, 6.27, 6.37, 6.44, 6.52, 6.39, 6.56, 6.56, 6.06, 6.46, 6.24, 6.07],
  xi_154 = [6.37, 6.27, 6.58, 6.43, 6.54, 6.45, 6.87, 6.50, 6.86, 6.57, 6.68, 6.75, 6.83, 6.69, 6.87, 6.88, 6.35, 6.77, 6.54, 6.36],
  xi_155 = [6.07, 5.98, 6.27, 6.13, 6.23, 6.15, 6.55, 6.20, 6.54, 6.26, 6.36, 6.43, 6.51, 6.38, 6.55, 6.56, 6.06, 6.46, 6.23, 6.06],
  xi_156 = [6.19, 6.09, 6.39, 6.24, 6.35, 6.27, 6.67, 6.31, 6.67, 6.38, 6.48, 6.55, 6.63, 6.50, 6.67, 6.68, 6.17, 6.57, 6.35, 6.17],
  xi_157 = [6.53, 6.42, 6.74, 6.59, 6.70, 6.61, 7.04, 6.66, 7.03, 6.73, 6.84, 6.91, 7.00, 6.86, 7.04, 7.04, 6.51, 6.94, 6.70, 6.51],
  xi_158 = [6.57, 6.46, 6.78, 6.63, 6.74, 6.65, 7.08, 6.70, 7.07, 6.77, 6.88, 6.95, 7.04, 6.90, 7.08, 7.09, 6.55, 6.98, 6.74, 6.55],
  xi_159 = [6.21, 6.11, 6.41, 6.27, 6.38, 6.29, 6.70, 6.34, 6.69, 6.40, 6.51, 6.58, 6.66, 6.53, 6.70, 6.71, 6.19, 6.60, 6.37, 6.20],
  xi_1510 = [6.15, 6.06, 6.35, 6.21, 6.31, 6.23, 6.64, 6.28, 6.63, 6.34, 6.45, 6.52, 6.60, 6.46, 6.64, 6.64, 6.13, 6.54, 6.31, 6.14],
  xi_161 = [7.01, 6.90, 7.24, 7.08, 7.20, 7.11, 7.57, 7.16, 7.56, 7.23, 7.35, 7.43, 7.52, 7.37, 7.57, 7.57, 6.99, 7.46, 7.20, 7.00],
  xi_162 = [7.08, 6.97, 7.31, 7.14, 7.26, 7.17, 7.64, 7.22, 7.63, 7.29, 7.42, 7.49, 7.59, 7.44, 7.63, 7.64, 7.06, 7.52, 7.26, 7.06],
  xi_163 = [6.89, 6.78, 7.12, 6.96, 7.07, 6.98, 7.44, 7.03, 7.43, 7.10, 7.22, 7.30, 7.39, 7.24, 7.43, 7.44, 6.87, 7.33, 7.07, 6.88],
  xi_164 = [7.22, 7.11, 7.45, 7.29, 7.41, 7.31, 7.79, 7.37, 7.78, 7.44, 7.56, 7.65, 7.74, 7.59, 7.79, 7.79, 7.20, 7.67, 7.41, 7.21],
  xi_165 = [6.88, 6.78, 7.11, 6.95, 7.06, 6.97, 7.43, 7.02, 7.42, 7.09, 7.21, 7.29, 7.38, 7.23, 7.42, 7.43, 6.86, 7.32, 7.06, 6.87],
  xi_166 = [7.01, 6.90, 7.24, 7.07, 7.19, 7.10, 7.56, 7.15, 7.55, 7.22, 7.34, 7.42, 7.52, 7.36, 7.56, 7.57, 6.99, 7.45, 7.19, 7.00],
  xi_167 = [7.40, 7.28, 7.63, 7.46, 7.59, 7.49, 7.98, 7.54, 7.97, 7.62, 7.75, 7.83, 7.93, 7.77, 7.98, 7.98, 7.37, 7.86, 7.59, 7.38],
  xi_168 = [7.44, 7.32, 7.68, 7.51, 7.64, 7.54, 8.03, 7.59, 8.02, 7.67, 7.80, 7.88, 7.98, 7.82, 8.03, 8.03, 7.42, 7.91, 7.63, 7.43],
  xi_169 = [7.04, 6.93, 7.27, 7.11, 7.23, 7.13, 7.60, 7.18, 7.59, 7.26, 7.38, 7.46, 7.55, 7.40, 7.59, 7.60, 7.02, 7.48, 7.22, 7.03],
  xi_1610 = [6.97, 6.86, 7.20, 7.04, 7.16, 7.06, 7.52, 7.11, 7.51, 7.19, 7.31, 7.38, 7.48, 7.33, 7.52, 7.53, 6.95, 7.41, 7.15, 6.96],
  xi_171 = [8.64, 8.51, 8.92, 8.73, 8.87, 8.76, 9.33, 8.82, 9.32, 8.91, 9.06, 9.15, 9.27, 9.08, 9.32, 9.33, 8.62, 9.19, 8.87, 8.63],
  xi_172 = [8.72, 8.59, 9.00, 8.80, 8.95, 8.84, 9.41, 8.90, 9.40, 8.99, 9.14, 9.24, 9.35, 9.16, 9.41, 9.41, 8.70, 9.27, 8.95, 8.71],
  xi_173 = [8.49, 8.36, 8.77, 8.57, 8.72, 8.61, 9.16, 8.67, 9.15, 8.75, 8.90, 8.99, 9.11, 8.92, 9.16, 9.17, 8.47, 9.03, 8.72, 8.48],
  xi_174 = [8.90, 8.76, 9.19, 8.98, 9.13, 9.01, 9.60, 9.08, 9.59, 9.17, 9.32, 9.42, 9.54, 9.35, 9.60, 9.60, 8.87, 9.46, 9.13, 8.88],
  xi_175 = [8.48, 8.35, 8.76, 8.56, 8.71, 8.59, 9.15, 8.65, 9.14, 8.74, 8.89, 8.98, 9.10, 8.91, 9.15, 9.16, 8.46, 9.02, 8.70, 8.47],
  xi_176 = [8.64, 8.50, 8.92, 8.72, 8.87, 8.75, 9.32, 8.81, 9.31, 8.90, 9.05, 9.15, 9.26, 9.08, 9.32, 9.32, 8.61, 9.18, 8.86, 8.62],
  xi_177 = [9.11, 8.97, 9.41, 9.20, 9.35, 9.23, 9.83, 9.30, 9.82, 9.39, 9.55, 9.65, 9.77, 9.58, 9.83, 9.84, 9.09, 9.69, 9.35, 9.10],
  xi_178 = [9.17, 9.03, 9.47, 9.26, 9.41, 9.29, 9.89, 9.35, 9.88, 9.45, 9.61, 9.71, 9.83, 9.63, 9.89, 9.90, 9.14, 9.75, 9.41, 9.15],
  xi_179 = [8.68, 8.54, 8.96, 8.76, 8.90, 8.79, 9.36, 8.85, 9.35, 8.94, 9.09, 9.19, 9.30, 9.12, 9.36, 9.37, 8.65, 9.22, 8.90, 8.66],
  xi_1710 = [8.59, 8.46, 8.87, 8.67, 8.82, 8.71, 9.27, 8.77, 9.26, 8.86, 9.00, 9.10, 9.21, 9.03, 9.27, 9.27, 8.57, 9.13, 8.82, 8.58],
  xi_181 = [6.57, 6.47, 6.78, 6.63, 6.74, 6.66, 7.09, 6.70, 7.08, 6.77, 6.88, 6.96, 7.04, 6.90, 7.09, 7.09, 6.55, 6.98, 6.74, 6.56],
  xi_182 = [6.63, 6.52, 6.84, 6.69, 6.80, 6.71, 7.15, 6.76, 7.14, 6.83, 6.94, 7.02, 7.11, 6.96, 7.15, 7.15, 6.61, 7.04, 6.80, 6.61],
  xi_183 = [6.45, 6.35, 6.66, 6.51, 6.62, 6.54, 6.96, 6.58, 6.95, 6.65, 6.76, 6.84, 6.92, 6.78, 6.96, 6.97, 6.44, 6.86, 6.62, 6.44],
  xi_184 = [6.76, 6.66, 6.98, 6.82, 6.94, 6.85, 7.30, 6.90, 7.29, 6.97, 7.08, 7.16, 7.25, 7.10, 7.29, 7.30, 6.74, 7.19, 6.94, 6.75],
  xi_185 = [6.45, 6.34, 6.65, 6.51, 6.62, 6.53, 6.95, 6.58, 6.95, 6.64, 6.75, 6.83, 6.91, 6.77, 6.95, 6.96, 6.43, 6.85, 6.61, 6.43],
  xi_186 = [6.56, 6.46, 6.78, 6.63, 6.74, 6.65, 7.08, 6.70, 7.07, 6.77, 6.88, 6.95, 7.04, 6.90, 7.08, 7.09, 6.55, 6.98, 6.74, 6.55],
  xi_187 = [6.93, 6.82, 7.15, 6.99, 7.11, 7.02, 7.47, 7.07, 7.46, 7.14, 7.26, 7.33, 7.43, 7.28, 7.47, 7.48, 6.91, 7.36, 7.11, 6.91],
  xi_188 = [6.97, 6.86, 7.19, 7.03, 7.15, 7.06, 7.52, 7.11, 7.51, 7.18, 7.30, 7.38, 7.47, 7.32, 7.52, 7.52, 6.95, 7.41, 7.15, 6.95],
  xi_189 = [6.59, 6.49, 6.81, 6.65, 6.77, 6.68, 7.11, 6.73, 7.10, 6.80, 6.91, 6.98, 7.07, 6.93, 7.11, 7.12, 6.57, 7.01, 6.77, 6.58],
  xi_1810 = [6.53, 6.43, 6.74, 6.59, 6.70, 6.61, 7.04, 6.66, 7.04, 6.73, 6.84, 6.91, 7.00, 6.86, 7.04, 7.05, 6.51, 6.94, 6.70, 6.52],
  xi_191 = [3.96, 3.90, 4.09, 4.00, 4.07, 4.01, 4.28, 4.04, 4.27, 4.08, 4.15, 4.20, 4.25, 4.16, 4.27, 4.28, 3.95, 4.21, 4.07, 3.95],
  xi_192 = [4.00, 3.93, 4.13, 4.03, 4.10, 4.05, 4.31, 4.08, 4.31, 4.12, 4.19, 4.23, 4.29, 4.20, 4.31, 4.31, 3.99, 4.25, 4.10, 3.99],
  xi_193 = [3.89, 3.83, 4.02, 3.93, 4.00, 3.94, 4.20, 3.97, 4.20, 4.01, 4.08, 4.12, 4.18, 4.09, 4.20, 4.20, 3.88, 4.14, 3.99, 3.89],
  xi_194 = [4.08, 4.01, 4.21, 4.12, 4.19, 4.13, 4.40, 4.16, 4.39, 4.20, 4.27, 4.32, 4.37, 4.28, 4.40, 4.40, 4.07, 4.33, 4.18, 4.07],
  xi_195 = [3.89, 3.83, 4.01, 3.92, 3.99, 3.94, 4.19, 3.97, 4.19, 4.01, 4.07, 4.12, 4.17, 4.08, 4.19, 4.20, 3.88, 4.13, 3.99, 3.88],
  xi_196 = [3.96, 3.90, 4.09, 4.00, 4.06, 4.01, 4.27, 4.04, 4.27, 4.08, 4.15, 4.19, 4.25, 4.16, 4.27, 4.27, 3.95, 4.21, 4.06, 3.95],
  xi_197 = [4.18, 4.11, 4.31, 4.22, 4.29, 4.23, 4.51, 4.26, 4.50, 4.31, 4.38, 4.42, 4.48, 4.39, 4.51, 4.51, 4.17, 4.44, 4.29, 4.17],
  xi_198 = [4.20, 4.14, 4.34, 4.24, 4.31, 4.26, 4.53, 4.29, 4.53, 4.33, 4.40, 4.45, 4.51, 4.42, 4.53, 4.54, 4.19, 4.47, 4.31, 4.19],
  xi_199 = [3.98, 3.91, 4.11, 4.01, 4.08, 4.03, 4.29, 4.06, 4.29, 4.10, 4.17, 4.21, 4.26, 4.18, 4.29, 4.29, 3.97, 4.23, 4.08, 3.97],
  xi_1910 = [3.94, 3.88, 4.07, 3.97, 4.04, 3.99, 4.25, 4.02, 4.24, 4.06, 4.13, 4.17, 4.22, 4.14, 4.25, 4.25, 3.93, 4.19, 4.04, 3.93],
  xi_201 = [2.11, 2.08, 2.18, 2.13, 2.17, 2.14, 2.28, 2.16, 2.28, 2.18, 2.21, 2.24, 2.27, 2.22, 2.28, 2.28, 2.11, 2.25, 2.17, 2.11],
  xi_202 = [2.13, 2.10, 2.20, 2.15, 2.19, 2.16, 2.30, 2.18, 2.30, 2.20, 2.23, 2.26, 2.29, 2.24, 2.30, 2.30, 2.13, 2.27, 2.19, 2.13],
  xi_203 = [2.08, 2.04, 2.14, 2.10, 2.13, 2.10, 2.24, 2.12, 2.24, 2.14, 2.18, 2.20, 2.23, 2.18, 2.24, 2.24, 2.07, 2.21, 2.13, 2.07],
  xi_204 = [2.18, 2.14, 2.25, 2.20, 2.23, 2.20, 2.35, 2.22, 2.34, 2.24, 2.28, 2.30, 2.33, 2.29, 2.35, 2.35, 2.17, 2.31, 2.23, 2.17],
  xi_205 = [2.07, 2.04, 2.14, 2.09, 2.13, 2.10, 2.24, 2.12, 2.24, 2.14, 2.17, 2.20, 2.22, 2.18, 2.24, 2.24, 2.07, 2.20, 2.13, 2.07],
  xi_206 = [2.11, 2.08, 2.18, 2.13, 2.17, 2.14, 2.28, 2.16, 2.28, 2.18, 2.21, 2.24, 2.27, 2.22, 2.28, 2.28, 2.11, 2.25, 2.17, 2.11],
  xi_207 = [2.23, 2.19, 2.30, 2.25, 2.29, 2.26, 2.40, 2.27, 2.40, 2.30, 2.34, 2.36, 2.39, 2.34, 2.40, 2.41, 2.22, 2.37, 2.29, 2.22],
  xi_208 = [2.24, 2.21, 2.31, 2.26, 2.30, 2.27, 2.42, 2.29, 2.42, 2.31, 2.35, 2.37, 2.40, 2.36, 2.42, 2.42, 2.24, 2.38, 2.30, 2.24],
  xi_209 = [2.12, 2.09, 2.19, 2.14, 2.18, 2.15, 2.29, 2.16, 2.29, 2.19, 2.22, 2.25, 2.28, 2.23, 2.29, 2.29, 2.12, 2.25, 2.18, 2.12],
  xi_2010 = [2.10, 2.07, 2.17, 2.12, 2.16, 2.13, 2.27, 2.14, 2.26, 2.17, 2.20, 2.22, 2.25, 2.21, 2.27, 2.27, 2.10, 2.23, 2.16, 2.10],
]

Transportation Costs (cjk) = [
  [8.61, 9.62, 8.52, 8.70, 9.64, 9.69, 9.49, 9.66, 8.83, 8.97],
  [13.37, 14.94, 13.23, 13.50, 14.96, 15.03, 14.72, 14.99, 13.71, 13.93],
  [5.10, 5.69, 5.04, 5.15, 5.70, 5.73, 5.61, 5.72, 5.23, 5.31],
  [14.06, 15.71, 13.91, 14.20, 15.73, 15.81, 15.48, 15.76, 14.42, 14.64],
  [10.68, 11.93, 10.57, 10.79, 11.95, 12.01, 11.76, 11.98, 10.95, 11.12],
  [5.62, 6.28, 5.57, 5.68, 6.29, 6.32, 6.19, 6.31, 5.77, 5.86],
  [5.83, 6.52, 5.77, 5.89, 6.53, 6.56, 6.42, 6.54, 5.98, 6.08],
  [10.75, 12.01, 10.64, 10.86, 12.03, 12.09, 11.84, 12.06, 11.03, 11.20],
  [10.55, 11.79, 10.44, 10.66, 11.81, 11.87, 11.62, 11.83, 10.82, 10.99],
  [6.61, 7.38, 6.54, 6.67, 7.39, 7.43, 7.28, 7.41, 6.78, 6.88],
  [10.15, 11.35, 10.05, 10.26, 11.37, 11.42, 11.18, 11.39, 10.41, 10.58],
  [8.66, 9.68, 8.57, 8.75, 9.69, 9.74, 9.54, 9.71, 8.88, 9.02],
  [6.91, 7.73, 6.84, 6.99, 7.74, 7.78, 7.62, 7.75, 7.09, 7.20],
  [10.73, 11.99, 10.62, 10.84, 12.01, 12.06, 11.82, 12.03, 11.00, 11.18],
  [8.43, 9.42, 8.34, 8.51, 9.43, 9.48, 9.28, 9.45, 8.64, 8.78],
  [7.08, 7.91, 7.00, 7.15, 7.92, 7.96, 7.79, 7.93, 7.26, 7.37],
  [5.86, 6.55, 5.80, 5.92, 6.56, 6.59, 6.45, 6.57, 6.01, 6.10],
  [7.84, 8.77, 7.77, 7.92, 8.78, 8.82, 8.64, 8.80, 8.05, 8.17],
  [10.26, 11.46, 10.15, 10.36, 11.48, 11.54, 11.30, 11.50, 10.52, 10.68],
  [9.07, 10.13, 8.98, 9.16, 10.15, 10.20, 9.99, 10.17, 9.30, 9.45],
]

Mean Service Times (mu_{jk}) = [
  mu_11 = [6.17],
  mu_12 = [6.23],
  mu_13 = [6.07],
  mu_14 = [6.36],
  mu_15 = [6.06],
  mu_16 = [6.17],
  mu_17 = [6.51],
  mu_18 = [6.55],
  mu_19 = [6.20],
  mu_110 = [6.14],
  mu_21 = [11.43],
  mu_22 = [11.54],
  mu_23 = [11.24],
  mu_24 = [11.77],
  mu_25 = [11.22],
  mu_26 = [11.43],
  mu_27 = [12.06],
  mu_28 = [12.13],
  mu_29 = [11.48],
  mu_210 = [11.37],
  mu_31 = [24.04],
  mu_32 = [24.25],
  mu_33 = [23.62],
  mu_34 = [24.74],
  mu_35 = [23.59],
  mu_36 = [24.02],
  mu_37 = [25.34],
  mu_38 = [25.50],
  mu_39 = [24.13],
  mu_310 = [23.89],
  mu_41 = [4.16],
  mu_42 = [4.20],
  mu_43 = [4.09],
  mu_44 = [4.28],
  mu_45 = [4.08],
  mu_46 = [4.16],
  mu_47 = [4.38],
  mu_48 = [4.41],
  mu_49 = [4.17],
  mu_410 = [4.13],
  mu_51 = [0.10],
  mu_52 = [0.10],
  mu_53 = [0.10],
  mu_54 = [0.10],
  mu_55 = [0.10],
  mu_56 = [0.10],
  mu_57 = [0.10],
  mu_58 = [0.10],
  mu_59 = [0.10],
  mu_510 = [0.10],
  mu_61 = [0.10],
  mu_62 = [0.10],
  mu_63 = [0.10],
  mu_64 = [0.10],
  mu_65 = [0.10],
  mu_66 = [0.10],
  mu_67 = [0.10],
  mu_68 = [0.10],
  mu_69 = [0.10],
  mu_610 = [0.10],
  mu_71 = [24.51],
  mu_72 = [24.73],
  mu_73 = [24.08],
  mu_74 = [25.23],
  mu_75 = [24.05],
  mu_76 = [24.49],
  mu_77 = [25.84],
  mu_78 = [26.00],
  mu_79 = [24.60],
  mu_710 = [24.36],
  mu_81 = [14.01],
  mu_82 = [14.14],
  mu_83 = [13.77],
  mu_84 = [14.42],
  mu_85 = [13.75],
  mu_86 = [14.00],
  mu_87 = [14.77],
  mu_88 = [14.86],
  mu_89 = [14.06],
  mu_810 = [13.93],
  mu_91 = [10.47],
  mu_92 = [10.56],
  mu_93 = [10.29],
  mu_94 = [10.78],
  mu_95 = [10.27],
  mu_96 = [10.46],
  mu_97 = [11.04],
  mu_98 = [11.11],
  mu_99 = [10.51],
  mu_910 = [10.41],
  mu_101 = [3.74],
  mu_102 = [3.77],
  mu_103 = [3.67],
  mu_104 = [3.85],
  mu_105 = [3.67],
  mu_106 = [3.73],
  mu_107 = [3.94],
  mu_108 = [3.96],
  mu_109 = [3.75],
  mu_1010 = [3.71],
  mu_111 = [0.10],
  mu_112 = [0.10],
  mu_113 = [0.10],
  mu_114 = [0.10],
  mu_115 = [0.10],
  mu_116 = [0.10],
  mu_117 = [0.10],
  mu_118 = [0.10],
  mu_119 = [0.10],
  mu_1110 = [0.10],
  mu_121 = [4.25],
  mu_122 = [4.29],
  mu_123 = [4.17],
  mu_124 = [4.37],
  mu_125 = [4.17],
  mu_126 = [4.24],
  mu_127 = [4.48],
  mu_128 = [4.51],
  mu_129 = [4.26],
  mu_1210 = [4.22],
  mu_131 = [12.42],
  mu_132 = [12.53],
  mu_133 = [12.20],
  mu_134 = [12.78],
  mu_135 = [12.19],
  mu_136 = [12.41],
  mu_137 = [13.09],
  mu_138 = [13.17],
  mu_139 = [12.46],
  mu_1310 = [12.34],
  mu_141 = [6.22],
  mu_142 = [6.28],
  mu_143 = [6.12],
  mu_144 = [6.41],
  mu_145 = [6.11],
  mu_146 = [6.22],
  mu_147 = [6.56],
  mu_148 = [6.60],
  mu_149 = [6.25],
  mu_1410 = [6.19],
  mu_151 = [6.42],
  mu_152 = [6.48],
  mu_153 = [6.31],
  mu_154 = [6.61],
  mu_155 = [6.30],
  mu_156 = [6.42],
  mu_157 = [6.77],
  mu_158 = [6.81],
  mu_159 = [6.44],
  mu_1510 = [6.38],
  mu_161 = [7.28],
  mu_162 = [7.34],
  mu_163 = [7.15],
  mu_164 = [7.49],
  mu_165 = [7.14],
  mu_166 = [7.27],
  mu_167 = [7.67],
  mu_168 = [7.72],
  mu_169 = [7.30],
  mu_1610 = [7.23],
  mu_171 = [8.97],
  mu_172 = [9.05],
  mu_173 = [8.81],
  mu_174 = [9.23],
  mu_175 = [8.80],
  mu_176 = [8.96],
  mu_177 = [9.45],
  mu_178 = [9.51],
  mu_179 = [9.00],
  mu_1710 = [8.91],
  mu_181 = [6.81],
  mu_182 = [6.87],
  mu_183 = [6.69],
  mu_184 = [7.01],
  mu_185 = [6.69],
  mu_186 = [6.81],
  mu_187 = [7.18],
  mu_188 = [7.23],
  mu_189 = [6.84],
  mu_1810 = [6.77],
  mu_191 = [4.11],
  mu_192 = [4.15],
  mu_193 = [4.04],
  mu_194 = [4.23],
  mu_195 = [4.03],
  mu_196 = [4.11],
  mu_197 = [4.33],
  mu_198 = [4.36],
  mu_199 = [4.12],
  mu_1910 = [4.08],
  mu_201 = [2.19],
  mu_202 = [2.21],
  mu_203 = [2.15],
  mu_204 = [2.26],
  mu_205 = [2.15],
  mu_206 = [2.19],
  mu_207 = [2.31],
  mu_208 = [2.33],
  mu_209 = [2.20],
  mu_2010 = [2.18],
]

Mean Transportation Times (tau_{jk}) = [
  tau_11 = [7.84],
  tau_12 = [7.77],
  tau_13 = [7.56],
  tau_14 = [7.55],
  tau_15 = [7.54],
  tau_16 = [7.57],
  tau_17 = [7.97],
  tau_18 = [7.71],
  tau_19 = [7.68],
  tau_110 = [7.71],
  tau_21 = [3.76],
  tau_22 = [3.73],
  tau_23 = [3.63],
  tau_24 = [3.62],
  tau_25 = [3.62],
  tau_26 = [3.63],
  tau_27 = [3.83],
  tau_28 = [3.70],
  tau_29 = [3.68],
  tau_210 = [3.70],
  tau_31 = [7.82],
  tau_32 = [7.75],
  tau_33 = [7.54],
  tau_34 = [7.53],
  tau_35 = [7.52],
  tau_36 = [7.55],
  tau_37 = [7.95],
  tau_38 = [7.69],
  tau_39 = [7.66],
  tau_310 = [7.69],
  tau_41 = [17.92],
  tau_42 = [17.78],
  tau_43 = [17.28],
  tau_44 = [17.26],
  tau_45 = [17.25],
  tau_46 = [17.30],
  tau_47 = [18.22],
  tau_48 = [17.63],
  tau_49 = [17.55],
  tau_410 = [17.64],
  tau_51 = [23.80],
  tau_52 = [23.60],
  tau_53 = [22.95],
  tau_54 = [22.93],
  tau_55 = [22.90],
  tau_56 = [22.97],
  tau_57 = [24.20],
  tau_58 = [23.41],
  tau_59 = [23.31],
  tau_510 = [23.42],
  tau_61 = [6.09],
  tau_62 = [6.04],
  tau_63 = [5.87],
  tau_64 = [5.87],
  tau_65 = [5.86],
  tau_66 = [5.88],
  tau_67 = [6.19],
  tau_68 = [5.99],
  tau_69 = [5.96],
  tau_610 = [5.99],
  tau_71 = [1.06],
  tau_72 = [1.05],
  tau_73 = [1.02],
  tau_74 = [1.02],
  tau_75 = [1.02],
  tau_76 = [1.03],
  tau_77 = [1.08],
  tau_78 = [1.04],
  tau_79 = [1.04],
  tau_710 = [1.05],
  tau_81 = [3.22],
  tau_82 = [3.19],
  tau_83 = [3.10],
  tau_84 = [3.10],
  tau_85 = [3.10],
  tau_86 = [3.10],
  tau_87 = [3.27],
  tau_88 = [3.16],
  tau_89 = [3.15],
  tau_810 = [3.17],
  tau_91 = [18.99],
  tau_92 = [18.84],
  tau_93 = [18.31],
  tau_94 = [18.30],
  tau_95 = [18.28],
  tau_96 = [18.33],
  tau_97 = [19.31],
  tau_98 = [18.68],
  tau_99 = [18.60],
  tau_910 = [18.69],
  tau_101 = [18.56],
  tau_102 = [18.41],
  tau_103 = [17.89],
  tau_104 = [17.88],
  tau_105 = [17.86],
  tau_106 = [17.91],
  tau_107 = [18.87],
  tau_108 = [18.26],
  tau_109 = [18.18],
  tau_1010 = [18.26],
  tau_111 = [22.83],
  tau_112 = [22.64],
  tau_113 = [22.01],
  tau_114 = [21.99],
  tau_115 = [21.97],
  tau_116 = [22.03],
  tau_117 = [23.21],
  tau_118 = [22.46],
  tau_119 = [22.36],
  tau_1110 = [22.46],
  tau_121 = [2.95],
  tau_122 = [2.93],
  tau_123 = [2.85],
  tau_124 = [2.84],
  tau_125 = [2.84],
  tau_126 = [2.85],
  tau_127 = [3.00],
  tau_128 = [2.91],
  tau_129 = [2.89],
  tau_1210 = [2.91],
  tau_131 = [10.59],
  tau_132 = [10.50],
  tau_133 = [10.21],
  tau_134 = [10.20],
  tau_135 = [10.19],
  tau_136 = [10.22],
  tau_137 = [10.77],
  tau_138 = [10.42],
  tau_139 = [10.37],
  tau_1310 = [10.42],
  tau_141 = [23.64],
  tau_142 = [23.44],
  tau_143 = [22.79],
  tau_144 = [22.77],
  tau_145 = [22.75],
  tau_146 = [22.81],
  tau_147 = [24.04],
  tau_148 = [23.25],
  tau_149 = [23.15],
  tau_1410 = [23.26],
  tau_151 = [12.06],
  tau_152 = [11.96],
  tau_153 = [11.62],
  tau_154 = [11.61],
  tau_155 = [11.60],
  tau_156 = [11.64],
  tau_157 = [12.26],
  tau_158 = [11.86],
  tau_159 = [11.81],
  tau_1510 = [11.86],
  tau_161 = [7.06],
  tau_162 = [7.00],
  tau_163 = [6.81],
  tau_164 = [6.80],
  tau_165 = [6.79],
  tau_166 = [6.81],
  tau_167 = [7.18],
  tau_168 = [6.94],
  tau_169 = [6.91],
  tau_1610 = [6.95],
  tau_171 = [17.32],
  tau_172 = [17.18],
  tau_173 = [16.71],
  tau_174 = [16.69],
  tau_175 = [16.67],
  tau_176 = [16.72],
  tau_177 = [17.62],
  tau_178 = [17.04],
  tau_179 = [16.97],
  tau_1710 = [17.05],
  tau_181 = [8.39],
  tau_182 = [8.33],
  tau_183 = [8.09],
  tau_184 = [8.09],
  tau_185 = [8.08],
  tau_186 = [8.10],
  tau_187 = [8.54],
  tau_188 = [8.26],
  tau_189 = [8.22],
  tau_1810 = [8.26],
  tau_191 = [11.90],
  tau_192 = [11.81],
  tau_193 = [11.48],
  tau_194 = [11.47],
  tau_195 = [11.46],
  tau_196 = [11.49],
  tau_197 = [12.11],
  tau_198 = [11.71],
  tau_199 = [11.66],
  tau_1910 = [11.71],
  tau_201 = [1.08],
  tau_202 = [1.07],
  tau_203 = [1.04],
  tau_204 = [1.04],
  tau_205 = [1.04],
  tau_206 = [1.04],
  tau_207 = [1.10],
  tau_208 = [1.06],
  tau_209 = [1.06],
  tau_2010 = [1.06],
]

Epsilon + mu_{jk} = [
  epsilon_plus_mu_11 = [9.26],
  epsilon_plus_mu_12 = [9.34],
  epsilon_plus_mu_13 = [9.10],
  epsilon_plus_mu_14 = [9.53],
  epsilon_plus_mu_15 = [9.09],
  epsilon_plus_mu_16 = [9.26],
  epsilon_plus_mu_17 = [9.76],
  epsilon_plus_mu_18 = [9.82],
  epsilon_plus_mu_19 = [9.30],
  epsilon_plus_mu_110 = [9.21],
  epsilon_plus_mu_21 = [17.15],
  epsilon_plus_mu_22 = [17.31],
  epsilon_plus_mu_23 = [16.85],
  epsilon_plus_mu_24 = [17.65],
  epsilon_plus_mu_25 = [16.83],
  epsilon_plus_mu_26 = [17.14],
  epsilon_plus_mu_27 = [18.08],
  epsilon_plus_mu_28 = [18.19],
  epsilon_plus_mu_29 = [17.21],
  epsilon_plus_mu_210 = [17.05],
  epsilon_plus_mu_31 = [36.06],
  epsilon_plus_mu_32 = [36.38],
  epsilon_plus_mu_33 = [35.43],
  epsilon_plus_mu_34 = [37.11],
  epsilon_plus_mu_35 = [35.38],
  epsilon_plus_mu_36 = [36.03],
  epsilon_plus_mu_37 = [38.02],
  epsilon_plus_mu_38 = [38.25],
  epsilon_plus_mu_39 = [36.19],
  epsilon_plus_mu_310 = [35.84],
  epsilon_plus_mu_41 = [6.24],
  epsilon_plus_mu_42 = [6.29],
  epsilon_plus_mu_43 = [6.13],
  epsilon_plus_mu_44 = [6.42],
  epsilon_plus_mu_45 = [6.12],
  epsilon_plus_mu_46 = [6.23],
  epsilon_plus_mu_47 = [6.58],
  epsilon_plus_mu_48 = [6.62],
  epsilon_plus_mu_49 = [6.26],
  epsilon_plus_mu_410 = [6.20],
  epsilon_plus_mu_51 = [0.15],
  epsilon_plus_mu_52 = [0.15],
  epsilon_plus_mu_53 = [0.15],
  epsilon_plus_mu_54 = [0.15],
  epsilon_plus_mu_55 = [0.15],
  epsilon_plus_mu_56 = [0.15],
  epsilon_plus_mu_57 = [0.16],
  epsilon_plus_mu_58 = [0.16],
  epsilon_plus_mu_59 = [0.15],
  epsilon_plus_mu_510 = [0.15],
  epsilon_plus_mu_61 = [0.15],
  epsilon_plus_mu_62 = [0.15],
  epsilon_plus_mu_63 = [0.15],
  epsilon_plus_mu_64 = [0.15],
  epsilon_plus_mu_65 = [0.15],
  epsilon_plus_mu_66 = [0.15],
  epsilon_plus_mu_67 = [0.16],
  epsilon_plus_mu_68 = [0.16],
  epsilon_plus_mu_69 = [0.15],
  epsilon_plus_mu_610 = [0.15],
  epsilon_plus_mu_71 = [36.77],
  epsilon_plus_mu_72 = [37.10],
  epsilon_plus_mu_73 = [36.13],
  epsilon_plus_mu_74 = [37.84],
  epsilon_plus_mu_75 = [36.08],
  epsilon_plus_mu_76 = [36.74],
  epsilon_plus_mu_77 = [38.76],
  epsilon_plus_mu_78 = [39.00],
  epsilon_plus_mu_79 = [36.90],
  epsilon_plus_mu_710 = [36.54],
  epsilon_plus_mu_81 = [21.02],
  epsilon_plus_mu_82 = [21.20],
  epsilon_plus_mu_83 = [20.65],
  epsilon_plus_mu_84 = [21.63],
  epsilon_plus_mu_85 = [20.62],
  epsilon_plus_mu_86 = [21.00],
  epsilon_plus_mu_87 = [22.16],
  epsilon_plus_mu_88 = [22.29],
  epsilon_plus_mu_89 = [21.09],
  epsilon_plus_mu_810 = [20.89],
  epsilon_plus_mu_91 = [15.71],
  epsilon_plus_mu_92 = [15.85],
  epsilon_plus_mu_93 = [15.43],
  epsilon_plus_mu_94 = [16.17],
  epsilon_plus_mu_95 = [15.41],
  epsilon_plus_mu_96 = [15.70],
  epsilon_plus_mu_97 = [16.56],
  epsilon_plus_mu_98 = [16.66],
  epsilon_plus_mu_99 = [15.76],
  epsilon_plus_mu_910 = [15.61],
  epsilon_plus_mu_101 = [5.60],
  epsilon_plus_mu_102 = [5.65],
  epsilon_plus_mu_103 = [5.51],
  epsilon_plus_mu_104 = [5.77],
  epsilon_plus_mu_105 = [5.50],
  epsilon_plus_mu_106 = [5.60],
  epsilon_plus_mu_107 = [5.91],
  epsilon_plus_mu_108 = [5.94],
  epsilon_plus_mu_109 = [5.62],
  epsilon_plus_mu_1010 = [5.57],
  epsilon_plus_mu_111 = [0.15],
  epsilon_plus_mu_112 = [0.15],
  epsilon_plus_mu_113 = [0.15],
  epsilon_plus_mu_114 = [0.15],
  epsilon_plus_mu_115 = [0.15],
  epsilon_plus_mu_116 = [0.15],
  epsilon_plus_mu_117 = [0.16],
  epsilon_plus_mu_118 = [0.16],
  epsilon_plus_mu_119 = [0.15],
  epsilon_plus_mu_1110 = [0.15],
  epsilon_plus_mu_121 = [6.37],
  epsilon_plus_mu_122 = [6.43],
  epsilon_plus_mu_123 = [6.26],
  epsilon_plus_mu_124 = [6.56],
  epsilon_plus_mu_125 = [6.25],
  epsilon_plus_mu_126 = [6.37],
  epsilon_plus_mu_127 = [6.72],
  epsilon_plus_mu_128 = [6.76],
  epsilon_plus_mu_129 = [6.39],
  epsilon_plus_mu_1210 = [6.33],
  epsilon_plus_mu_131 = [18.63],
  epsilon_plus_mu_132 = [18.79],
  epsilon_plus_mu_133 = [18.30],
  epsilon_plus_mu_134 = [19.17],
  epsilon_plus_mu_135 = [18.28],
  epsilon_plus_mu_136 = [18.61],
  epsilon_plus_mu_137 = [19.64],
  epsilon_plus_mu_138 = [19.76],
  epsilon_plus_mu_139 = [18.69],
  epsilon_plus_mu_1310 = [18.51],
  epsilon_plus_mu_141 = [9.34],
  epsilon_plus_mu_142 = [9.42],
  epsilon_plus_mu_143 = [9.17],
  epsilon_plus_mu_144 = [9.61],
  epsilon_plus_mu_145 = [9.16],
  epsilon_plus_mu_146 = [9.33],
  epsilon_plus_mu_147 = [9.84],
  epsilon_plus_mu_148 = [9.90],
  epsilon_plus_mu_149 = [9.37],
  epsilon_plus_mu_1410 = [9.28],
  epsilon_plus_mu_151 = [9.63],
  epsilon_plus_mu_152 = [9.72],
  epsilon_plus_mu_153 = [9.46],
  epsilon_plus_mu_154 = [9.91],
  epsilon_plus_mu_155 = [9.45],
  epsilon_plus_mu_156 = [9.62],
  epsilon_plus_mu_157 = [10.15],
  epsilon_plus_mu_158 = [10.22],
  epsilon_plus_mu_159 = [9.67],
  epsilon_plus_mu_1510 = [9.57],
  epsilon_plus_mu_161 = [10.91],
  epsilon_plus_mu_162 = [11.01],
  epsilon_plus_mu_163 = [10.72],
  epsilon_plus_mu_164 = [11.23],
  epsilon_plus_mu_165 = [10.71],
  epsilon_plus_mu_166 = [10.91],
  epsilon_plus_mu_167 = [11.51],
  epsilon_plus_mu_168 = [11.58],
  epsilon_plus_mu_169 = [10.95],
  epsilon_plus_mu_1610 = [10.85],
  epsilon_plus_mu_171 = [13.45],
  epsilon_plus_mu_172 = [13.57],
  epsilon_plus_mu_173 = [13.22],
  epsilon_plus_mu_174 = [13.84],
  epsilon_plus_mu_175 = [13.20],
  epsilon_plus_mu_176 = [13.44],
  epsilon_plus_mu_177 = [14.18],
  epsilon_plus_mu_178 = [14.27],
  epsilon_plus_mu_179 = [13.50],
  epsilon_plus_mu_1710 = [13.37],
  epsilon_plus_mu_181 = [10.22],
  epsilon_plus_mu_182 = [10.31],
  epsilon_plus_mu_183 = [10.04],
  epsilon_plus_mu_184 = [10.52],
  epsilon_plus_mu_185 = [10.03],
  epsilon_plus_mu_186 = [10.21],
  epsilon_plus_mu_187 = [10.78],
  epsilon_plus_mu_188 = [10.84],
  epsilon_plus_mu_189 = [10.26],
  epsilon_plus_mu_1810 = [10.16],
  epsilon_plus_mu_191 = [6.16],
  epsilon_plus_mu_192 = [6.22],
  epsilon_plus_mu_193 = [6.06],
  epsilon_plus_mu_194 = [6.34],
  epsilon_plus_mu_195 = [6.05],
  epsilon_plus_mu_196 = [6.16],
  epsilon_plus_mu_197 = [6.50],
  epsilon_plus_mu_198 = [6.54],
  epsilon_plus_mu_199 = [6.19],
  epsilon_plus_mu_1910 = [6.13],
  epsilon_plus_mu_201 = [3.29],
  epsilon_plus_mu_202 = [3.32],
  epsilon_plus_mu_203 = [3.23],
  epsilon_plus_mu_204 = [3.39],
  epsilon_plus_mu_205 = [3.23],
  epsilon_plus_mu_206 = [3.29],
  epsilon_plus_mu_207 = [3.47],
  epsilon_plus_mu_208 = [3.49],
  epsilon_plus_mu_209 = [3.30],
  epsilon_plus_mu_2010 = [3.27],
]

Epsilon - mu_{jk} = [
  epsilon_minus_mu_11 = [-3.09],
  epsilon_minus_mu_12 = [-3.11],
  epsilon_minus_mu_13 = [-3.03],
  epsilon_minus_mu_14 = [-3.18],
  epsilon_minus_mu_15 = [-3.03],
  epsilon_minus_mu_16 = [-3.09],
  epsilon_minus_mu_17 = [-3.25],
  epsilon_minus_mu_18 = [-3.27],
  epsilon_minus_mu_19 = [-3.10],
  epsilon_minus_mu_110 = [-3.07],
  epsilon_minus_mu_21 = [-5.72],
  epsilon_minus_mu_22 = [-5.77],
  epsilon_minus_mu_23 = [-5.62],
  epsilon_minus_mu_24 = [-5.88],
  epsilon_minus_mu_25 = [-5.61],
  epsilon_minus_mu_26 = [-5.71],
  epsilon_minus_mu_27 = [-6.03],
  epsilon_minus_mu_28 = [-6.06],
  epsilon_minus_mu_29 = [-5.74],
  epsilon_minus_mu_210 = [-5.68],
  epsilon_minus_mu_31 = [-12.02],
  epsilon_minus_mu_32 = [-12.13],
  epsilon_minus_mu_33 = [-11.81],
  epsilon_minus_mu_34 = [-12.37],
  epsilon_minus_mu_35 = [-11.79],
  epsilon_minus_mu_36 = [-12.01],
  epsilon_minus_mu_37 = [-12.67],
  epsilon_minus_mu_38 = [-12.75],
  epsilon_minus_mu_39 = [-12.06],
  epsilon_minus_mu_310 = [-11.95],
  epsilon_minus_mu_41 = [-2.08],
  epsilon_minus_mu_42 = [-2.10],
  epsilon_minus_mu_43 = [-2.04],
  epsilon_minus_mu_44 = [-2.14],
  epsilon_minus_mu_45 = [-2.04],
  epsilon_minus_mu_46 = [-2.08],
  epsilon_minus_mu_47 = [-2.19],
  epsilon_minus_mu_48 = [-2.21],
  epsilon_minus_mu_49 = [-2.09],
  epsilon_minus_mu_410 = [-2.07],
  epsilon_minus_mu_51 = [-0.05],
  epsilon_minus_mu_52 = [-0.05],
  epsilon_minus_mu_53 = [-0.05],
  epsilon_minus_mu_54 = [-0.05],
  epsilon_minus_mu_55 = [-0.05],
  epsilon_minus_mu_56 = [-0.05],
  epsilon_minus_mu_57 = [-0.05],
  epsilon_minus_mu_58 = [-0.05],
  epsilon_minus_mu_59 = [-0.05],
  epsilon_minus_mu_510 = [-0.05],
  epsilon_minus_mu_61 = [-0.05],
  epsilon_minus_mu_62 = [-0.05],
  epsilon_minus_mu_63 = [-0.05],
  epsilon_minus_mu_64 = [-0.05],
  epsilon_minus_mu_65 = [-0.05],
  epsilon_minus_mu_66 = [-0.05],
  epsilon_minus_mu_67 = [-0.05],
  epsilon_minus_mu_68 = [-0.05],
  epsilon_minus_mu_69 = [-0.05],
  epsilon_minus_mu_610 = [-0.05],
  epsilon_minus_mu_71 = [-12.26],
  epsilon_minus_mu_72 = [-12.37],
  epsilon_minus_mu_73 = [-12.04],
  epsilon_minus_mu_74 = [-12.61],
  epsilon_minus_mu_75 = [-12.03],
  epsilon_minus_mu_76 = [-12.25],
  epsilon_minus_mu_77 = [-12.92],
  epsilon_minus_mu_78 = [-13.00],
  epsilon_minus_mu_79 = [-12.30],
  epsilon_minus_mu_710 = [-12.18],
  epsilon_minus_mu_81 = [-7.01],
  epsilon_minus_mu_82 = [-7.07],
  epsilon_minus_mu_83 = [-6.88],
  epsilon_minus_mu_84 = [-7.21],
  epsilon_minus_mu_85 = [-6.87],
  epsilon_minus_mu_86 = [-7.00],
  epsilon_minus_mu_87 = [-7.39],
  epsilon_minus_mu_88 = [-7.43],
  epsilon_minus_mu_89 = [-7.03],
  epsilon_minus_mu_810 = [-6.96],
  epsilon_minus_mu_91 = [-5.24],
  epsilon_minus_mu_92 = [-5.28],
  epsilon_minus_mu_93 = [-5.14],
  epsilon_minus_mu_94 = [-5.39],
  epsilon_minus_mu_95 = [-5.14],
  epsilon_minus_mu_96 = [-5.23],
  epsilon_minus_mu_97 = [-5.52],
  epsilon_minus_mu_98 = [-5.55],
  epsilon_minus_mu_99 = [-5.25],
  epsilon_minus_mu_910 = [-5.20],
  epsilon_minus_mu_101 = [-1.87],
  epsilon_minus_mu_102 = [-1.88],
  epsilon_minus_mu_103 = [-1.84],
  epsilon_minus_mu_104 = [-1.92],
  epsilon_minus_mu_105 = [-1.83],
  epsilon_minus_mu_106 = [-1.87],
  epsilon_minus_mu_107 = [-1.97],
  epsilon_minus_mu_108 = [-1.98],
  epsilon_minus_mu_109 = [-1.87],
  epsilon_minus_mu_1010 = [-1.86],
  epsilon_minus_mu_111 = [-0.05],
  epsilon_minus_mu_112 = [-0.05],
  epsilon_minus_mu_113 = [-0.05],
  epsilon_minus_mu_114 = [-0.05],
  epsilon_minus_mu_115 = [-0.05],
  epsilon_minus_mu_116 = [-0.05],
  epsilon_minus_mu_117 = [-0.05],
  epsilon_minus_mu_118 = [-0.05],
  epsilon_minus_mu_119 = [-0.05],
  epsilon_minus_mu_1110 = [-0.05],
  epsilon_minus_mu_121 = [-2.12],
  epsilon_minus_mu_122 = [-2.14],
  epsilon_minus_mu_123 = [-2.09],
  epsilon_minus_mu_124 = [-2.19],
  epsilon_minus_mu_125 = [-2.08],
  epsilon_minus_mu_126 = [-2.12],
  epsilon_minus_mu_127 = [-2.24],
  epsilon_minus_mu_128 = [-2.25],
  epsilon_minus_mu_129 = [-2.13],
  epsilon_minus_mu_1210 = [-2.11],
  epsilon_minus_mu_131 = [-6.21],
  epsilon_minus_mu_132 = [-6.26],
  epsilon_minus_mu_133 = [-6.10],
  epsilon_minus_mu_134 = [-6.39],
  epsilon_minus_mu_135 = [-6.09],
  epsilon_minus_mu_136 = [-6.20],
  epsilon_minus_mu_137 = [-6.55],
  epsilon_minus_mu_138 = [-6.59],
  epsilon_minus_mu_139 = [-6.23],
  epsilon_minus_mu_1310 = [-6.17],
  epsilon_minus_mu_141 = [-3.11],
  epsilon_minus_mu_142 = [-3.14],
  epsilon_minus_mu_143 = [-3.06],
  epsilon_minus_mu_144 = [-3.20],
  epsilon_minus_mu_145 = [-3.05],
  epsilon_minus_mu_146 = [-3.11],
  epsilon_minus_mu_147 = [-3.28],
  epsilon_minus_mu_148 = [-3.30],
  epsilon_minus_mu_149 = [-3.12],
  epsilon_minus_mu_1410 = [-3.09],
  epsilon_minus_mu_151 = [-3.21],
  epsilon_minus_mu_152 = [-3.24],
  epsilon_minus_mu_153 = [-3.15],
  epsilon_minus_mu_154 = [-3.30],
  epsilon_minus_mu_155 = [-3.15],
  epsilon_minus_mu_156 = [-3.21],
  epsilon_minus_mu_157 = [-3.38],
  epsilon_minus_mu_158 = [-3.41],
  epsilon_minus_mu_159 = [-3.22],
  epsilon_minus_mu_1510 = [-3.19],
  epsilon_minus_mu_161 = [-3.64],
  epsilon_minus_mu_162 = [-3.67],
  epsilon_minus_mu_163 = [-3.57],
  epsilon_minus_mu_164 = [-3.74],
  epsilon_minus_mu_165 = [-3.57],
  epsilon_minus_mu_166 = [-3.64],
  epsilon_minus_mu_167 = [-3.84],
  epsilon_minus_mu_168 = [-3.86],
  epsilon_minus_mu_169 = [-3.65],
  epsilon_minus_mu_1610 = [-3.62],
  epsilon_minus_mu_171 = [-4.48],
  epsilon_minus_mu_172 = [-4.52],
  epsilon_minus_mu_173 = [-4.41],
  epsilon_minus_mu_174 = [-4.61],
  epsilon_minus_mu_175 = [-4.40],
  epsilon_minus_mu_176 = [-4.48],
  epsilon_minus_mu_177 = [-4.73],
  epsilon_minus_mu_178 = [-4.76],
  epsilon_minus_mu_179 = [-4.50],
  epsilon_minus_mu_1710 = [-4.46],
  epsilon_minus_mu_181 = [-3.41],
  epsilon_minus_mu_182 = [-3.44],
  epsilon_minus_mu_183 = [-3.35],
  epsilon_minus_mu_184 = [-3.51],
  epsilon_minus_mu_185 = [-3.34],
  epsilon_minus_mu_186 = [-3.40],
  epsilon_minus_mu_187 = [-3.59],
  epsilon_minus_mu_188 = [-3.61],
  epsilon_minus_mu_189 = [-3.42],
  epsilon_minus_mu_1810 = [-3.39],
  epsilon_minus_mu_191 = [-2.05],
  epsilon_minus_mu_192 = [-2.07],
  epsilon_minus_mu_193 = [-2.02],
  epsilon_minus_mu_194 = [-2.11],
  epsilon_minus_mu_195 = [-2.02],
  epsilon_minus_mu_196 = [-2.05],
  epsilon_minus_mu_197 = [-2.17],
  epsilon_minus_mu_198 = [-2.18],
  epsilon_minus_mu_199 = [-2.06],
  epsilon_minus_mu_1910 = [-2.04],
  epsilon_minus_mu_201 = [-1.10],
  epsilon_minus_mu_202 = [-1.11],
  epsilon_minus_mu_203 = [-1.08],
  epsilon_minus_mu_204 = [-1.13],
  epsilon_minus_mu_205 = [-1.08],
  epsilon_minus_mu_206 = [-1.10],
  epsilon_minus_mu_207 = [-1.16],
  epsilon_minus_mu_208 = [-1.16],
  epsilon_minus_mu_209 = [-1.10],
  epsilon_minus_mu_2010 = [-1.09],
]

Sigma + tau_{jk} = [
  sigma_plus_tau_11 = [11.76],
  sigma_plus_tau_12 = [11.66],
  sigma_plus_tau_13 = [11.34],
  sigma_plus_tau_14 = [11.33],
  sigma_plus_tau_15 = [11.31],
  sigma_plus_tau_16 = [11.35],
  sigma_plus_tau_17 = [11.96],
  sigma_plus_tau_18 = [11.57],
  sigma_plus_tau_19 = [11.51],
  sigma_plus_tau_110 = [11.57],
  sigma_plus_tau_21 = [5.64],
  sigma_plus_tau_22 = [5.60],
  sigma_plus_tau_23 = [5.44],
  sigma_plus_tau_24 = [5.44],
  sigma_plus_tau_25 = [5.43],
  sigma_plus_tau_26 = [5.45],
  sigma_plus_tau_27 = [5.74],
  sigma_plus_tau_28 = [5.55],
  sigma_plus_tau_29 = [5.53],
  sigma_plus_tau_210 = [5.55],
  sigma_plus_tau_31 = [11.73],
  sigma_plus_tau_32 = [11.63],
  sigma_plus_tau_33 = [11.31],
  sigma_plus_tau_34 = [11.30],
  sigma_plus_tau_35 = [11.29],
  sigma_plus_tau_36 = [11.32],
  sigma_plus_tau_37 = [11.93],
  sigma_plus_tau_38 = [11.54],
  sigma_plus_tau_39 = [11.49],
  sigma_plus_tau_310 = [11.54],
  sigma_plus_tau_41 = [26.88],
  sigma_plus_tau_42 = [26.66],
  sigma_plus_tau_43 = [25.92],
  sigma_plus_tau_44 = [25.90],
  sigma_plus_tau_45 = [25.87],
  sigma_plus_tau_46 = [25.95],
  sigma_plus_tau_47 = [27.34],
  sigma_plus_tau_48 = [26.45],
  sigma_plus_tau_49 = [26.33],
  sigma_plus_tau_410 = [26.46],
  sigma_plus_tau_51 = [35.70],
  sigma_plus_tau_52 = [35.41],
  sigma_plus_tau_53 = [34.42],
  sigma_plus_tau_54 = [34.39],
  sigma_plus_tau_55 = [34.35],
  sigma_plus_tau_56 = [34.46],
  sigma_plus_tau_57 = [36.30],
  sigma_plus_tau_58 = [35.12],
  sigma_plus_tau_59 = [34.96],
  sigma_plus_tau_510 = [35.13],
  sigma_plus_tau_61 = [9.13],
  sigma_plus_tau_62 = [9.06],
  sigma_plus_tau_63 = [8.81],
  sigma_plus_tau_64 = [8.80],
  sigma_plus_tau_65 = [8.79],
  sigma_plus_tau_66 = [8.82],
  sigma_plus_tau_67 = [9.29],
  sigma_plus_tau_68 = [8.98],
  sigma_plus_tau_69 = [8.94],
  sigma_plus_tau_610 = [8.99],
  sigma_plus_tau_71 = [1.59],
  sigma_plus_tau_72 = [1.58],
  sigma_plus_tau_73 = [1.54],
  sigma_plus_tau_74 = [1.53],
  sigma_plus_tau_75 = [1.53],
  sigma_plus_tau_76 = [1.54],
  sigma_plus_tau_77 = [1.62],
  sigma_plus_tau_78 = [1.57],
  sigma_plus_tau_79 = [1.56],
  sigma_plus_tau_710 = [1.57],
  sigma_plus_tau_81 = [4.82],
  sigma_plus_tau_82 = [4.78],
  sigma_plus_tau_83 = [4.65],
  sigma_plus_tau_84 = [4.65],
  sigma_plus_tau_85 = [4.64],
  sigma_plus_tau_86 = [4.66],
  sigma_plus_tau_87 = [4.91],
  sigma_plus_tau_88 = [4.75],
  sigma_plus_tau_89 = [4.72],
  sigma_plus_tau_810 = [4.75],
  sigma_plus_tau_91 = [28.49],
  sigma_plus_tau_92 = [28.26],
  sigma_plus_tau_93 = [27.47],
  sigma_plus_tau_94 = [27.45],
  sigma_plus_tau_95 = [27.42],
  sigma_plus_tau_96 = [27.50],
  sigma_plus_tau_97 = [28.97],
  sigma_plus_tau_98 = [28.03],
  sigma_plus_tau_99 = [27.90],
  sigma_plus_tau_910 = [28.04],
  sigma_plus_tau_101 = [27.84],
  sigma_plus_tau_102 = [27.61],
  sigma_plus_tau_103 = [26.84],
  sigma_plus_tau_104 = [26.82],
  sigma_plus_tau_105 = [26.79],
  sigma_plus_tau_106 = [26.87],
  sigma_plus_tau_107 = [28.31],
  sigma_plus_tau_108 = [27.39],
  sigma_plus_tau_109 = [27.26],
  sigma_plus_tau_1010 = [27.40],
  sigma_plus_tau_111 = [34.24],
  sigma_plus_tau_112 = [33.96],
  sigma_plus_tau_113 = [33.02],
  sigma_plus_tau_114 = [32.99],
  sigma_plus_tau_115 = [32.95],
  sigma_plus_tau_116 = [33.05],
  sigma_plus_tau_117 = [34.82],
  sigma_plus_tau_118 = [33.68],
  sigma_plus_tau_119 = [33.53],
  sigma_plus_tau_1110 = [33.70],
  sigma_plus_tau_121 = [4.43],
  sigma_plus_tau_122 = [4.39],
  sigma_plus_tau_123 = [4.27],
  sigma_plus_tau_124 = [4.27],
  sigma_plus_tau_125 = [4.26],
  sigma_plus_tau_126 = [4.28],
  sigma_plus_tau_127 = [4.50],
  sigma_plus_tau_128 = [4.36],
  sigma_plus_tau_129 = [4.34],
  sigma_plus_tau_1210 = [4.36],
  sigma_plus_tau_131 = [15.88],
  sigma_plus_tau_132 = [15.75],
  sigma_plus_tau_133 = [15.32],
  sigma_plus_tau_134 = [15.30],
  sigma_plus_tau_135 = [15.29],
  sigma_plus_tau_136 = [15.33],
  sigma_plus_tau_137 = [16.15],
  sigma_plus_tau_138 = [15.63],
  sigma_plus_tau_139 = [15.56],
  sigma_plus_tau_1310 = [15.63],
  sigma_plus_tau_141 = [35.45],
  sigma_plus_tau_142 = [35.17],
  sigma_plus_tau_143 = [34.19],
  sigma_plus_tau_144 = [34.15],
  sigma_plus_tau_145 = [34.12],
  sigma_plus_tau_146 = [34.22],
  sigma_plus_tau_147 = [36.05],
  sigma_plus_tau_148 = [34.88],
  sigma_plus_tau_149 = [34.72],
  sigma_plus_tau_1410 = [34.89],
  sigma_plus_tau_151 = [18.08],
  sigma_plus_tau_152 = [17.94],
  sigma_plus_tau_153 = [17.44],
  sigma_plus_tau_154 = [17.42],
  sigma_plus_tau_155 = [17.40],
  sigma_plus_tau_156 = [17.45],
  sigma_plus_tau_157 = [18.39],
  sigma_plus_tau_158 = [17.79],
  sigma_plus_tau_159 = [17.71],
  sigma_plus_tau_1510 = [17.80],
  sigma_plus_tau_161 = [10.59],
  sigma_plus_tau_162 = [10.50],
  sigma_plus_tau_163 = [10.21],
  sigma_plus_tau_164 = [10.20],
  sigma_plus_tau_165 = [10.19],
  sigma_plus_tau_166 = [10.22],
  sigma_plus_tau_167 = [10.77],
  sigma_plus_tau_168 = [10.42],
  sigma_plus_tau_169 = [10.37],
  sigma_plus_tau_1610 = [10.42],
  sigma_plus_tau_171 = [25.99],
  sigma_plus_tau_172 = [25.78],
  sigma_plus_tau_173 = [25.06],
  sigma_plus_tau_174 = [25.03],
  sigma_plus_tau_175 = [25.01],
  sigma_plus_tau_176 = [25.08],
  sigma_plus_tau_177 = [26.43],
  sigma_plus_tau_178 = [25.56],
  sigma_plus_tau_179 = [25.45],
  sigma_plus_tau_1710 = [25.57],
  sigma_plus_tau_181 = [12.59],
  sigma_plus_tau_182 = [12.49],
  sigma_plus_tau_183 = [12.14],
  sigma_plus_tau_184 = [12.13],
  sigma_plus_tau_185 = [12.12],
  sigma_plus_tau_186 = [12.15],
  sigma_plus_tau_187 = [12.80],
  sigma_plus_tau_188 = [12.39],
  sigma_plus_tau_189 = [12.33],
  sigma_plus_tau_1810 = [12.39],
  sigma_plus_tau_191 = [17.86],
  sigma_plus_tau_192 = [17.71],
  sigma_plus_tau_193 = [17.22],
  sigma_plus_tau_194 = [17.20],
  sigma_plus_tau_195 = [17.18],
  sigma_plus_tau_196 = [17.24],
  sigma_plus_tau_197 = [18.16],
  sigma_plus_tau_198 = [17.57],
  sigma_plus_tau_199 = [17.49],
  sigma_plus_tau_1910 = [17.57],
  sigma_plus_tau_201 = [1.62],
  sigma_plus_tau_202 = [1.61],
  sigma_plus_tau_203 = [1.57],
  sigma_plus_tau_204 = [1.56],
  sigma_plus_tau_205 = [1.56],
  sigma_plus_tau_206 = [1.57],
  sigma_plus_tau_207 = [1.65],
  sigma_plus_tau_208 = [1.60],
  sigma_plus_tau_209 = [1.59],
  sigma_plus_tau_2010 = [1.60],
]

Sigma - tau_{jk} = [
  sigma_minus_tau_11 = [-3.92],
  sigma_minus_tau_12 = [-3.89],
  sigma_minus_tau_13 = [-3.78],
  sigma_minus_tau_14 = [-3.78],
  sigma_minus_tau_15 = [-3.77],
  sigma_minus_tau_16 = [-3.78],
  sigma_minus_tau_17 = [-3.99],
  sigma_minus_tau_18 = [-3.86],
  sigma_minus_tau_19 = [-3.84],
  sigma_minus_tau_110 = [-3.86],
  sigma_minus_tau_21 = [-1.88],
  sigma_minus_tau_22 = [-1.87],
  sigma_minus_tau_23 = [-1.81],
  sigma_minus_tau_24 = [-1.81],
  sigma_minus_tau_25 = [-1.81],
  sigma_minus_tau_26 = [-1.82],
  sigma_minus_tau_27 = [-1.91],
  sigma_minus_tau_28 = [-1.85],
  sigma_minus_tau_29 = [-1.84],
  sigma_minus_tau_210 = [-1.85],
  sigma_minus_tau_31 = [-3.91],
  sigma_minus_tau_32 = [-3.88],
  sigma_minus_tau_33 = [-3.77],
  sigma_minus_tau_34 = [-3.77],
  sigma_minus_tau_35 = [-3.76],
  sigma_minus_tau_36 = [-3.77],
  sigma_minus_tau_37 = [-3.98],
  sigma_minus_tau_38 = [-3.85],
  sigma_minus_tau_39 = [-3.83],
  sigma_minus_tau_310 = [-3.85],
  sigma_minus_tau_41 = [-8.96],
  sigma_minus_tau_42 = [-8.89],
  sigma_minus_tau_43 = [-8.64],
  sigma_minus_tau_44 = [-8.63],
  sigma_minus_tau_45 = [-8.62],
  sigma_minus_tau_46 = [-8.65],
  sigma_minus_tau_47 = [-9.11],
  sigma_minus_tau_48 = [-8.82],
  sigma_minus_tau_49 = [-8.78],
  sigma_minus_tau_410 = [-8.82],
  sigma_minus_tau_51 = [-11.90],
  sigma_minus_tau_52 = [-11.80],
  sigma_minus_tau_53 = [-11.47],
  sigma_minus_tau_54 = [-11.46],
  sigma_minus_tau_55 = [-11.45],
  sigma_minus_tau_56 = [-11.49],
  sigma_minus_tau_57 = [-12.10],
  sigma_minus_tau_58 = [-11.71],
  sigma_minus_tau_59 = [-11.65],
  sigma_minus_tau_510 = [-11.71],
  sigma_minus_tau_61 = [-3.04],
  sigma_minus_tau_62 = [-3.02],
  sigma_minus_tau_63 = [-2.94],
  sigma_minus_tau_64 = [-2.93],
  sigma_minus_tau_65 = [-2.93],
  sigma_minus_tau_66 = [-2.94],
  sigma_minus_tau_67 = [-3.10],
  sigma_minus_tau_68 = [-2.99],
  sigma_minus_tau_69 = [-2.98],
  sigma_minus_tau_610 = [-3.00],
  sigma_minus_tau_71 = [-0.53],
  sigma_minus_tau_72 = [-0.53],
  sigma_minus_tau_73 = [-0.51],
  sigma_minus_tau_74 = [-0.51],
  sigma_minus_tau_75 = [-0.51],
  sigma_minus_tau_76 = [-0.51],
  sigma_minus_tau_77 = [-0.54],
  sigma_minus_tau_78 = [-0.52],
  sigma_minus_tau_79 = [-0.52],
  sigma_minus_tau_710 = [-0.52],
  sigma_minus_tau_81 = [-1.61],
  sigma_minus_tau_82 = [-1.59],
  sigma_minus_tau_83 = [-1.55],
  sigma_minus_tau_84 = [-1.55],
  sigma_minus_tau_85 = [-1.55],
  sigma_minus_tau_86 = [-1.55],
  sigma_minus_tau_87 = [-1.64],
  sigma_minus_tau_88 = [-1.58],
  sigma_minus_tau_89 = [-1.57],
  sigma_minus_tau_810 = [-1.58],
  sigma_minus_tau_91 = [-9.50],
  sigma_minus_tau_92 = [-9.42],
  sigma_minus_tau_93 = [-9.16],
  sigma_minus_tau_94 = [-9.15],
  sigma_minus_tau_95 = [-9.14],
  sigma_minus_tau_96 = [-9.17],
  sigma_minus_tau_97 = [-9.66],
  sigma_minus_tau_98 = [-9.34],
  sigma_minus_tau_99 = [-9.30],
  sigma_minus_tau_910 = [-9.35],
  sigma_minus_tau_101 = [-9.28],
  sigma_minus_tau_102 = [-9.20],
  sigma_minus_tau_103 = [-8.95],
  sigma_minus_tau_104 = [-8.94],
  sigma_minus_tau_105 = [-8.93],
  sigma_minus_tau_106 = [-8.96],
  sigma_minus_tau_107 = [-9.44],
  sigma_minus_tau_108 = [-9.13],
  sigma_minus_tau_109 = [-9.09],
  sigma_minus_tau_1010 = [-9.13],
  sigma_minus_tau_111 = [-11.41],
  sigma_minus_tau_112 = [-11.32],
  sigma_minus_tau_113 = [-11.01],
  sigma_minus_tau_114 = [-11.00],
  sigma_minus_tau_115 = [-10.98],
  sigma_minus_tau_116 = [-11.02],
  sigma_minus_tau_117 = [-11.61],
  sigma_minus_tau_118 = [-11.23],
  sigma_minus_tau_119 = [-11.18],
  sigma_minus_tau_1110 = [-11.23],
  sigma_minus_tau_121 = [-1.48],
  sigma_minus_tau_122 = [-1.46],
  sigma_minus_tau_123 = [-1.42],
  sigma_minus_tau_124 = [-1.42],
  sigma_minus_tau_125 = [-1.42],
  sigma_minus_tau_126 = [-1.43],
  sigma_minus_tau_127 = [-1.50],
  sigma_minus_tau_128 = [-1.45],
  sigma_minus_tau_129 = [-1.45],
  sigma_minus_tau_1210 = [-1.45],
  sigma_minus_tau_131 = [-5.29],
  sigma_minus_tau_132 = [-5.25],
  sigma_minus_tau_133 = [-5.11],
  sigma_minus_tau_134 = [-5.10],
  sigma_minus_tau_135 = [-5.10],
  sigma_minus_tau_136 = [-5.11],
  sigma_minus_tau_137 = [-5.38],
  sigma_minus_tau_138 = [-5.21],
  sigma_minus_tau_139 = [-5.19],
  sigma_minus_tau_1310 = [-5.21],
  sigma_minus_tau_141 = [-11.82],
  sigma_minus_tau_142 = [-11.72],
  sigma_minus_tau_143 = [-11.40],
  sigma_minus_tau_144 = [-11.38],
  sigma_minus_tau_145 = [-11.37],
  sigma_minus_tau_146 = [-11.41],
  sigma_minus_tau_147 = [-12.02],
  sigma_minus_tau_148 = [-11.63],
  sigma_minus_tau_149 = [-11.57],
  sigma_minus_tau_1410 = [-11.63],
  sigma_minus_tau_151 = [-6.03],
  sigma_minus_tau_152 = [-5.98],
  sigma_minus_tau_153 = [-5.81],
  sigma_minus_tau_154 = [-5.81],
  sigma_minus_tau_155 = [-5.80],
  sigma_minus_tau_156 = [-5.82],
  sigma_minus_tau_157 = [-6.13],
  sigma_minus_tau_158 = [-5.93],
  sigma_minus_tau_159 = [-5.90],
  sigma_minus_tau_1510 = [-5.93],
  sigma_minus_tau_161 = [-3.53],
  sigma_minus_tau_162 = [-3.50],
  sigma_minus_tau_163 = [-3.40],
  sigma_minus_tau_164 = [-3.40],
  sigma_minus_tau_165 = [-3.40],
  sigma_minus_tau_166 = [-3.41],
  sigma_minus_tau_167 = [-3.59],
  sigma_minus_tau_168 = [-3.47],
  sigma_minus_tau_169 = [-3.46],
  sigma_minus_tau_1610 = [-3.47],
  sigma_minus_tau_171 = [-8.66],
  sigma_minus_tau_172 = [-8.59],
  sigma_minus_tau_173 = [-8.35],
  sigma_minus_tau_174 = [-8.34],
  sigma_minus_tau_175 = [-8.34],
  sigma_minus_tau_176 = [-8.36],
  sigma_minus_tau_177 = [-8.81],
  sigma_minus_tau_178 = [-8.52],
  sigma_minus_tau_179 = [-8.48],
  sigma_minus_tau_1710 = [-8.52],
  sigma_minus_tau_181 = [-4.20],
  sigma_minus_tau_182 = [-4.16],
  sigma_minus_tau_183 = [-4.05],
  sigma_minus_tau_184 = [-4.04],
  sigma_minus_tau_185 = [-4.04],
  sigma_minus_tau_186 = [-4.05],
  sigma_minus_tau_187 = [-4.27],
  sigma_minus_tau_188 = [-4.13],
  sigma_minus_tau_189 = [-4.11],
  sigma_minus_tau_1810 = [-4.13],
  sigma_minus_tau_191 = [-5.95],
  sigma_minus_tau_192 = [-5.90],
  sigma_minus_tau_193 = [-5.74],
  sigma_minus_tau_194 = [-5.73],
  sigma_minus_tau_195 = [-5.73],
  sigma_minus_tau_196 = [-5.75],
  sigma_minus_tau_197 = [-6.05],
  sigma_minus_tau_198 = [-5.86],
  sigma_minus_tau_199 = [-5.83],
  sigma_minus_tau_1910 = [-5.86],
  sigma_minus_tau_201 = [-0.54],
  sigma_minus_tau_202 = [-0.54],
  sigma_minus_tau_203 = [-0.52],
  sigma_minus_tau_204 = [-0.52],
  sigma_minus_tau_205 = [-0.52],
  sigma_minus_tau_206 = [-0.52],
  sigma_minus_tau_207 = [-0.55],
  sigma_minus_tau_208 = [-0.53],
  sigma_minus_tau_209 = [-0.53],
  sigma_minus_tau_2010 = [-0.53],
]

Probabilities (p_s) = [
0.050000, 0.050000, 0.050000, 0.050000, 0.050000, 0.050000, 0.050000, 0.050000, 0.050000, 0.050000, 0.050000, 0.050000, 0.050000, 0.050000, 0.050000, 0.050000, 0.050000, 0.050000, 0.050000, 0.050000
]

c_bar = 7.96
