Jobs = 20
Machines = 10
Scenarios = 20

Transportation Times (tjk^s) = [
  tjk_11 = [7.75, 7.69, 8.29, 7.71, 8.22, 7.61, 7.55, 7.90, 8.22, 7.80, 8.05, 8.20, 7.86, 8.25, 8.08, 8.30, 7.63, 7.70, 7.85, 8.29],
  tjk_12 = [7.39, 7.33, 7.90, 7.34, 7.83, 7.25, 7.20, 7.53, 7.83, 7.43, 7.67, 7.81, 7.49, 7.86, 7.70, 7.91, 7.27, 7.33, 7.47, 7.89],
  tjk_13 = [7.74, 7.68, 8.29, 7.70, 8.21, 7.60, 7.54, 7.90, 8.21, 7.79, 8.05, 8.19, 7.86, 8.24, 8.07, 8.29, 7.62, 7.69, 7.84, 8.28],
  tjk_14 = [7.37, 7.31, 7.89, 7.33, 7.82, 7.24, 7.18, 7.52, 7.81, 7.42, 7.66, 7.80, 7.48, 7.84, 7.68, 7.89, 7.26, 7.32, 7.46, 7.88],
  tjk_15 = [7.46, 7.40, 7.98, 7.41, 7.91, 7.32, 7.27, 7.61, 7.90, 7.50, 7.75, 7.89, 7.57, 7.93, 7.77, 7.98, 7.34, 7.41, 7.55, 7.97],
  tjk_16 = [7.78, 7.71, 8.32, 7.73, 8.25, 7.63, 7.58, 7.93, 8.24, 7.82, 8.08, 8.23, 7.89, 8.27, 8.10, 8.33, 7.66, 7.72, 7.87, 8.31],
  tjk_17 = [7.61, 7.55, 8.14, 7.57, 8.07, 7.47, 7.41, 7.76, 8.07, 7.65, 7.91, 8.05, 7.72, 8.10, 7.93, 8.15, 7.49, 7.56, 7.70, 8.13],
  tjk_18 = [7.40, 7.34, 7.91, 7.35, 7.84, 7.26, 7.21, 7.54, 7.84, 7.44, 7.69, 7.83, 7.50, 7.87, 7.71, 7.92, 7.28, 7.35, 7.49, 7.91],
  tjk_19 = [7.61, 7.55, 8.15, 7.57, 8.07, 7.47, 7.42, 7.76, 8.07, 7.66, 7.91, 8.05, 7.72, 8.10, 7.93, 8.15, 7.49, 7.56, 7.71, 8.14],
  tjk_110 = [7.30, 7.25, 7.82, 7.26, 7.75, 7.17, 7.12, 7.45, 7.74, 7.35, 7.59, 7.73, 7.41, 7.77, 7.61, 7.82, 7.19, 7.25, 7.39, 7.81],
  tjk_21 = [3.72, 3.69, 3.98, 3.70, 3.95, 3.65, 3.63, 3.79, 3.94, 3.74, 3.87, 3.94, 3.77, 3.96, 3.88, 3.98, 3.66, 3.70, 3.77, 3.98],
  tjk_22 = [3.54, 3.52, 3.79, 3.52, 3.76, 3.48, 3.45, 3.61, 3.76, 3.57, 3.68, 3.75, 3.60, 3.77, 3.69, 3.80, 3.49, 3.52, 3.59, 3.79],
  tjk_23 = [3.72, 3.69, 3.98, 3.70, 3.94, 3.65, 3.62, 3.79, 3.94, 3.74, 3.86, 3.93, 3.77, 3.95, 3.87, 3.98, 3.66, 3.69, 3.76, 3.97],
  tjk_24 = [3.54, 3.51, 3.79, 3.52, 3.75, 3.47, 3.45, 3.61, 3.75, 3.56, 3.68, 3.74, 3.59, 3.76, 3.69, 3.79, 3.48, 3.51, 3.58, 3.78],
  tjk_25 = [3.58, 3.55, 3.83, 3.56, 3.80, 3.51, 3.49, 3.65, 3.79, 3.60, 3.72, 3.79, 3.63, 3.81, 3.73, 3.83, 3.52, 3.56, 3.62, 3.83],
  tjk_26 = [3.73, 3.70, 3.99, 3.71, 3.96, 3.66, 3.64, 3.81, 3.96, 3.75, 3.88, 3.95, 3.79, 3.97, 3.89, 4.00, 3.67, 3.71, 3.78, 3.99],
  tjk_27 = [3.65, 3.62, 3.91, 3.63, 3.87, 3.59, 3.56, 3.72, 3.87, 3.67, 3.80, 3.86, 3.71, 3.89, 3.81, 3.91, 3.60, 3.63, 3.70, 3.90],
  tjk_28 = [3.55, 3.52, 3.80, 3.53, 3.77, 3.48, 3.46, 3.62, 3.76, 3.57, 3.69, 3.76, 3.60, 3.78, 3.70, 3.80, 3.50, 3.53, 3.59, 3.80],
  tjk_29 = [3.65, 3.62, 3.91, 3.63, 3.87, 3.59, 3.56, 3.73, 3.87, 3.68, 3.80, 3.87, 3.71, 3.89, 3.81, 3.91, 3.60, 3.63, 3.70, 3.91],
  tjk_210 = [3.51, 3.48, 3.75, 3.49, 3.72, 3.44, 3.42, 3.58, 3.72, 3.53, 3.64, 3.71, 3.56, 3.73, 3.65, 3.75, 3.45, 3.48, 3.55, 3.75],
  tjk_31 = [7.73, 7.67, 8.27, 7.69, 8.20, 7.59, 7.53, 7.88, 8.19, 7.78, 8.03, 8.18, 7.84, 8.22, 8.06, 8.28, 7.61, 7.68, 7.83, 8.26],
  tjk_32 = [7.37, 7.31, 7.88, 7.32, 7.81, 7.23, 7.18, 7.51, 7.81, 7.41, 7.65, 7.79, 7.47, 7.84, 7.68, 7.89, 7.25, 7.32, 7.46, 7.87],
  tjk_33 = [7.72, 7.66, 8.26, 7.68, 8.19, 7.58, 7.53, 7.88, 8.19, 7.77, 8.03, 8.17, 7.84, 8.22, 8.05, 8.27, 7.60, 7.67, 7.82, 8.26],
  tjk_34 = [7.35, 7.29, 7.87, 7.31, 7.80, 7.22, 7.17, 7.50, 7.79, 7.40, 7.64, 7.78, 7.46, 7.82, 7.66, 7.87, 7.24, 7.30, 7.44, 7.86],
  tjk_35 = [7.44, 7.38, 7.96, 7.40, 7.89, 7.30, 7.25, 7.59, 7.88, 7.48, 7.73, 7.87, 7.55, 7.91, 7.75, 7.96, 7.32, 7.39, 7.53, 7.95],
  tjk_36 = [7.76, 7.69, 8.30, 7.71, 8.23, 7.61, 7.56, 7.91, 8.22, 7.80, 8.06, 8.21, 7.87, 8.25, 8.08, 8.30, 7.64, 7.70, 7.85, 8.29],
  tjk_37 = [7.59, 7.53, 8.12, 7.55, 8.05, 7.45, 7.40, 7.74, 8.04, 7.63, 7.89, 8.03, 7.70, 8.07, 7.91, 8.13, 7.47, 7.54, 7.68, 8.11],
  tjk_38 = [7.38, 7.32, 7.89, 7.33, 7.82, 7.24, 7.19, 7.52, 7.82, 7.42, 7.67, 7.80, 7.48, 7.85, 7.69, 7.90, 7.26, 7.33, 7.47, 7.89],
  tjk_39 = [7.59, 7.53, 8.12, 7.55, 8.05, 7.45, 7.40, 7.74, 8.05, 7.64, 7.89, 8.03, 7.70, 8.08, 7.91, 8.13, 7.47, 7.54, 7.69, 8.12],
  tjk_310 = [7.29, 7.23, 7.80, 7.24, 7.73, 7.15, 7.10, 7.43, 7.72, 7.33, 7.57, 7.71, 7.39, 7.75, 7.59, 7.80, 7.17, 7.24, 7.37, 7.79],
  tjk_41 = [17.72, 17.58, 18.96, 17.62, 18.79, 17.40, 17.27, 18.07, 18.78, 17.83, 18.42, 18.75, 17.98, 18.85, 18.47, 18.98, 17.45, 17.60, 17.94, 18.94],
  tjk_42 = [16.89, 16.75, 18.07, 16.79, 17.90, 16.57, 16.45, 17.22, 17.90, 16.98, 17.54, 17.86, 17.13, 17.96, 17.60, 18.08, 16.62, 16.77, 17.09, 18.05],
  tjk_43 = [17.71, 17.56, 18.94, 17.60, 18.77, 17.38, 17.25, 18.06, 18.77, 17.81, 18.40, 18.73, 17.96, 18.83, 18.45, 18.96, 17.43, 17.58, 17.92, 18.93],
  tjk_44 = [16.86, 16.72, 18.04, 16.76, 17.88, 16.55, 16.43, 17.19, 17.87, 16.96, 17.52, 17.83, 17.10, 17.93, 17.57, 18.05, 16.60, 16.74, 17.06, 18.02],
  tjk_45 = [17.05, 16.91, 18.25, 16.95, 18.08, 16.74, 16.61, 17.39, 18.07, 17.15, 17.72, 18.04, 17.30, 18.14, 17.77, 18.26, 16.79, 16.94, 17.26, 18.23],
  tjk_46 = [17.78, 17.64, 19.03, 17.68, 18.86, 17.45, 17.32, 18.13, 18.85, 17.89, 18.48, 18.81, 18.04, 18.92, 18.53, 19.04, 17.50, 17.66, 18.00, 19.01],
  tjk_47 = [17.40, 17.26, 18.62, 17.30, 18.45, 17.08, 16.95, 17.74, 18.44, 17.50, 18.08, 18.41, 17.65, 18.51, 18.13, 18.63, 17.13, 17.28, 17.61, 18.60],
  tjk_48 = [16.91, 16.78, 18.10, 16.81, 17.94, 16.60, 16.48, 17.25, 17.93, 17.01, 17.57, 17.89, 17.16, 17.99, 17.62, 18.11, 16.65, 16.80, 17.12, 18.08],
  tjk_49 = [17.41, 17.27, 18.62, 17.30, 18.46, 17.08, 16.96, 17.75, 18.45, 17.51, 18.09, 18.41, 17.66, 18.52, 18.14, 18.64, 17.13, 17.29, 17.62, 18.61],
  tjk_410 = [16.70, 16.57, 17.87, 16.60, 17.71, 16.39, 16.27, 17.03, 17.70, 16.80, 17.35, 17.67, 16.94, 17.77, 17.40, 17.88, 16.44, 16.59, 16.90, 17.85],
  tjk_51 = [23.54, 23.34, 25.18, 23.40, 24.96, 23.10, 22.93, 24.00, 24.94, 23.67, 24.45, 24.90, 23.87, 25.04, 24.52, 25.20, 23.17, 23.37, 23.82, 25.16],
  tjk_52 = [22.42, 22.24, 23.99, 22.29, 23.78, 22.01, 21.85, 22.86, 23.76, 22.55, 23.30, 23.72, 22.74, 23.85, 23.36, 24.00, 22.07, 22.27, 22.69, 23.97],
  tjk_53 = [23.51, 23.32, 25.16, 23.37, 24.93, 23.08, 22.91, 23.98, 24.92, 23.65, 24.43, 24.87, 23.85, 25.01, 24.50, 25.17, 23.14, 23.35, 23.80, 25.13],
  tjk_54 = [22.39, 22.20, 23.95, 22.26, 23.74, 21.97, 21.81, 22.83, 23.73, 22.52, 23.26, 23.68, 22.71, 23.81, 23.33, 23.97, 22.04, 22.23, 22.66, 23.93],
  tjk_55 = [22.65, 22.46, 24.23, 22.51, 24.01, 22.22, 22.06, 23.09, 24.00, 22.78, 23.53, 23.95, 22.97, 24.09, 23.60, 24.24, 22.29, 22.49, 22.92, 24.20],
  tjk_56 = [23.61, 23.42, 25.26, 23.47, 25.04, 23.18, 23.01, 24.08, 25.03, 23.75, 24.53, 24.98, 23.95, 25.12, 24.60, 25.28, 23.24, 23.45, 23.90, 25.24],
  tjk_57 = [23.11, 22.92, 24.72, 22.97, 24.50, 22.68, 22.51, 23.56, 24.49, 23.24, 24.01, 24.44, 23.44, 24.58, 24.08, 24.74, 22.75, 22.95, 23.39, 24.70],
  tjk_58 = [22.46, 22.28, 24.03, 22.33, 23.82, 22.04, 21.88, 22.90, 23.80, 22.59, 23.34, 23.76, 22.78, 23.89, 23.40, 24.05, 22.11, 22.30, 22.73, 24.01],
  tjk_59 = [23.11, 22.93, 24.73, 22.98, 24.51, 22.69, 22.52, 23.57, 24.50, 23.25, 24.02, 24.45, 23.45, 24.59, 24.09, 24.75, 22.75, 22.95, 23.39, 24.71],
  tjk_510 = [22.18, 22.00, 23.73, 22.05, 23.52, 21.77, 21.61, 22.62, 23.51, 22.31, 23.04, 23.46, 22.50, 23.59, 23.11, 23.74, 21.83, 22.02, 22.45, 23.70],
  tjk_61 = [6.02, 5.97, 6.44, 5.99, 6.38, 5.91, 5.87, 6.14, 6.38, 6.06, 6.26, 6.37, 6.11, 6.41, 6.27, 6.45, 5.93, 5.98, 6.09, 6.44],
  tjk_62 = [5.74, 5.69, 6.14, 5.70, 6.08, 5.63, 5.59, 5.85, 6.08, 5.77, 5.96, 6.07, 5.82, 6.10, 5.98, 6.14, 5.65, 5.70, 5.81, 6.13],
  tjk_63 = [6.02, 5.97, 6.44, 5.98, 6.38, 5.90, 5.86, 6.13, 6.38, 6.05, 6.25, 6.36, 6.10, 6.40, 6.27, 6.44, 5.92, 5.97, 6.09, 6.43],
  tjk_64 = [5.73, 5.68, 6.13, 5.69, 6.07, 5.62, 5.58, 5.84, 6.07, 5.76, 5.95, 6.06, 5.81, 6.09, 5.97, 6.13, 5.64, 5.69, 5.80, 6.12],
  tjk_65 = [5.79, 5.75, 6.20, 5.76, 6.14, 5.69, 5.64, 5.91, 6.14, 5.83, 6.02, 6.13, 5.88, 6.16, 6.04, 6.20, 5.70, 5.75, 5.86, 6.19],
  tjk_66 = [6.04, 5.99, 6.46, 6.01, 6.41, 5.93, 5.89, 6.16, 6.40, 6.08, 6.28, 6.39, 6.13, 6.43, 6.30, 6.47, 5.95, 6.00, 6.11, 6.46],
  tjk_67 = [5.91, 5.86, 6.32, 5.88, 6.27, 5.80, 5.76, 6.03, 6.27, 5.95, 6.14, 6.25, 6.00, 6.29, 6.16, 6.33, 5.82, 5.87, 5.98, 6.32],
  tjk_68 = [5.75, 5.70, 6.15, 5.71, 6.09, 5.64, 5.60, 5.86, 6.09, 5.78, 5.97, 6.08, 5.83, 6.11, 5.99, 6.15, 5.66, 5.71, 5.82, 6.14],
  tjk_69 = [5.91, 5.87, 6.33, 5.88, 6.27, 5.80, 5.76, 6.03, 6.27, 5.95, 6.14, 6.26, 6.00, 6.29, 6.16, 6.33, 5.82, 5.87, 5.99, 6.32],
  tjk_610 = [5.67, 5.63, 6.07, 5.64, 6.02, 5.57, 5.53, 5.79, 6.01, 5.71, 5.90, 6.00, 5.76, 6.04, 5.91, 6.07, 5.59, 5.63, 5.74, 6.06],
  tjk_71 = [1.05, 1.04, 1.12, 1.04, 1.11, 1.03, 1.02, 1.07, 1.11, 1.06, 1.09, 1.11, 1.07, 1.12, 1.09, 1.12, 1.03, 1.04, 1.06, 1.12],
  tjk_72 = [1.00, 0.99, 1.07, 0.99, 1.06, 0.98, 0.97, 1.02, 1.06, 1.01, 1.04, 1.06, 1.01, 1.06, 1.04, 1.07, 0.98, 0.99, 1.01, 1.07],
  tjk_73 = [1.05, 1.04, 1.12, 1.04, 1.11, 1.03, 1.02, 1.07, 1.11, 1.06, 1.09, 1.11, 1.06, 1.12, 1.09, 1.12, 1.03, 1.04, 1.06, 1.12],
  tjk_74 = [1.00, 0.99, 1.07, 0.99, 1.06, 0.98, 0.97, 1.02, 1.06, 1.00, 1.04, 1.06, 1.01, 1.06, 1.04, 1.07, 0.98, 0.99, 1.01, 1.07],
  tjk_75 = [1.01, 1.00, 1.08, 1.00, 1.07, 0.99, 0.98, 1.03, 1.07, 1.02, 1.05, 1.07, 1.03, 1.07, 1.05, 1.08, 0.99, 1.00, 1.02, 1.08],
  tjk_76 = [1.05, 1.05, 1.13, 1.05, 1.12, 1.03, 1.03, 1.07, 1.12, 1.06, 1.09, 1.11, 1.07, 1.12, 1.10, 1.13, 1.04, 1.05, 1.07, 1.13],
  tjk_77 = [1.03, 1.02, 1.10, 1.02, 1.09, 1.01, 1.00, 1.05, 1.09, 1.04, 1.07, 1.09, 1.05, 1.10, 1.07, 1.10, 1.01, 1.02, 1.04, 1.10],
  tjk_78 = [1.00, 0.99, 1.07, 1.00, 1.06, 0.98, 0.98, 1.02, 1.06, 1.01, 1.04, 1.06, 1.02, 1.07, 1.04, 1.07, 0.99, 1.00, 1.01, 1.07],
  tjk_79 = [1.03, 1.02, 1.10, 1.03, 1.09, 1.01, 1.00, 1.05, 1.09, 1.04, 1.07, 1.09, 1.05, 1.10, 1.07, 1.10, 1.02, 1.02, 1.04, 1.10],
  tjk_710 = [0.99, 0.98, 1.06, 0.98, 1.05, 0.97, 0.96, 1.01, 1.05, 1.00, 1.03, 1.05, 1.00, 1.05, 1.03, 1.06, 0.97, 0.98, 1.00, 1.06],
  tjk_81 = [3.18, 3.15, 3.40, 3.16, 3.37, 3.12, 3.10, 3.24, 3.37, 3.20, 3.30, 3.36, 3.23, 3.38, 3.31, 3.41, 3.13, 3.16, 3.22, 3.40],
  tjk_82 = [3.03, 3.01, 3.24, 3.01, 3.21, 2.97, 2.95, 3.09, 3.21, 3.05, 3.15, 3.21, 3.07, 3.22, 3.16, 3.24, 2.98, 3.01, 3.07, 3.24],
  tjk_83 = [3.18, 3.15, 3.40, 3.16, 3.37, 3.12, 3.10, 3.24, 3.37, 3.20, 3.30, 3.36, 3.22, 3.38, 3.31, 3.40, 3.13, 3.16, 3.22, 3.40],
  tjk_84 = [3.03, 3.00, 3.24, 3.01, 3.21, 2.97, 2.95, 3.09, 3.21, 3.04, 3.14, 3.20, 3.07, 3.22, 3.15, 3.24, 2.98, 3.00, 3.06, 3.23],
  tjk_85 = [3.06, 3.04, 3.27, 3.04, 3.25, 3.00, 2.98, 3.12, 3.24, 3.08, 3.18, 3.24, 3.10, 3.26, 3.19, 3.28, 3.01, 3.04, 3.10, 3.27],
  tjk_86 = [3.19, 3.17, 3.41, 3.17, 3.38, 3.13, 3.11, 3.25, 3.38, 3.21, 3.32, 3.38, 3.24, 3.39, 3.33, 3.42, 3.14, 3.17, 3.23, 3.41],
  tjk_87 = [3.12, 3.10, 3.34, 3.10, 3.31, 3.06, 3.04, 3.18, 3.31, 3.14, 3.24, 3.30, 3.17, 3.32, 3.25, 3.34, 3.07, 3.10, 3.16, 3.34],
  tjk_88 = [3.04, 3.01, 3.25, 3.02, 3.22, 2.98, 2.96, 3.10, 3.22, 3.05, 3.15, 3.21, 3.08, 3.23, 3.16, 3.25, 2.99, 3.01, 3.07, 3.24],
  tjk_89 = [3.12, 3.10, 3.34, 3.11, 3.31, 3.07, 3.04, 3.19, 3.31, 3.14, 3.25, 3.30, 3.17, 3.32, 3.26, 3.34, 3.08, 3.10, 3.16, 3.34],
  tjk_810 = [3.00, 2.97, 3.21, 2.98, 3.18, 2.94, 2.92, 3.06, 3.18, 3.01, 3.11, 3.17, 3.04, 3.19, 3.12, 3.21, 2.95, 2.98, 3.03, 3.20],
  tjk_91 = [18.78, 18.63, 20.10, 18.67, 19.92, 18.44, 18.30, 19.16, 19.91, 18.89, 19.52, 19.87, 19.05, 19.98, 19.57, 20.11, 18.49, 18.65, 19.01, 20.08],
  tjk_92 = [17.90, 17.75, 19.15, 17.79, 18.98, 17.56, 17.44, 18.25, 18.97, 18.00, 18.59, 18.93, 18.15, 19.04, 18.65, 19.16, 17.62, 17.77, 18.11, 19.13],
  tjk_93 = [18.77, 18.61, 20.08, 18.65, 19.90, 18.42, 18.28, 19.14, 19.89, 18.87, 19.50, 19.85, 19.04, 19.96, 19.55, 20.09, 18.47, 18.64, 18.99, 20.06],
  tjk_94 = [17.87, 17.72, 19.12, 17.76, 18.95, 17.54, 17.41, 18.22, 18.94, 17.97, 18.56, 18.90, 18.12, 19.01, 18.62, 19.13, 17.59, 17.74, 18.08, 19.10],
  tjk_95 = [18.07, 17.93, 19.34, 17.97, 19.16, 17.74, 17.61, 18.43, 19.15, 18.18, 18.78, 19.12, 18.33, 19.22, 18.83, 19.35, 17.79, 17.95, 18.29, 19.32],
  tjk_96 = [18.85, 18.69, 20.16, 18.74, 19.98, 18.50, 18.36, 19.22, 19.97, 18.96, 19.58, 19.94, 19.12, 20.05, 19.64, 20.18, 18.55, 18.72, 19.07, 20.14],
  tjk_97 = [18.44, 18.29, 19.73, 18.33, 19.55, 18.10, 17.97, 18.81, 19.54, 18.55, 19.16, 19.51, 18.71, 19.62, 19.22, 19.74, 18.15, 18.31, 18.66, 19.71],
  tjk_98 = [17.93, 17.78, 19.18, 17.82, 19.01, 17.59, 17.46, 18.28, 19.00, 18.03, 18.63, 18.96, 18.18, 19.07, 18.68, 19.19, 17.65, 17.80, 18.14, 19.16],
  tjk_99 = [18.45, 18.30, 19.74, 18.34, 19.56, 18.11, 17.97, 18.81, 19.55, 18.56, 19.17, 19.51, 18.71, 19.62, 19.22, 19.75, 18.16, 18.32, 18.67, 19.72],
  tjk_910 = [17.70, 17.56, 18.94, 17.60, 18.77, 17.37, 17.25, 18.05, 18.76, 17.80, 18.39, 18.72, 17.96, 18.83, 18.44, 18.95, 17.42, 17.58, 17.92, 18.92],
  tjk_101 = [18.35, 18.21, 19.64, 18.25, 19.46, 18.01, 17.88, 18.72, 19.45, 18.46, 19.07, 19.42, 18.62, 19.52, 19.13, 19.65, 18.07, 18.23, 18.58, 19.62],
  tjk_102 = [17.49, 17.34, 18.71, 17.38, 18.54, 17.16, 17.04, 17.83, 18.53, 17.59, 18.17, 18.50, 17.74, 18.60, 18.22, 18.72, 17.21, 17.37, 17.70, 18.69],
  tjk_103 = [18.34, 18.19, 19.62, 18.23, 19.44, 18.00, 17.86, 18.70, 19.43, 18.44, 19.05, 19.40, 18.60, 19.50, 19.11, 19.63, 18.05, 18.21, 18.56, 19.60],
  tjk_104 = [17.46, 17.32, 18.68, 17.36, 18.51, 17.13, 17.01, 17.80, 18.50, 17.56, 18.14, 18.47, 17.71, 18.57, 18.19, 18.69, 17.19, 17.34, 17.67, 18.66],
  tjk_105 = [17.66, 17.52, 18.89, 17.56, 18.73, 17.33, 17.21, 18.01, 18.72, 17.76, 18.35, 18.68, 17.91, 18.78, 18.40, 18.91, 17.38, 17.54, 17.87, 18.88],
  tjk_106 = [18.42, 18.27, 19.70, 18.31, 19.53, 18.07, 17.94, 18.78, 19.52, 18.52, 19.13, 19.48, 18.68, 19.59, 19.19, 19.71, 18.13, 18.29, 18.64, 19.68],
  tjk_107 = [18.02, 17.87, 19.28, 17.91, 19.11, 17.69, 17.56, 18.37, 19.10, 18.12, 18.72, 19.06, 18.28, 19.17, 18.78, 19.29, 17.74, 17.89, 18.24, 19.26],
  tjk_108 = [17.52, 17.37, 18.74, 17.41, 18.57, 17.19, 17.06, 17.86, 18.56, 17.62, 18.20, 18.53, 17.77, 18.63, 18.25, 18.75, 17.24, 17.39, 17.73, 18.72],
  tjk_109 = [18.03, 17.88, 19.29, 17.92, 19.11, 17.69, 17.56, 18.38, 19.10, 18.13, 18.73, 19.07, 18.28, 19.17, 18.78, 19.30, 17.74, 17.90, 18.24, 19.27],
  tjk_1010 = [17.30, 17.16, 18.50, 17.19, 18.34, 16.98, 16.85, 17.64, 18.33, 17.40, 17.97, 18.30, 17.54, 18.40, 18.02, 18.52, 17.03, 17.18, 17.50, 18.49],
  tjk_111 = [22.58, 22.39, 24.15, 22.44, 23.94, 22.16, 21.99, 23.02, 23.93, 22.71, 23.46, 23.88, 22.90, 24.01, 23.52, 24.17, 22.22, 22.42, 22.85, 24.13],
  tjk_112 = [21.51, 21.33, 23.01, 21.38, 22.81, 21.11, 20.95, 21.93, 22.79, 21.63, 22.35, 22.75, 21.82, 22.88, 22.41, 23.03, 21.17, 21.36, 21.77, 22.99],
  tjk_113 = [22.55, 22.37, 24.13, 22.42, 23.91, 22.13, 21.97, 23.00, 23.90, 22.68, 23.43, 23.86, 22.88, 23.99, 23.50, 24.14, 22.20, 22.40, 22.82, 24.10],
  tjk_114 = [21.47, 21.30, 22.97, 21.35, 22.77, 21.08, 20.92, 21.90, 22.76, 21.60, 22.31, 22.71, 21.78, 22.84, 22.38, 22.99, 21.14, 21.33, 21.73, 22.95],
  tjk_115 = [21.72, 21.54, 23.24, 21.59, 23.03, 21.32, 21.16, 22.15, 23.02, 21.85, 22.57, 22.98, 22.03, 23.10, 22.63, 23.25, 21.38, 21.57, 21.98, 23.22],
  tjk_116 = [22.65, 22.47, 24.23, 22.52, 24.02, 22.23, 22.07, 23.10, 24.00, 22.78, 23.53, 23.96, 22.98, 24.09, 23.60, 24.25, 22.30, 22.49, 22.92, 24.21],
  tjk_117 = [22.16, 21.98, 23.71, 22.03, 23.50, 21.75, 21.59, 22.60, 23.49, 22.29, 23.03, 23.44, 22.48, 23.58, 23.09, 23.73, 21.82, 22.01, 22.43, 23.69],
  tjk_118 = [21.54, 21.37, 23.05, 21.42, 22.84, 21.14, 20.99, 21.97, 22.83, 21.67, 22.38, 22.79, 21.85, 22.92, 22.45, 23.06, 21.21, 21.39, 21.80, 23.03],
  tjk_119 = [22.17, 21.99, 23.72, 22.04, 23.51, 21.76, 21.60, 22.61, 23.50, 22.30, 23.04, 23.45, 22.49, 23.58, 23.10, 23.74, 21.82, 22.02, 22.44, 23.70],
  tjk_1110 = [21.27, 21.10, 22.76, 21.15, 22.56, 20.88, 20.73, 21.69, 22.55, 21.40, 22.10, 22.50, 21.58, 22.63, 22.17, 22.77, 20.94, 21.13, 21.53, 22.74],
  tjk_121 = [2.92, 2.90, 3.12, 2.90, 3.10, 2.87, 2.85, 2.98, 3.10, 2.94, 3.03, 3.09, 2.96, 3.11, 3.04, 3.13, 2.88, 2.90, 2.96, 3.12],
  tjk_122 = [2.78, 2.76, 2.98, 2.77, 2.95, 2.73, 2.71, 2.84, 2.95, 2.80, 2.89, 2.94, 2.82, 2.96, 2.90, 2.98, 2.74, 2.76, 2.82, 2.97],
  tjk_123 = [2.92, 2.89, 3.12, 2.90, 3.09, 2.86, 2.84, 2.98, 3.09, 2.93, 3.03, 3.09, 2.96, 3.10, 3.04, 3.12, 2.87, 2.90, 2.95, 3.12],
  tjk_124 = [2.78, 2.76, 2.97, 2.76, 2.95, 2.73, 2.71, 2.83, 2.94, 2.79, 2.89, 2.94, 2.82, 2.96, 2.89, 2.97, 2.73, 2.76, 2.81, 2.97],
  tjk_125 = [2.81, 2.79, 3.01, 2.79, 2.98, 2.76, 2.74, 2.87, 2.98, 2.83, 2.92, 2.97, 2.85, 2.99, 2.93, 3.01, 2.77, 2.79, 2.84, 3.00],
  tjk_126 = [2.93, 2.91, 3.14, 2.91, 3.11, 2.88, 2.85, 2.99, 3.11, 2.95, 3.04, 3.10, 2.97, 3.12, 3.05, 3.14, 2.88, 2.91, 2.97, 3.13],
  tjk_127 = [2.87, 2.84, 3.07, 2.85, 3.04, 2.81, 2.79, 2.92, 3.04, 2.88, 2.98, 3.03, 2.91, 3.05, 2.99, 3.07, 2.82, 2.85, 2.90, 3.06],
  tjk_128 = [2.79, 2.76, 2.98, 2.77, 2.96, 2.74, 2.72, 2.84, 2.95, 2.80, 2.90, 2.95, 2.83, 2.96, 2.90, 2.98, 2.74, 2.77, 2.82, 2.98],
  tjk_129 = [2.87, 2.85, 3.07, 2.85, 3.04, 2.82, 2.79, 2.92, 3.04, 2.89, 2.98, 3.03, 2.91, 3.05, 2.99, 3.07, 2.82, 2.85, 2.90, 3.07],
  tjk_1210 = [2.75, 2.73, 2.94, 2.74, 2.92, 2.70, 2.68, 2.81, 2.92, 2.77, 2.86, 2.91, 2.79, 2.93, 2.87, 2.95, 2.71, 2.73, 2.79, 2.94],
  tjk_131 = [10.47, 10.39, 11.20, 10.41, 11.10, 10.28, 10.20, 10.68, 11.10, 10.53, 10.88, 11.08, 10.62, 11.14, 10.91, 11.21, 10.31, 10.40, 10.60, 11.19],
  tjk_132 = [9.98, 9.90, 10.67, 9.92, 10.58, 9.79, 9.72, 10.17, 10.57, 10.04, 10.37, 10.55, 10.12, 10.61, 10.40, 10.68, 9.82, 9.91, 10.10, 10.66],
  tjk_133 = [10.46, 10.38, 11.19, 10.40, 11.09, 10.27, 10.19, 10.67, 11.09, 10.52, 10.87, 11.07, 10.61, 11.13, 10.90, 11.20, 10.30, 10.39, 10.59, 11.18],
  tjk_134 = [9.96, 9.88, 10.66, 9.90, 10.56, 9.78, 9.71, 10.16, 10.56, 10.02, 10.35, 10.54, 10.10, 10.60, 10.38, 10.66, 9.81, 9.89, 10.08, 10.65],
  tjk_135 = [10.08, 9.99, 10.78, 10.02, 10.68, 9.89, 9.82, 10.27, 10.68, 10.13, 10.47, 10.66, 10.22, 10.72, 10.50, 10.79, 9.92, 10.01, 10.20, 10.77],
  tjk_136 = [10.51, 10.42, 11.24, 10.44, 11.14, 10.31, 10.24, 10.71, 11.14, 10.57, 10.92, 11.11, 10.66, 11.18, 10.95, 11.25, 10.34, 10.43, 10.63, 11.23],
  tjk_137 = [10.28, 10.20, 11.00, 10.22, 10.90, 10.09, 10.02, 10.48, 10.90, 10.34, 10.68, 10.88, 10.43, 10.94, 10.71, 11.01, 10.12, 10.21, 10.41, 10.99],
  tjk_138 = [9.99, 9.91, 10.69, 9.93, 10.60, 9.81, 9.74, 10.19, 10.59, 10.05, 10.38, 10.57, 10.14, 10.63, 10.41, 10.70, 9.84, 9.92, 10.11, 10.68],
  tjk_139 = [10.29, 10.20, 11.00, 10.22, 10.91, 10.09, 10.02, 10.49, 10.90, 10.34, 10.69, 10.88, 10.43, 10.94, 10.72, 11.01, 10.12, 10.21, 10.41, 10.99],
  tjk_1310 = [9.87, 9.79, 10.56, 9.81, 10.46, 9.69, 9.61, 10.06, 10.46, 9.93, 10.25, 10.44, 10.01, 10.50, 10.28, 10.56, 9.71, 9.80, 9.99, 10.55],
  tjk_141 = [23.38, 23.19, 25.01, 23.24, 24.79, 22.94, 22.77, 23.84, 24.77, 23.51, 24.29, 24.73, 23.71, 24.87, 24.36, 25.03, 23.01, 23.21, 23.66, 24.99],
  tjk_142 = [22.27, 22.09, 23.83, 22.14, 23.61, 21.86, 21.70, 22.71, 23.60, 22.40, 23.14, 23.56, 22.59, 23.69, 23.21, 23.84, 21.92, 22.12, 22.54, 23.80],
  tjk_143 = [23.35, 23.16, 24.98, 23.21, 24.76, 22.92, 22.75, 23.81, 24.75, 23.49, 24.26, 24.70, 23.69, 24.84, 24.33, 25.00, 22.99, 23.19, 23.63, 24.96],
  tjk_144 = [22.24, 22.05, 23.79, 22.10, 23.58, 21.82, 21.66, 22.67, 23.57, 22.36, 23.10, 23.52, 22.55, 23.65, 23.17, 23.80, 21.89, 22.08, 22.50, 23.77],
  tjk_145 = [22.49, 22.31, 24.06, 22.36, 23.85, 22.07, 21.91, 22.93, 23.84, 22.62, 23.37, 23.79, 22.81, 23.92, 23.44, 24.08, 22.14, 22.34, 22.76, 24.04],
  tjk_146 = [23.45, 23.26, 25.09, 23.31, 24.87, 23.02, 22.85, 23.91, 24.86, 23.59, 24.37, 24.81, 23.79, 24.95, 24.44, 25.11, 23.09, 23.29, 23.74, 25.07],
  tjk_147 = [22.95, 22.76, 24.55, 22.81, 24.33, 22.52, 22.36, 23.40, 24.32, 23.08, 23.84, 24.27, 23.28, 24.41, 23.91, 24.57, 22.59, 22.79, 23.23, 24.53],
  tjk_148 = [22.31, 22.13, 23.87, 22.18, 23.65, 21.89, 21.73, 22.75, 23.64, 22.44, 23.18, 23.60, 22.63, 23.73, 23.24, 23.88, 21.96, 22.15, 22.58, 23.84],
  tjk_149 = [22.96, 22.77, 24.56, 22.82, 24.34, 22.53, 22.37, 23.41, 24.33, 23.09, 23.85, 24.28, 23.29, 24.42, 23.92, 24.58, 22.60, 22.80, 23.23, 24.54],
  tjk_1410 = [22.03, 21.85, 23.57, 21.90, 23.36, 21.62, 21.46, 22.46, 23.35, 22.16, 22.89, 23.30, 22.34, 23.43, 22.95, 23.58, 21.68, 21.87, 22.29, 23.54],
  tjk_151 = [11.92, 11.83, 12.76, 11.85, 12.64, 11.70, 11.62, 12.16, 12.64, 11.99, 12.39, 12.61, 12.09, 12.68, 12.42, 12.76, 11.74, 11.84, 12.07, 12.74],
  tjk_152 = [11.36, 11.27, 12.15, 11.29, 12.04, 11.15, 11.07, 11.58, 12.04, 11.43, 11.80, 12.02, 11.52, 12.08, 11.84, 12.16, 11.18, 11.28, 11.50, 12.14],
  tjk_153 = [11.91, 11.81, 12.74, 11.84, 12.63, 11.69, 11.60, 12.15, 12.62, 11.98, 12.38, 12.60, 12.08, 12.67, 12.41, 12.75, 11.72, 11.83, 12.05, 12.73],
  tjk_154 = [11.34, 11.25, 12.13, 11.27, 12.03, 11.13, 11.05, 11.56, 12.02, 11.41, 11.78, 12.00, 11.50, 12.06, 11.82, 12.14, 11.16, 11.26, 11.48, 12.12],
  tjk_155 = [11.47, 11.38, 12.27, 11.40, 12.16, 11.26, 11.18, 11.70, 12.16, 11.54, 11.92, 12.13, 11.64, 12.20, 11.95, 12.28, 11.29, 11.39, 11.61, 12.26],
  tjk_156 = [11.96, 11.86, 12.80, 11.89, 12.68, 11.74, 11.65, 12.20, 12.68, 12.03, 12.43, 12.65, 12.13, 12.72, 12.46, 12.81, 11.78, 11.88, 12.11, 12.79],
  tjk_157 = [11.71, 11.61, 12.52, 11.64, 12.41, 11.49, 11.40, 11.94, 12.41, 11.77, 12.16, 12.38, 11.87, 12.45, 12.20, 12.53, 11.52, 11.62, 11.85, 12.51],
  tjk_158 = [11.38, 11.29, 12.17, 11.31, 12.06, 11.17, 11.09, 11.60, 12.06, 11.44, 11.82, 12.04, 11.54, 12.10, 11.86, 12.18, 11.20, 11.30, 11.52, 12.16],
  tjk_159 = [11.71, 11.61, 12.53, 11.64, 12.42, 11.49, 11.41, 11.94, 12.41, 11.78, 12.17, 12.39, 11.88, 12.46, 12.20, 12.54, 11.53, 11.63, 11.85, 12.52],
  tjk_1510 = [11.24, 11.14, 12.02, 11.17, 11.91, 11.03, 10.95, 11.46, 11.91, 11.30, 11.67, 11.88, 11.40, 11.95, 11.71, 12.03, 11.06, 11.16, 11.37, 12.01],
  tjk_161 = [6.98, 6.92, 7.47, 6.94, 7.40, 6.85, 6.80, 7.12, 7.40, 7.02, 7.25, 7.39, 7.08, 7.43, 7.28, 7.47, 6.87, 6.93, 7.07, 7.46],
  tjk_162 = [6.65, 6.60, 7.12, 6.61, 7.05, 6.53, 6.48, 6.78, 7.05, 6.69, 6.91, 7.04, 6.75, 7.08, 6.93, 7.12, 6.55, 6.61, 6.73, 7.11],
  tjk_163 = [6.97, 6.92, 7.46, 6.93, 7.40, 6.85, 6.80, 7.11, 7.39, 7.02, 7.25, 7.38, 7.07, 7.42, 7.27, 7.47, 6.87, 6.93, 7.06, 7.45],
  tjk_164 = [6.64, 6.59, 7.11, 6.60, 7.04, 6.52, 6.47, 6.77, 7.04, 6.68, 6.90, 7.02, 6.74, 7.06, 6.92, 7.11, 6.54, 6.59, 6.72, 7.10],
  tjk_165 = [6.72, 6.66, 7.19, 6.68, 7.12, 6.59, 6.54, 6.85, 7.12, 6.76, 6.98, 7.11, 6.81, 7.15, 7.00, 7.19, 6.61, 6.67, 6.80, 7.18],
  tjk_166 = [7.00, 6.95, 7.49, 6.96, 7.43, 6.87, 6.82, 7.14, 7.42, 7.05, 7.28, 7.41, 7.11, 7.45, 7.30, 7.50, 6.90, 6.96, 7.09, 7.49],
  tjk_167 = [6.85, 6.80, 7.33, 6.81, 7.27, 6.73, 6.68, 6.99, 7.26, 6.89, 7.12, 7.25, 6.95, 7.29, 7.14, 7.34, 6.75, 6.81, 6.94, 7.33],
  tjk_168 = [6.66, 6.61, 7.13, 6.62, 7.06, 6.54, 6.49, 6.79, 7.06, 6.70, 6.92, 7.05, 6.76, 7.09, 6.94, 7.13, 6.56, 6.62, 6.74, 7.12],
  tjk_169 = [6.86, 6.80, 7.34, 6.82, 7.27, 6.73, 6.68, 6.99, 7.27, 6.90, 7.12, 7.25, 6.96, 7.29, 7.14, 7.34, 6.75, 6.81, 6.94, 7.33],
  tjk_1610 = [6.58, 6.53, 7.04, 6.54, 6.98, 6.46, 6.41, 6.71, 6.97, 6.62, 6.84, 6.96, 6.67, 7.00, 6.86, 7.04, 6.48, 6.53, 6.66, 7.03],
  tjk_171 = [17.13, 16.99, 18.33, 17.03, 18.17, 16.82, 16.69, 17.47, 18.16, 17.23, 17.80, 18.12, 17.38, 18.23, 17.85, 18.34, 16.87, 17.02, 17.34, 18.31],
  tjk_172 = [16.32, 16.19, 17.46, 16.23, 17.31, 16.02, 15.90, 16.65, 17.30, 16.42, 16.96, 17.27, 16.56, 17.36, 17.01, 17.48, 16.07, 16.21, 16.52, 17.45],
  tjk_173 = [17.12, 16.98, 18.31, 17.02, 18.15, 16.80, 16.68, 17.45, 18.14, 17.22, 17.78, 18.11, 17.36, 18.21, 17.84, 18.32, 16.85, 17.00, 17.32, 18.29],
  tjk_174 = [16.30, 16.17, 17.44, 16.20, 17.28, 16.00, 15.88, 16.62, 17.27, 16.39, 16.93, 17.24, 16.53, 17.34, 16.98, 17.45, 16.04, 16.19, 16.49, 17.42],
  tjk_175 = [16.49, 16.35, 17.64, 16.39, 17.48, 16.18, 16.06, 16.81, 17.47, 16.58, 17.13, 17.44, 16.72, 17.54, 17.18, 17.65, 16.23, 16.37, 16.68, 17.62],
  tjk_176 = [17.19, 17.05, 18.39, 17.09, 18.23, 16.87, 16.75, 17.53, 18.22, 17.29, 17.86, 18.18, 17.44, 18.29, 17.91, 18.40, 16.92, 17.07, 17.40, 18.37],
  tjk_177 = [16.82, 16.68, 18.00, 16.72, 17.84, 16.51, 16.39, 17.15, 17.83, 16.92, 17.48, 17.79, 17.06, 17.89, 17.53, 18.01, 16.56, 16.70, 17.02, 17.98],
  tjk_178 = [16.35, 16.22, 17.49, 16.25, 17.34, 16.05, 15.93, 16.67, 17.33, 16.45, 16.99, 17.30, 16.59, 17.39, 17.04, 17.50, 16.10, 16.24, 16.55, 17.48],
  tjk_179 = [16.83, 16.69, 18.00, 16.73, 17.84, 16.52, 16.39, 17.16, 17.83, 16.93, 17.48, 17.80, 17.07, 17.90, 17.53, 18.01, 16.56, 16.71, 17.03, 17.99],
  tjk_1710 = [16.15, 16.01, 17.27, 16.05, 17.12, 15.85, 15.73, 16.46, 17.11, 16.24, 16.78, 17.08, 16.38, 17.17, 16.82, 17.29, 15.89, 16.03, 16.34, 17.26],
  tjk_181 = [8.30, 8.23, 8.88, 8.25, 8.80, 8.15, 8.09, 8.47, 8.80, 8.35, 8.63, 8.78, 8.42, 8.83, 8.65, 8.89, 8.17, 8.24, 8.40, 8.87],
  tjk_182 = [7.91, 7.84, 8.46, 7.86, 8.39, 7.76, 7.71, 8.07, 8.38, 7.96, 8.22, 8.37, 8.02, 8.41, 8.24, 8.47, 7.79, 7.85, 8.00, 8.45],
  tjk_183 = [8.29, 8.23, 8.87, 8.24, 8.79, 8.14, 8.08, 8.46, 8.79, 8.34, 8.62, 8.77, 8.41, 8.82, 8.64, 8.88, 8.16, 8.24, 8.39, 8.86],
  tjk_184 = [7.90, 7.83, 8.45, 7.85, 8.37, 7.75, 7.69, 8.05, 8.37, 7.94, 8.20, 8.35, 8.01, 8.40, 8.23, 8.45, 7.77, 7.84, 7.99, 8.44],
  tjk_185 = [7.99, 7.92, 8.55, 7.94, 8.47, 7.84, 7.78, 8.15, 8.47, 8.03, 8.30, 8.45, 8.10, 8.50, 8.32, 8.55, 7.86, 7.93, 8.08, 8.54],
  tjk_186 = [8.33, 8.26, 8.91, 8.28, 8.83, 8.17, 8.11, 8.49, 8.83, 8.38, 8.65, 8.81, 8.45, 8.86, 8.68, 8.92, 8.20, 8.27, 8.43, 8.90],
  tjk_187 = [8.15, 8.08, 8.72, 8.10, 8.64, 8.00, 7.94, 8.31, 8.64, 8.20, 8.47, 8.62, 8.27, 8.67, 8.49, 8.73, 8.02, 8.09, 8.25, 8.71],
  tjk_188 = [7.92, 7.86, 8.48, 7.88, 8.40, 7.78, 7.72, 8.08, 8.40, 7.97, 8.23, 8.38, 8.04, 8.43, 8.26, 8.48, 7.80, 7.87, 8.02, 8.47],
  tjk_189 = [8.15, 8.09, 8.72, 8.11, 8.65, 8.00, 7.94, 8.31, 8.64, 8.20, 8.47, 8.62, 8.27, 8.67, 8.50, 8.73, 8.03, 8.10, 8.25, 8.71],
  tjk_1810 = [7.82, 7.76, 8.37, 7.78, 8.30, 7.68, 7.62, 7.98, 8.29, 7.87, 8.13, 8.28, 7.94, 8.32, 8.15, 8.38, 7.70, 7.77, 7.92, 8.36],
  tjk_191 = [11.77, 11.68, 12.60, 11.70, 12.48, 11.55, 11.47, 12.01, 12.48, 11.84, 12.23, 12.45, 11.94, 12.52, 12.27, 12.60, 11.59, 11.69, 11.92, 12.58],
  tjk_192 = [11.22, 11.12, 12.00, 11.15, 11.89, 11.01, 10.93, 11.44, 11.89, 11.28, 11.65, 11.86, 11.38, 11.93, 11.69, 12.01, 11.04, 11.14, 11.35, 11.99],
  tjk_193 = [11.76, 11.67, 12.58, 11.69, 12.47, 11.54, 11.46, 11.99, 12.46, 11.83, 12.22, 12.44, 11.93, 12.51, 12.25, 12.59, 11.58, 11.68, 11.90, 12.57],
  tjk_194 = [11.20, 11.11, 11.98, 11.13, 11.87, 10.99, 10.91, 11.42, 11.87, 11.26, 11.64, 11.85, 11.36, 11.91, 11.67, 11.99, 11.02, 11.12, 11.33, 11.97],
  tjk_195 = [11.33, 11.24, 12.12, 11.26, 12.01, 11.12, 11.04, 11.55, 12.00, 11.39, 11.77, 11.98, 11.49, 12.05, 11.80, 12.13, 11.15, 11.25, 11.46, 12.11],
  tjk_196 = [11.81, 11.72, 12.64, 11.74, 12.52, 11.59, 11.51, 12.04, 12.52, 11.88, 12.27, 12.49, 11.98, 12.56, 12.31, 12.65, 11.63, 11.73, 11.95, 12.62],
  tjk_197 = [11.56, 11.46, 12.37, 11.49, 12.26, 11.34, 11.26, 11.79, 12.25, 11.63, 12.01, 12.23, 11.72, 12.29, 12.04, 12.37, 11.38, 11.48, 11.70, 12.35],
  tjk_198 = [11.23, 11.14, 12.02, 11.17, 11.91, 11.03, 10.95, 11.46, 11.91, 11.30, 11.67, 11.88, 11.40, 11.95, 11.71, 12.03, 11.06, 11.16, 11.37, 12.01],
  tjk_199 = [11.56, 11.47, 12.37, 11.49, 12.26, 11.35, 11.26, 11.79, 12.25, 11.63, 12.01, 12.23, 11.73, 12.30, 12.05, 12.38, 11.38, 11.48, 11.70, 12.36],
  tjk_1910 = [11.09, 11.00, 11.87, 11.03, 11.76, 10.89, 10.81, 11.31, 11.76, 11.16, 11.53, 11.73, 11.25, 11.80, 11.56, 11.88, 10.92, 11.02, 11.23, 11.86],
  tjk_201 = [1.07, 1.06, 1.15, 1.06, 1.13, 1.05, 1.04, 1.09, 1.13, 1.08, 1.11, 1.13, 1.09, 1.14, 1.12, 1.15, 1.05, 1.06, 1.08, 1.14],
  tjk_202 = [1.02, 1.01, 1.09, 1.01, 1.08, 1.00, 0.99, 1.04, 1.08, 1.03, 1.06, 1.08, 1.03, 1.08, 1.06, 1.09, 1.00, 1.01, 1.03, 1.09],
  tjk_203 = [1.07, 1.06, 1.14, 1.06, 1.13, 1.05, 1.04, 1.09, 1.13, 1.08, 1.11, 1.13, 1.08, 1.14, 1.11, 1.14, 1.05, 1.06, 1.08, 1.14],
  tjk_204 = [1.02, 1.01, 1.09, 1.01, 1.08, 1.00, 0.99, 1.04, 1.08, 1.02, 1.06, 1.08, 1.03, 1.08, 1.06, 1.09, 1.00, 1.01, 1.03, 1.09],
  tjk_205 = [1.03, 1.02, 1.10, 1.02, 1.09, 1.01, 1.00, 1.05, 1.09, 1.04, 1.07, 1.09, 1.04, 1.10, 1.07, 1.10, 1.01, 1.02, 1.04, 1.10],
  tjk_206 = [1.07, 1.07, 1.15, 1.07, 1.14, 1.05, 1.05, 1.09, 1.14, 1.08, 1.12, 1.14, 1.09, 1.14, 1.12, 1.15, 1.06, 1.07, 1.09, 1.15],
  tjk_207 = [1.05, 1.04, 1.12, 1.04, 1.11, 1.03, 1.02, 1.07, 1.11, 1.06, 1.09, 1.11, 1.07, 1.12, 1.09, 1.12, 1.03, 1.04, 1.06, 1.12],
  tjk_208 = [1.02, 1.01, 1.09, 1.02, 1.08, 1.00, 1.00, 1.04, 1.08, 1.03, 1.06, 1.08, 1.04, 1.09, 1.06, 1.09, 1.01, 1.01, 1.03, 1.09],
  tjk_209 = [1.05, 1.04, 1.12, 1.04, 1.11, 1.03, 1.02, 1.07, 1.11, 1.06, 1.09, 1.11, 1.07, 1.12, 1.10, 1.13, 1.03, 1.04, 1.06, 1.12],
  tjk_2010 = [1.01, 1.00, 1.08, 1.00, 1.07, 0.99, 0.98, 1.03, 1.07, 1.01, 1.05, 1.07, 1.02, 1.07, 1.05, 1.08, 0.99, 1.00, 1.02, 1.08],
]

Service Times (xi_{jk}^s) = [
  xi_11 = [6.58, 6.57, 6.86, 6.33, 6.89, 6.67, 6.32, 6.41, 6.52, 6.81, 6.75, 6.76, 6.32, 6.79, 6.32, 6.61, 6.53, 6.40, 6.28, 6.68],
  xi_12 = [6.17, 6.16, 6.44, 5.94, 6.47, 6.26, 5.93, 6.02, 6.12, 6.39, 6.33, 6.35, 5.93, 6.37, 5.93, 6.20, 6.13, 6.01, 5.89, 6.27],
  xi_13 = [6.24, 6.23, 6.51, 6.01, 6.54, 6.33, 6.00, 6.08, 6.18, 6.46, 6.40, 6.41, 6.00, 6.44, 6.00, 6.27, 6.20, 6.08, 5.95, 6.34],
  xi_14 = [6.07, 6.06, 6.34, 5.85, 6.36, 6.16, 5.84, 5.92, 6.02, 6.29, 6.23, 6.24, 5.84, 6.27, 5.83, 6.10, 6.03, 5.91, 5.79, 6.17],
  xi_15 = [6.26, 6.25, 6.53, 6.03, 6.56, 6.35, 6.01, 6.10, 6.20, 6.48, 6.42, 6.43, 6.01, 6.46, 6.01, 6.29, 6.21, 6.09, 5.97, 6.36],
  xi_16 = [6.08, 6.08, 6.35, 5.86, 6.38, 6.18, 5.85, 5.93, 6.03, 6.30, 6.25, 6.26, 5.85, 6.28, 5.85, 6.12, 6.04, 5.93, 5.81, 6.18],
  xi_17 = [6.52, 6.52, 6.81, 6.28, 6.84, 6.62, 6.27, 6.36, 6.46, 6.76, 6.70, 6.71, 6.27, 6.74, 6.27, 6.56, 6.48, 6.35, 6.23, 6.63],
  xi_18 = [6.16, 6.16, 6.43, 5.94, 6.46, 6.26, 5.93, 6.01, 6.11, 6.39, 6.33, 6.34, 5.93, 6.36, 5.92, 6.20, 6.12, 6.00, 5.88, 6.26],
  xi_19 = [6.36, 6.36, 6.64, 6.13, 6.67, 6.46, 6.12, 6.20, 6.31, 6.59, 6.53, 6.54, 6.12, 6.57, 6.12, 6.40, 6.32, 6.20, 6.07, 6.46],
  xi_110 = [6.27, 6.27, 6.55, 6.04, 6.57, 6.37, 6.03, 6.11, 6.22, 6.50, 6.44, 6.45, 6.03, 6.48, 6.03, 6.31, 6.23, 6.11, 5.99, 6.37],
  xi_21 = [12.18, 12.16, 12.71, 11.73, 12.76, 12.36, 11.71, 11.87, 12.07, 12.62, 12.50, 12.52, 11.71, 12.57, 11.70, 12.24, 12.09, 11.86, 11.62, 12.37],
  xi_22 = [11.43, 11.41, 11.93, 11.01, 11.98, 11.60, 10.99, 11.14, 11.33, 11.84, 11.73, 11.75, 10.99, 11.80, 10.98, 11.49, 11.35, 11.13, 10.91, 11.61],
  xi_23 = [11.55, 11.54, 12.06, 11.13, 12.11, 11.73, 11.11, 11.26, 11.45, 11.97, 11.86, 11.88, 11.11, 11.93, 11.10, 11.62, 11.48, 11.25, 11.03, 11.74],
  xi_24 = [11.24, 11.23, 11.73, 10.83, 11.78, 11.41, 10.81, 10.96, 11.14, 11.65, 11.54, 11.56, 10.81, 11.61, 10.80, 11.30, 11.16, 10.95, 10.73, 11.42],
  xi_25 = [11.58, 11.57, 12.09, 11.16, 12.14, 11.76, 11.14, 11.29, 11.48, 12.00, 11.89, 11.91, 11.14, 11.96, 11.13, 11.65, 11.50, 11.28, 11.06, 11.77],
  xi_26 = [11.27, 11.25, 11.76, 10.85, 11.81, 11.44, 10.83, 10.98, 11.17, 11.67, 11.57, 11.59, 10.83, 11.63, 10.83, 11.33, 11.19, 10.97, 10.75, 11.45],
  xi_27 = [12.08, 12.07, 12.61, 11.64, 12.66, 12.26, 11.61, 11.78, 11.97, 12.51, 12.40, 12.42, 11.61, 12.47, 11.61, 12.15, 12.00, 11.76, 11.53, 12.27],
  xi_28 = [11.41, 11.40, 11.91, 11.00, 11.96, 11.58, 10.97, 11.13, 11.31, 11.82, 11.72, 11.74, 10.97, 11.79, 10.97, 11.48, 11.34, 11.12, 10.89, 11.60],
  xi_29 = [11.78, 11.77, 12.30, 11.35, 12.35, 11.96, 11.33, 11.49, 11.68, 12.21, 12.09, 12.11, 11.33, 12.17, 11.32, 11.85, 11.70, 11.48, 11.25, 11.97],
  xi_210 = [11.62, 11.60, 12.12, 11.19, 12.18, 11.79, 11.17, 11.32, 11.51, 12.03, 11.92, 11.94, 11.17, 11.99, 11.16, 11.68, 11.54, 11.31, 11.09, 11.80],
  xi_31 = [25.60, 25.57, 26.72, 24.66, 26.84, 25.98, 24.61, 24.96, 25.37, 26.52, 26.28, 26.32, 24.61, 26.44, 24.61, 25.74, 25.43, 24.93, 24.44, 26.01],
  xi_32 = [24.03, 24.00, 25.08, 23.14, 25.18, 24.38, 23.10, 23.42, 23.81, 24.89, 24.66, 24.70, 23.10, 24.81, 23.09, 24.16, 23.86, 23.40, 22.93, 24.41],
  xi_33 = [24.29, 24.26, 25.35, 23.40, 25.46, 24.65, 23.35, 23.68, 24.07, 25.16, 24.93, 24.97, 23.35, 25.08, 23.35, 24.42, 24.12, 23.66, 23.18, 24.68],
  xi_34 = [23.63, 23.60, 24.67, 22.77, 24.77, 23.98, 22.72, 23.04, 23.42, 24.48, 24.26, 24.30, 22.72, 24.40, 22.71, 23.76, 23.47, 23.02, 22.56, 24.01],
  xi_35 = [24.35, 24.32, 25.42, 23.46, 25.53, 24.72, 23.41, 23.74, 24.13, 25.23, 25.00, 25.04, 23.41, 25.15, 23.41, 24.48, 24.19, 23.72, 23.24, 24.74],
  xi_36 = [23.69, 23.66, 24.73, 22.82, 24.83, 24.04, 22.77, 23.09, 23.48, 24.54, 24.31, 24.36, 22.77, 24.46, 22.77, 23.82, 23.53, 23.07, 22.61, 24.07],
  xi_37 = [25.40, 25.37, 26.51, 24.46, 26.62, 25.77, 24.42, 24.76, 25.17, 26.31, 26.07, 26.11, 24.42, 26.22, 24.41, 25.53, 25.22, 24.73, 24.24, 25.80],
  xi_38 = [24.00, 23.97, 25.05, 23.12, 25.15, 24.35, 23.07, 23.39, 23.78, 24.86, 24.63, 24.67, 23.07, 24.78, 23.06, 24.13, 23.83, 23.37, 22.90, 24.38],
  xi_39 = [24.77, 24.74, 25.86, 23.86, 25.97, 25.14, 23.82, 24.15, 24.55, 25.66, 25.43, 25.47, 23.82, 25.58, 23.81, 24.91, 24.60, 24.12, 23.64, 25.17],
  xi_310 = [24.42, 24.39, 25.49, 23.53, 25.60, 24.79, 23.48, 23.81, 24.20, 25.30, 25.07, 25.11, 23.48, 25.22, 23.47, 24.55, 24.25, 23.78, 23.31, 24.81],
  xi_41 = [4.43, 4.42, 4.62, 4.27, 4.64, 4.50, 4.26, 4.32, 4.39, 4.59, 4.55, 4.55, 4.26, 4.57, 4.26, 4.45, 4.40, 4.31, 4.23, 4.50],
  xi_42 = [4.16, 4.15, 4.34, 4.00, 4.36, 4.22, 4.00, 4.05, 4.12, 4.31, 4.27, 4.27, 4.00, 4.29, 4.00, 4.18, 4.13, 4.05, 3.97, 4.22],
  xi_43 = [4.20, 4.20, 4.39, 4.05, 4.40, 4.27, 4.04, 4.10, 4.16, 4.35, 4.31, 4.32, 4.04, 4.34, 4.04, 4.23, 4.17, 4.09, 4.01, 4.27],
  xi_44 = [4.09, 4.08, 4.27, 3.94, 4.29, 4.15, 3.93, 3.99, 4.05, 4.24, 4.20, 4.20, 3.93, 4.22, 3.93, 4.11, 4.06, 3.98, 3.90, 4.15],
  xi_45 = [4.21, 4.21, 4.40, 4.06, 4.42, 4.28, 4.05, 4.11, 4.18, 4.36, 4.32, 4.33, 4.05, 4.35, 4.05, 4.24, 4.18, 4.10, 4.02, 4.28],
  xi_46 = [4.10, 4.09, 4.28, 3.95, 4.30, 4.16, 3.94, 4.00, 4.06, 4.25, 4.21, 4.21, 3.94, 4.23, 3.94, 4.12, 4.07, 3.99, 3.91, 4.16],
  xi_47 = [4.39, 4.39, 4.59, 4.23, 4.61, 4.46, 4.22, 4.28, 4.35, 4.55, 4.51, 4.52, 4.22, 4.54, 4.22, 4.42, 4.36, 4.28, 4.19, 4.46],
  xi_48 = [4.15, 4.15, 4.33, 4.00, 4.35, 4.21, 3.99, 4.05, 4.11, 4.30, 4.26, 4.27, 3.99, 4.29, 3.99, 4.17, 4.12, 4.04, 3.96, 4.22],
  xi_49 = [4.29, 4.28, 4.47, 4.13, 4.49, 4.35, 4.12, 4.18, 4.25, 4.44, 4.40, 4.41, 4.12, 4.43, 4.12, 4.31, 4.26, 4.17, 4.09, 4.35],
  xi_410 = [4.23, 4.22, 4.41, 4.07, 4.43, 4.29, 4.06, 4.12, 4.19, 4.38, 4.34, 4.34, 4.06, 4.36, 4.06, 4.25, 4.20, 4.11, 4.03, 4.29],
  xi_51 = [0.10, 0.10, 0.11, 0.10, 0.11, 0.11, 0.10, 0.10, 0.10, 0.11, 0.11, 0.11, 0.10, 0.11, 0.10, 0.11, 0.10, 0.10, 0.10, 0.11],
  xi_52 = [0.10, 0.10, 0.10, 0.10, 0.10, 0.10, 0.10, 0.10, 0.10, 0.10, 0.10, 0.10, 0.10, 0.10, 0.10, 0.10, 0.10, 0.10, 0.10, 0.10],
  xi_53 = [0.10, 0.10, 0.10, 0.10, 0.10, 0.10, 0.10, 0.10, 0.10, 0.10, 0.10, 0.10, 0.10, 0.10, 0.10, 0.10, 0.10, 0.10, 0.10, 0.10],
  xi_54 = [0.10, 0.10, 0.10, 0.10, 0.10, 0.10, 0.10, 0.10, 0.10, 0.10, 0.10, 0.10, 0.10, 0.10, 0.10, 0.10, 0.10, 0.10, 0.10, 0.10],
  xi_55 = [0.10, 0.10, 0.10, 0.10, 0.10, 0.10, 0.10, 0.10, 0.10, 0.10, 0.10, 0.10, 0.10, 0.10, 0.10, 0.10, 0.10, 0.10, 0.10, 0.10],
  xi_56 = [0.10, 0.10, 0.10, 0.10, 0.10, 0.10, 0.10, 0.10, 0.10, 0.10, 0.10, 0.10, 0.10, 0.10, 0.10, 0.10, 0.10, 0.10, 0.10, 0.10],
  xi_57 = [0.10, 0.10, 0.11, 0.10, 0.11, 0.11, 0.10, 0.10, 0.10, 0.11, 0.11, 0.11, 0.10, 0.11, 0.10, 0.10, 0.10, 0.10, 0.10, 0.11],
  xi_58 = [0.10, 0.10, 0.10, 0.10, 0.10, 0.10, 0.10, 0.10, 0.10, 0.10, 0.10, 0.10, 0.10, 0.10, 0.10, 0.10, 0.10, 0.10, 0.10, 0.10],
  xi_59 = [0.10, 0.10, 0.11, 0.10, 0.11, 0.10, 0.10, 0.10, 0.10, 0.10, 0.10, 0.10, 0.10, 0.10, 0.10, 0.10, 0.10, 0.10, 0.10, 0.10],
  xi_510 = [0.10, 0.10, 0.10, 0.10, 0.10, 0.10, 0.10, 0.10, 0.10, 0.10, 0.10, 0.10, 0.10, 0.10, 0.10, 0.10, 0.10, 0.10, 0.10, 0.10],
  xi_61 = [0.10, 0.10, 0.11, 0.10, 0.11, 0.11, 0.10, 0.10, 0.10, 0.11, 0.11, 0.11, 0.10, 0.11, 0.10, 0.11, 0.10, 0.10, 0.10, 0.11],
  xi_62 = [0.10, 0.10, 0.10, 0.10, 0.10, 0.10, 0.10, 0.10, 0.10, 0.10, 0.10, 0.10, 0.10, 0.10, 0.10, 0.10, 0.10, 0.10, 0.10, 0.10],
  xi_63 = [0.10, 0.10, 0.10, 0.10, 0.10, 0.10, 0.10, 0.10, 0.10, 0.10, 0.10, 0.10, 0.10, 0.10, 0.10, 0.10, 0.10, 0.10, 0.10, 0.10],
  xi_64 = [0.10, 0.10, 0.10, 0.10, 0.10, 0.10, 0.10, 0.10, 0.10, 0.10, 0.10, 0.10, 0.10, 0.10, 0.10, 0.10, 0.10, 0.10, 0.10, 0.10],
  xi_65 = [0.10, 0.10, 0.10, 0.10, 0.10, 0.10, 0.10, 0.10, 0.10, 0.10, 0.10, 0.10, 0.10, 0.10, 0.10, 0.10, 0.10, 0.10, 0.10, 0.10],
  xi_66 = [0.10, 0.10, 0.10, 0.10, 0.10, 0.10, 0.10, 0.10, 0.10, 0.10, 0.10, 0.10, 0.10, 0.10, 0.10, 0.10, 0.10, 0.10, 0.10, 0.10],
  xi_67 = [0.10, 0.10, 0.11, 0.10, 0.11, 0.11, 0.10, 0.10, 0.10, 0.11, 0.11, 0.11, 0.10, 0.11, 0.10, 0.10, 0.10, 0.10, 0.10, 0.11],
  xi_68 = [0.10, 0.10, 0.10, 0.10, 0.10, 0.10, 0.10, 0.10, 0.10, 0.10, 0.10, 0.10, 0.10, 0.10, 0.10, 0.10, 0.10, 0.10, 0.10, 0.10],
  xi_69 = [0.10, 0.10, 0.11, 0.10, 0.11, 0.10, 0.10, 0.10, 0.10, 0.10, 0.10, 0.10, 0.10, 0.10, 0.10, 0.10, 0.10, 0.10, 0.10, 0.10],
  xi_610 = [0.10, 0.10, 0.10, 0.10, 0.10, 0.10, 0.10, 0.10, 0.10, 0.10, 0.10, 0.10, 0.10, 0.10, 0.10, 0.10, 0.10, 0.10, 0.10, 0.10],
  xi_71 = [26.10, 26.07, 27.25, 25.15, 27.36, 26.49, 25.10, 25.45, 25.87, 27.04, 26.79, 26.84, 25.10, 26.95, 25.09, 26.25, 25.93, 25.42, 24.92, 26.52],
  xi_72 = [24.50, 24.47, 25.57, 23.60, 25.68, 24.86, 23.55, 23.88, 24.28, 25.38, 25.15, 25.19, 23.55, 25.30, 23.55, 24.63, 24.33, 23.86, 23.38, 24.89],
  xi_73 = [24.77, 24.74, 25.85, 23.86, 25.96, 25.14, 23.81, 24.15, 24.55, 25.66, 25.42, 25.47, 23.81, 25.57, 23.80, 24.90, 24.60, 24.12, 23.64, 25.17],
  xi_74 = [24.10, 24.07, 25.15, 23.21, 25.26, 24.46, 23.17, 23.49, 23.88, 24.96, 24.73, 24.78, 23.17, 24.88, 23.16, 24.23, 23.93, 23.47, 23.00, 24.48],
  xi_75 = [24.83, 24.80, 25.92, 23.92, 26.03, 25.20, 23.87, 24.21, 24.61, 25.72, 25.49, 25.53, 23.87, 25.64, 23.86, 24.97, 24.66, 24.18, 23.70, 25.23],
  xi_76 = [24.15, 24.13, 25.21, 23.27, 25.32, 24.51, 23.22, 23.55, 23.94, 25.02, 24.79, 24.83, 23.22, 24.94, 23.21, 24.28, 23.99, 23.52, 23.05, 24.54],
  xi_77 = [25.90, 25.86, 27.03, 24.94, 27.14, 26.28, 24.90, 25.24, 25.66, 26.83, 26.58, 26.62, 24.90, 26.74, 24.89, 26.03, 25.72, 25.22, 24.72, 26.31],
  xi_78 = [24.47, 24.44, 25.54, 23.57, 25.65, 24.83, 23.52, 23.85, 24.25, 25.35, 25.11, 25.16, 23.52, 25.26, 23.52, 24.60, 24.30, 23.83, 23.35, 24.86],
  xi_79 = [25.26, 25.23, 26.36, 24.33, 26.48, 25.63, 24.28, 24.62, 25.03, 26.17, 25.93, 25.97, 24.28, 26.08, 24.28, 25.39, 25.09, 24.60, 24.11, 25.66],
  xi_710 = [24.90, 24.87, 25.99, 23.99, 26.10, 25.27, 23.94, 24.27, 24.68, 25.80, 25.56, 25.60, 23.94, 25.71, 23.93, 25.04, 24.73, 24.25, 23.77, 25.30],
  xi_81 = [14.92, 14.90, 15.57, 14.37, 15.64, 15.14, 14.35, 14.55, 14.79, 15.46, 15.32, 15.34, 14.35, 15.41, 14.34, 15.00, 14.82, 14.53, 14.24, 15.16],
  xi_82 = [14.00, 13.99, 14.62, 13.49, 14.68, 14.21, 13.46, 13.65, 13.88, 14.51, 14.37, 14.40, 13.46, 14.46, 13.46, 14.08, 13.91, 13.64, 13.37, 14.23],
  xi_83 = [14.16, 14.14, 14.78, 13.64, 14.84, 14.37, 13.61, 13.80, 14.03, 14.67, 14.53, 14.56, 13.61, 14.62, 13.61, 14.23, 14.06, 13.79, 13.51, 14.38],
  xi_84 = [13.77, 13.76, 14.38, 13.27, 14.44, 13.98, 13.24, 13.43, 13.65, 14.27, 14.14, 14.16, 13.24, 14.22, 13.24, 13.85, 13.68, 13.41, 13.15, 14.00],
  xi_85 = [14.19, 14.18, 14.81, 13.67, 14.88, 14.40, 13.65, 13.84, 14.07, 14.70, 14.57, 14.59, 13.65, 14.66, 13.64, 14.27, 14.10, 13.82, 13.55, 14.42],
  xi_86 = [13.81, 13.79, 14.41, 13.30, 14.47, 14.01, 13.27, 13.46, 13.68, 14.30, 14.17, 14.20, 13.27, 14.26, 13.27, 13.88, 13.71, 13.45, 13.18, 14.03],
  xi_87 = [14.80, 14.78, 15.45, 14.26, 15.51, 15.02, 14.23, 14.43, 14.67, 15.33, 15.19, 15.22, 14.23, 15.28, 14.23, 14.88, 14.70, 14.41, 14.13, 15.04],
  xi_88 = [13.99, 13.97, 14.60, 13.47, 14.66, 14.19, 13.45, 13.63, 13.86, 14.49, 14.36, 14.38, 13.45, 14.44, 13.44, 14.06, 13.89, 13.62, 13.35, 14.21],
  xi_89 = [14.44, 14.42, 15.07, 13.91, 15.13, 14.65, 13.88, 14.07, 14.31, 14.96, 14.82, 14.84, 13.88, 14.91, 13.88, 14.52, 14.34, 14.06, 13.78, 14.67],
  xi_810 = [14.23, 14.22, 14.86, 13.71, 14.92, 14.45, 13.68, 13.88, 14.11, 14.75, 14.61, 14.63, 13.68, 14.70, 13.68, 14.31, 14.14, 13.86, 13.59, 14.46],
  xi_91 = [11.15, 11.14, 11.64, 10.74, 11.69, 11.32, 10.72, 10.87, 11.05, 11.55, 11.45, 11.47, 10.72, 11.51, 10.72, 11.21, 11.08, 10.86, 10.64, 11.33],
  xi_92 = [10.47, 10.45, 10.92, 10.08, 10.97, 10.62, 10.06, 10.20, 10.37, 10.84, 10.74, 10.76, 10.06, 10.81, 10.06, 10.52, 10.39, 10.19, 9.99, 10.63],
  xi_93 = [10.58, 10.57, 11.04, 10.19, 11.09, 10.74, 10.17, 10.31, 10.49, 10.96, 10.86, 10.88, 10.17, 10.93, 10.17, 10.64, 10.51, 10.30, 10.10, 10.75],
  xi_94 = [10.29, 10.28, 10.74, 9.92, 10.79, 10.45, 9.90, 10.04, 10.20, 10.66, 10.57, 10.58, 9.90, 10.63, 9.89, 10.35, 10.22, 10.03, 9.83, 10.46],
  xi_95 = [10.61, 10.60, 11.07, 10.22, 11.12, 10.77, 10.20, 10.34, 10.51, 10.99, 10.89, 10.91, 10.20, 10.95, 10.19, 10.67, 10.54, 10.33, 10.12, 10.78],
  xi_96 = [10.32, 10.31, 10.77, 9.94, 10.82, 10.47, 9.92, 10.06, 10.23, 10.69, 10.59, 10.61, 9.92, 10.65, 9.92, 10.37, 10.25, 10.05, 9.85, 10.48],
  xi_97 = [11.06, 11.05, 11.55, 10.66, 11.60, 11.23, 10.64, 10.78, 10.96, 11.46, 11.35, 11.37, 10.64, 11.42, 10.63, 11.12, 10.99, 10.77, 10.56, 11.24],
  xi_98 = [10.45, 10.44, 10.91, 10.07, 10.96, 10.61, 10.05, 10.19, 10.36, 10.83, 10.73, 10.75, 10.05, 10.79, 10.05, 10.51, 10.38, 10.18, 9.98, 10.62],
  xi_99 = [10.79, 10.78, 11.26, 10.39, 11.31, 10.95, 10.37, 10.52, 10.69, 11.18, 11.08, 11.09, 10.37, 11.14, 10.37, 10.85, 10.72, 10.51, 10.30, 10.96],
  xi_910 = [10.64, 10.62, 11.10, 10.25, 11.15, 10.80, 10.23, 10.37, 10.54, 11.02, 10.92, 10.94, 10.23, 10.98, 10.22, 10.70, 10.56, 10.36, 10.15, 10.81],
  xi_101 = [3.98, 3.97, 4.15, 3.83, 4.17, 4.04, 3.83, 3.88, 3.94, 4.12, 4.08, 4.09, 3.83, 4.11, 3.82, 4.00, 3.95, 3.88, 3.80, 4.04],
  xi_102 = [3.73, 3.73, 3.90, 3.60, 3.91, 3.79, 3.59, 3.64, 3.70, 3.87, 3.83, 3.84, 3.59, 3.86, 3.59, 3.75, 3.71, 3.64, 3.56, 3.79],
  xi_103 = [3.78, 3.77, 3.94, 3.64, 3.96, 3.83, 3.63, 3.68, 3.74, 3.91, 3.87, 3.88, 3.63, 3.90, 3.63, 3.80, 3.75, 3.68, 3.60, 3.84],
  xi_104 = [3.67, 3.67, 3.83, 3.54, 3.85, 3.73, 3.53, 3.58, 3.64, 3.81, 3.77, 3.78, 3.53, 3.79, 3.53, 3.69, 3.65, 3.58, 3.51, 3.73],
  xi_105 = [3.78, 3.78, 3.95, 3.65, 3.97, 3.84, 3.64, 3.69, 3.75, 3.92, 3.88, 3.89, 3.64, 3.91, 3.64, 3.81, 3.76, 3.69, 3.61, 3.85],
  xi_106 = [3.68, 3.68, 3.84, 3.55, 3.86, 3.74, 3.54, 3.59, 3.65, 3.81, 3.78, 3.79, 3.54, 3.80, 3.54, 3.70, 3.66, 3.59, 3.51, 3.74],
  xi_107 = [3.95, 3.94, 4.12, 3.80, 4.14, 4.01, 3.79, 3.85, 3.91, 4.09, 4.05, 4.06, 3.79, 4.08, 3.79, 3.97, 3.92, 3.84, 3.77, 4.01],
  xi_108 = [3.73, 3.73, 3.89, 3.59, 3.91, 3.79, 3.59, 3.64, 3.70, 3.86, 3.83, 3.83, 3.59, 3.85, 3.58, 3.75, 3.70, 3.63, 3.56, 3.79],
  xi_109 = [3.85, 3.85, 4.02, 3.71, 4.04, 3.91, 3.70, 3.75, 3.82, 3.99, 3.95, 3.96, 3.70, 3.98, 3.70, 3.87, 3.82, 3.75, 3.67, 3.91],
  xi_1010 = [3.80, 3.79, 3.96, 3.66, 3.98, 3.85, 3.65, 3.70, 3.76, 3.93, 3.90, 3.90, 3.65, 3.92, 3.65, 3.82, 3.77, 3.70, 3.62, 3.86],
  xi_111 = [0.10, 0.10, 0.11, 0.10, 0.11, 0.11, 0.10, 0.10, 0.10, 0.11, 0.11, 0.11, 0.10, 0.11, 0.10, 0.11, 0.10, 0.10, 0.10, 0.11],
  xi_112 = [0.10, 0.10, 0.10, 0.10, 0.10, 0.10, 0.10, 0.10, 0.10, 0.10, 0.10, 0.10, 0.10, 0.10, 0.10, 0.10, 0.10, 0.10, 0.10, 0.10],
  xi_113 = [0.10, 0.10, 0.10, 0.10, 0.10, 0.10, 0.10, 0.10, 0.10, 0.10, 0.10, 0.10, 0.10, 0.10, 0.10, 0.10, 0.10, 0.10, 0.10, 0.10],
  xi_114 = [0.10, 0.10, 0.10, 0.10, 0.10, 0.10, 0.10, 0.10, 0.10, 0.10, 0.10, 0.10, 0.10, 0.10, 0.10, 0.10, 0.10, 0.10, 0.10, 0.10],
  xi_115 = [0.10, 0.10, 0.10, 0.10, 0.10, 0.10, 0.10, 0.10, 0.10, 0.10, 0.10, 0.10, 0.10, 0.10, 0.10, 0.10, 0.10, 0.10, 0.10, 0.10],
  xi_116 = [0.10, 0.10, 0.10, 0.10, 0.10, 0.10, 0.10, 0.10, 0.10, 0.10, 0.10, 0.10, 0.10, 0.10, 0.10, 0.10, 0.10, 0.10, 0.10, 0.10],
  xi_117 = [0.10, 0.10, 0.11, 0.10, 0.11, 0.11, 0.10, 0.10, 0.10, 0.11, 0.11, 0.11, 0.10, 0.11, 0.10, 0.10, 0.10, 0.10, 0.10, 0.11],
  xi_118 = [0.10, 0.10, 0.10, 0.10, 0.10, 0.10, 0.10, 0.10, 0.10, 0.10, 0.10, 0.10, 0.10, 0.10, 0.10, 0.10, 0.10, 0.10, 0.10, 0.10],
  xi_119 = [0.10, 0.10, 0.11, 0.10, 0.11, 0.10, 0.10, 0.10, 0.10, 0.10, 0.10, 0.10, 0.10, 0.10, 0.10, 0.10, 0.10, 0.10, 0.10, 0.10],
  xi_1110 = [0.10, 0.10, 0.10, 0.10, 0.10, 0.10, 0.10, 0.10, 0.10, 0.10, 0.10, 0.10, 0.10, 0.10, 0.10, 0.10, 0.10, 0.10, 0.10, 0.10],
  xi_121 = [4.52, 4.52, 4.72, 4.36, 4.74, 4.59, 4.35, 4.41, 4.48, 4.69, 4.64, 4.65, 4.35, 4.67, 4.35, 4.55, 4.49, 4.41, 4.32, 4.60],
  xi_122 = [4.25, 4.24, 4.43, 4.09, 4.45, 4.31, 4.08, 4.14, 4.21, 4.40, 4.36, 4.36, 4.08, 4.38, 4.08, 4.27, 4.22, 4.13, 4.05, 4.31],
  xi_123 = [4.29, 4.29, 4.48, 4.13, 4.50, 4.36, 4.13, 4.18, 4.25, 4.45, 4.41, 4.41, 4.13, 4.43, 4.12, 4.32, 4.26, 4.18, 4.10, 4.36],
  xi_124 = [4.18, 4.17, 4.36, 4.02, 4.38, 4.24, 4.01, 4.07, 4.14, 4.33, 4.29, 4.29, 4.01, 4.31, 4.01, 4.20, 4.15, 4.07, 3.99, 4.24],
  xi_125 = [4.30, 4.30, 4.49, 4.14, 4.51, 4.37, 4.14, 4.19, 4.26, 4.46, 4.42, 4.42, 4.14, 4.44, 4.14, 4.33, 4.27, 4.19, 4.11, 4.37],
  xi_126 = [4.19, 4.18, 4.37, 4.03, 4.39, 4.25, 4.02, 4.08, 4.15, 4.34, 4.30, 4.30, 4.02, 4.32, 4.02, 4.21, 4.16, 4.08, 3.99, 4.25],
  xi_127 = [4.49, 4.48, 4.68, 4.32, 4.70, 4.55, 4.31, 4.37, 4.45, 4.65, 4.61, 4.61, 4.31, 4.63, 4.31, 4.51, 4.46, 4.37, 4.28, 4.56],
  xi_128 = [4.24, 4.23, 4.43, 4.08, 4.44, 4.30, 4.08, 4.13, 4.20, 4.39, 4.35, 4.36, 4.08, 4.38, 4.07, 4.26, 4.21, 4.13, 4.05, 4.31],
  xi_129 = [4.38, 4.37, 4.57, 4.22, 4.59, 4.44, 4.21, 4.27, 4.34, 4.53, 4.49, 4.50, 4.21, 4.52, 4.21, 4.40, 4.35, 4.26, 4.18, 4.45],
  xi_1210 = [4.31, 4.31, 4.50, 4.16, 4.52, 4.38, 4.15, 4.21, 4.28, 4.47, 4.43, 4.44, 4.15, 4.46, 4.15, 4.34, 4.29, 4.20, 4.12, 4.38],
  xi_131 = [13.22, 13.21, 13.80, 12.74, 13.86, 13.42, 12.71, 12.89, 13.11, 13.70, 13.57, 13.60, 12.71, 13.66, 12.71, 13.30, 13.13, 12.88, 12.62, 13.44],
  xi_132 = [12.41, 12.40, 12.95, 11.96, 13.01, 12.60, 11.93, 12.10, 12.30, 12.86, 12.74, 12.76, 11.93, 12.82, 11.93, 12.48, 12.33, 12.09, 11.85, 12.61],
  xi_133 = [12.55, 12.53, 13.10, 12.09, 13.15, 12.73, 12.06, 12.23, 12.44, 13.00, 12.88, 12.90, 12.06, 12.96, 12.06, 12.62, 12.46, 12.22, 11.98, 12.75],
  xi_134 = [12.21, 12.19, 12.74, 11.76, 12.80, 12.39, 11.74, 11.90, 12.10, 12.65, 12.53, 12.55, 11.74, 12.61, 11.73, 12.27, 12.12, 11.89, 11.65, 12.40],
  xi_135 = [12.58, 12.56, 13.13, 12.12, 13.19, 12.77, 12.09, 12.26, 12.47, 13.03, 12.91, 12.93, 12.09, 12.99, 12.09, 12.65, 12.49, 12.25, 12.01, 12.78],
  xi_136 = [12.24, 12.22, 12.77, 11.79, 12.83, 12.42, 11.76, 11.93, 12.13, 12.68, 12.56, 12.58, 11.76, 12.64, 11.76, 12.30, 12.15, 11.92, 11.68, 12.43],
  xi_137 = [13.12, 13.10, 13.69, 12.64, 13.75, 13.31, 12.61, 12.79, 13.00, 13.59, 13.47, 13.49, 12.61, 13.55, 12.61, 13.19, 13.03, 12.78, 12.52, 13.33],
  xi_138 = [12.40, 12.38, 12.94, 11.94, 12.99, 12.58, 11.92, 12.08, 12.28, 12.84, 12.72, 12.74, 11.92, 12.80, 11.91, 12.46, 12.31, 12.07, 11.83, 12.60],
  xi_139 = [12.80, 12.78, 13.36, 12.33, 13.41, 12.99, 12.30, 12.47, 12.68, 13.26, 13.13, 13.16, 12.30, 13.21, 12.30, 12.87, 12.71, 12.46, 12.21, 13.00],
  xi_1310 = [12.62, 12.60, 13.17, 12.15, 13.22, 12.80, 12.13, 12.30, 12.50, 13.07, 12.95, 12.97, 12.13, 13.03, 12.12, 12.68, 12.53, 12.29, 12.04, 12.82],
  xi_141 = [6.63, 6.62, 6.92, 6.38, 6.95, 6.73, 6.37, 6.46, 6.57, 6.87, 6.80, 6.81, 6.37, 6.84, 6.37, 6.66, 6.58, 6.46, 6.33, 6.73],
  xi_142 = [6.22, 6.21, 6.49, 5.99, 6.52, 6.31, 5.98, 6.06, 6.16, 6.44, 6.38, 6.40, 5.98, 6.42, 5.98, 6.25, 6.18, 6.06, 5.94, 6.32],
  xi_143 = [6.29, 6.28, 6.56, 6.06, 6.59, 6.38, 6.05, 6.13, 6.23, 6.51, 6.45, 6.47, 6.05, 6.49, 6.04, 6.32, 6.25, 6.12, 6.00, 6.39],
  xi_144 = [6.12, 6.11, 6.39, 5.89, 6.41, 6.21, 5.88, 5.96, 6.06, 6.34, 6.28, 6.29, 5.88, 6.32, 5.88, 6.15, 6.08, 5.96, 5.84, 6.22],
  xi_145 = [6.30, 6.30, 6.58, 6.07, 6.61, 6.40, 6.06, 6.15, 6.25, 6.53, 6.47, 6.48, 6.06, 6.51, 6.06, 6.34, 6.26, 6.14, 6.02, 6.41],
  xi_146 = [6.13, 6.13, 6.40, 5.91, 6.43, 6.22, 5.90, 5.98, 6.08, 6.35, 6.30, 6.31, 5.90, 6.33, 5.89, 6.17, 6.09, 5.97, 5.85, 6.23],
  xi_147 = [6.58, 6.57, 6.86, 6.33, 6.89, 6.67, 6.32, 6.41, 6.52, 6.81, 6.75, 6.76, 6.32, 6.79, 6.32, 6.61, 6.53, 6.40, 6.28, 6.68],
  xi_148 = [6.21, 6.21, 6.48, 5.98, 6.51, 6.31, 5.97, 6.06, 6.16, 6.44, 6.38, 6.39, 5.97, 6.41, 5.97, 6.25, 6.17, 6.05, 5.93, 6.31],
  xi_149 = [6.41, 6.41, 6.69, 6.18, 6.72, 6.51, 6.17, 6.25, 6.36, 6.64, 6.58, 6.59, 6.17, 6.62, 6.16, 6.45, 6.37, 6.25, 6.12, 6.52],
  xi_1410 = [6.32, 6.32, 6.60, 6.09, 6.63, 6.42, 6.08, 6.16, 6.27, 6.55, 6.49, 6.50, 6.08, 6.53, 6.08, 6.36, 6.28, 6.16, 6.03, 6.42],
  xi_151 = [6.84, 6.83, 7.14, 6.59, 7.17, 6.94, 6.57, 6.67, 6.78, 7.08, 7.02, 7.03, 6.57, 7.06, 6.57, 6.87, 6.79, 6.66, 6.53, 6.95],
  xi_152 = [6.42, 6.41, 6.70, 6.18, 6.73, 6.51, 6.17, 6.26, 6.36, 6.65, 6.59, 6.60, 6.17, 6.63, 6.17, 6.45, 6.37, 6.25, 6.12, 6.52],
  xi_153 = [6.49, 6.48, 6.77, 6.25, 6.80, 6.58, 6.24, 6.32, 6.43, 6.72, 6.66, 6.67, 6.24, 6.70, 6.24, 6.52, 6.44, 6.32, 6.19, 6.59],
  xi_154 = [6.31, 6.30, 6.59, 6.08, 6.62, 6.41, 6.07, 6.15, 6.26, 6.54, 6.48, 6.49, 6.07, 6.52, 6.07, 6.35, 6.27, 6.15, 6.02, 6.41],
  xi_155 = [6.50, 6.50, 6.79, 6.27, 6.82, 6.60, 6.25, 6.34, 6.45, 6.74, 6.68, 6.69, 6.25, 6.72, 6.25, 6.54, 6.46, 6.33, 6.21, 6.61],
  xi_156 = [6.33, 6.32, 6.60, 6.09, 6.63, 6.42, 6.08, 6.17, 6.27, 6.55, 6.49, 6.50, 6.08, 6.53, 6.08, 6.36, 6.28, 6.16, 6.04, 6.43],
  xi_157 = [6.78, 6.77, 7.08, 6.53, 7.11, 6.88, 6.52, 6.61, 6.72, 7.03, 6.96, 6.97, 6.52, 7.00, 6.52, 6.82, 6.74, 6.61, 6.47, 6.89],
  xi_158 = [6.41, 6.40, 6.69, 6.17, 6.72, 6.50, 6.16, 6.25, 6.35, 6.64, 6.58, 6.59, 6.16, 6.62, 6.16, 6.44, 6.36, 6.24, 6.12, 6.51],
  xi_159 = [6.62, 6.61, 6.91, 6.37, 6.93, 6.71, 6.36, 6.45, 6.56, 6.85, 6.79, 6.80, 6.36, 6.83, 6.36, 6.65, 6.57, 6.44, 6.31, 6.72],
  xi_1510 = [6.52, 6.51, 6.81, 6.28, 6.84, 6.62, 6.27, 6.36, 6.46, 6.76, 6.69, 6.71, 6.27, 6.73, 6.27, 6.56, 6.48, 6.35, 6.23, 6.63],
  xi_161 = [7.75, 7.74, 8.09, 7.46, 8.12, 7.86, 7.45, 7.55, 7.68, 8.03, 7.95, 7.97, 7.45, 8.00, 7.45, 7.79, 7.70, 7.55, 7.40, 7.87],
  xi_162 = [7.27, 7.26, 7.59, 7.00, 7.62, 7.38, 6.99, 7.09, 7.21, 7.53, 7.46, 7.48, 6.99, 7.51, 6.99, 7.31, 7.22, 7.08, 6.94, 7.39],
  xi_163 = [7.35, 7.34, 7.67, 7.08, 7.71, 7.46, 7.07, 7.17, 7.29, 7.62, 7.55, 7.56, 7.07, 7.59, 7.07, 7.39, 7.30, 7.16, 7.02, 7.47],
  xi_164 = [7.15, 7.14, 7.47, 6.89, 7.50, 7.26, 6.88, 6.97, 7.09, 7.41, 7.34, 7.35, 6.88, 7.39, 6.87, 7.19, 7.10, 6.97, 6.83, 7.27],
  xi_165 = [7.37, 7.36, 7.69, 7.10, 7.73, 7.48, 7.09, 7.19, 7.30, 7.64, 7.57, 7.58, 7.09, 7.61, 7.08, 7.41, 7.32, 7.18, 7.03, 7.49],
  xi_166 = [7.17, 7.16, 7.48, 6.91, 7.52, 7.28, 6.89, 6.99, 7.11, 7.43, 7.36, 7.37, 6.89, 7.40, 6.89, 7.21, 7.12, 6.98, 6.84, 7.28],
  xi_167 = [7.69, 7.68, 8.02, 7.40, 8.06, 7.80, 7.39, 7.49, 7.62, 7.96, 7.89, 7.90, 7.39, 7.94, 7.39, 7.73, 7.63, 7.49, 7.34, 7.81],
  xi_168 = [7.26, 7.25, 7.58, 7.00, 7.61, 7.37, 6.98, 7.08, 7.20, 7.52, 7.45, 7.47, 6.98, 7.50, 6.98, 7.30, 7.21, 7.07, 6.93, 7.38],
  xi_169 = [7.50, 7.49, 7.83, 7.22, 7.86, 7.61, 7.21, 7.31, 7.43, 7.77, 7.70, 7.71, 7.21, 7.74, 7.21, 7.54, 7.45, 7.30, 7.16, 7.62],
  xi_1610 = [7.39, 7.38, 7.71, 7.12, 7.75, 7.50, 7.11, 7.21, 7.33, 7.66, 7.59, 7.60, 7.11, 7.63, 7.10, 7.43, 7.34, 7.20, 7.05, 7.51],
  xi_171 = [9.55, 9.54, 9.97, 9.20, 10.01, 9.69, 9.18, 9.31, 9.46, 9.89, 9.80, 9.82, 9.18, 9.86, 9.18, 9.60, 9.48, 9.30, 9.11, 9.70],
  xi_172 = [8.96, 8.95, 9.35, 8.63, 9.39, 9.10, 8.62, 8.74, 8.88, 9.28, 9.20, 9.21, 8.62, 9.25, 8.61, 9.01, 8.90, 8.73, 8.55, 9.11],
  xi_173 = [9.06, 9.05, 9.46, 8.73, 9.50, 9.20, 8.71, 8.83, 8.98, 9.39, 9.30, 9.32, 8.71, 9.36, 8.71, 9.11, 9.00, 8.82, 8.65, 9.21],
  xi_174 = [8.82, 8.80, 9.20, 8.49, 9.24, 8.95, 8.47, 8.59, 8.74, 9.13, 9.05, 9.06, 8.47, 9.10, 8.47, 8.86, 8.75, 8.58, 8.41, 8.96],
  xi_175 = [9.08, 9.07, 9.48, 8.75, 9.52, 9.22, 8.73, 8.86, 9.00, 9.41, 9.32, 9.34, 8.73, 9.38, 8.73, 9.13, 9.02, 8.85, 8.67, 9.23],
  xi_176 = [8.84, 8.83, 9.22, 8.51, 9.26, 8.97, 8.50, 8.61, 8.76, 9.15, 9.07, 9.09, 8.50, 9.12, 8.49, 8.88, 8.78, 8.61, 8.43, 8.98],
  xi_177 = [9.47, 9.46, 9.89, 9.13, 9.93, 9.61, 9.11, 9.23, 9.39, 9.81, 9.72, 9.74, 9.11, 9.78, 9.10, 9.52, 9.41, 9.23, 9.04, 9.63],
  xi_178 = [8.95, 8.94, 9.34, 8.62, 9.38, 9.08, 8.61, 8.73, 8.87, 9.27, 9.19, 9.20, 8.61, 9.24, 8.60, 9.00, 8.89, 8.72, 8.54, 9.09],
  xi_179 = [9.24, 9.23, 9.64, 8.90, 9.69, 9.38, 8.88, 9.01, 9.16, 9.57, 9.48, 9.50, 8.88, 9.54, 8.88, 9.29, 9.18, 9.00, 8.82, 9.39],
  xi_1710 = [9.11, 9.10, 9.51, 8.77, 9.55, 9.25, 8.76, 8.88, 9.03, 9.44, 9.35, 9.37, 8.76, 9.41, 8.75, 9.16, 9.05, 8.87, 8.69, 9.26],
  xi_181 = [7.26, 7.25, 7.57, 6.99, 7.61, 7.36, 6.98, 7.07, 7.19, 7.52, 7.45, 7.46, 6.98, 7.49, 6.97, 7.30, 7.21, 7.07, 6.93, 7.37],
  xi_182 = [6.81, 6.80, 7.11, 6.56, 7.14, 6.91, 6.55, 6.64, 6.75, 7.05, 6.99, 7.00, 6.55, 7.03, 6.55, 6.85, 6.76, 6.63, 6.50, 6.92],
  xi_183 = [6.88, 6.88, 7.19, 6.63, 7.22, 6.99, 6.62, 6.71, 6.82, 7.13, 7.07, 7.08, 6.62, 7.11, 6.62, 6.92, 6.84, 6.71, 6.57, 7.00],
  xi_184 = [6.70, 6.69, 6.99, 6.45, 7.02, 6.80, 6.44, 6.53, 6.64, 6.94, 6.88, 6.89, 6.44, 6.92, 6.44, 6.73, 6.65, 6.52, 6.39, 6.81],
  xi_185 = [6.90, 6.89, 7.20, 6.65, 7.24, 7.01, 6.64, 6.73, 6.84, 7.15, 7.08, 7.10, 6.64, 7.13, 6.63, 6.94, 6.86, 6.72, 6.59, 7.01],
  xi_186 = [6.71, 6.71, 7.01, 6.47, 7.04, 6.81, 6.46, 6.55, 6.65, 6.96, 6.89, 6.90, 6.46, 6.93, 6.45, 6.75, 6.67, 6.54, 6.41, 6.82],
  xi_187 = [7.20, 7.19, 7.51, 6.93, 7.55, 7.31, 6.92, 7.02, 7.13, 7.46, 7.39, 7.40, 6.92, 7.43, 6.92, 7.24, 7.15, 7.01, 6.87, 7.31],
  xi_188 = [6.80, 6.79, 7.10, 6.55, 7.13, 6.90, 6.54, 6.63, 6.74, 7.05, 6.98, 6.99, 6.54, 7.02, 6.54, 6.84, 6.75, 6.62, 6.49, 6.91],
  xi_189 = [7.02, 7.01, 7.33, 6.76, 7.36, 7.13, 6.75, 6.84, 6.96, 7.27, 7.21, 7.22, 6.75, 7.25, 6.75, 7.06, 6.97, 6.84, 6.70, 7.13],
  xi_1810 = [6.92, 6.91, 7.22, 6.67, 7.26, 7.03, 6.65, 6.75, 6.86, 7.17, 7.10, 7.12, 6.65, 7.15, 6.65, 6.96, 6.87, 6.74, 6.61, 7.03],
  xi_191 = [4.38, 4.37, 4.57, 4.22, 4.59, 4.44, 4.21, 4.27, 4.34, 4.53, 4.49, 4.50, 4.21, 4.52, 4.21, 4.40, 4.35, 4.26, 4.18, 4.45],
  xi_192 = [4.11, 4.10, 4.29, 3.96, 4.31, 4.17, 3.95, 4.00, 4.07, 4.26, 4.22, 4.22, 3.95, 4.24, 3.95, 4.13, 4.08, 4.00, 3.92, 4.17],
  xi_193 = [4.15, 4.15, 4.33, 4.00, 4.35, 4.21, 3.99, 4.05, 4.12, 4.30, 4.26, 4.27, 3.99, 4.29, 3.99, 4.18, 4.12, 4.04, 3.96, 4.22],
  xi_194 = [4.04, 4.04, 4.22, 3.89, 4.23, 4.10, 3.88, 3.94, 4.00, 4.19, 4.15, 4.15, 3.88, 4.17, 3.88, 4.06, 4.01, 3.93, 3.86, 4.11],
  xi_195 = [4.16, 4.16, 4.35, 4.01, 4.36, 4.23, 4.00, 4.06, 4.13, 4.31, 4.27, 4.28, 4.00, 4.30, 4.00, 4.19, 4.13, 4.05, 3.97, 4.23],
  xi_196 = [4.05, 4.05, 4.23, 3.90, 4.25, 4.11, 3.89, 3.95, 4.01, 4.20, 4.16, 4.16, 3.89, 4.18, 3.89, 4.07, 4.02, 3.94, 3.87, 4.12],
  xi_197 = [4.34, 4.34, 4.53, 4.18, 4.55, 4.41, 4.17, 4.23, 4.30, 4.50, 4.46, 4.46, 4.17, 4.48, 4.17, 4.37, 4.31, 4.23, 4.14, 4.41],
  xi_198 = [4.10, 4.10, 4.28, 3.95, 4.30, 4.16, 3.94, 4.00, 4.07, 4.25, 4.21, 4.22, 3.94, 4.24, 3.94, 4.12, 4.07, 4.00, 3.92, 4.17],
  xi_199 = [4.24, 4.23, 4.42, 4.08, 4.44, 4.30, 4.07, 4.13, 4.20, 4.39, 4.35, 4.35, 4.07, 4.37, 4.07, 4.26, 4.21, 4.12, 4.04, 4.30],
  xi_1910 = [4.18, 4.17, 4.36, 4.02, 4.38, 4.24, 4.01, 4.07, 4.14, 4.33, 4.29, 4.29, 4.01, 4.31, 4.01, 4.20, 4.15, 4.07, 3.98, 4.24],
  xi_201 = [2.34, 2.33, 2.44, 2.25, 2.45, 2.37, 2.24, 2.28, 2.31, 2.42, 2.40, 2.40, 2.24, 2.41, 2.24, 2.35, 2.32, 2.27, 2.23, 2.37],
  xi_202 = [2.19, 2.19, 2.29, 2.11, 2.30, 2.22, 2.11, 2.14, 2.17, 2.27, 2.25, 2.25, 2.11, 2.26, 2.11, 2.20, 2.18, 2.13, 2.09, 2.23],
  xi_203 = [2.22, 2.21, 2.31, 2.13, 2.32, 2.25, 2.13, 2.16, 2.20, 2.30, 2.27, 2.28, 2.13, 2.29, 2.13, 2.23, 2.20, 2.16, 2.11, 2.25],
  xi_204 = [2.16, 2.15, 2.25, 2.08, 2.26, 2.19, 2.07, 2.10, 2.14, 2.23, 2.21, 2.22, 2.07, 2.23, 2.07, 2.17, 2.14, 2.10, 2.06, 2.19],
  xi_205 = [2.22, 2.22, 2.32, 2.14, 2.33, 2.25, 2.14, 2.17, 2.20, 2.30, 2.28, 2.28, 2.14, 2.29, 2.13, 2.23, 2.21, 2.16, 2.12, 2.26],
  xi_206 = [2.16, 2.16, 2.26, 2.08, 2.26, 2.19, 2.08, 2.11, 2.14, 2.24, 2.22, 2.22, 2.08, 2.23, 2.08, 2.17, 2.15, 2.10, 2.06, 2.20],
  xi_207 = [2.32, 2.31, 2.42, 2.23, 2.43, 2.35, 2.23, 2.26, 2.30, 2.40, 2.38, 2.38, 2.23, 2.39, 2.23, 2.33, 2.30, 2.26, 2.21, 2.35],
  xi_208 = [2.19, 2.19, 2.28, 2.11, 2.29, 2.22, 2.10, 2.13, 2.17, 2.27, 2.25, 2.25, 2.10, 2.26, 2.10, 2.20, 2.17, 2.13, 2.09, 2.22],
  xi_209 = [2.26, 2.26, 2.36, 2.18, 2.37, 2.29, 2.17, 2.20, 2.24, 2.34, 2.32, 2.32, 2.17, 2.33, 2.17, 2.27, 2.24, 2.20, 2.16, 2.30],
  xi_2010 = [2.23, 2.22, 2.32, 2.15, 2.33, 2.26, 2.14, 2.17, 2.21, 2.31, 2.29, 2.29, 2.14, 2.30, 2.14, 2.24, 2.21, 2.17, 2.13, 2.26],
]

Transportation Costs (cjk) = [
  [7.33, 7.06, 7.25, 7.05, 7.17, 7.06, 7.20, 6.91, 7.14, 6.31],
  [8.26, 7.96, 8.18, 7.95, 8.08, 7.95, 8.11, 7.79, 8.05, 7.11],
  [15.26, 14.69, 15.10, 14.68, 14.93, 14.69, 14.98, 14.38, 14.87, 13.13],
  [6.07, 5.84, 6.01, 5.84, 5.94, 5.84, 5.96, 5.72, 5.91, 5.22],
  [14.58, 14.03, 14.42, 14.02, 14.26, 14.03, 14.31, 13.74, 14.20, 12.54],
  [13.23, 12.73, 13.08, 12.72, 12.93, 12.73, 12.98, 12.46, 12.88, 11.37],
  [9.49, 9.14, 9.39, 9.13, 9.29, 9.14, 9.32, 8.95, 9.25, 8.17],
  [15.11, 14.54, 14.95, 14.53, 14.78, 14.54, 14.83, 14.24, 14.72, 12.99],
  [15.14, 14.58, 14.98, 14.56, 14.81, 14.57, 14.87, 14.27, 14.75, 13.02],
  [12.53, 12.06, 12.40, 12.05, 12.26, 12.06, 12.30, 11.81, 12.20, 10.78],
  [11.43, 11.00, 11.30, 10.99, 11.17, 11.00, 11.22, 10.77, 11.13, 9.83],
  [7.52, 7.24, 7.44, 7.23, 7.36, 7.24, 7.39, 7.09, 7.33, 6.47],
  [5.82, 5.60, 5.75, 5.59, 5.69, 5.60, 5.71, 5.48, 5.66, 5.00],
  [6.09, 5.86, 6.02, 5.86, 5.96, 5.86, 5.98, 5.74, 5.93, 5.24],
  [6.14, 5.91, 6.07, 5.90, 6.00, 5.91, 6.02, 5.78, 5.98, 5.28],
  [16.10, 15.50, 15.93, 15.49, 15.75, 15.50, 15.81, 15.17, 15.69, 13.85],
  [9.97, 9.60, 9.87, 9.59, 9.75, 9.60, 9.79, 9.40, 9.71, 8.58],
  [14.94, 14.38, 14.78, 14.37, 14.61, 14.38, 14.67, 14.08, 14.55, 12.85],
  [13.78, 13.27, 13.63, 13.25, 13.48, 13.26, 13.53, 12.99, 13.42, 11.85],
  [13.88, 13.36, 13.73, 13.34, 13.57, 13.35, 13.62, 13.08, 13.52, 11.93],
]

Mean Service Times (mu_{jk}) = [
  mu_11 = [6.57],
  mu_12 = [6.17],
  mu_13 = [6.23],
  mu_14 = [6.07],
  mu_15 = [6.25],
  mu_16 = [6.08],
  mu_17 = [6.52],
  mu_18 = [6.16],
  mu_19 = [6.36],
  mu_110 = [6.27],
  mu_21 = [12.17],
  mu_22 = [11.42],
  mu_23 = [11.55],
  mu_24 = [11.23],
  mu_25 = [11.58],
  mu_26 = [11.26],
  mu_27 = [12.07],
  mu_28 = [11.41],
  mu_29 = [11.77],
  mu_210 = [11.61],
  mu_31 = [25.58],
  mu_32 = [24.01],
  mu_33 = [24.27],
  mu_34 = [23.61],
  mu_35 = [24.33],
  mu_36 = [23.67],
  mu_37 = [25.38],
  mu_38 = [23.98],
  mu_39 = [24.75],
  mu_310 = [24.40],
  mu_41 = [4.43],
  mu_42 = [4.15],
  mu_43 = [4.20],
  mu_44 = [4.09],
  mu_45 = [4.21],
  mu_46 = [4.10],
  mu_47 = [4.39],
  mu_48 = [4.15],
  mu_49 = [4.28],
  mu_410 = [4.22],
  mu_51 = [0.10],
  mu_52 = [0.10],
  mu_53 = [0.10],
  mu_54 = [0.10],
  mu_55 = [0.10],
  mu_56 = [0.10],
  mu_57 = [0.10],
  mu_58 = [0.10],
  mu_59 = [0.10],
  mu_510 = [0.10],
  mu_61 = [0.10],
  mu_62 = [0.10],
  mu_63 = [0.10],
  mu_64 = [0.10],
  mu_65 = [0.10],
  mu_66 = [0.10],
  mu_67 = [0.10],
  mu_68 = [0.10],
  mu_69 = [0.10],
  mu_610 = [0.10],
  mu_71 = [26.08],
  mu_72 = [24.48],
  mu_73 = [24.75],
  mu_74 = [24.08],
  mu_75 = [24.81],
  mu_76 = [24.14],
  mu_77 = [25.88],
  mu_78 = [24.45],
  mu_79 = [25.24],
  mu_710 = [24.88],
  mu_81 = [14.91],
  mu_82 = [13.99],
  mu_83 = [14.15],
  mu_84 = [13.76],
  mu_85 = [14.18],
  mu_86 = [13.80],
  mu_87 = [14.79],
  mu_88 = [13.98],
  mu_89 = [14.43],
  mu_810 = [14.22],
  mu_91 = [11.14],
  mu_92 = [10.46],
  mu_93 = [10.57],
  mu_94 = [10.29],
  mu_95 = [10.60],
  mu_96 = [10.31],
  mu_97 = [11.05],
  mu_98 = [10.44],
  mu_99 = [10.78],
  mu_910 = [10.63],
  mu_101 = [3.98],
  mu_102 = [3.73],
  mu_103 = [3.77],
  mu_104 = [3.67],
  mu_105 = [3.78],
  mu_106 = [3.68],
  mu_107 = [3.94],
  mu_108 = [3.73],
  mu_109 = [3.85],
  mu_1010 = [3.79],
  mu_111 = [0.10],
  mu_112 = [0.10],
  mu_113 = [0.10],
  mu_114 = [0.10],
  mu_115 = [0.10],
  mu_116 = [0.10],
  mu_117 = [0.10],
  mu_118 = [0.10],
  mu_119 = [0.10],
  mu_1110 = [0.10],
  mu_121 = [4.52],
  mu_122 = [4.24],
  mu_123 = [4.29],
  mu_124 = [4.17],
  mu_125 = [4.30],
  mu_126 = [4.18],
  mu_127 = [4.48],
  mu_128 = [4.24],
  mu_129 = [4.37],
  mu_1210 = [4.31],
  mu_131 = [13.21],
  mu_132 = [12.40],
  mu_133 = [12.54],
  mu_134 = [12.20],
  mu_135 = [12.57],
  mu_136 = [12.23],
  mu_137 = [13.11],
  mu_138 = [12.39],
  mu_139 = [12.79],
  mu_1310 = [12.61],
  mu_141 = [6.62],
  mu_142 = [6.22],
  mu_143 = [6.28],
  mu_144 = [6.11],
  mu_145 = [6.30],
  mu_146 = [6.13],
  mu_147 = [6.57],
  mu_148 = [6.21],
  mu_149 = [6.41],
  mu_1410 = [6.32],
  mu_151 = [6.83],
  mu_152 = [6.41],
  mu_153 = [6.48],
  mu_154 = [6.31],
  mu_155 = [6.50],
  mu_156 = [6.32],
  mu_157 = [6.78],
  mu_158 = [6.40],
  mu_159 = [6.61],
  mu_1510 = [6.52],
  mu_161 = [7.74],
  mu_162 = [7.27],
  mu_163 = [7.35],
  mu_164 = [7.15],
  mu_165 = [7.37],
  mu_166 = [7.16],
  mu_167 = [7.68],
  mu_168 = [7.26],
  mu_169 = [7.49],
  mu_1610 = [7.39],
  mu_171 = [9.54],
  mu_172 = [8.96],
  mu_173 = [9.05],
  mu_174 = [8.81],
  mu_175 = [9.08],
  mu_176 = [8.83],
  mu_177 = [9.47],
  mu_178 = [8.94],
  mu_179 = [9.23],
  mu_1710 = [9.10],
  mu_181 = [7.25],
  mu_182 = [6.80],
  mu_183 = [6.88],
  mu_184 = [6.69],
  mu_185 = [6.90],
  mu_186 = [6.71],
  mu_187 = [7.19],
  mu_188 = [6.80],
  mu_189 = [7.02],
  mu_1810 = [6.92],
  mu_191 = [4.37],
  mu_192 = [4.10],
  mu_193 = [4.15],
  mu_194 = [4.04],
  mu_195 = [4.16],
  mu_196 = [4.05],
  mu_197 = [4.34],
  mu_198 = [4.10],
  mu_199 = [4.23],
  mu_1910 = [4.17],
  mu_201 = [2.33],
  mu_202 = [2.19],
  mu_203 = [2.21],
  mu_204 = [2.15],
  mu_205 = [2.22],
  mu_206 = [2.16],
  mu_207 = [2.31],
  mu_208 = [2.19],
  mu_209 = [2.26],
  mu_2010 = [2.23],
]

Mean Transportation Times (tau_{jk}) = [
  tau_11 = [7.95],
  tau_12 = [7.57],
  tau_13 = [7.94],
  tau_14 = [7.56],
  tau_15 = [7.65],
  tau_16 = [7.97],
  tau_17 = [7.80],
  tau_18 = [7.58],
  tau_19 = [7.80],
  tau_110 = [7.49],
  tau_21 = [3.81],
  tau_22 = [3.63],
  tau_23 = [3.81],
  tau_24 = [3.63],
  tau_25 = [3.67],
  tau_26 = [3.83],
  tau_27 = [3.74],
  tau_28 = [3.64],
  tau_29 = [3.75],
  tau_210 = [3.59],
  tau_31 = [7.93],
  tau_32 = [7.55],
  tau_33 = [7.92],
  tau_34 = [7.54],
  tau_35 = [7.63],
  tau_36 = [7.95],
  tau_37 = [7.78],
  tau_38 = [7.56],
  tau_39 = [7.78],
  tau_310 = [7.47],
  tau_41 = [18.17],
  tau_42 = [17.31],
  tau_43 = [18.15],
  tau_44 = [17.28],
  tau_45 = [17.48],
  tau_46 = [18.23],
  tau_47 = [17.84],
  tau_48 = [17.34],
  tau_49 = [17.84],
  tau_410 = [17.12],
  tau_51 = [24.13],
  tau_52 = [22.99],
  tau_53 = [24.10],
  tau_54 = [22.95],
  tau_55 = [23.21],
  tau_56 = [24.21],
  tau_57 = [23.69],
  tau_58 = [23.03],
  tau_59 = [23.70],
  tau_510 = [22.74],
  tau_61 = [6.17],
  tau_62 = [5.88],
  tau_63 = [6.17],
  tau_64 = [5.87],
  tau_65 = [5.94],
  tau_66 = [6.19],
  tau_67 = [6.06],
  tau_68 = [5.89],
  tau_69 = [6.06],
  tau_610 = [5.82],
  tau_71 = [1.08],
  tau_72 = [1.03],
  tau_73 = [1.08],
  tau_74 = [1.02],
  tau_75 = [1.04],
  tau_76 = [1.08],
  tau_77 = [1.06],
  tau_78 = [1.03],
  tau_79 = [1.06],
  tau_710 = [1.01],
  tau_81 = [3.26],
  tau_82 = [3.11],
  tau_83 = [3.26],
  tau_84 = [3.10],
  tau_85 = [3.14],
  tau_86 = [3.27],
  tau_87 = [3.20],
  tau_88 = [3.11],
  tau_89 = [3.20],
  tau_810 = [3.07],
  tau_91 = [19.26],
  tau_92 = [18.35],
  tau_93 = [19.24],
  tau_94 = [18.32],
  tau_95 = [18.53],
  tau_96 = [19.32],
  tau_97 = [18.91],
  tau_98 = [18.38],
  tau_99 = [18.91],
  tau_910 = [18.15],
  tau_101 = [18.82],
  tau_102 = [17.93],
  tau_103 = [18.80],
  tau_104 = [17.90],
  tau_105 = [18.10],
  tau_106 = [18.88],
  tau_107 = [18.47],
  tau_108 = [17.96],
  tau_109 = [18.48],
  tau_1010 = [17.73],
  tau_111 = [23.14],
  tau_112 = [22.05],
  tau_113 = [23.12],
  tau_114 = [22.01],
  tau_115 = [22.27],
  tau_116 = [23.22],
  tau_117 = [22.72],
  tau_118 = [22.09],
  tau_119 = [22.73],
  tau_1110 = [21.81],
  tau_121 = [2.99],
  tau_122 = [2.85],
  tau_123 = [2.99],
  tau_124 = [2.85],
  tau_125 = [2.88],
  tau_126 = [3.00],
  tau_127 = [2.94],
  tau_128 = [2.86],
  tau_129 = [2.94],
  tau_1210 = [2.82],
  tau_131 = [10.74],
  tau_132 = [10.23],
  tau_133 = [10.73],
  tau_134 = [10.21],
  tau_135 = [10.33],
  tau_136 = [10.77],
  tau_137 = [10.54],
  tau_138 = [10.25],
  tau_139 = [10.54],
  tau_1310 = [10.12],
  tau_141 = [23.96],
  tau_142 = [22.83],
  tau_143 = [23.94],
  tau_144 = [22.79],
  tau_145 = [23.06],
  tau_146 = [24.04],
  tau_147 = [23.53],
  tau_148 = [22.87],
  tau_149 = [23.53],
  tau_1410 = [22.58],
  tau_151 = [12.22],
  tau_152 = [11.64],
  tau_153 = [12.21],
  tau_154 = [11.63],
  tau_155 = [11.76],
  tau_156 = [12.26],
  tau_157 = [12.00],
  tau_158 = [11.66],
  tau_159 = [12.00],
  tau_1510 = [11.52],
  tau_161 = [7.16],
  tau_162 = [6.82],
  tau_163 = [7.15],
  tau_164 = [6.81],
  tau_165 = [6.89],
  tau_166 = [7.18],
  tau_167 = [7.03],
  tau_168 = [6.83],
  tau_169 = [7.03],
  tau_1610 = [6.74],
  tau_171 = [17.57],
  tau_172 = [16.73],
  tau_173 = [17.55],
  tau_174 = [16.71],
  tau_175 = [16.90],
  tau_176 = [17.62],
  tau_177 = [17.24],
  tau_178 = [16.76],
  tau_179 = [17.25],
  tau_1710 = [16.55],
  tau_181 = [8.51],
  tau_182 = [8.11],
  tau_183 = [8.50],
  tau_184 = [8.10],
  tau_185 = [8.19],
  tau_186 = [8.54],
  tau_187 = [8.36],
  tau_188 = [8.12],
  tau_189 = [8.36],
  tau_1810 = [8.02],
  tau_191 = [12.07],
  tau_192 = [11.50],
  tau_193 = [12.06],
  tau_194 = [11.48],
  tau_195 = [11.61],
  tau_196 = [12.11],
  tau_197 = [11.85],
  tau_198 = [11.52],
  tau_199 = [11.85],
  tau_1910 = [11.37],
  tau_201 = [1.10],
  tau_202 = [1.05],
  tau_203 = [1.10],
  tau_204 = [1.04],
  tau_205 = [1.06],
  tau_206 = [1.10],
  tau_207 = [1.08],
  tau_208 = [1.05],
  tau_209 = [1.08],
  tau_2010 = [1.03],
]

Epsilon + mu_{jk} = [
  epsilon_plus_mu_11 = [9.86],
  epsilon_plus_mu_12 = [9.25],
  epsilon_plus_mu_13 = [9.35],
  epsilon_plus_mu_14 = [9.10],
  epsilon_plus_mu_15 = [9.38],
  epsilon_plus_mu_16 = [9.12],
  epsilon_plus_mu_17 = [9.78],
  epsilon_plus_mu_18 = [9.24],
  epsilon_plus_mu_19 = [9.54],
  epsilon_plus_mu_110 = [9.40],
  epsilon_plus_mu_21 = [18.25],
  epsilon_plus_mu_22 = [17.13],
  epsilon_plus_mu_23 = [17.32],
  epsilon_plus_mu_24 = [16.85],
  epsilon_plus_mu_25 = [17.36],
  epsilon_plus_mu_26 = [16.89],
  epsilon_plus_mu_27 = [18.11],
  epsilon_plus_mu_28 = [17.11],
  epsilon_plus_mu_29 = [17.66],
  epsilon_plus_mu_210 = [17.41],
  epsilon_plus_mu_31 = [38.37],
  epsilon_plus_mu_32 = [36.01],
  epsilon_plus_mu_33 = [36.41],
  epsilon_plus_mu_34 = [35.42],
  epsilon_plus_mu_35 = [36.50],
  epsilon_plus_mu_36 = [35.51],
  epsilon_plus_mu_37 = [38.07],
  epsilon_plus_mu_38 = [35.97],
  epsilon_plus_mu_39 = [37.13],
  epsilon_plus_mu_310 = [36.60],
  epsilon_plus_mu_41 = [6.64],
  epsilon_plus_mu_42 = [6.23],
  epsilon_plus_mu_43 = [6.30],
  epsilon_plus_mu_44 = [6.13],
  epsilon_plus_mu_45 = [6.32],
  epsilon_plus_mu_46 = [6.14],
  epsilon_plus_mu_47 = [6.59],
  epsilon_plus_mu_48 = [6.22],
  epsilon_plus_mu_49 = [6.42],
  epsilon_plus_mu_410 = [6.33],
  epsilon_plus_mu_51 = [0.16],
  epsilon_plus_mu_52 = [0.15],
  epsilon_plus_mu_53 = [0.15],
  epsilon_plus_mu_54 = [0.15],
  epsilon_plus_mu_55 = [0.15],
  epsilon_plus_mu_56 = [0.15],
  epsilon_plus_mu_57 = [0.16],
  epsilon_plus_mu_58 = [0.15],
  epsilon_plus_mu_59 = [0.15],
  epsilon_plus_mu_510 = [0.15],
  epsilon_plus_mu_61 = [0.16],
  epsilon_plus_mu_62 = [0.15],
  epsilon_plus_mu_63 = [0.15],
  epsilon_plus_mu_64 = [0.15],
  epsilon_plus_mu_65 = [0.15],
  epsilon_plus_mu_66 = [0.15],
  epsilon_plus_mu_67 = [0.16],
  epsilon_plus_mu_68 = [0.15],
  epsilon_plus_mu_69 = [0.15],
  epsilon_plus_mu_610 = [0.15],
  epsilon_plus_mu_71 = [39.13],
  epsilon_plus_mu_72 = [36.72],
  epsilon_plus_mu_73 = [37.12],
  epsilon_plus_mu_74 = [36.12],
  epsilon_plus_mu_75 = [37.22],
  epsilon_plus_mu_76 = [36.20],
  epsilon_plus_mu_77 = [38.81],
  epsilon_plus_mu_78 = [36.67],
  epsilon_plus_mu_79 = [37.86],
  epsilon_plus_mu_710 = [37.32],
  epsilon_plus_mu_81 = [22.36],
  epsilon_plus_mu_82 = [20.99],
  epsilon_plus_mu_83 = [21.22],
  epsilon_plus_mu_84 = [20.64],
  epsilon_plus_mu_85 = [21.27],
  epsilon_plus_mu_86 = [20.69],
  epsilon_plus_mu_87 = [22.19],
  epsilon_plus_mu_88 = [20.96],
  epsilon_plus_mu_89 = [21.64],
  epsilon_plus_mu_810 = [21.33],
  epsilon_plus_mu_91 = [16.71],
  epsilon_plus_mu_92 = [15.69],
  epsilon_plus_mu_93 = [15.86],
  epsilon_plus_mu_94 = [15.43],
  epsilon_plus_mu_95 = [15.90],
  epsilon_plus_mu_96 = [15.47],
  epsilon_plus_mu_97 = [16.58],
  epsilon_plus_mu_98 = [15.67],
  epsilon_plus_mu_99 = [16.17],
  epsilon_plus_mu_910 = [15.94],
  epsilon_plus_mu_101 = [5.96],
  epsilon_plus_mu_102 = [5.60],
  epsilon_plus_mu_103 = [5.66],
  epsilon_plus_mu_104 = [5.51],
  epsilon_plus_mu_105 = [5.67],
  epsilon_plus_mu_106 = [5.52],
  epsilon_plus_mu_107 = [5.92],
  epsilon_plus_mu_108 = [5.59],
  epsilon_plus_mu_109 = [5.77],
  epsilon_plus_mu_1010 = [5.69],
  epsilon_plus_mu_111 = [0.16],
  epsilon_plus_mu_112 = [0.15],
  epsilon_plus_mu_113 = [0.15],
  epsilon_plus_mu_114 = [0.15],
  epsilon_plus_mu_115 = [0.15],
  epsilon_plus_mu_116 = [0.15],
  epsilon_plus_mu_117 = [0.16],
  epsilon_plus_mu_118 = [0.15],
  epsilon_plus_mu_119 = [0.15],
  epsilon_plus_mu_1110 = [0.15],
  epsilon_plus_mu_121 = [6.78],
  epsilon_plus_mu_122 = [6.36],
  epsilon_plus_mu_123 = [6.43],
  epsilon_plus_mu_124 = [6.26],
  epsilon_plus_mu_125 = [6.45],
  epsilon_plus_mu_126 = [6.27],
  epsilon_plus_mu_127 = [6.73],
  epsilon_plus_mu_128 = [6.35],
  epsilon_plus_mu_129 = [6.56],
  epsilon_plus_mu_1210 = [6.47],
  epsilon_plus_mu_131 = [19.82],
  epsilon_plus_mu_132 = [18.60],
  epsilon_plus_mu_133 = [18.81],
  epsilon_plus_mu_134 = [18.30],
  epsilon_plus_mu_135 = [18.86],
  epsilon_plus_mu_136 = [18.34],
  epsilon_plus_mu_137 = [19.66],
  epsilon_plus_mu_138 = [18.58],
  epsilon_plus_mu_139 = [19.18],
  epsilon_plus_mu_1310 = [18.91],
  epsilon_plus_mu_141 = [9.93],
  epsilon_plus_mu_142 = [9.32],
  epsilon_plus_mu_143 = [9.43],
  epsilon_plus_mu_144 = [9.17],
  epsilon_plus_mu_145 = [9.45],
  epsilon_plus_mu_146 = [9.19],
  epsilon_plus_mu_147 = [9.86],
  epsilon_plus_mu_148 = [9.31],
  epsilon_plus_mu_149 = [9.61],
  epsilon_plus_mu_1410 = [9.48],
  epsilon_plus_mu_151 = [10.25],
  epsilon_plus_mu_152 = [9.62],
  epsilon_plus_mu_153 = [9.72],
  epsilon_plus_mu_154 = [9.46],
  epsilon_plus_mu_155 = [9.75],
  epsilon_plus_mu_156 = [9.48],
  epsilon_plus_mu_157 = [10.17],
  epsilon_plus_mu_158 = [9.61],
  epsilon_plus_mu_159 = [9.92],
  epsilon_plus_mu_1510 = [9.78],
  epsilon_plus_mu_161 = [11.61],
  epsilon_plus_mu_162 = [10.90],
  epsilon_plus_mu_163 = [11.02],
  epsilon_plus_mu_164 = [10.72],
  epsilon_plus_mu_165 = [11.05],
  epsilon_plus_mu_166 = [10.75],
  epsilon_plus_mu_167 = [11.52],
  epsilon_plus_mu_168 = [10.89],
  epsilon_plus_mu_169 = [11.24],
  epsilon_plus_mu_1610 = [11.08],
  epsilon_plus_mu_171 = [14.31],
  epsilon_plus_mu_172 = [13.43],
  epsilon_plus_mu_173 = [13.58],
  epsilon_plus_mu_174 = [13.21],
  epsilon_plus_mu_175 = [13.62],
  epsilon_plus_mu_176 = [13.24],
  epsilon_plus_mu_177 = [14.20],
  epsilon_plus_mu_178 = [13.42],
  epsilon_plus_mu_179 = [13.85],
  epsilon_plus_mu_1710 = [13.65],
  epsilon_plus_mu_181 = [10.88],
  epsilon_plus_mu_182 = [10.21],
  epsilon_plus_mu_183 = [10.32],
  epsilon_plus_mu_184 = [10.04],
  epsilon_plus_mu_185 = [10.35],
  epsilon_plus_mu_186 = [10.06],
  epsilon_plus_mu_187 = [10.79],
  epsilon_plus_mu_188 = [10.19],
  epsilon_plus_mu_189 = [10.52],
  epsilon_plus_mu_1810 = [10.37],
  epsilon_plus_mu_191 = [6.56],
  epsilon_plus_mu_192 = [6.16],
  epsilon_plus_mu_193 = [6.22],
  epsilon_plus_mu_194 = [6.06],
  epsilon_plus_mu_195 = [6.24],
  epsilon_plus_mu_196 = [6.07],
  epsilon_plus_mu_197 = [6.51],
  epsilon_plus_mu_198 = [6.15],
  epsilon_plus_mu_199 = [6.35],
  epsilon_plus_mu_1910 = [6.26],
  epsilon_plus_mu_201 = [3.50],
  epsilon_plus_mu_202 = [3.28],
  epsilon_plus_mu_203 = [3.32],
  epsilon_plus_mu_204 = [3.23],
  epsilon_plus_mu_205 = [3.33],
  epsilon_plus_mu_206 = [3.24],
  epsilon_plus_mu_207 = [3.47],
  epsilon_plus_mu_208 = [3.28],
  epsilon_plus_mu_209 = [3.39],
  epsilon_plus_mu_2010 = [3.34],
]

Epsilon - mu_{jk} = [
  epsilon_minus_mu_11 = [-3.29],
  epsilon_minus_mu_12 = [-3.08],
  epsilon_minus_mu_13 = [-3.12],
  epsilon_minus_mu_14 = [-3.03],
  epsilon_minus_mu_15 = [-3.13],
  epsilon_minus_mu_16 = [-3.04],
  epsilon_minus_mu_17 = [-3.26],
  epsilon_minus_mu_18 = [-3.08],
  epsilon_minus_mu_19 = [-3.18],
  epsilon_minus_mu_110 = [-3.13],
  epsilon_minus_mu_21 = [-6.08],
  epsilon_minus_mu_22 = [-5.71],
  epsilon_minus_mu_23 = [-5.77],
  epsilon_minus_mu_24 = [-5.62],
  epsilon_minus_mu_25 = [-5.79],
  epsilon_minus_mu_26 = [-5.63],
  epsilon_minus_mu_27 = [-6.04],
  epsilon_minus_mu_28 = [-5.70],
  epsilon_minus_mu_29 = [-5.89],
  epsilon_minus_mu_210 = [-5.80],
  epsilon_minus_mu_31 = [-12.79],
  epsilon_minus_mu_32 = [-12.00],
  epsilon_minus_mu_33 = [-12.14],
  epsilon_minus_mu_34 = [-11.81],
  epsilon_minus_mu_35 = [-12.17],
  epsilon_minus_mu_36 = [-11.84],
  epsilon_minus_mu_37 = [-12.69],
  epsilon_minus_mu_38 = [-11.99],
  epsilon_minus_mu_39 = [-12.38],
  epsilon_minus_mu_310 = [-12.20],
  epsilon_minus_mu_41 = [-2.21],
  epsilon_minus_mu_42 = [-2.08],
  epsilon_minus_mu_43 = [-2.10],
  epsilon_minus_mu_44 = [-2.04],
  epsilon_minus_mu_45 = [-2.11],
  epsilon_minus_mu_46 = [-2.05],
  epsilon_minus_mu_47 = [-2.20],
  epsilon_minus_mu_48 = [-2.07],
  epsilon_minus_mu_49 = [-2.14],
  epsilon_minus_mu_410 = [-2.11],
  epsilon_minus_mu_51 = [-0.05],
  epsilon_minus_mu_52 = [-0.05],
  epsilon_minus_mu_53 = [-0.05],
  epsilon_minus_mu_54 = [-0.05],
  epsilon_minus_mu_55 = [-0.05],
  epsilon_minus_mu_56 = [-0.05],
  epsilon_minus_mu_57 = [-0.05],
  epsilon_minus_mu_58 = [-0.05],
  epsilon_minus_mu_59 = [-0.05],
  epsilon_minus_mu_510 = [-0.05],
  epsilon_minus_mu_61 = [-0.05],
  epsilon_minus_mu_62 = [-0.05],
  epsilon_minus_mu_63 = [-0.05],
  epsilon_minus_mu_64 = [-0.05],
  epsilon_minus_mu_65 = [-0.05],
  epsilon_minus_mu_66 = [-0.05],
  epsilon_minus_mu_67 = [-0.05],
  epsilon_minus_mu_68 = [-0.05],
  epsilon_minus_mu_69 = [-0.05],
  epsilon_minus_mu_610 = [-0.05],
  epsilon_minus_mu_71 = [-13.04],
  epsilon_minus_mu_72 = [-12.24],
  epsilon_minus_mu_73 = [-12.37],
  epsilon_minus_mu_74 = [-12.04],
  epsilon_minus_mu_75 = [-12.41],
  epsilon_minus_mu_76 = [-12.07],
  epsilon_minus_mu_77 = [-12.94],
  epsilon_minus_mu_78 = [-12.22],
  epsilon_minus_mu_79 = [-12.62],
  epsilon_minus_mu_710 = [-12.44],
  epsilon_minus_mu_81 = [-7.45],
  epsilon_minus_mu_82 = [-7.00],
  epsilon_minus_mu_83 = [-7.07],
  epsilon_minus_mu_84 = [-6.88],
  epsilon_minus_mu_85 = [-7.09],
  epsilon_minus_mu_86 = [-6.90],
  epsilon_minus_mu_87 = [-7.40],
  epsilon_minus_mu_88 = [-6.99],
  epsilon_minus_mu_89 = [-7.21],
  epsilon_minus_mu_810 = [-7.11],
  epsilon_minus_mu_91 = [-5.57],
  epsilon_minus_mu_92 = [-5.23],
  epsilon_minus_mu_93 = [-5.29],
  epsilon_minus_mu_94 = [-5.14],
  epsilon_minus_mu_95 = [-5.30],
  epsilon_minus_mu_96 = [-5.16],
  epsilon_minus_mu_97 = [-5.53],
  epsilon_minus_mu_98 = [-5.22],
  epsilon_minus_mu_99 = [-5.39],
  epsilon_minus_mu_910 = [-5.31],
  epsilon_minus_mu_101 = [-1.99],
  epsilon_minus_mu_102 = [-1.87],
  epsilon_minus_mu_103 = [-1.89],
  epsilon_minus_mu_104 = [-1.84],
  epsilon_minus_mu_105 = [-1.89],
  epsilon_minus_mu_106 = [-1.84],
  epsilon_minus_mu_107 = [-1.97],
  epsilon_minus_mu_108 = [-1.86],
  epsilon_minus_mu_109 = [-1.92],
  epsilon_minus_mu_1010 = [-1.90],
  epsilon_minus_mu_111 = [-0.05],
  epsilon_minus_mu_112 = [-0.05],
  epsilon_minus_mu_113 = [-0.05],
  epsilon_minus_mu_114 = [-0.05],
  epsilon_minus_mu_115 = [-0.05],
  epsilon_minus_mu_116 = [-0.05],
  epsilon_minus_mu_117 = [-0.05],
  epsilon_minus_mu_118 = [-0.05],
  epsilon_minus_mu_119 = [-0.05],
  epsilon_minus_mu_1110 = [-0.05],
  epsilon_minus_mu_121 = [-2.26],
  epsilon_minus_mu_122 = [-2.12],
  epsilon_minus_mu_123 = [-2.14],
  epsilon_minus_mu_124 = [-2.09],
  epsilon_minus_mu_125 = [-2.15],
  epsilon_minus_mu_126 = [-2.09],
  epsilon_minus_mu_127 = [-2.24],
  epsilon_minus_mu_128 = [-2.12],
  epsilon_minus_mu_129 = [-2.19],
  epsilon_minus_mu_1210 = [-2.16],
  epsilon_minus_mu_131 = [-6.61],
  epsilon_minus_mu_132 = [-6.20],
  epsilon_minus_mu_133 = [-6.27],
  epsilon_minus_mu_134 = [-6.10],
  epsilon_minus_mu_135 = [-6.29],
  epsilon_minus_mu_136 = [-6.11],
  epsilon_minus_mu_137 = [-6.55],
  epsilon_minus_mu_138 = [-6.19],
  epsilon_minus_mu_139 = [-6.39],
  epsilon_minus_mu_1310 = [-6.30],
  epsilon_minus_mu_141 = [-3.31],
  epsilon_minus_mu_142 = [-3.11],
  epsilon_minus_mu_143 = [-3.14],
  epsilon_minus_mu_144 = [-3.06],
  epsilon_minus_mu_145 = [-3.15],
  epsilon_minus_mu_146 = [-3.06],
  epsilon_minus_mu_147 = [-3.29],
  epsilon_minus_mu_148 = [-3.10],
  epsilon_minus_mu_149 = [-3.20],
  epsilon_minus_mu_1410 = [-3.16],
  epsilon_minus_mu_151 = [-3.42],
  epsilon_minus_mu_152 = [-3.21],
  epsilon_minus_mu_153 = [-3.24],
  epsilon_minus_mu_154 = [-3.15],
  epsilon_minus_mu_155 = [-3.25],
  epsilon_minus_mu_156 = [-3.16],
  epsilon_minus_mu_157 = [-3.39],
  epsilon_minus_mu_158 = [-3.20],
  epsilon_minus_mu_159 = [-3.31],
  epsilon_minus_mu_1510 = [-3.26],
  epsilon_minus_mu_161 = [-3.87],
  epsilon_minus_mu_162 = [-3.63],
  epsilon_minus_mu_163 = [-3.67],
  epsilon_minus_mu_164 = [-3.57],
  epsilon_minus_mu_165 = [-3.68],
  epsilon_minus_mu_166 = [-3.58],
  epsilon_minus_mu_167 = [-3.84],
  epsilon_minus_mu_168 = [-3.63],
  epsilon_minus_mu_169 = [-3.75],
  epsilon_minus_mu_1610 = [-3.69],
  epsilon_minus_mu_171 = [-4.77],
  epsilon_minus_mu_172 = [-4.48],
  epsilon_minus_mu_173 = [-4.53],
  epsilon_minus_mu_174 = [-4.40],
  epsilon_minus_mu_175 = [-4.54],
  epsilon_minus_mu_176 = [-4.41],
  epsilon_minus_mu_177 = [-4.73],
  epsilon_minus_mu_178 = [-4.47],
  epsilon_minus_mu_179 = [-4.62],
  epsilon_minus_mu_1710 = [-4.55],
  epsilon_minus_mu_181 = [-3.63],
  epsilon_minus_mu_182 = [-3.40],
  epsilon_minus_mu_183 = [-3.44],
  epsilon_minus_mu_184 = [-3.35],
  epsilon_minus_mu_185 = [-3.45],
  epsilon_minus_mu_186 = [-3.35],
  epsilon_minus_mu_187 = [-3.60],
  epsilon_minus_mu_188 = [-3.40],
  epsilon_minus_mu_189 = [-3.51],
  epsilon_minus_mu_1810 = [-3.46],
  epsilon_minus_mu_191 = [-2.19],
  epsilon_minus_mu_192 = [-2.05],
  epsilon_minus_mu_193 = [-2.07],
  epsilon_minus_mu_194 = [-2.02],
  epsilon_minus_mu_195 = [-2.08],
  epsilon_minus_mu_196 = [-2.02],
  epsilon_minus_mu_197 = [-2.17],
  epsilon_minus_mu_198 = [-2.05],
  epsilon_minus_mu_199 = [-2.12],
  epsilon_minus_mu_1910 = [-2.09],
  epsilon_minus_mu_201 = [-1.17],
  epsilon_minus_mu_202 = [-1.09],
  epsilon_minus_mu_203 = [-1.11],
  epsilon_minus_mu_204 = [-1.08],
  epsilon_minus_mu_205 = [-1.11],
  epsilon_minus_mu_206 = [-1.08],
  epsilon_minus_mu_207 = [-1.16],
  epsilon_minus_mu_208 = [-1.09],
  epsilon_minus_mu_209 = [-1.13],
  epsilon_minus_mu_2010 = [-1.11],
]

Sigma + tau_{jk} = [
  sigma_plus_tau_11 = [11.92],
  sigma_plus_tau_12 = [11.36],
  sigma_plus_tau_13 = [11.91],
  sigma_plus_tau_14 = [11.34],
  sigma_plus_tau_15 = [11.47],
  sigma_plus_tau_16 = [11.96],
  sigma_plus_tau_17 = [11.70],
  sigma_plus_tau_18 = [11.38],
  sigma_plus_tau_19 = [11.71],
  sigma_plus_tau_110 = [11.23],
  sigma_plus_tau_21 = [5.72],
  sigma_plus_tau_22 = [5.45],
  sigma_plus_tau_23 = [5.72],
  sigma_plus_tau_24 = [5.44],
  sigma_plus_tau_25 = [5.51],
  sigma_plus_tau_26 = [5.74],
  sigma_plus_tau_27 = [5.62],
  sigma_plus_tau_28 = [5.46],
  sigma_plus_tau_29 = [5.62],
  sigma_plus_tau_210 = [5.39],
  sigma_plus_tau_31 = [11.89],
  sigma_plus_tau_32 = [11.33],
  sigma_plus_tau_33 = [11.88],
  sigma_plus_tau_34 = [11.31],
  sigma_plus_tau_35 = [11.44],
  sigma_plus_tau_36 = [11.93],
  sigma_plus_tau_37 = [11.67],
  sigma_plus_tau_38 = [11.35],
  sigma_plus_tau_39 = [11.68],
  sigma_plus_tau_310 = [11.20],
  sigma_plus_tau_41 = [27.26],
  sigma_plus_tau_42 = [25.97],
  sigma_plus_tau_43 = [27.23],
  sigma_plus_tau_44 = [25.93],
  sigma_plus_tau_45 = [26.22],
  sigma_plus_tau_46 = [27.34],
  sigma_plus_tau_47 = [26.76],
  sigma_plus_tau_48 = [26.01],
  sigma_plus_tau_49 = [26.77],
  sigma_plus_tau_410 = [25.68],
  sigma_plus_tau_51 = [36.19],
  sigma_plus_tau_52 = [34.48],
  sigma_plus_tau_53 = [36.15],
  sigma_plus_tau_54 = [34.43],
  sigma_plus_tau_55 = [34.82],
  sigma_plus_tau_56 = [36.31],
  sigma_plus_tau_57 = [35.53],
  sigma_plus_tau_58 = [34.54],
  sigma_plus_tau_59 = [35.54],
  sigma_plus_tau_510 = [34.10],
  sigma_plus_tau_61 = [9.26],
  sigma_plus_tau_62 = [8.82],
  sigma_plus_tau_63 = [9.25],
  sigma_plus_tau_64 = [8.81],
  sigma_plus_tau_65 = [8.91],
  sigma_plus_tau_66 = [9.29],
  sigma_plus_tau_67 = [9.09],
  sigma_plus_tau_68 = [8.84],
  sigma_plus_tau_69 = [9.09],
  sigma_plus_tau_610 = [8.73],
  sigma_plus_tau_71 = [1.62],
  sigma_plus_tau_72 = [1.54],
  sigma_plus_tau_73 = [1.61],
  sigma_plus_tau_74 = [1.54],
  sigma_plus_tau_75 = [1.55],
  sigma_plus_tau_76 = [1.62],
  sigma_plus_tau_77 = [1.59],
  sigma_plus_tau_78 = [1.54],
  sigma_plus_tau_79 = [1.59],
  sigma_plus_tau_710 = [1.52],
  sigma_plus_tau_81 = [4.89],
  sigma_plus_tau_82 = [4.66],
  sigma_plus_tau_83 = [4.89],
  sigma_plus_tau_84 = [4.65],
  sigma_plus_tau_85 = [4.71],
  sigma_plus_tau_86 = [4.91],
  sigma_plus_tau_87 = [4.80],
  sigma_plus_tau_88 = [4.67],
  sigma_plus_tau_89 = [4.80],
  sigma_plus_tau_810 = [4.61],
  sigma_plus_tau_91 = [28.89],
  sigma_plus_tau_92 = [27.52],
  sigma_plus_tau_93 = [28.86],
  sigma_plus_tau_94 = [27.48],
  sigma_plus_tau_95 = [27.79],
  sigma_plus_tau_96 = [28.98],
  sigma_plus_tau_97 = [28.36],
  sigma_plus_tau_98 = [27.57],
  sigma_plus_tau_99 = [28.37],
  sigma_plus_tau_910 = [27.22],
  sigma_plus_tau_101 = [28.22],
  sigma_plus_tau_102 = [26.89],
  sigma_plus_tau_103 = [28.20],
  sigma_plus_tau_104 = [26.85],
  sigma_plus_tau_105 = [27.16],
  sigma_plus_tau_106 = [28.32],
  sigma_plus_tau_107 = [27.71],
  sigma_plus_tau_108 = [26.93],
  sigma_plus_tau_109 = [27.72],
  sigma_plus_tau_1010 = [26.60],
  sigma_plus_tau_111 = [34.72],
  sigma_plus_tau_112 = [33.07],
  sigma_plus_tau_113 = [34.68],
  sigma_plus_tau_114 = [33.02],
  sigma_plus_tau_115 = [33.40],
  sigma_plus_tau_116 = [34.83],
  sigma_plus_tau_117 = [34.08],
  sigma_plus_tau_118 = [33.13],
  sigma_plus_tau_119 = [34.09],
  sigma_plus_tau_1110 = [32.71],
  sigma_plus_tau_121 = [4.49],
  sigma_plus_tau_122 = [4.28],
  sigma_plus_tau_123 = [4.49],
  sigma_plus_tau_124 = [4.27],
  sigma_plus_tau_125 = [4.32],
  sigma_plus_tau_126 = [4.51],
  sigma_plus_tau_127 = [4.41],
  sigma_plus_tau_128 = [4.29],
  sigma_plus_tau_129 = [4.41],
  sigma_plus_tau_1210 = [4.23],
  sigma_plus_tau_131 = [16.10],
  sigma_plus_tau_132 = [15.34],
  sigma_plus_tau_133 = [16.09],
  sigma_plus_tau_134 = [15.32],
  sigma_plus_tau_135 = [15.49],
  sigma_plus_tau_136 = [16.16],
  sigma_plus_tau_137 = [15.81],
  sigma_plus_tau_138 = [15.37],
  sigma_plus_tau_139 = [15.82],
  sigma_plus_tau_1310 = [15.18],
  sigma_plus_tau_141 = [35.95],
  sigma_plus_tau_142 = [34.25],
  sigma_plus_tau_143 = [35.91],
  sigma_plus_tau_144 = [34.19],
  sigma_plus_tau_145 = [34.58],
  sigma_plus_tau_146 = [36.06],
  sigma_plus_tau_147 = [35.29],
  sigma_plus_tau_148 = [34.30],
  sigma_plus_tau_149 = [35.30],
  sigma_plus_tau_1410 = [33.87],
  sigma_plus_tau_151 = [18.33],
  sigma_plus_tau_152 = [17.47],
  sigma_plus_tau_153 = [18.32],
  sigma_plus_tau_154 = [17.44],
  sigma_plus_tau_155 = [17.64],
  sigma_plus_tau_156 = [18.39],
  sigma_plus_tau_157 = [18.00],
  sigma_plus_tau_158 = [17.50],
  sigma_plus_tau_159 = [18.01],
  sigma_plus_tau_1510 = [17.28],
  sigma_plus_tau_161 = [10.74],
  sigma_plus_tau_162 = [10.23],
  sigma_plus_tau_163 = [10.73],
  sigma_plus_tau_164 = [10.21],
  sigma_plus_tau_165 = [10.33],
  sigma_plus_tau_166 = [10.77],
  sigma_plus_tau_167 = [10.54],
  sigma_plus_tau_168 = [10.25],
  sigma_plus_tau_169 = [10.54],
  sigma_plus_tau_1610 = [10.12],
  sigma_plus_tau_171 = [26.35],
  sigma_plus_tau_172 = [25.10],
  sigma_plus_tau_173 = [26.32],
  sigma_plus_tau_174 = [25.06],
  sigma_plus_tau_175 = [25.35],
  sigma_plus_tau_176 = [26.43],
  sigma_plus_tau_177 = [25.87],
  sigma_plus_tau_178 = [25.14],
  sigma_plus_tau_179 = [25.88],
  sigma_plus_tau_1710 = [24.83],
  sigma_plus_tau_181 = [12.77],
  sigma_plus_tau_182 = [12.16],
  sigma_plus_tau_183 = [12.75],
  sigma_plus_tau_184 = [12.14],
  sigma_plus_tau_185 = [12.28],
  sigma_plus_tau_186 = [12.81],
  sigma_plus_tau_187 = [12.53],
  sigma_plus_tau_188 = [12.18],
  sigma_plus_tau_189 = [12.54],
  sigma_plus_tau_1810 = [12.03],
  sigma_plus_tau_191 = [18.10],
  sigma_plus_tau_192 = [17.25],
  sigma_plus_tau_193 = [18.09],
  sigma_plus_tau_194 = [17.22],
  sigma_plus_tau_195 = [17.42],
  sigma_plus_tau_196 = [18.16],
  sigma_plus_tau_197 = [17.77],
  sigma_plus_tau_198 = [17.28],
  sigma_plus_tau_199 = [17.78],
  sigma_plus_tau_1910 = [17.06],
  sigma_plus_tau_201 = [1.65],
  sigma_plus_tau_202 = [1.57],
  sigma_plus_tau_203 = [1.64],
  sigma_plus_tau_204 = [1.57],
  sigma_plus_tau_205 = [1.58],
  sigma_plus_tau_206 = [1.65],
  sigma_plus_tau_207 = [1.62],
  sigma_plus_tau_208 = [1.57],
  sigma_plus_tau_209 = [1.62],
  sigma_plus_tau_2010 = [1.55],
]

Sigma - tau_{jk} = [
  sigma_minus_tau_11 = [-3.97],
  sigma_minus_tau_12 = [-3.79],
  sigma_minus_tau_13 = [-3.97],
  sigma_minus_tau_14 = [-3.78],
  sigma_minus_tau_15 = [-3.82],
  sigma_minus_tau_16 = [-3.99],
  sigma_minus_tau_17 = [-3.90],
  sigma_minus_tau_18 = [-3.79],
  sigma_minus_tau_19 = [-3.90],
  sigma_minus_tau_110 = [-3.74],
  sigma_minus_tau_21 = [-1.91],
  sigma_minus_tau_22 = [-1.82],
  sigma_minus_tau_23 = [-1.91],
  sigma_minus_tau_24 = [-1.81],
  sigma_minus_tau_25 = [-1.84],
  sigma_minus_tau_26 = [-1.91],
  sigma_minus_tau_27 = [-1.87],
  sigma_minus_tau_28 = [-1.82],
  sigma_minus_tau_29 = [-1.87],
  sigma_minus_tau_210 = [-1.80],
  sigma_minus_tau_31 = [-3.96],
  sigma_minus_tau_32 = [-3.78],
  sigma_minus_tau_33 = [-3.96],
  sigma_minus_tau_34 = [-3.77],
  sigma_minus_tau_35 = [-3.81],
  sigma_minus_tau_36 = [-3.98],
  sigma_minus_tau_37 = [-3.89],
  sigma_minus_tau_38 = [-3.78],
  sigma_minus_tau_39 = [-3.89],
  sigma_minus_tau_310 = [-3.73],
  sigma_minus_tau_41 = [-9.09],
  sigma_minus_tau_42 = [-8.66],
  sigma_minus_tau_43 = [-9.08],
  sigma_minus_tau_44 = [-8.64],
  sigma_minus_tau_45 = [-8.74],
  sigma_minus_tau_46 = [-9.11],
  sigma_minus_tau_47 = [-8.92],
  sigma_minus_tau_48 = [-8.67],
  sigma_minus_tau_49 = [-8.92],
  sigma_minus_tau_410 = [-8.56],
  sigma_minus_tau_51 = [-12.06],
  sigma_minus_tau_52 = [-11.49],
  sigma_minus_tau_53 = [-12.05],
  sigma_minus_tau_54 = [-11.48],
  sigma_minus_tau_55 = [-11.61],
  sigma_minus_tau_56 = [-12.10],
  sigma_minus_tau_57 = [-11.84],
  sigma_minus_tau_58 = [-11.51],
  sigma_minus_tau_59 = [-11.85],
  sigma_minus_tau_510 = [-11.37],
  sigma_minus_tau_61 = [-3.09],
  sigma_minus_tau_62 = [-2.94],
  sigma_minus_tau_63 = [-3.08],
  sigma_minus_tau_64 = [-2.94],
  sigma_minus_tau_65 = [-2.97],
  sigma_minus_tau_66 = [-3.10],
  sigma_minus_tau_67 = [-3.03],
  sigma_minus_tau_68 = [-2.95],
  sigma_minus_tau_69 = [-3.03],
  sigma_minus_tau_610 = [-2.91],
  sigma_minus_tau_71 = [-0.54],
  sigma_minus_tau_72 = [-0.51],
  sigma_minus_tau_73 = [-0.54],
  sigma_minus_tau_74 = [-0.51],
  sigma_minus_tau_75 = [-0.52],
  sigma_minus_tau_76 = [-0.54],
  sigma_minus_tau_77 = [-0.53],
  sigma_minus_tau_78 = [-0.51],
  sigma_minus_tau_79 = [-0.53],
  sigma_minus_tau_710 = [-0.51],
  sigma_minus_tau_81 = [-1.63],
  sigma_minus_tau_82 = [-1.55],
  sigma_minus_tau_83 = [-1.63],
  sigma_minus_tau_84 = [-1.55],
  sigma_minus_tau_85 = [-1.57],
  sigma_minus_tau_86 = [-1.64],
  sigma_minus_tau_87 = [-1.60],
  sigma_minus_tau_88 = [-1.56],
  sigma_minus_tau_89 = [-1.60],
  sigma_minus_tau_810 = [-1.54],
  sigma_minus_tau_91 = [-9.63],
  sigma_minus_tau_92 = [-9.17],
  sigma_minus_tau_93 = [-9.62],
  sigma_minus_tau_94 = [-9.16],
  sigma_minus_tau_95 = [-9.26],
  sigma_minus_tau_96 = [-9.66],
  sigma_minus_tau_97 = [-9.45],
  sigma_minus_tau_98 = [-9.19],
  sigma_minus_tau_99 = [-9.46],
  sigma_minus_tau_910 = [-9.07],
  sigma_minus_tau_101 = [-9.41],
  sigma_minus_tau_102 = [-8.96],
  sigma_minus_tau_103 = [-9.40],
  sigma_minus_tau_104 = [-8.95],
  sigma_minus_tau_105 = [-9.05],
  sigma_minus_tau_106 = [-9.44],
  sigma_minus_tau_107 = [-9.24],
  sigma_minus_tau_108 = [-8.98],
  sigma_minus_tau_109 = [-9.24],
  sigma_minus_tau_1010 = [-8.87],
  sigma_minus_tau_111 = [-11.57],
  sigma_minus_tau_112 = [-11.02],
  sigma_minus_tau_113 = [-11.56],
  sigma_minus_tau_114 = [-11.01],
  sigma_minus_tau_115 = [-11.13],
  sigma_minus_tau_116 = [-11.61],
  sigma_minus_tau_117 = [-11.36],
  sigma_minus_tau_118 = [-11.04],
  sigma_minus_tau_119 = [-11.36],
  sigma_minus_tau_1110 = [-10.90],
  sigma_minus_tau_121 = [-1.50],
  sigma_minus_tau_122 = [-1.43],
  sigma_minus_tau_123 = [-1.50],
  sigma_minus_tau_124 = [-1.42],
  sigma_minus_tau_125 = [-1.44],
  sigma_minus_tau_126 = [-1.50],
  sigma_minus_tau_127 = [-1.47],
  sigma_minus_tau_128 = [-1.43],
  sigma_minus_tau_129 = [-1.47],
  sigma_minus_tau_1210 = [-1.41],
  sigma_minus_tau_131 = [-5.37],
  sigma_minus_tau_132 = [-5.11],
  sigma_minus_tau_133 = [-5.36],
  sigma_minus_tau_134 = [-5.11],
  sigma_minus_tau_135 = [-5.16],
  sigma_minus_tau_136 = [-5.39],
  sigma_minus_tau_137 = [-5.27],
  sigma_minus_tau_138 = [-5.12],
  sigma_minus_tau_139 = [-5.27],
  sigma_minus_tau_1310 = [-5.06],
  sigma_minus_tau_141 = [-11.98],
  sigma_minus_tau_142 = [-11.42],
  sigma_minus_tau_143 = [-11.97],
  sigma_minus_tau_144 = [-11.40],
  sigma_minus_tau_145 = [-11.53],
  sigma_minus_tau_146 = [-12.02],
  sigma_minus_tau_147 = [-11.76],
  sigma_minus_tau_148 = [-11.43],
  sigma_minus_tau_149 = [-11.77],
  sigma_minus_tau_1410 = [-11.29],
  sigma_minus_tau_151 = [-6.11],
  sigma_minus_tau_152 = [-5.82],
  sigma_minus_tau_153 = [-6.11],
  sigma_minus_tau_154 = [-5.81],
  sigma_minus_tau_155 = [-5.88],
  sigma_minus_tau_156 = [-6.13],
  sigma_minus_tau_157 = [-6.00],
  sigma_minus_tau_158 = [-5.83],
  sigma_minus_tau_159 = [-6.00],
  sigma_minus_tau_1510 = [-5.76],
  sigma_minus_tau_161 = [-3.58],
  sigma_minus_tau_162 = [-3.41],
  sigma_minus_tau_163 = [-3.58],
  sigma_minus_tau_164 = [-3.40],
  sigma_minus_tau_165 = [-3.44],
  sigma_minus_tau_166 = [-3.59],
  sigma_minus_tau_167 = [-3.51],
  sigma_minus_tau_168 = [-3.42],
  sigma_minus_tau_169 = [-3.51],
  sigma_minus_tau_1610 = [-3.37],
  sigma_minus_tau_171 = [-8.78],
  sigma_minus_tau_172 = [-8.37],
  sigma_minus_tau_173 = [-8.77],
  sigma_minus_tau_174 = [-8.35],
  sigma_minus_tau_175 = [-8.45],
  sigma_minus_tau_176 = [-8.81],
  sigma_minus_tau_177 = [-8.62],
  sigma_minus_tau_178 = [-8.38],
  sigma_minus_tau_179 = [-8.63],
  sigma_minus_tau_1710 = [-8.28],
  sigma_minus_tau_181 = [-4.26],
  sigma_minus_tau_182 = [-4.05],
  sigma_minus_tau_183 = [-4.25],
  sigma_minus_tau_184 = [-4.05],
  sigma_minus_tau_185 = [-4.09],
  sigma_minus_tau_186 = [-4.27],
  sigma_minus_tau_187 = [-4.18],
  sigma_minus_tau_188 = [-4.06],
  sigma_minus_tau_189 = [-4.18],
  sigma_minus_tau_1810 = [-4.01],
  sigma_minus_tau_191 = [-6.03],
  sigma_minus_tau_192 = [-5.75],
  sigma_minus_tau_193 = [-6.03],
  sigma_minus_tau_194 = [-5.74],
  sigma_minus_tau_195 = [-5.81],
  sigma_minus_tau_196 = [-6.05],
  sigma_minus_tau_197 = [-5.92],
  sigma_minus_tau_198 = [-5.76],
  sigma_minus_tau_199 = [-5.93],
  sigma_minus_tau_1910 = [-5.69],
  sigma_minus_tau_201 = [-0.55],
  sigma_minus_tau_202 = [-0.52],
  sigma_minus_tau_203 = [-0.55],
  sigma_minus_tau_204 = [-0.52],
  sigma_minus_tau_205 = [-0.53],
  sigma_minus_tau_206 = [-0.55],
  sigma_minus_tau_207 = [-0.54],
  sigma_minus_tau_208 = [-0.52],
  sigma_minus_tau_209 = [-0.54],
  sigma_minus_tau_2010 = [-0.52],
]

Probabilities (p_s) = [
0.050000, 0.050000, 0.050000, 0.050000, 0.050000, 0.050000, 0.050000, 0.050000, 0.050000, 0.050000, 0.050000, 0.050000, 0.050000, 0.050000, 0.050000, 0.050000, 0.050000, 0.050000, 0.050000, 0.050000
]

c_bar = 7.99
