Jobs = 20
Machines = 10
Scenarios = 20

Transportation Times (tjk^s) = [
  tjk_11 = [7.45, 7.62, 7.40, 7.34, 7.49, 7.82, 7.36, 7.62, 7.32, 7.57, 7.46, 7.63, 7.54, 7.55, 7.42, 7.72, 7.24, 7.78, 7.36, 7.30],
  tjk_12 = [7.67, 7.85, 7.62, 7.55, 7.71, 8.05, 7.58, 7.85, 7.53, 7.80, 7.68, 7.86, 7.77, 7.78, 7.64, 7.95, 7.45, 8.01, 7.58, 7.51],
  tjk_13 = [7.84, 8.02, 7.79, 7.72, 7.88, 8.23, 7.74, 8.02, 7.70, 7.97, 7.85, 8.03, 7.94, 7.95, 7.81, 8.13, 7.61, 8.19, 7.75, 7.68],
  tjk_14 = [7.44, 7.60, 7.39, 7.32, 7.47, 7.80, 7.34, 7.61, 7.30, 7.56, 7.44, 7.62, 7.52, 7.53, 7.40, 7.70, 7.22, 7.76, 7.35, 7.28],
  tjk_15 = [7.44, 7.60, 7.38, 7.32, 7.47, 7.80, 7.34, 7.60, 7.30, 7.55, 7.44, 7.61, 7.52, 7.53, 7.40, 7.70, 7.22, 7.76, 7.34, 7.28],
  tjk_16 = [7.32, 7.49, 7.27, 7.21, 7.36, 7.68, 7.23, 7.49, 7.19, 7.44, 7.33, 7.50, 7.41, 7.42, 7.29, 7.59, 7.11, 7.64, 7.23, 7.17],
  tjk_17 = [7.35, 7.51, 7.30, 7.23, 7.38, 7.71, 7.25, 7.51, 7.21, 7.46, 7.35, 7.52, 7.43, 7.44, 7.31, 7.61, 7.13, 7.67, 7.26, 7.19],
  tjk_18 = [7.30, 7.46, 7.25, 7.18, 7.33, 7.66, 7.20, 7.46, 7.16, 7.41, 7.30, 7.47, 7.38, 7.39, 7.26, 7.56, 7.08, 7.62, 7.21, 7.14],
  tjk_19 = [7.87, 8.05, 7.82, 7.75, 7.91, 8.26, 7.77, 8.05, 7.73, 8.00, 7.88, 8.06, 7.97, 7.98, 7.83, 8.16, 7.64, 8.22, 7.78, 7.71],
  tjk_110 = [7.24, 7.41, 7.19, 7.13, 7.28, 7.60, 7.15, 7.41, 7.11, 7.36, 7.25, 7.42, 7.33, 7.34, 7.21, 7.50, 7.03, 7.56, 7.16, 7.09],
  tjk_21 = [3.58, 3.66, 3.55, 3.52, 3.60, 3.75, 3.53, 3.66, 3.51, 3.63, 3.58, 3.66, 3.62, 3.62, 3.56, 3.71, 3.47, 3.73, 3.53, 3.50],
  tjk_22 = [3.68, 3.77, 3.66, 3.63, 3.70, 3.87, 3.64, 3.77, 3.62, 3.74, 3.69, 3.77, 3.73, 3.73, 3.67, 3.82, 3.58, 3.85, 3.64, 3.61],
  tjk_23 = [3.76, 3.85, 3.74, 3.71, 3.78, 3.95, 3.72, 3.85, 3.70, 3.82, 3.77, 3.86, 3.81, 3.81, 3.75, 3.90, 3.66, 3.93, 3.72, 3.69],
  tjk_24 = [3.57, 3.65, 3.55, 3.51, 3.59, 3.75, 3.52, 3.65, 3.50, 3.63, 3.57, 3.66, 3.61, 3.62, 3.55, 3.70, 3.47, 3.73, 3.53, 3.49],
  tjk_25 = [3.57, 3.65, 3.54, 3.51, 3.59, 3.75, 3.52, 3.65, 3.50, 3.63, 3.57, 3.65, 3.61, 3.62, 3.55, 3.70, 3.46, 3.73, 3.53, 3.49],
  tjk_26 = [3.51, 3.59, 3.49, 3.46, 3.53, 3.69, 3.47, 3.59, 3.45, 3.57, 3.52, 3.60, 3.56, 3.56, 3.50, 3.64, 3.41, 3.67, 3.47, 3.44],
  tjk_27 = [3.53, 3.60, 3.50, 3.47, 3.54, 3.70, 3.48, 3.61, 3.46, 3.58, 3.53, 3.61, 3.57, 3.57, 3.51, 3.65, 3.42, 3.68, 3.48, 3.45],
  tjk_28 = [3.50, 3.58, 3.48, 3.45, 3.52, 3.68, 3.46, 3.58, 3.44, 3.56, 3.50, 3.59, 3.54, 3.55, 3.49, 3.63, 3.40, 3.66, 3.46, 3.43],
  tjk_29 = [3.78, 3.86, 3.75, 3.72, 3.80, 3.97, 3.73, 3.86, 3.71, 3.84, 3.78, 3.87, 3.82, 3.83, 3.76, 3.91, 3.67, 3.94, 3.73, 3.70],
  tjk_210 = [3.48, 3.55, 3.45, 3.42, 3.49, 3.65, 3.43, 3.56, 3.41, 3.53, 3.48, 3.56, 3.52, 3.52, 3.46, 3.60, 3.38, 3.63, 3.43, 3.40],
  tjk_31 = [7.43, 7.60, 7.38, 7.32, 7.47, 7.80, 7.34, 7.60, 7.30, 7.55, 7.44, 7.61, 7.52, 7.53, 7.40, 7.70, 7.22, 7.76, 7.34, 7.28],
  tjk_32 = [7.65, 7.83, 7.60, 7.54, 7.69, 8.03, 7.56, 7.83, 7.51, 7.78, 7.66, 7.84, 7.75, 7.76, 7.62, 7.93, 7.43, 7.99, 7.56, 7.49],
  tjk_33 = [7.82, 8.00, 7.77, 7.70, 7.86, 8.21, 7.72, 8.00, 7.68, 7.95, 7.83, 8.01, 7.92, 7.93, 7.79, 8.10, 7.59, 8.17, 7.73, 7.66],
  tjk_34 = [7.42, 7.58, 7.37, 7.30, 7.46, 7.78, 7.32, 7.59, 7.28, 7.54, 7.42, 7.60, 7.51, 7.51, 7.38, 7.68, 7.20, 7.74, 7.33, 7.26],
  tjk_35 = [7.42, 7.58, 7.37, 7.30, 7.45, 7.78, 7.32, 7.58, 7.28, 7.53, 7.42, 7.59, 7.50, 7.51, 7.38, 7.68, 7.20, 7.74, 7.33, 7.26],
  tjk_36 = [7.30, 7.47, 7.25, 7.19, 7.34, 7.66, 7.21, 7.47, 7.17, 7.42, 7.31, 7.48, 7.39, 7.40, 7.27, 7.57, 7.09, 7.62, 7.21, 7.15],
  tjk_37 = [7.33, 7.49, 7.28, 7.21, 7.36, 7.69, 7.23, 7.49, 7.19, 7.44, 7.33, 7.50, 7.41, 7.42, 7.29, 7.59, 7.11, 7.65, 7.24, 7.17],
  tjk_38 = [7.28, 7.44, 7.23, 7.16, 7.31, 7.64, 7.19, 7.44, 7.14, 7.39, 7.28, 7.45, 7.36, 7.37, 7.24, 7.54, 7.07, 7.60, 7.19, 7.12],
  tjk_39 = [7.85, 8.03, 7.80, 7.73, 7.89, 8.24, 7.75, 8.03, 7.71, 7.98, 7.86, 8.04, 7.95, 7.96, 7.81, 8.13, 7.62, 8.20, 7.76, 7.69],
  tjk_310 = [7.23, 7.39, 7.18, 7.11, 7.26, 7.58, 7.13, 7.39, 7.09, 7.34, 7.23, 7.40, 7.31, 7.32, 7.19, 7.49, 7.01, 7.54, 7.14, 7.07],
  tjk_41 = [17.04, 17.42, 16.92, 16.77, 17.13, 17.88, 16.83, 17.43, 16.73, 17.31, 17.05, 17.45, 17.24, 17.26, 16.96, 17.65, 16.54, 17.79, 16.83, 16.68],
  tjk_42 = [17.55, 17.94, 17.43, 17.27, 17.64, 18.41, 17.33, 17.95, 17.23, 17.83, 17.56, 17.97, 17.76, 17.78, 17.46, 18.18, 17.04, 18.32, 17.33, 17.18],
  tjk_43 = [17.93, 18.33, 17.81, 17.65, 18.02, 18.82, 17.71, 18.34, 17.60, 18.22, 17.94, 18.36, 18.15, 18.17, 17.85, 18.58, 17.41, 18.72, 17.71, 17.56],
  tjk_44 = [17.00, 17.38, 16.89, 16.74, 17.09, 17.84, 16.79, 17.39, 16.69, 17.28, 17.01, 17.41, 17.21, 17.23, 16.92, 17.62, 16.51, 17.75, 16.80, 16.65],
  tjk_45 = [17.00, 17.38, 16.88, 16.74, 17.09, 17.84, 16.79, 17.39, 16.69, 17.27, 17.01, 17.41, 17.20, 17.22, 16.92, 17.61, 16.50, 17.75, 16.79, 16.64],
  tjk_46 = [16.74, 17.11, 16.63, 16.48, 16.83, 17.57, 16.53, 17.12, 16.44, 17.01, 16.75, 17.14, 16.94, 16.96, 16.66, 17.34, 16.25, 17.48, 16.54, 16.39],
  tjk_47 = [16.80, 17.17, 16.68, 16.53, 16.88, 17.63, 16.58, 17.18, 16.49, 17.06, 16.80, 17.20, 17.00, 17.02, 16.72, 17.40, 16.31, 17.53, 16.59, 16.44],
  tjk_48 = [16.68, 17.05, 16.57, 16.42, 16.77, 17.51, 16.47, 17.06, 16.38, 16.95, 16.69, 17.08, 16.88, 16.90, 16.60, 17.28, 16.20, 17.41, 16.48, 16.33],
  tjk_49 = [18.00, 18.40, 17.88, 17.72, 18.09, 18.89, 17.77, 18.41, 17.67, 18.29, 18.01, 18.43, 18.21, 18.24, 17.91, 18.65, 17.48, 18.79, 17.78, 17.62],
  tjk_410 = [16.56, 16.93, 16.45, 16.30, 16.65, 17.38, 16.35, 16.94, 16.26, 16.83, 16.57, 16.96, 16.76, 16.78, 16.48, 17.16, 16.08, 17.29, 16.36, 16.21],
  tjk_51 = [22.63, 23.13, 22.47, 22.27, 22.74, 23.75, 22.34, 23.14, 22.21, 22.99, 22.64, 23.17, 22.90, 22.92, 22.52, 23.44, 21.97, 23.62, 22.35, 22.15],
  tjk_52 = [23.30, 23.82, 23.14, 22.94, 23.42, 24.45, 23.01, 23.83, 22.87, 23.67, 23.31, 23.86, 23.58, 23.61, 23.19, 24.14, 22.62, 24.32, 23.02, 22.81],
  tjk_53 = [23.81, 24.34, 23.65, 23.44, 23.93, 24.99, 23.51, 24.35, 23.38, 24.19, 23.82, 24.39, 24.10, 24.12, 23.70, 24.67, 23.12, 24.86, 23.52, 23.31],
  tjk_54 = [22.58, 23.08, 22.42, 22.23, 22.69, 23.69, 22.29, 23.09, 22.16, 22.94, 22.59, 23.12, 22.85, 22.87, 22.47, 23.39, 21.92, 23.57, 22.30, 22.10],
  tjk_55 = [22.57, 23.08, 22.42, 22.22, 22.69, 23.69, 22.29, 23.09, 22.16, 22.94, 22.58, 23.12, 22.84, 22.87, 22.47, 23.39, 21.92, 23.56, 22.30, 22.10],
  tjk_56 = [22.23, 22.73, 22.08, 21.88, 22.34, 23.33, 21.95, 22.74, 21.82, 22.59, 22.24, 22.77, 22.50, 22.52, 22.12, 23.03, 21.58, 23.21, 21.96, 21.76],
  tjk_57 = [22.30, 22.80, 22.15, 21.96, 22.42, 23.40, 22.02, 22.81, 21.89, 22.66, 22.31, 22.84, 22.57, 22.60, 22.20, 23.11, 21.65, 23.28, 22.03, 21.83],
  tjk_58 = [22.15, 22.64, 22.00, 21.81, 22.26, 23.25, 21.87, 22.65, 21.75, 22.51, 22.16, 22.68, 22.41, 22.44, 22.04, 22.95, 21.51, 23.12, 21.88, 21.69],
  tjk_59 = [23.90, 24.43, 23.74, 23.53, 24.02, 25.08, 23.60, 24.45, 23.46, 24.28, 23.91, 24.48, 24.19, 24.22, 23.79, 24.76, 23.21, 24.95, 23.61, 23.40],
  tjk_510 = [21.99, 22.48, 21.84, 21.65, 22.11, 23.08, 21.72, 22.49, 21.59, 22.34, 22.00, 22.52, 22.25, 22.28, 21.89, 22.78, 21.35, 22.96, 21.72, 21.53],
  tjk_61 = [5.79, 5.92, 5.75, 5.70, 5.82, 6.08, 5.72, 5.92, 5.68, 5.88, 5.79, 5.93, 5.86, 5.86, 5.76, 6.00, 5.62, 6.04, 5.72, 5.67],
  tjk_62 = [5.96, 6.09, 5.92, 5.87, 5.99, 6.26, 5.89, 6.10, 5.85, 6.06, 5.96, 6.10, 6.03, 6.04, 5.93, 6.18, 5.79, 6.22, 5.89, 5.84],
  tjk_63 = [6.09, 6.23, 6.05, 6.00, 6.12, 6.39, 6.02, 6.23, 5.98, 6.19, 6.10, 6.24, 6.16, 6.17, 6.06, 6.31, 5.91, 6.36, 6.02, 5.96],
  tjk_64 = [5.78, 5.91, 5.74, 5.69, 5.81, 6.06, 5.70, 5.91, 5.67, 5.87, 5.78, 5.92, 5.85, 5.85, 5.75, 5.98, 5.61, 6.03, 5.71, 5.65],
  tjk_65 = [5.78, 5.90, 5.74, 5.69, 5.80, 6.06, 5.70, 5.91, 5.67, 5.87, 5.78, 5.91, 5.84, 5.85, 5.75, 5.98, 5.61, 6.03, 5.71, 5.65],
  tjk_66 = [5.69, 5.81, 5.65, 5.60, 5.72, 5.97, 5.62, 5.82, 5.58, 5.78, 5.69, 5.82, 5.76, 5.76, 5.66, 5.89, 5.52, 5.94, 5.62, 5.57],
  tjk_67 = [5.71, 5.83, 5.67, 5.62, 5.74, 5.99, 5.63, 5.84, 5.60, 5.80, 5.71, 5.84, 5.77, 5.78, 5.68, 5.91, 5.54, 5.96, 5.64, 5.59],
  tjk_68 = [5.67, 5.79, 5.63, 5.58, 5.70, 5.95, 5.60, 5.80, 5.56, 5.76, 5.67, 5.80, 5.73, 5.74, 5.64, 5.87, 5.50, 5.92, 5.60, 5.55],
  tjk_69 = [6.12, 6.25, 6.07, 6.02, 6.15, 6.42, 6.04, 6.25, 6.00, 6.21, 6.12, 6.26, 6.19, 6.20, 6.09, 6.34, 5.94, 6.38, 6.04, 5.99],
  tjk_610 = [5.63, 5.75, 5.59, 5.54, 5.66, 5.90, 5.56, 5.75, 5.52, 5.72, 5.63, 5.76, 5.69, 5.70, 5.60, 5.83, 5.46, 5.87, 5.56, 5.51],
  tjk_71 = [1.01, 1.03, 1.00, 0.99, 1.01, 1.06, 1.00, 1.03, 0.99, 1.03, 1.01, 1.03, 1.02, 1.02, 1.00, 1.05, 0.98, 1.05, 1.00, 0.99],
  tjk_72 = [1.04, 1.06, 1.03, 1.02, 1.05, 1.09, 1.03, 1.06, 1.02, 1.06, 1.04, 1.06, 1.05, 1.05, 1.03, 1.08, 1.01, 1.09, 1.03, 1.02],
  tjk_73 = [1.06, 1.09, 1.06, 1.05, 1.07, 1.12, 1.05, 1.09, 1.04, 1.08, 1.06, 1.09, 1.08, 1.08, 1.06, 1.10, 1.03, 1.11, 1.05, 1.04],
  tjk_74 = [1.01, 1.03, 1.00, 0.99, 1.01, 1.06, 0.99, 1.03, 0.99, 1.02, 1.01, 1.03, 1.02, 1.02, 1.00, 1.04, 0.98, 1.05, 1.00, 0.99],
  tjk_75 = [1.01, 1.03, 1.00, 0.99, 1.01, 1.06, 0.99, 1.03, 0.99, 1.02, 1.01, 1.03, 1.02, 1.02, 1.00, 1.04, 0.98, 1.05, 1.00, 0.99],
  tjk_76 = [0.99, 1.01, 0.99, 0.98, 1.00, 1.04, 0.98, 1.01, 0.97, 1.01, 0.99, 1.02, 1.00, 1.01, 0.99, 1.03, 0.96, 1.04, 0.98, 0.97],
  tjk_77 = [1.00, 1.02, 0.99, 0.98, 1.00, 1.04, 0.98, 1.02, 0.98, 1.01, 1.00, 1.02, 1.01, 1.01, 0.99, 1.03, 0.97, 1.04, 0.98, 0.97],
  tjk_78 = [0.99, 1.01, 0.98, 0.97, 0.99, 1.04, 0.98, 1.01, 0.97, 1.00, 0.99, 1.01, 1.00, 1.00, 0.98, 1.02, 0.96, 1.03, 0.98, 0.97],
  tjk_79 = [1.07, 1.09, 1.06, 1.05, 1.07, 1.12, 1.05, 1.09, 1.05, 1.08, 1.07, 1.09, 1.08, 1.08, 1.06, 1.11, 1.04, 1.11, 1.05, 1.04],
  tjk_710 = [0.98, 1.00, 0.97, 0.97, 0.99, 1.03, 0.97, 1.00, 0.96, 1.00, 0.98, 1.01, 0.99, 0.99, 0.98, 1.02, 0.95, 1.02, 0.97, 0.96],
  tjk_81 = [3.06, 3.13, 3.04, 3.01, 3.07, 3.21, 3.02, 3.13, 3.00, 3.11, 3.06, 3.13, 3.09, 3.10, 3.04, 3.17, 2.97, 3.19, 3.02, 2.99],
  tjk_82 = [3.15, 3.22, 3.13, 3.10, 3.17, 3.30, 3.11, 3.22, 3.09, 3.20, 3.15, 3.22, 3.19, 3.19, 3.13, 3.26, 3.06, 3.29, 3.11, 3.08],
  tjk_83 = [3.22, 3.29, 3.20, 3.17, 3.23, 3.38, 3.18, 3.29, 3.16, 3.27, 3.22, 3.30, 3.26, 3.26, 3.20, 3.33, 3.12, 3.36, 3.18, 3.15],
  tjk_84 = [3.05, 3.12, 3.03, 3.00, 3.07, 3.20, 3.01, 3.12, 3.00, 3.10, 3.05, 3.12, 3.09, 3.09, 3.04, 3.16, 2.96, 3.19, 3.01, 2.99],
  tjk_85 = [3.05, 3.12, 3.03, 3.00, 3.07, 3.20, 3.01, 3.12, 2.99, 3.10, 3.05, 3.12, 3.09, 3.09, 3.04, 3.16, 2.96, 3.18, 3.01, 2.99],
  tjk_86 = [3.00, 3.07, 2.98, 2.96, 3.02, 3.15, 2.97, 3.07, 2.95, 3.05, 3.01, 3.08, 3.04, 3.04, 2.99, 3.11, 2.92, 3.14, 2.97, 2.94],
  tjk_87 = [3.01, 3.08, 2.99, 2.97, 3.03, 3.16, 2.98, 3.08, 2.96, 3.06, 3.02, 3.09, 3.05, 3.05, 3.00, 3.12, 2.93, 3.15, 2.98, 2.95],
  tjk_88 = [2.99, 3.06, 2.97, 2.95, 3.01, 3.14, 2.96, 3.06, 2.94, 3.04, 2.99, 3.07, 3.03, 3.03, 2.98, 3.10, 2.91, 3.12, 2.96, 2.93],
  tjk_89 = [3.23, 3.30, 3.21, 3.18, 3.25, 3.39, 3.19, 3.30, 3.17, 3.28, 3.23, 3.31, 3.27, 3.27, 3.21, 3.35, 3.14, 3.37, 3.19, 3.16],
  tjk_810 = [2.97, 3.04, 2.95, 2.93, 2.99, 3.12, 2.93, 3.04, 2.92, 3.02, 2.97, 3.04, 3.01, 3.01, 2.96, 3.08, 2.89, 3.10, 2.94, 2.91],
  tjk_91 = [18.06, 18.46, 17.94, 17.78, 18.15, 18.95, 17.83, 18.47, 17.73, 18.35, 18.07, 18.49, 18.27, 18.30, 17.97, 18.71, 17.53, 18.85, 17.84, 17.68],
  tjk_92 = [18.60, 19.01, 18.47, 18.31, 18.69, 19.52, 18.36, 19.02, 18.26, 18.89, 18.61, 19.04, 18.82, 18.84, 18.51, 19.27, 18.06, 19.41, 18.37, 18.21],
  tjk_93 = [19.01, 19.43, 18.88, 18.71, 19.10, 19.94, 18.77, 19.44, 18.66, 19.31, 19.01, 19.46, 19.23, 19.25, 18.91, 19.69, 18.45, 19.84, 18.77, 18.61],
  tjk_94 = [18.02, 18.42, 17.90, 17.74, 18.11, 18.91, 17.79, 18.43, 17.69, 18.31, 18.03, 18.45, 18.23, 18.26, 17.93, 18.67, 17.50, 18.81, 17.80, 17.64],
  tjk_95 = [18.02, 18.42, 17.89, 17.74, 18.11, 18.91, 17.79, 18.43, 17.69, 18.31, 18.03, 18.45, 18.23, 18.25, 17.93, 18.67, 17.49, 18.81, 17.80, 17.64],
  tjk_96 = [17.74, 18.14, 17.62, 17.47, 17.83, 18.62, 17.52, 18.15, 17.42, 18.03, 17.75, 18.17, 17.95, 17.98, 17.66, 18.38, 17.23, 18.52, 17.53, 17.37],
  tjk_97 = [17.80, 18.20, 17.68, 17.52, 17.89, 18.68, 17.58, 18.21, 17.47, 18.09, 17.81, 18.23, 18.01, 18.03, 17.72, 18.44, 17.28, 18.58, 17.58, 17.43],
  tjk_98 = [17.68, 18.07, 17.56, 17.40, 17.77, 18.55, 17.46, 18.08, 17.36, 17.96, 17.69, 18.10, 17.89, 17.91, 17.59, 18.32, 17.16, 18.46, 17.46, 17.31],
  tjk_99 = [19.08, 19.50, 18.95, 18.78, 19.17, 20.02, 18.84, 19.51, 18.73, 19.38, 19.09, 19.54, 19.30, 19.33, 18.99, 19.76, 18.52, 19.91, 18.84, 18.68],
  tjk_910 = [17.55, 17.94, 17.43, 17.28, 17.64, 18.42, 17.33, 17.95, 17.23, 17.83, 17.56, 17.98, 17.76, 17.78, 17.47, 18.19, 17.04, 18.32, 17.34, 17.18],
  tjk_101 = [17.65, 18.04, 17.52, 17.37, 17.74, 18.52, 17.42, 18.05, 17.32, 17.93, 17.65, 18.07, 17.86, 17.88, 17.56, 18.28, 17.13, 18.42, 17.43, 17.27],
  tjk_102 = [18.17, 18.58, 18.05, 17.89, 18.26, 19.07, 17.94, 18.58, 17.84, 18.46, 18.18, 18.61, 18.39, 18.41, 18.08, 18.83, 17.64, 18.97, 17.95, 17.79],
  tjk_103 = [18.57, 18.98, 18.44, 18.28, 18.67, 19.49, 18.34, 18.99, 18.23, 18.87, 18.58, 19.02, 18.79, 18.81, 18.48, 19.24, 18.03, 19.39, 18.34, 18.18],
  tjk_104 = [17.61, 18.00, 17.49, 17.33, 17.70, 18.48, 17.39, 18.01, 17.29, 17.89, 17.62, 18.03, 17.82, 17.84, 17.52, 18.24, 17.09, 18.38, 17.39, 17.24],
  tjk_105 = [17.60, 18.00, 17.48, 17.33, 17.69, 18.47, 17.38, 18.00, 17.28, 17.89, 17.61, 18.03, 17.81, 17.84, 17.52, 18.24, 17.09, 18.38, 17.39, 17.23],
  tjk_106 = [17.34, 17.72, 17.22, 17.07, 17.43, 18.19, 17.12, 17.73, 17.02, 17.61, 17.34, 17.75, 17.54, 17.56, 17.25, 17.96, 16.83, 18.10, 17.13, 16.97],
  tjk_107 = [17.39, 17.78, 17.27, 17.12, 17.48, 18.25, 17.17, 17.79, 17.07, 17.67, 17.40, 17.81, 17.60, 17.62, 17.31, 18.02, 16.89, 18.16, 17.18, 17.03],
  tjk_108 = [17.27, 17.66, 17.16, 17.01, 17.36, 18.13, 17.06, 17.67, 16.96, 17.55, 17.28, 17.69, 17.48, 17.50, 17.19, 17.90, 16.77, 18.03, 17.06, 16.91],
  tjk_109 = [18.64, 19.06, 18.51, 18.35, 18.74, 19.56, 18.41, 19.06, 18.30, 18.94, 18.65, 19.09, 18.86, 18.88, 18.55, 19.31, 18.10, 19.46, 18.41, 18.25],
  tjk_1010 = [17.15, 17.53, 17.03, 16.88, 17.24, 18.00, 16.94, 17.54, 16.84, 17.43, 17.16, 17.56, 17.35, 17.38, 17.07, 17.77, 16.65, 17.90, 16.94, 16.79],
  tjk_111 = [21.70, 22.19, 21.56, 21.37, 21.81, 22.78, 21.43, 22.20, 21.31, 22.05, 21.71, 22.23, 21.96, 21.99, 21.60, 22.49, 21.07, 22.66, 21.44, 21.25],
  tjk_112 = [22.35, 22.85, 22.20, 22.00, 22.46, 23.45, 22.07, 22.86, 21.94, 22.71, 22.36, 22.89, 22.62, 22.64, 22.24, 23.15, 21.70, 23.33, 22.08, 21.88],
  tjk_113 = [22.84, 23.35, 22.68, 22.49, 22.96, 23.97, 22.55, 23.36, 22.42, 23.21, 22.85, 23.39, 23.11, 23.14, 22.73, 23.66, 22.18, 23.84, 22.56, 22.36],
  tjk_114 = [21.66, 22.14, 21.51, 21.32, 21.77, 22.73, 21.38, 22.15, 21.26, 22.00, 21.67, 22.18, 21.91, 21.94, 21.55, 22.44, 21.03, 22.61, 21.39, 21.20],
  tjk_115 = [21.65, 22.14, 21.50, 21.32, 21.76, 22.72, 21.38, 22.15, 21.26, 22.00, 21.66, 22.17, 21.91, 21.94, 21.55, 22.43, 21.02, 22.60, 21.39, 21.20],
  tjk_116 = [21.32, 21.80, 21.18, 20.99, 21.43, 22.38, 21.06, 21.81, 20.93, 21.67, 21.33, 21.84, 21.58, 21.60, 21.22, 22.09, 20.70, 22.26, 21.06, 20.88],
  tjk_117 = [21.39, 21.87, 21.25, 21.06, 21.50, 22.45, 21.12, 21.88, 21.00, 21.74, 21.40, 21.91, 21.65, 21.67, 21.29, 22.16, 20.77, 22.33, 21.13, 20.94],
  tjk_118 = [21.25, 21.72, 21.10, 20.92, 21.36, 22.30, 20.98, 21.73, 20.86, 21.59, 21.26, 21.76, 21.50, 21.53, 21.15, 22.01, 20.63, 22.18, 20.99, 20.80],
  tjk_119 = [22.93, 23.44, 22.77, 22.57, 23.04, 24.06, 22.64, 23.45, 22.51, 23.29, 22.94, 23.48, 23.20, 23.23, 22.82, 23.75, 22.26, 23.93, 22.65, 22.44],
  tjk_1110 = [21.10, 21.57, 20.95, 20.77, 21.20, 22.14, 20.83, 21.57, 20.71, 21.43, 21.10, 21.60, 21.35, 21.37, 20.99, 21.86, 20.48, 22.02, 20.84, 20.65],
  tjk_121 = [2.81, 2.87, 2.79, 2.76, 2.82, 2.95, 2.77, 2.87, 2.76, 2.85, 2.81, 2.88, 2.84, 2.84, 2.79, 2.91, 2.73, 2.93, 2.77, 2.75],
  tjk_122 = [2.89, 2.96, 2.87, 2.85, 2.91, 3.03, 2.86, 2.96, 2.84, 2.94, 2.89, 2.96, 2.93, 2.93, 2.88, 3.00, 2.81, 3.02, 2.86, 2.83],
  tjk_123 = [2.96, 3.02, 2.93, 2.91, 2.97, 3.10, 2.92, 3.02, 2.90, 3.00, 2.96, 3.03, 2.99, 2.99, 2.94, 3.06, 2.87, 3.08, 2.92, 2.89],
  tjk_124 = [2.80, 2.86, 2.78, 2.76, 2.82, 2.94, 2.77, 2.87, 2.75, 2.85, 2.80, 2.87, 2.84, 2.84, 2.79, 2.90, 2.72, 2.92, 2.77, 2.74],
  tjk_125 = [2.80, 2.86, 2.78, 2.76, 2.82, 2.94, 2.77, 2.87, 2.75, 2.85, 2.80, 2.87, 2.83, 2.84, 2.79, 2.90, 2.72, 2.92, 2.77, 2.74],
  tjk_126 = [2.76, 2.82, 2.74, 2.72, 2.77, 2.90, 2.72, 2.82, 2.71, 2.80, 2.76, 2.83, 2.79, 2.79, 2.75, 2.86, 2.68, 2.88, 2.73, 2.70],
  tjk_127 = [2.77, 2.83, 2.75, 2.72, 2.78, 2.90, 2.73, 2.83, 2.72, 2.81, 2.77, 2.83, 2.80, 2.80, 2.75, 2.87, 2.69, 2.89, 2.73, 2.71],
  tjk_128 = [2.75, 2.81, 2.73, 2.71, 2.76, 2.88, 2.71, 2.81, 2.70, 2.79, 2.75, 2.81, 2.78, 2.78, 2.74, 2.85, 2.67, 2.87, 2.72, 2.69],
  tjk_129 = [2.97, 3.03, 2.95, 2.92, 2.98, 3.11, 2.93, 3.03, 2.91, 3.01, 2.97, 3.04, 3.00, 3.01, 2.95, 3.07, 2.88, 3.10, 2.93, 2.90],
  tjk_1210 = [2.73, 2.79, 2.71, 2.69, 2.74, 2.86, 2.69, 2.79, 2.68, 2.77, 2.73, 2.79, 2.76, 2.77, 2.72, 2.83, 2.65, 2.85, 2.70, 2.67],
  tjk_131 = [10.07, 10.29, 10.00, 9.91, 10.12, 10.57, 9.94, 10.30, 9.88, 10.23, 10.07, 10.31, 10.19, 10.20, 10.02, 10.43, 9.77, 10.51, 9.95, 9.86],
  tjk_132 = [10.37, 10.60, 10.30, 10.21, 10.42, 10.88, 10.24, 10.60, 10.18, 10.53, 10.37, 10.62, 10.49, 10.50, 10.32, 10.74, 10.07, 10.82, 10.24, 10.15],
  tjk_133 = [10.60, 10.83, 10.52, 10.43, 10.65, 11.12, 10.46, 10.84, 10.40, 10.77, 10.60, 10.85, 10.72, 10.73, 10.54, 10.98, 10.29, 11.06, 10.47, 10.37],
  tjk_134 = [10.05, 10.27, 9.98, 9.89, 10.10, 10.54, 9.92, 10.27, 9.86, 10.21, 10.05, 10.29, 10.17, 10.18, 10.00, 10.41, 9.75, 10.49, 9.92, 9.84],
  tjk_135 = [10.04, 10.27, 9.98, 9.89, 10.10, 10.54, 9.92, 10.27, 9.86, 10.21, 10.05, 10.29, 10.16, 10.18, 10.00, 10.41, 9.75, 10.49, 9.92, 9.83],
  tjk_136 = [9.89, 10.11, 9.82, 9.74, 9.94, 10.38, 9.77, 10.12, 9.71, 10.05, 9.90, 10.13, 10.01, 10.02, 9.84, 10.25, 9.60, 10.33, 9.77, 9.68],
  tjk_137 = [9.92, 10.15, 9.86, 9.77, 9.97, 10.41, 9.80, 10.15, 9.74, 10.08, 9.93, 10.16, 10.04, 10.05, 9.88, 10.28, 9.63, 10.36, 9.80, 9.72],
  tjk_138 = [9.86, 10.08, 9.79, 9.70, 9.91, 10.34, 9.73, 10.08, 9.68, 10.01, 9.86, 10.09, 9.97, 9.99, 9.81, 10.21, 9.57, 10.29, 9.74, 9.65],
  tjk_139 = [10.64, 10.87, 10.56, 10.47, 10.69, 11.16, 10.50, 10.88, 10.44, 10.81, 10.64, 10.89, 10.76, 10.78, 10.58, 11.02, 10.33, 11.10, 10.51, 10.41],
  tjk_1310 = [9.79, 10.00, 9.72, 9.63, 9.84, 10.27, 9.66, 10.01, 9.61, 9.94, 9.79, 10.02, 9.90, 9.91, 9.74, 10.14, 9.50, 10.22, 9.67, 9.58],
  tjk_141 = [22.47, 22.97, 22.32, 22.12, 22.59, 23.58, 22.19, 22.98, 22.06, 22.83, 22.48, 23.01, 22.74, 22.77, 22.37, 23.28, 21.82, 23.46, 22.20, 22.00],
  tjk_142 = [23.14, 23.66, 22.98, 22.78, 23.26, 24.29, 22.85, 23.67, 22.72, 23.51, 23.15, 23.70, 23.42, 23.45, 23.03, 23.98, 22.47, 24.16, 22.86, 22.66],
  tjk_143 = [23.65, 24.18, 23.49, 23.28, 23.77, 24.82, 23.35, 24.19, 23.22, 24.03, 23.66, 24.22, 23.93, 23.96, 23.54, 24.50, 22.96, 24.69, 23.36, 23.15],
  tjk_144 = [22.42, 22.92, 22.27, 22.08, 22.54, 23.53, 22.14, 22.93, 22.01, 22.78, 22.43, 22.96, 22.69, 22.72, 22.32, 23.23, 21.77, 23.41, 22.15, 21.95],
  tjk_145 = [22.42, 22.92, 22.27, 22.07, 22.54, 23.53, 22.14, 22.93, 22.01, 22.78, 22.43, 22.96, 22.69, 22.71, 22.31, 23.23, 21.77, 23.40, 22.15, 21.95],
  tjk_146 = [22.08, 22.57, 21.93, 21.74, 22.19, 23.17, 21.80, 22.58, 21.68, 22.43, 22.09, 22.61, 22.34, 22.37, 21.97, 22.87, 21.44, 23.05, 21.81, 21.62],
  tjk_147 = [22.15, 22.64, 22.00, 21.81, 22.26, 23.25, 21.87, 22.65, 21.75, 22.51, 22.16, 22.68, 22.41, 22.44, 22.04, 22.95, 21.51, 23.12, 21.88, 21.69],
  tjk_148 = [22.00, 22.49, 21.85, 21.66, 22.11, 23.09, 21.72, 22.50, 21.60, 22.35, 22.01, 22.53, 22.26, 22.29, 21.89, 22.79, 21.36, 22.97, 21.73, 21.54],
  tjk_149 = [23.74, 24.27, 23.58, 23.37, 23.86, 24.91, 23.44, 24.28, 23.30, 24.12, 23.75, 24.31, 24.02, 24.05, 23.63, 24.59, 23.05, 24.78, 23.45, 23.24],
  tjk_1410 = [21.84, 22.33, 21.69, 21.50, 21.95, 22.92, 21.57, 22.34, 21.44, 22.19, 21.85, 22.37, 22.10, 22.13, 21.74, 22.63, 21.21, 22.80, 21.58, 21.38],
  tjk_151 = [11.46, 11.72, 11.38, 11.28, 11.52, 12.03, 11.32, 11.72, 11.25, 11.65, 11.47, 11.74, 11.60, 11.61, 11.41, 11.88, 11.13, 11.97, 11.32, 11.22],
  tjk_152 = [11.80, 12.07, 11.72, 11.62, 11.86, 12.39, 11.66, 12.07, 11.59, 11.99, 11.81, 12.09, 11.94, 11.96, 11.75, 12.23, 11.46, 12.32, 11.66, 11.56],
  tjk_153 = [12.06, 12.33, 11.98, 11.88, 12.12, 12.66, 11.91, 12.34, 11.84, 12.26, 12.07, 12.35, 12.21, 12.22, 12.01, 12.50, 11.71, 12.59, 11.92, 11.81],
  tjk_154 = [11.44, 11.69, 11.36, 11.26, 11.50, 12.00, 11.29, 11.70, 11.23, 11.62, 11.44, 11.71, 11.57, 11.59, 11.38, 11.85, 11.10, 11.94, 11.30, 11.20],
  tjk_155 = [11.44, 11.69, 11.36, 11.26, 11.49, 12.00, 11.29, 11.70, 11.23, 11.62, 11.44, 11.71, 11.57, 11.59, 11.38, 11.85, 11.10, 11.94, 11.30, 11.20],
  tjk_156 = [11.26, 11.51, 11.18, 11.09, 11.32, 11.82, 11.12, 11.52, 11.06, 11.44, 11.27, 11.53, 11.40, 11.41, 11.21, 11.67, 10.93, 11.76, 11.12, 11.03],
  tjk_157 = [11.30, 11.55, 11.22, 11.12, 11.36, 11.86, 11.16, 11.56, 11.09, 11.48, 11.30, 11.57, 11.43, 11.45, 11.24, 11.71, 10.97, 11.79, 11.16, 11.06],
  tjk_158 = [11.22, 11.47, 11.14, 11.05, 11.28, 11.78, 11.08, 11.48, 11.02, 11.40, 11.23, 11.49, 11.35, 11.37, 11.17, 11.63, 10.89, 11.71, 11.08, 10.99],
  tjk_159 = [12.11, 12.38, 12.03, 11.92, 12.17, 12.71, 11.96, 12.38, 11.89, 12.30, 12.11, 12.40, 12.25, 12.27, 12.05, 12.54, 11.76, 12.64, 11.96, 11.85],
  tjk_1510 = [11.14, 11.39, 11.06, 10.97, 11.20, 11.69, 11.00, 11.39, 10.94, 11.32, 11.15, 11.41, 11.27, 11.29, 11.09, 11.54, 10.82, 11.63, 11.01, 10.91],
  tjk_161 = [6.71, 6.86, 6.67, 6.61, 6.75, 7.04, 6.63, 6.86, 6.59, 6.82, 6.72, 6.87, 6.79, 6.80, 6.68, 6.95, 6.52, 7.01, 6.63, 6.57],
  tjk_162 = [6.91, 7.07, 6.86, 6.80, 6.95, 7.25, 6.83, 7.07, 6.79, 7.02, 6.92, 7.08, 6.99, 7.00, 6.88, 7.16, 6.71, 7.22, 6.83, 6.77],
  tjk_163 = [7.06, 7.22, 7.02, 6.95, 7.10, 7.41, 6.97, 7.22, 6.93, 7.18, 7.07, 7.23, 7.15, 7.16, 7.03, 7.32, 6.86, 7.37, 6.98, 6.92],
  tjk_164 = [6.70, 6.85, 6.65, 6.59, 6.73, 7.03, 6.61, 6.85, 6.57, 6.80, 6.70, 6.86, 6.78, 6.79, 6.67, 6.94, 6.50, 6.99, 6.62, 6.56],
  tjk_165 = [6.70, 6.85, 6.65, 6.59, 6.73, 7.03, 6.61, 6.85, 6.57, 6.80, 6.70, 6.86, 6.78, 6.78, 6.66, 6.94, 6.50, 6.99, 6.61, 6.56],
  tjk_166 = [6.59, 6.74, 6.55, 6.49, 6.63, 6.92, 6.51, 6.74, 6.47, 6.70, 6.60, 6.75, 6.67, 6.68, 6.56, 6.83, 6.40, 6.88, 6.51, 6.46],
  tjk_167 = [6.62, 6.76, 6.57, 6.51, 6.65, 6.94, 6.53, 6.77, 6.49, 6.72, 6.62, 6.78, 6.69, 6.70, 6.58, 6.85, 6.42, 6.91, 6.54, 6.48],
  tjk_168 = [6.57, 6.72, 6.53, 6.47, 6.60, 6.90, 6.49, 6.72, 6.45, 6.68, 6.57, 6.73, 6.65, 6.66, 6.54, 6.81, 6.38, 6.86, 6.49, 6.43],
  tjk_169 = [7.09, 7.25, 7.04, 6.98, 7.13, 7.44, 7.00, 7.25, 6.96, 7.20, 7.09, 7.26, 7.17, 7.18, 7.06, 7.35, 6.88, 7.40, 7.00, 6.94],
  tjk_1610 = [6.52, 6.67, 6.48, 6.42, 6.56, 6.85, 6.44, 6.67, 6.40, 6.63, 6.53, 6.68, 6.60, 6.61, 6.49, 6.76, 6.33, 6.81, 6.44, 6.39],
  tjk_171 = [16.47, 16.84, 16.36, 16.22, 16.56, 17.29, 16.27, 16.85, 16.17, 16.74, 16.48, 16.87, 16.67, 16.69, 16.39, 17.07, 15.99, 17.20, 16.27, 16.13],
  tjk_172 = [16.96, 17.34, 16.85, 16.70, 17.05, 17.80, 16.75, 17.35, 16.65, 17.23, 16.97, 17.37, 17.16, 17.19, 16.88, 17.57, 16.47, 17.71, 16.76, 16.61],
  tjk_173 = [17.34, 17.72, 17.22, 17.07, 17.42, 18.19, 17.12, 17.73, 17.02, 17.61, 17.34, 17.75, 17.54, 17.56, 17.25, 17.96, 16.83, 18.10, 17.12, 16.97],
  tjk_174 = [16.44, 16.80, 16.32, 16.18, 16.52, 17.25, 16.23, 16.81, 16.14, 16.70, 16.44, 16.83, 16.63, 16.65, 16.36, 17.03, 15.96, 17.16, 16.24, 16.09],
  tjk_175 = [16.43, 16.80, 16.32, 16.18, 16.52, 17.25, 16.23, 16.81, 16.13, 16.70, 16.44, 16.83, 16.63, 16.65, 16.36, 17.03, 15.96, 17.16, 16.23, 16.09],
  tjk_176 = [16.18, 16.55, 16.07, 15.93, 16.27, 16.98, 15.98, 16.55, 15.89, 16.44, 16.19, 16.57, 16.38, 16.40, 16.11, 16.77, 15.71, 16.89, 15.99, 15.84],
  tjk_177 = [16.24, 16.60, 16.13, 15.98, 16.32, 17.04, 16.03, 16.61, 15.94, 16.50, 16.24, 16.63, 16.43, 16.45, 16.16, 16.82, 15.76, 16.95, 16.04, 15.89],
  tjk_178 = [16.13, 16.49, 16.02, 15.87, 16.21, 16.92, 15.92, 16.49, 15.83, 16.38, 16.13, 16.51, 16.32, 16.34, 16.05, 16.71, 15.66, 16.83, 15.93, 15.79],
  tjk_179 = [17.40, 17.79, 17.28, 17.13, 17.49, 18.26, 17.18, 17.80, 17.08, 17.68, 17.41, 17.82, 17.61, 17.63, 17.32, 18.03, 16.89, 18.16, 17.19, 17.03],
  tjk_1710 = [16.01, 16.37, 15.90, 15.76, 16.09, 16.80, 15.81, 16.37, 15.72, 16.27, 16.02, 16.40, 16.20, 16.22, 15.93, 16.59, 15.54, 16.71, 15.82, 15.67],
  tjk_181 = [7.98, 8.16, 7.93, 7.86, 8.02, 8.38, 7.88, 8.16, 7.84, 8.11, 7.99, 8.17, 8.08, 8.09, 7.94, 8.27, 7.75, 8.33, 7.88, 7.81],
  tjk_182 = [8.22, 8.40, 8.16, 8.09, 8.26, 8.63, 8.12, 8.41, 8.07, 8.35, 8.22, 8.42, 8.32, 8.33, 8.18, 8.52, 7.98, 8.58, 8.12, 8.05],
  tjk_183 = [8.40, 8.59, 8.34, 8.27, 8.44, 8.81, 8.29, 8.59, 8.25, 8.53, 8.40, 8.60, 8.50, 8.51, 8.36, 8.70, 8.15, 8.77, 8.30, 8.22],
  tjk_184 = [7.96, 8.14, 7.91, 7.84, 8.00, 8.36, 7.86, 8.15, 7.82, 8.09, 7.97, 8.16, 8.06, 8.07, 7.93, 8.25, 7.73, 8.31, 7.87, 7.80],
  tjk_185 = [7.96, 8.14, 7.91, 7.84, 8.00, 8.36, 7.86, 8.14, 7.82, 8.09, 7.97, 8.15, 8.06, 8.07, 7.92, 8.25, 7.73, 8.31, 7.87, 7.80],
  tjk_186 = [7.84, 8.02, 7.79, 7.72, 7.88, 8.23, 7.74, 8.02, 7.70, 7.97, 7.85, 8.03, 7.93, 7.94, 7.80, 8.12, 7.61, 8.19, 7.75, 7.68],
  tjk_187 = [7.87, 8.04, 7.81, 7.74, 7.91, 8.26, 7.77, 8.05, 7.72, 7.99, 7.87, 8.06, 7.96, 7.97, 7.83, 8.15, 7.64, 8.21, 7.77, 7.70],
  tjk_188 = [7.81, 7.99, 7.76, 7.69, 7.85, 8.20, 7.72, 7.99, 7.67, 7.94, 7.82, 8.00, 7.91, 7.92, 7.78, 8.09, 7.59, 8.16, 7.72, 7.65],
  tjk_189 = [8.43, 8.62, 8.37, 8.30, 8.47, 8.85, 8.33, 8.62, 8.28, 8.57, 8.44, 8.63, 8.53, 8.54, 8.39, 8.73, 8.19, 8.80, 8.33, 8.25],
  tjk_1810 = [7.76, 7.93, 7.70, 7.64, 7.80, 8.14, 7.66, 7.93, 7.62, 7.88, 7.76, 7.94, 7.85, 7.86, 7.72, 8.04, 7.53, 8.10, 7.66, 7.59],
  tjk_191 = [11.32, 11.57, 11.24, 11.14, 11.38, 11.88, 11.18, 11.58, 11.11, 11.50, 11.32, 11.59, 11.45, 11.47, 11.26, 11.73, 10.99, 11.81, 11.18, 11.08],
  tjk_192 = [11.66, 11.92, 11.58, 11.47, 11.71, 12.23, 11.51, 11.92, 11.44, 11.84, 11.66, 11.94, 11.79, 11.81, 11.60, 12.08, 11.32, 12.17, 11.51, 11.41],
  tjk_193 = [11.91, 12.18, 11.83, 11.73, 11.97, 12.50, 11.76, 12.18, 11.69, 12.10, 11.92, 12.20, 12.05, 12.07, 11.85, 12.34, 11.56, 12.43, 11.77, 11.66],
  tjk_194 = [11.29, 11.55, 11.22, 11.12, 11.35, 11.85, 11.15, 11.55, 11.09, 11.47, 11.30, 11.57, 11.43, 11.44, 11.24, 11.70, 10.96, 11.79, 11.16, 11.06],
  tjk_195 = [11.29, 11.54, 11.21, 11.12, 11.35, 11.85, 11.15, 11.55, 11.08, 11.47, 11.30, 11.56, 11.43, 11.44, 11.24, 11.70, 10.96, 11.79, 11.15, 11.05],
  tjk_196 = [11.12, 11.37, 11.04, 10.95, 11.18, 11.67, 10.98, 11.37, 10.92, 11.30, 11.13, 11.39, 11.25, 11.27, 11.07, 11.52, 10.80, 11.61, 10.98, 10.89],
  tjk_197 = [11.16, 11.40, 11.08, 10.98, 11.21, 11.71, 11.02, 11.41, 10.95, 11.33, 11.16, 11.42, 11.29, 11.30, 11.10, 11.56, 10.83, 11.65, 11.02, 10.92],
  tjk_198 = [11.08, 11.33, 11.00, 10.91, 11.14, 11.63, 10.94, 11.33, 10.88, 11.26, 11.09, 11.35, 11.21, 11.23, 11.03, 11.48, 10.76, 11.57, 10.95, 10.85],
  tjk_199 = [11.96, 12.22, 11.87, 11.77, 12.02, 12.55, 11.81, 12.23, 11.74, 12.15, 11.96, 12.24, 12.10, 12.11, 11.90, 12.39, 11.61, 12.48, 11.81, 11.70],
  tjk_1910 = [11.00, 11.25, 10.93, 10.83, 11.06, 11.54, 10.86, 11.25, 10.80, 11.18, 11.01, 11.27, 11.13, 11.15, 10.95, 11.40, 10.68, 11.48, 10.87, 10.77],
  tjk_201 = [1.03, 1.05, 1.02, 1.01, 1.03, 1.08, 1.02, 1.05, 1.01, 1.05, 1.03, 1.05, 1.04, 1.04, 1.02, 1.07, 1.00, 1.07, 1.02, 1.01],
  tjk_202 = [1.06, 1.08, 1.05, 1.04, 1.06, 1.11, 1.05, 1.08, 1.04, 1.08, 1.06, 1.09, 1.07, 1.07, 1.05, 1.10, 1.03, 1.11, 1.05, 1.04],
  tjk_203 = [1.08, 1.11, 1.08, 1.07, 1.09, 1.14, 1.07, 1.11, 1.06, 1.10, 1.08, 1.11, 1.10, 1.10, 1.08, 1.12, 1.05, 1.13, 1.07, 1.06],
  tjk_204 = [1.03, 1.05, 1.02, 1.01, 1.03, 1.08, 1.01, 1.05, 1.01, 1.04, 1.03, 1.05, 1.04, 1.04, 1.02, 1.06, 1.00, 1.07, 1.01, 1.01],
  tjk_205 = [1.03, 1.05, 1.02, 1.01, 1.03, 1.08, 1.01, 1.05, 1.01, 1.04, 1.03, 1.05, 1.04, 1.04, 1.02, 1.06, 1.00, 1.07, 1.01, 1.00],
  tjk_206 = [1.01, 1.03, 1.00, 1.00, 1.02, 1.06, 1.00, 1.03, 0.99, 1.03, 1.01, 1.04, 1.02, 1.02, 1.01, 1.05, 0.98, 1.06, 1.00, 0.99],
  tjk_207 = [1.01, 1.04, 1.01, 1.00, 1.02, 1.06, 1.00, 1.04, 1.00, 1.03, 1.01, 1.04, 1.03, 1.03, 1.01, 1.05, 0.98, 1.06, 1.00, 0.99],
  tjk_208 = [1.01, 1.03, 1.00, 0.99, 1.01, 1.06, 0.99, 1.03, 0.99, 1.02, 1.01, 1.03, 1.02, 1.02, 1.00, 1.04, 0.98, 1.05, 1.00, 0.99],
  tjk_209 = [1.09, 1.11, 1.08, 1.07, 1.09, 1.14, 1.07, 1.11, 1.07, 1.10, 1.09, 1.11, 1.10, 1.10, 1.08, 1.13, 1.06, 1.13, 1.07, 1.06],
  tjk_2010 = [1.00, 1.02, 0.99, 0.98, 1.01, 1.05, 0.99, 1.02, 0.98, 1.02, 1.00, 1.02, 1.01, 1.01, 1.00, 1.04, 0.97, 1.04, 0.99, 0.98],
]

Service Times (xi_{jk}^s) = [
  xi_11 = [6.14, 6.20, 5.84, 6.23, 5.75, 5.94, 6.19, 6.04, 5.90, 6.10, 5.94, 5.72, 6.29, 6.31, 6.09, 5.74, 6.05, 6.10, 6.29, 5.95],
  xi_12 = [6.53, 6.59, 6.21, 6.62, 6.11, 6.31, 6.58, 6.42, 6.28, 6.48, 6.31, 6.08, 6.69, 6.70, 6.47, 6.10, 6.43, 6.49, 6.69, 6.33],
  xi_13 = [6.32, 6.39, 6.01, 6.41, 5.92, 6.12, 6.37, 6.22, 6.08, 6.28, 6.11, 5.89, 6.48, 6.49, 6.27, 5.91, 6.23, 6.29, 6.48, 6.13],
  xi_14 = [6.25, 6.31, 5.94, 6.33, 5.85, 6.04, 6.30, 6.14, 6.01, 6.20, 6.04, 5.82, 6.40, 6.41, 6.19, 5.84, 6.15, 6.21, 6.40, 6.06],
  xi_15 = [6.19, 6.25, 5.88, 6.27, 5.79, 5.98, 6.23, 6.08, 5.95, 6.14, 5.98, 5.76, 6.34, 6.35, 6.13, 5.78, 6.09, 6.15, 6.34, 6.00],
  xi_16 = [6.37, 6.43, 6.05, 6.46, 5.96, 6.16, 6.42, 6.26, 6.12, 6.32, 6.15, 5.93, 6.52, 6.54, 6.31, 5.95, 6.27, 6.33, 6.53, 6.17],
  xi_17 = [6.73, 6.79, 6.40, 6.82, 6.29, 6.51, 6.78, 6.61, 6.47, 6.68, 6.50, 6.27, 6.89, 6.91, 6.67, 6.28, 6.63, 6.69, 6.89, 6.52],
  xi_18 = [6.13, 6.19, 5.82, 6.21, 5.73, 5.92, 6.17, 6.02, 5.89, 6.08, 5.92, 5.70, 6.28, 6.29, 6.07, 5.72, 6.03, 6.09, 6.28, 5.94],
  xi_19 = [6.54, 6.60, 6.22, 6.63, 6.12, 6.32, 6.59, 6.43, 6.29, 6.49, 6.32, 6.09, 6.70, 6.71, 6.48, 6.11, 6.44, 6.50, 6.70, 6.34],
  xi_110 = [6.68, 6.75, 6.35, 6.77, 6.25, 6.46, 6.73, 6.57, 6.42, 6.63, 6.46, 6.22, 6.84, 6.86, 6.62, 6.24, 6.58, 6.64, 6.84, 6.47],
  xi_21 = [11.37, 11.49, 10.81, 11.53, 10.64, 11.00, 11.46, 11.18, 10.93, 11.29, 10.99, 10.59, 11.65, 11.68, 11.28, 10.62, 11.20, 11.30, 11.65, 11.02],
  xi_22 = [12.09, 12.21, 11.49, 12.26, 11.31, 11.69, 12.18, 11.89, 11.62, 12.01, 11.69, 11.26, 12.39, 12.41, 11.99, 11.29, 11.91, 12.02, 12.39, 11.72],
  xi_23 = [11.71, 11.83, 11.13, 11.87, 10.96, 11.33, 11.80, 11.51, 11.26, 11.63, 11.32, 10.91, 12.00, 12.02, 11.61, 10.94, 11.54, 11.64, 12.00, 11.35],
  xi_24 = [11.57, 11.68, 11.00, 11.73, 10.82, 11.19, 11.66, 11.37, 11.12, 11.49, 11.18, 10.77, 11.86, 11.88, 11.47, 10.81, 11.40, 11.50, 11.86, 11.21],
  xi_25 = [11.46, 11.57, 10.89, 11.61, 10.72, 11.08, 11.54, 11.26, 11.01, 11.37, 11.07, 10.67, 11.74, 11.76, 11.36, 10.70, 11.29, 11.38, 11.74, 11.10],
  xi_26 = [11.79, 11.91, 11.21, 11.96, 11.03, 11.40, 11.88, 11.59, 11.34, 11.71, 11.40, 10.98, 12.08, 12.11, 11.69, 11.01, 11.62, 11.72, 12.08, 11.43],
  xi_27 = [12.46, 12.58, 11.84, 12.63, 11.66, 12.05, 12.56, 12.25, 11.98, 12.37, 12.04, 11.60, 12.77, 12.79, 12.35, 11.64, 12.27, 12.38, 12.77, 12.08],
  xi_28 = [11.35, 11.46, 10.78, 11.50, 10.61, 10.97, 11.43, 11.15, 10.90, 11.26, 10.96, 10.56, 11.62, 11.65, 11.25, 10.60, 11.18, 11.27, 11.62, 11.00],
  xi_29 = [12.11, 12.23, 11.51, 12.28, 11.33, 11.71, 12.20, 11.91, 11.64, 12.02, 11.71, 11.28, 12.41, 12.43, 12.01, 11.31, 11.93, 12.04, 12.41, 11.74],
  xi_210 = [12.37, 12.49, 11.76, 12.54, 11.57, 11.96, 12.47, 12.16, 11.89, 12.28, 11.96, 11.52, 12.68, 12.70, 12.26, 11.55, 12.19, 12.29, 12.68, 11.99],
  xi_31 = [23.91, 24.15, 22.73, 24.24, 22.37, 23.12, 24.10, 23.51, 22.98, 23.74, 23.11, 22.27, 24.50, 24.55, 23.71, 22.33, 23.56, 23.76, 24.50, 23.18],
  xi_32 = [25.42, 25.67, 24.16, 25.77, 23.78, 24.58, 25.62, 24.99, 24.44, 25.24, 24.57, 23.67, 26.05, 26.10, 25.20, 23.74, 25.04, 25.26, 26.05, 24.64],
  xi_33 = [24.62, 24.87, 23.40, 24.96, 23.04, 23.81, 24.81, 24.20, 23.67, 24.45, 23.80, 22.93, 25.23, 25.28, 24.41, 23.00, 24.26, 24.47, 25.23, 23.86],
  xi_34 = [24.33, 24.56, 23.12, 24.66, 22.76, 23.52, 24.51, 23.91, 23.38, 24.15, 23.51, 22.65, 24.92, 24.97, 24.12, 22.72, 23.96, 24.17, 24.92, 23.58],
  xi_35 = [24.08, 24.32, 22.89, 24.42, 22.53, 23.29, 24.27, 23.67, 23.15, 23.91, 23.28, 22.43, 24.68, 24.73, 23.88, 22.49, 23.73, 23.93, 24.68, 23.34],
  xi_36 = [24.79, 25.04, 23.57, 25.14, 23.20, 23.97, 24.98, 24.37, 23.83, 24.62, 23.96, 23.09, 25.40, 25.45, 24.58, 23.16, 24.42, 24.64, 25.40, 24.03],
  xi_37 = [26.20, 26.45, 24.90, 26.56, 24.51, 25.33, 26.40, 25.75, 25.18, 26.01, 25.32, 24.39, 26.84, 26.89, 25.97, 24.46, 25.80, 26.03, 26.84, 25.39],
  xi_38 = [23.85, 24.09, 22.67, 24.18, 22.31, 23.06, 24.03, 23.45, 22.93, 23.68, 23.05, 22.21, 24.44, 24.49, 23.64, 22.28, 23.50, 23.70, 24.44, 23.12],
  xi_39 = [25.46, 25.71, 24.20, 25.81, 23.82, 24.62, 25.66, 25.03, 24.47, 25.28, 24.61, 23.71, 26.09, 26.14, 25.24, 23.78, 25.08, 25.30, 26.09, 24.68],
  xi_310 = [26.01, 26.26, 24.72, 26.37, 24.33, 25.15, 26.21, 25.57, 25.00, 25.82, 25.14, 24.22, 26.65, 26.70, 25.78, 24.29, 25.62, 25.85, 26.65, 25.21],
  xi_41 = [4.14, 4.18, 3.93, 4.19, 3.87, 4.00, 4.17, 4.07, 3.98, 4.11, 4.00, 3.85, 4.24, 4.25, 4.10, 3.86, 4.08, 4.11, 4.24, 4.01],
  xi_42 = [4.40, 4.44, 4.18, 4.46, 4.11, 4.25, 4.43, 4.32, 4.23, 4.37, 4.25, 4.10, 4.51, 4.52, 4.36, 4.11, 4.33, 4.37, 4.51, 4.26],
  xi_43 = [4.26, 4.30, 4.05, 4.32, 3.99, 4.12, 4.29, 4.19, 4.09, 4.23, 4.12, 3.97, 4.36, 4.37, 4.22, 3.98, 4.20, 4.23, 4.36, 4.13],
  xi_44 = [4.21, 4.25, 4.00, 4.27, 3.94, 4.07, 4.24, 4.14, 4.05, 4.18, 4.07, 3.92, 4.31, 4.32, 4.17, 3.93, 4.15, 4.18, 4.31, 4.08],
  xi_45 = [4.17, 4.21, 3.96, 4.22, 3.90, 4.03, 4.20, 4.10, 4.01, 4.14, 4.03, 3.88, 4.27, 4.28, 4.13, 3.89, 4.10, 4.14, 4.27, 4.04],
  xi_46 = [4.29, 4.33, 4.08, 4.35, 4.01, 4.15, 4.32, 4.22, 4.12, 4.26, 4.15, 3.99, 4.40, 4.40, 4.25, 4.01, 4.23, 4.26, 4.40, 4.16],
  xi_47 = [4.53, 4.58, 4.31, 4.59, 4.24, 4.38, 4.57, 4.45, 4.36, 4.50, 4.38, 4.22, 4.64, 4.65, 4.49, 4.23, 4.46, 4.50, 4.64, 4.39],
  xi_48 = [4.13, 4.17, 3.92, 4.18, 3.86, 3.99, 4.16, 4.06, 3.97, 4.10, 3.99, 3.84, 4.23, 4.24, 4.09, 3.85, 4.06, 4.10, 4.23, 4.00],
  xi_49 = [4.41, 4.45, 4.19, 4.47, 4.12, 4.26, 4.44, 4.33, 4.23, 4.37, 4.26, 4.10, 4.51, 4.52, 4.37, 4.11, 4.34, 4.38, 4.51, 4.27],
  xi_410 = [4.50, 4.54, 4.28, 4.56, 4.21, 4.35, 4.53, 4.42, 4.32, 4.47, 4.35, 4.19, 4.61, 4.62, 4.46, 4.20, 4.43, 4.47, 4.61, 4.36],
  xi_51 = [0.10, 0.10, 0.10, 0.10, 0.10, 0.10, 0.10, 0.10, 0.10, 0.10, 0.10, 0.10, 0.10, 0.10, 0.10, 0.10, 0.10, 0.10, 0.10, 0.10],
  xi_52 = [0.10, 0.10, 0.10, 0.11, 0.10, 0.10, 0.10, 0.10, 0.10, 0.10, 0.10, 0.10, 0.11, 0.11, 0.10, 0.10, 0.10, 0.10, 0.11, 0.10],
  xi_53 = [0.10, 0.10, 0.10, 0.10, 0.10, 0.10, 0.10, 0.10, 0.10, 0.10, 0.10, 0.10, 0.10, 0.10, 0.10, 0.10, 0.10, 0.10, 0.10, 0.10],
  xi_54 = [0.10, 0.10, 0.10, 0.10, 0.10, 0.10, 0.10, 0.10, 0.10, 0.10, 0.10, 0.10, 0.10, 0.10, 0.10, 0.10, 0.10, 0.10, 0.10, 0.10],
  xi_55 = [0.10, 0.10, 0.10, 0.10, 0.10, 0.10, 0.10, 0.10, 0.10, 0.10, 0.10, 0.10, 0.10, 0.10, 0.10, 0.10, 0.10, 0.10, 0.10, 0.10],
  xi_56 = [0.10, 0.10, 0.10, 0.10, 0.10, 0.10, 0.10, 0.10, 0.10, 0.10, 0.10, 0.10, 0.10, 0.10, 0.10, 0.10, 0.10, 0.10, 0.10, 0.10],
  xi_57 = [0.11, 0.11, 0.10, 0.11, 0.10, 0.10, 0.11, 0.11, 0.10, 0.11, 0.10, 0.10, 0.11, 0.11, 0.11, 0.10, 0.11, 0.11, 0.11, 0.10],
  xi_58 = [0.10, 0.10, 0.10, 0.10, 0.10, 0.10, 0.10, 0.10, 0.10, 0.10, 0.10, 0.10, 0.10, 0.10, 0.10, 0.10, 0.10, 0.10, 0.10, 0.10],
  xi_59 = [0.10, 0.11, 0.10, 0.11, 0.10, 0.10, 0.10, 0.10, 0.10, 0.10, 0.10, 0.10, 0.11, 0.11, 0.10, 0.10, 0.10, 0.10, 0.11, 0.10],
  xi_510 = [0.11, 0.11, 0.10, 0.11, 0.10, 0.10, 0.11, 0.10, 0.10, 0.11, 0.10, 0.10, 0.11, 0.11, 0.11, 0.10, 0.10, 0.11, 0.11, 0.10],
  xi_61 = [0.10, 0.10, 0.10, 0.10, 0.10, 0.10, 0.10, 0.10, 0.10, 0.10, 0.10, 0.10, 0.10, 0.10, 0.10, 0.10, 0.10, 0.10, 0.10, 0.10],
  xi_62 = [0.10, 0.10, 0.10, 0.11, 0.10, 0.10, 0.10, 0.10, 0.10, 0.10, 0.10, 0.10, 0.11, 0.11, 0.10, 0.10, 0.10, 0.10, 0.11, 0.10],
  xi_63 = [0.10, 0.10, 0.10, 0.10, 0.10, 0.10, 0.10, 0.10, 0.10, 0.10, 0.10, 0.10, 0.10, 0.10, 0.10, 0.10, 0.10, 0.10, 0.10, 0.10],
  xi_64 = [0.10, 0.10, 0.10, 0.10, 0.10, 0.10, 0.10, 0.10, 0.10, 0.10, 0.10, 0.10, 0.10, 0.10, 0.10, 0.10, 0.10, 0.10, 0.10, 0.10],
  xi_65 = [0.10, 0.10, 0.10, 0.10, 0.10, 0.10, 0.10, 0.10, 0.10, 0.10, 0.10, 0.10, 0.10, 0.10, 0.10, 0.10, 0.10, 0.10, 0.10, 0.10],
  xi_66 = [0.10, 0.10, 0.10, 0.10, 0.10, 0.10, 0.10, 0.10, 0.10, 0.10, 0.10, 0.10, 0.10, 0.10, 0.10, 0.10, 0.10, 0.10, 0.10, 0.10],
  xi_67 = [0.11, 0.11, 0.10, 0.11, 0.10, 0.10, 0.11, 0.11, 0.10, 0.11, 0.10, 0.10, 0.11, 0.11, 0.11, 0.10, 0.11, 0.11, 0.11, 0.10],
  xi_68 = [0.10, 0.10, 0.10, 0.10, 0.10, 0.10, 0.10, 0.10, 0.10, 0.10, 0.10, 0.10, 0.10, 0.10, 0.10, 0.10, 0.10, 0.10, 0.10, 0.10],
  xi_69 = [0.10, 0.11, 0.10, 0.11, 0.10, 0.10, 0.10, 0.10, 0.10, 0.10, 0.10, 0.10, 0.11, 0.11, 0.10, 0.10, 0.10, 0.10, 0.11, 0.10],
  xi_610 = [0.11, 0.11, 0.10, 0.11, 0.10, 0.10, 0.11, 0.10, 0.10, 0.11, 0.10, 0.10, 0.11, 0.11, 0.11, 0.10, 0.10, 0.11, 0.11, 0.10],
  xi_71 = [24.38, 24.62, 23.17, 24.72, 22.81, 23.58, 24.57, 23.97, 23.44, 24.21, 23.57, 22.71, 24.98, 25.03, 24.17, 22.77, 24.02, 24.23, 24.98, 23.63],
  xi_72 = [25.92, 26.18, 24.64, 26.28, 24.25, 25.06, 26.12, 25.48, 24.91, 25.73, 25.05, 24.14, 26.56, 26.61, 25.70, 24.21, 25.53, 25.76, 26.56, 25.12],
  xi_73 = [25.11, 25.35, 23.86, 25.45, 23.49, 24.28, 25.30, 24.68, 24.13, 24.93, 24.27, 23.38, 25.72, 25.78, 24.89, 23.45, 24.73, 24.95, 25.73, 24.33],
  xi_74 = [24.80, 25.05, 23.57, 25.15, 23.20, 23.98, 24.99, 24.38, 23.84, 24.62, 23.97, 23.10, 25.41, 25.46, 24.59, 23.16, 24.43, 24.65, 25.41, 24.04],
  xi_75 = [24.56, 24.80, 23.34, 24.90, 22.97, 23.75, 24.74, 24.14, 23.60, 24.38, 23.73, 22.87, 25.16, 25.21, 24.34, 22.93, 24.19, 24.40, 25.16, 23.80],
  xi_76 = [25.28, 25.53, 24.03, 25.63, 23.65, 24.44, 25.47, 24.85, 24.30, 25.10, 24.43, 23.54, 25.90, 25.95, 25.06, 23.61, 24.90, 25.12, 25.90, 24.50],
  xi_77 = [26.71, 26.97, 25.39, 27.08, 24.99, 25.83, 26.91, 26.26, 25.67, 26.52, 25.81, 24.87, 27.37, 27.42, 26.48, 24.94, 26.31, 26.54, 27.37, 25.89],
  xi_78 = [24.32, 24.56, 23.11, 24.66, 22.75, 23.52, 24.51, 23.91, 23.38, 24.14, 23.50, 22.65, 24.92, 24.97, 24.11, 22.71, 23.96, 24.17, 24.92, 23.57],
  xi_79 = [25.96, 26.22, 24.68, 26.32, 24.29, 25.10, 26.16, 25.52, 24.95, 25.78, 25.09, 24.18, 26.60, 26.65, 25.74, 24.25, 25.57, 25.80, 26.60, 25.16],
  xi_710 = [26.52, 26.78, 25.21, 26.89, 24.81, 25.64, 26.72, 26.07, 25.49, 26.33, 25.63, 24.69, 27.17, 27.23, 26.29, 24.77, 26.12, 26.35, 27.17, 25.70],
  xi_81 = [13.94, 14.07, 13.25, 14.13, 13.04, 13.48, 14.04, 13.70, 13.40, 13.84, 13.47, 12.98, 14.28, 14.31, 13.82, 13.02, 13.73, 13.85, 14.28, 13.51],
  xi_82 = [14.82, 14.96, 14.08, 15.02, 13.86, 14.33, 14.93, 14.56, 14.24, 14.71, 14.32, 13.80, 15.18, 15.21, 14.69, 13.84, 14.60, 14.72, 15.18, 14.36],
  xi_83 = [14.35, 14.49, 13.64, 14.55, 13.43, 13.88, 14.46, 14.11, 13.79, 14.25, 13.87, 13.36, 14.70, 14.73, 14.23, 13.40, 14.14, 14.26, 14.70, 13.91],
  xi_84 = [14.18, 14.32, 13.48, 14.37, 13.26, 13.71, 14.29, 13.94, 13.63, 14.08, 13.70, 13.20, 14.53, 14.56, 14.05, 13.24, 13.97, 14.09, 14.53, 13.74],
  xi_85 = [14.04, 14.17, 13.34, 14.23, 13.13, 13.57, 14.14, 13.80, 13.49, 13.94, 13.57, 13.07, 14.38, 14.41, 13.92, 13.11, 13.83, 13.95, 14.38, 13.60],
  xi_86 = [14.45, 14.59, 13.73, 14.65, 13.52, 13.97, 14.56, 14.20, 13.89, 14.35, 13.97, 13.46, 14.81, 14.84, 14.33, 13.50, 14.23, 14.36, 14.81, 14.00],
  xi_87 = [15.27, 15.42, 14.51, 15.48, 14.28, 14.76, 15.38, 15.01, 14.67, 15.16, 14.76, 14.22, 15.64, 15.67, 15.14, 14.26, 15.04, 15.17, 15.64, 14.80],
  xi_88 = [13.90, 14.04, 13.21, 14.09, 13.00, 13.44, 14.01, 13.66, 13.36, 13.80, 13.44, 12.94, 14.24, 14.27, 13.78, 12.98, 13.69, 13.81, 14.24, 13.47],
  xi_89 = [14.84, 14.99, 14.10, 15.04, 13.88, 14.35, 14.95, 14.59, 14.26, 14.73, 14.34, 13.82, 15.21, 15.24, 14.71, 13.86, 14.62, 14.75, 15.21, 14.38],
  xi_810 = [15.16, 15.31, 14.41, 15.37, 14.18, 14.66, 15.27, 14.90, 14.57, 15.05, 14.65, 14.12, 15.53, 15.56, 15.03, 14.16, 14.93, 15.06, 15.53, 14.69],
  xi_91 = [10.42, 10.52, 9.90, 10.56, 9.74, 10.07, 10.50, 10.24, 10.01, 10.34, 10.07, 9.70, 10.67, 10.69, 10.33, 9.73, 10.26, 10.35, 10.67, 10.09],
  xi_92 = [11.07, 11.18, 10.52, 11.23, 10.36, 10.71, 11.16, 10.88, 10.64, 10.99, 10.70, 10.31, 11.35, 11.37, 10.98, 10.34, 10.91, 11.00, 11.35, 10.73],
  xi_93 = [10.73, 10.83, 10.19, 10.87, 10.03, 10.37, 10.81, 10.54, 10.31, 10.65, 10.37, 9.99, 10.99, 11.01, 10.63, 10.02, 10.57, 10.66, 10.99, 10.39],
  xi_94 = [10.60, 10.70, 10.07, 10.74, 9.91, 10.25, 10.68, 10.42, 10.18, 10.52, 10.24, 9.87, 10.86, 10.88, 10.50, 9.90, 10.44, 10.53, 10.86, 10.27],
  xi_95 = [10.49, 10.59, 9.97, 10.64, 9.81, 10.14, 10.57, 10.31, 10.08, 10.42, 10.14, 9.77, 10.75, 10.77, 10.40, 9.80, 10.33, 10.43, 10.75, 10.17],
  xi_96 = [10.80, 10.91, 10.26, 10.95, 10.10, 10.44, 10.88, 10.62, 10.38, 10.72, 10.44, 10.06, 11.07, 11.09, 10.71, 10.09, 10.64, 10.73, 11.07, 10.47],
  xi_97 = [11.41, 11.52, 10.85, 11.57, 10.67, 11.03, 11.50, 11.22, 10.97, 11.33, 11.03, 10.63, 11.69, 11.71, 11.31, 10.66, 11.24, 11.34, 11.69, 11.06],
  xi_98 = [10.39, 10.49, 9.87, 10.53, 9.72, 10.05, 10.47, 10.21, 9.99, 10.31, 10.04, 9.67, 10.64, 10.67, 10.30, 9.70, 10.23, 10.32, 10.64, 10.07],
  xi_99 = [11.09, 11.20, 10.54, 11.24, 10.38, 10.72, 11.18, 10.90, 10.66, 11.01, 10.72, 10.33, 11.36, 11.39, 10.99, 10.36, 10.93, 11.02, 11.36, 10.75],
  xi_910 = [11.33, 11.44, 10.77, 11.49, 10.60, 10.95, 11.42, 11.14, 10.89, 11.25, 10.95, 10.55, 11.61, 11.63, 11.23, 10.58, 11.16, 11.26, 11.61, 10.98],
  xi_101 = [3.72, 3.75, 3.53, 3.77, 3.48, 3.59, 3.74, 3.65, 3.57, 3.69, 3.59, 3.46, 3.81, 3.82, 3.68, 3.47, 3.66, 3.69, 3.81, 3.60],
  xi_102 = [3.95, 3.99, 3.76, 4.01, 3.70, 3.82, 3.98, 3.88, 3.80, 3.92, 3.82, 3.68, 4.05, 4.06, 3.92, 3.69, 3.89, 3.93, 4.05, 3.83],
  xi_103 = [3.83, 3.86, 3.64, 3.88, 3.58, 3.70, 3.86, 3.76, 3.68, 3.80, 3.70, 3.56, 3.92, 3.93, 3.79, 3.57, 3.77, 3.80, 3.92, 3.71],
  xi_104 = [3.78, 3.82, 3.59, 3.83, 3.54, 3.66, 3.81, 3.72, 3.63, 3.75, 3.65, 3.52, 3.87, 3.88, 3.75, 3.53, 3.72, 3.76, 3.87, 3.66],
  xi_105 = [3.74, 3.78, 3.56, 3.79, 3.50, 3.62, 3.77, 3.68, 3.60, 3.72, 3.62, 3.49, 3.84, 3.84, 3.71, 3.50, 3.69, 3.72, 3.84, 3.63],
  xi_106 = [3.85, 3.89, 3.66, 3.91, 3.60, 3.73, 3.88, 3.79, 3.70, 3.83, 3.72, 3.59, 3.95, 3.96, 3.82, 3.60, 3.80, 3.83, 3.95, 3.73],
  xi_107 = [4.07, 4.11, 3.87, 4.13, 3.81, 3.94, 4.10, 4.00, 3.91, 4.04, 3.93, 3.79, 4.17, 4.18, 4.04, 3.80, 4.01, 4.05, 4.17, 3.95],
  xi_108 = [3.71, 3.74, 3.52, 3.76, 3.47, 3.58, 3.74, 3.64, 3.56, 3.68, 3.58, 3.45, 3.80, 3.81, 3.67, 3.46, 3.65, 3.68, 3.80, 3.59],
  xi_109 = [3.96, 4.00, 3.76, 4.01, 3.70, 3.83, 3.99, 3.89, 3.80, 3.93, 3.82, 3.69, 4.05, 4.06, 3.92, 3.70, 3.90, 3.93, 4.05, 3.84],
  xi_1010 = [4.04, 4.08, 3.84, 4.10, 3.78, 3.91, 4.07, 3.97, 3.89, 4.01, 3.91, 3.76, 4.14, 4.15, 4.01, 3.78, 3.98, 4.02, 4.14, 3.92],
  xi_111 = [0.10, 0.10, 0.10, 0.10, 0.10, 0.10, 0.10, 0.10, 0.10, 0.10, 0.10, 0.10, 0.10, 0.10, 0.10, 0.10, 0.10, 0.10, 0.10, 0.10],
  xi_112 = [0.10, 0.10, 0.10, 0.11, 0.10, 0.10, 0.10, 0.10, 0.10, 0.10, 0.10, 0.10, 0.11, 0.11, 0.10, 0.10, 0.10, 0.10, 0.11, 0.10],
  xi_113 = [0.10, 0.10, 0.10, 0.10, 0.10, 0.10, 0.10, 0.10, 0.10, 0.10, 0.10, 0.10, 0.10, 0.10, 0.10, 0.10, 0.10, 0.10, 0.10, 0.10],
  xi_114 = [0.10, 0.10, 0.10, 0.10, 0.10, 0.10, 0.10, 0.10, 0.10, 0.10, 0.10, 0.10, 0.10, 0.10, 0.10, 0.10, 0.10, 0.10, 0.10, 0.10],
  xi_115 = [0.10, 0.10, 0.10, 0.10, 0.10, 0.10, 0.10, 0.10, 0.10, 0.10, 0.10, 0.10, 0.10, 0.10, 0.10, 0.10, 0.10, 0.10, 0.10, 0.10],
  xi_116 = [0.10, 0.10, 0.10, 0.10, 0.10, 0.10, 0.10, 0.10, 0.10, 0.10, 0.10, 0.10, 0.10, 0.10, 0.10, 0.10, 0.10, 0.10, 0.10, 0.10],
  xi_117 = [0.11, 0.11, 0.10, 0.11, 0.10, 0.10, 0.11, 0.11, 0.10, 0.11, 0.10, 0.10, 0.11, 0.11, 0.11, 0.10, 0.11, 0.11, 0.11, 0.10],
  xi_118 = [0.10, 0.10, 0.10, 0.10, 0.10, 0.10, 0.10, 0.10, 0.10, 0.10, 0.10, 0.10, 0.10, 0.10, 0.10, 0.10, 0.10, 0.10, 0.10, 0.10],
  xi_119 = [0.10, 0.11, 0.10, 0.11, 0.10, 0.10, 0.10, 0.10, 0.10, 0.10, 0.10, 0.10, 0.11, 0.11, 0.10, 0.10, 0.10, 0.10, 0.11, 0.10],
  xi_1110 = [0.11, 0.11, 0.10, 0.11, 0.10, 0.10, 0.11, 0.10, 0.10, 0.11, 0.10, 0.10, 0.11, 0.11, 0.11, 0.10, 0.10, 0.11, 0.11, 0.10],
  xi_121 = [4.23, 4.27, 4.02, 4.28, 3.95, 4.09, 4.26, 4.15, 4.06, 4.19, 4.08, 3.93, 4.33, 4.34, 4.19, 3.95, 4.16, 4.20, 4.33, 4.09],
  xi_122 = [4.49, 4.54, 4.27, 4.55, 4.20, 4.34, 4.53, 4.42, 4.32, 4.46, 4.34, 4.18, 4.60, 4.61, 4.45, 4.19, 4.42, 4.46, 4.60, 4.35],
  xi_123 = [4.35, 4.39, 4.14, 4.41, 4.07, 4.21, 4.38, 4.28, 4.18, 4.32, 4.20, 4.05, 4.46, 4.47, 4.31, 4.06, 4.29, 4.32, 4.46, 4.22],
  xi_124 = [4.30, 4.34, 4.09, 4.36, 4.02, 4.16, 4.33, 4.22, 4.13, 4.27, 4.15, 4.00, 4.40, 4.41, 4.26, 4.01, 4.23, 4.27, 4.40, 4.17],
  xi_125 = [4.26, 4.30, 4.04, 4.31, 3.98, 4.11, 4.29, 4.18, 4.09, 4.22, 4.11, 3.96, 4.36, 4.37, 4.22, 3.97, 4.19, 4.23, 4.36, 4.12],
  xi_126 = [4.38, 4.42, 4.16, 4.44, 4.10, 4.24, 4.41, 4.31, 4.21, 4.35, 4.23, 4.08, 4.49, 4.50, 4.34, 4.09, 4.32, 4.35, 4.49, 4.25],
  xi_127 = [4.63, 4.67, 4.40, 4.69, 4.33, 4.48, 4.66, 4.55, 4.45, 4.60, 4.47, 4.31, 4.74, 4.75, 4.59, 4.32, 4.56, 4.60, 4.74, 4.49],
  xi_128 = [4.21, 4.26, 4.01, 4.27, 3.94, 4.07, 4.25, 4.14, 4.05, 4.18, 4.07, 3.92, 4.32, 4.33, 4.18, 3.94, 4.15, 4.19, 4.32, 4.08],
  xi_129 = [4.50, 4.54, 4.28, 4.56, 4.21, 4.35, 4.53, 4.42, 4.32, 4.47, 4.35, 4.19, 4.61, 4.62, 4.46, 4.20, 4.43, 4.47, 4.61, 4.36],
  xi_1210 = [4.60, 4.64, 4.37, 4.66, 4.30, 4.44, 4.63, 4.52, 4.42, 4.56, 4.44, 4.28, 4.71, 4.72, 4.56, 4.29, 4.53, 4.57, 4.71, 4.45],
  xi_131 = [12.35, 12.47, 11.74, 12.52, 11.56, 11.94, 12.45, 12.14, 11.87, 12.26, 11.94, 11.50, 12.66, 12.68, 12.25, 11.54, 12.17, 12.28, 12.66, 11.97],
  xi_132 = [13.13, 13.26, 12.48, 13.31, 12.29, 12.70, 13.23, 12.91, 12.62, 13.04, 12.69, 12.23, 13.46, 13.48, 13.02, 12.26, 12.94, 13.05, 13.46, 12.73],
  xi_133 = [12.72, 12.84, 12.09, 12.90, 11.90, 12.30, 12.82, 12.50, 12.23, 12.63, 12.29, 11.84, 13.03, 13.06, 12.61, 11.88, 12.53, 12.64, 13.03, 12.33],
  xi_134 = [12.57, 12.69, 11.94, 12.74, 11.76, 12.15, 12.66, 12.35, 12.08, 12.48, 12.14, 11.70, 12.87, 12.90, 12.46, 11.74, 12.38, 12.49, 12.88, 12.18],
  xi_135 = [12.44, 12.56, 11.82, 12.61, 11.64, 12.03, 12.54, 12.23, 11.96, 12.35, 12.02, 11.59, 12.75, 12.77, 12.33, 11.62, 12.26, 12.36, 12.75, 12.06],
  xi_136 = [12.81, 12.93, 12.17, 12.98, 11.98, 12.38, 12.91, 12.59, 12.31, 12.72, 12.38, 11.93, 13.12, 13.15, 12.70, 11.96, 12.62, 12.73, 13.12, 12.41],
  xi_137 = [13.53, 13.66, 12.86, 13.72, 12.66, 13.08, 13.63, 13.30, 13.01, 13.43, 13.08, 12.60, 13.86, 13.89, 13.41, 12.64, 13.33, 13.45, 13.86, 13.11],
  xi_138 = [12.32, 12.44, 11.71, 12.49, 11.53, 11.91, 12.41, 12.11, 11.84, 12.23, 11.91, 11.47, 12.62, 12.65, 12.21, 11.51, 12.14, 12.24, 12.62, 11.94],
  xi_139 = [13.15, 13.28, 12.50, 13.33, 12.30, 12.72, 13.25, 12.93, 12.64, 13.06, 12.71, 12.25, 13.48, 13.50, 13.04, 12.28, 12.96, 13.07, 13.48, 12.75],
  xi_1310 = [13.43, 13.57, 12.77, 13.62, 12.57, 12.99, 13.54, 13.21, 12.91, 13.34, 12.98, 12.51, 13.77, 13.79, 13.32, 12.55, 13.23, 13.35, 13.77, 13.02],
  xi_141 = [6.19, 6.25, 5.88, 6.28, 5.79, 5.99, 6.24, 6.09, 5.95, 6.15, 5.98, 5.77, 6.34, 6.36, 6.14, 5.78, 6.10, 6.15, 6.34, 6.00],
  xi_142 = [6.58, 6.65, 6.26, 6.67, 6.16, 6.36, 6.63, 6.47, 6.33, 6.53, 6.36, 6.13, 6.74, 6.76, 6.52, 6.15, 6.48, 6.54, 6.74, 6.38],
  xi_143 = [6.37, 6.44, 6.06, 6.46, 5.96, 6.16, 6.42, 6.27, 6.13, 6.33, 6.16, 5.94, 6.53, 6.54, 6.32, 5.95, 6.28, 6.34, 6.53, 6.18],
  xi_144 = [6.30, 6.36, 5.99, 6.38, 5.89, 6.09, 6.35, 6.19, 6.05, 6.25, 6.09, 5.86, 6.45, 6.47, 6.24, 5.88, 6.20, 6.26, 6.45, 6.10],
  xi_145 = [6.24, 6.30, 5.93, 6.32, 5.83, 6.03, 6.28, 6.13, 5.99, 6.19, 6.03, 5.81, 6.39, 6.40, 6.18, 5.82, 6.14, 6.20, 6.39, 6.04],
  xi_146 = [6.42, 6.48, 6.10, 6.51, 6.01, 6.21, 6.47, 6.31, 6.17, 6.37, 6.20, 5.98, 6.58, 6.59, 6.36, 5.99, 6.32, 6.38, 6.58, 6.22],
  xi_147 = [6.78, 6.85, 6.45, 6.88, 6.34, 6.56, 6.83, 6.67, 6.52, 6.73, 6.55, 6.32, 6.95, 6.96, 6.72, 6.33, 6.68, 6.74, 6.95, 6.57],
  xi_148 = [6.17, 6.24, 5.87, 6.26, 5.78, 5.97, 6.22, 6.07, 5.94, 6.13, 5.97, 5.75, 6.33, 6.34, 6.12, 5.77, 6.08, 6.14, 6.33, 5.98],
  xi_149 = [6.59, 6.66, 6.27, 6.68, 6.17, 6.37, 6.64, 6.48, 6.34, 6.54, 6.37, 6.14, 6.75, 6.77, 6.53, 6.16, 6.49, 6.55, 6.75, 6.39],
  xi_1410 = [6.73, 6.80, 6.40, 6.83, 6.30, 6.51, 6.78, 6.62, 6.47, 6.68, 6.51, 6.27, 6.90, 6.91, 6.68, 6.29, 6.63, 6.69, 6.90, 6.53],
  xi_151 = [6.39, 6.45, 6.07, 6.47, 5.97, 6.18, 6.44, 6.28, 6.14, 6.34, 6.17, 5.95, 6.54, 6.56, 6.33, 5.96, 6.29, 6.35, 6.54, 6.19],
  xi_152 = [6.79, 6.86, 6.45, 6.88, 6.35, 6.57, 6.84, 6.67, 6.53, 6.74, 6.56, 6.32, 6.96, 6.97, 6.73, 6.34, 6.69, 6.75, 6.96, 6.58],
  xi_153 = [6.58, 6.64, 6.25, 6.67, 6.15, 6.36, 6.63, 6.46, 6.32, 6.53, 6.36, 6.12, 6.74, 6.75, 6.52, 6.14, 6.48, 6.54, 6.74, 6.37],
  xi_154 = [6.50, 6.56, 6.17, 6.59, 6.08, 6.28, 6.55, 6.39, 6.24, 6.45, 6.28, 6.05, 6.66, 6.67, 6.44, 6.07, 6.40, 6.46, 6.66, 6.30],
  xi_155 = [6.43, 6.50, 6.11, 6.52, 6.02, 6.22, 6.48, 6.32, 6.18, 6.39, 6.22, 5.99, 6.59, 6.60, 6.38, 6.01, 6.34, 6.39, 6.59, 6.23],
  xi_156 = [6.62, 6.69, 6.29, 6.71, 6.19, 6.40, 6.67, 6.51, 6.36, 6.57, 6.40, 6.17, 6.78, 6.80, 6.56, 6.18, 6.52, 6.58, 6.78, 6.42],
  xi_157 = [7.00, 7.06, 6.65, 7.09, 6.55, 6.76, 7.05, 6.88, 6.72, 6.95, 6.76, 6.51, 7.17, 7.18, 6.94, 6.53, 6.89, 6.95, 7.17, 6.78],
  xi_158 = [6.37, 6.43, 6.05, 6.46, 5.96, 6.16, 6.42, 6.26, 6.12, 6.32, 6.16, 5.93, 6.53, 6.54, 6.31, 5.95, 6.28, 6.33, 6.53, 6.17],
  xi_159 = [6.80, 6.87, 6.46, 6.89, 6.36, 6.58, 6.85, 6.68, 6.54, 6.75, 6.57, 6.33, 6.97, 6.98, 6.74, 6.35, 6.70, 6.76, 6.97, 6.59],
  xi_1510 = [6.95, 7.01, 6.60, 7.04, 6.50, 6.72, 7.00, 6.83, 6.68, 6.90, 6.71, 6.47, 7.12, 7.13, 6.89, 6.49, 6.84, 6.90, 7.12, 6.73],
  xi_161 = [7.24, 7.31, 6.88, 7.34, 6.77, 7.00, 7.29, 7.11, 6.96, 7.19, 6.99, 6.74, 7.42, 7.43, 7.17, 6.76, 7.13, 7.19, 7.42, 7.01],
  xi_162 = [7.69, 7.77, 7.31, 7.80, 7.20, 7.44, 7.75, 7.56, 7.40, 7.64, 7.44, 7.16, 7.88, 7.90, 7.63, 7.19, 7.58, 7.65, 7.88, 7.46],
  xi_163 = [7.45, 7.53, 7.08, 7.56, 6.97, 7.21, 7.51, 7.33, 7.16, 7.40, 7.20, 6.94, 7.64, 7.65, 7.39, 6.96, 7.34, 7.41, 7.64, 7.22],
  xi_164 = [7.36, 7.43, 7.00, 7.46, 6.89, 7.12, 7.42, 7.24, 7.08, 7.31, 7.12, 6.86, 7.54, 7.56, 7.30, 6.88, 7.25, 7.32, 7.54, 7.14],
  xi_165 = [7.29, 7.36, 6.93, 7.39, 6.82, 7.05, 7.35, 7.17, 7.01, 7.24, 7.05, 6.79, 7.47, 7.48, 7.23, 6.81, 7.18, 7.24, 7.47, 7.06],
  xi_166 = [7.50, 7.58, 7.13, 7.61, 7.02, 7.26, 7.56, 7.38, 7.21, 7.45, 7.25, 6.99, 7.69, 7.70, 7.44, 7.01, 7.39, 7.46, 7.69, 7.27],
  xi_167 = [7.93, 8.01, 7.54, 8.04, 7.42, 7.67, 7.99, 7.79, 7.62, 7.87, 7.66, 7.38, 8.12, 8.14, 7.86, 7.40, 7.81, 7.88, 8.12, 7.68],
  xi_168 = [7.22, 7.29, 6.86, 7.32, 6.75, 6.98, 7.27, 7.10, 6.94, 7.17, 6.98, 6.72, 7.40, 7.41, 7.16, 6.74, 7.11, 7.17, 7.40, 7.00],
  xi_169 = [7.71, 7.78, 7.32, 7.81, 7.21, 7.45, 7.77, 7.58, 7.41, 7.65, 7.45, 7.18, 7.90, 7.91, 7.64, 7.20, 7.59, 7.66, 7.90, 7.47],
  xi_1610 = [7.87, 7.95, 7.48, 7.98, 7.36, 7.61, 7.93, 7.74, 7.57, 7.81, 7.61, 7.33, 8.07, 8.08, 7.80, 7.35, 7.75, 7.82, 8.07, 7.63],
  xi_171 = [8.92, 9.01, 8.48, 9.04, 8.34, 8.62, 8.99, 8.77, 8.57, 8.86, 8.62, 8.31, 9.14, 9.16, 8.84, 8.33, 8.79, 8.86, 9.14, 8.64],
  xi_172 = [9.48, 9.58, 9.01, 9.61, 8.87, 9.17, 9.55, 9.32, 9.11, 9.41, 9.16, 8.83, 9.72, 9.74, 9.40, 8.86, 9.34, 9.42, 9.72, 9.19],
  xi_173 = [9.18, 9.27, 8.73, 9.31, 8.59, 8.88, 9.25, 9.03, 8.83, 9.12, 8.88, 8.55, 9.41, 9.43, 9.11, 8.58, 9.05, 9.13, 9.41, 8.90],
  xi_174 = [9.07, 9.16, 8.62, 9.20, 8.49, 8.77, 9.14, 8.92, 8.72, 9.01, 8.77, 8.45, 9.30, 9.32, 9.00, 8.47, 8.94, 9.02, 9.30, 8.79],
  xi_175 = [8.98, 9.07, 8.54, 9.11, 8.40, 8.69, 9.05, 8.83, 8.63, 8.92, 8.68, 8.37, 9.20, 9.22, 8.91, 8.39, 8.85, 8.93, 9.20, 8.71],
  xi_176 = [9.25, 9.34, 8.79, 9.38, 8.65, 8.94, 9.32, 9.09, 8.89, 9.18, 8.94, 8.61, 9.48, 9.49, 9.17, 8.64, 9.11, 9.19, 9.48, 8.96],
  xi_177 = [9.77, 9.87, 9.29, 9.91, 9.14, 9.45, 9.85, 9.60, 9.39, 9.70, 9.44, 9.10, 10.01, 10.03, 9.69, 9.13, 9.63, 9.71, 10.01, 9.47],
  xi_178 = [8.90, 8.98, 8.46, 9.02, 8.32, 8.60, 8.96, 8.75, 8.55, 8.83, 8.60, 8.28, 9.12, 9.13, 8.82, 8.31, 8.76, 8.84, 9.12, 8.62],
  xi_179 = [9.50, 9.59, 9.03, 9.63, 8.89, 9.18, 9.57, 9.34, 9.13, 9.43, 9.18, 8.84, 9.73, 9.75, 9.42, 8.87, 9.36, 9.44, 9.73, 9.20],
  xi_1710 = [9.70, 9.80, 9.22, 9.84, 9.08, 9.38, 9.78, 9.54, 9.32, 9.63, 9.38, 9.03, 9.94, 9.96, 9.62, 9.06, 9.56, 9.64, 9.94, 9.40],
  xi_181 = [6.78, 6.84, 6.44, 6.87, 6.34, 6.55, 6.83, 6.66, 6.51, 6.73, 6.55, 6.31, 6.94, 6.96, 6.72, 6.33, 6.68, 6.74, 6.94, 6.57],
  xi_182 = [7.21, 7.28, 6.85, 7.31, 6.74, 6.97, 7.26, 7.08, 6.93, 7.15, 6.96, 6.71, 7.38, 7.40, 7.14, 6.73, 7.10, 7.16, 7.38, 6.98],
  xi_183 = [6.98, 7.05, 6.63, 7.08, 6.53, 6.75, 7.03, 6.86, 6.71, 6.93, 6.75, 6.50, 7.15, 7.17, 6.92, 6.52, 6.88, 6.94, 7.15, 6.76],
  xi_184 = [6.89, 6.96, 6.55, 6.99, 6.45, 6.67, 6.95, 6.78, 6.63, 6.85, 6.66, 6.42, 7.06, 7.08, 6.84, 6.44, 6.79, 6.85, 7.06, 6.68],
  xi_185 = [6.83, 6.89, 6.49, 6.92, 6.39, 6.60, 6.88, 6.71, 6.56, 6.78, 6.60, 6.36, 6.99, 7.01, 6.77, 6.38, 6.72, 6.78, 6.99, 6.62],
  xi_186 = [7.03, 7.10, 6.68, 7.12, 6.57, 6.80, 7.08, 6.91, 6.75, 6.98, 6.79, 6.54, 7.20, 7.21, 6.97, 6.56, 6.92, 6.98, 7.20, 6.81],
  xi_187 = [7.42, 7.50, 7.06, 7.53, 6.95, 7.18, 7.48, 7.30, 7.14, 7.37, 7.18, 6.91, 7.61, 7.62, 7.36, 6.93, 7.31, 7.38, 7.61, 7.20],
  xi_188 = [6.76, 6.83, 6.43, 6.85, 6.32, 6.54, 6.81, 6.65, 6.50, 6.71, 6.53, 6.30, 6.93, 6.94, 6.70, 6.31, 6.66, 6.72, 6.93, 6.55],
  xi_189 = [7.22, 7.29, 6.86, 7.32, 6.75, 6.98, 7.27, 7.09, 6.94, 7.16, 6.98, 6.72, 7.39, 7.41, 7.15, 6.74, 7.11, 7.17, 7.39, 6.99],
  xi_1810 = [7.37, 7.44, 7.01, 7.47, 6.90, 7.13, 7.43, 7.25, 7.09, 7.32, 7.12, 6.86, 7.55, 7.57, 7.31, 6.88, 7.26, 7.33, 7.55, 7.14],
  xi_191 = [4.09, 4.13, 3.89, 4.14, 3.82, 3.95, 4.12, 4.02, 3.93, 4.06, 3.95, 3.81, 4.19, 4.20, 4.05, 3.82, 4.03, 4.06, 4.19, 3.96],
  xi_192 = [4.35, 4.39, 4.13, 4.41, 4.07, 4.20, 4.38, 4.27, 4.18, 4.31, 4.20, 4.05, 4.45, 4.46, 4.31, 4.06, 4.28, 4.32, 4.45, 4.21],
  xi_193 = [4.21, 4.25, 4.00, 4.27, 3.94, 4.07, 4.24, 4.14, 4.05, 4.18, 4.07, 3.92, 4.31, 4.32, 4.17, 3.93, 4.15, 4.18, 4.31, 4.08],
  xi_194 = [4.16, 4.20, 3.95, 4.22, 3.89, 4.02, 4.19, 4.09, 4.00, 4.13, 4.02, 3.87, 4.26, 4.27, 4.12, 3.88, 4.10, 4.13, 4.26, 4.03],
  xi_195 = [4.12, 4.16, 3.91, 4.17, 3.85, 3.98, 4.15, 4.05, 3.96, 4.09, 3.98, 3.83, 4.22, 4.23, 4.08, 3.85, 4.06, 4.09, 4.22, 3.99],
  xi_196 = [4.24, 4.28, 4.03, 4.30, 3.97, 4.10, 4.27, 4.17, 4.07, 4.21, 4.10, 3.95, 4.34, 4.35, 4.20, 3.96, 4.18, 4.21, 4.34, 4.11],
  xi_197 = [4.48, 4.52, 4.26, 4.54, 4.19, 4.33, 4.51, 4.40, 4.30, 4.45, 4.33, 4.17, 4.59, 4.60, 4.44, 4.18, 4.41, 4.45, 4.59, 4.34],
  xi_198 = [4.08, 4.12, 3.88, 4.13, 3.81, 3.94, 4.11, 4.01, 3.92, 4.05, 3.94, 3.80, 4.18, 4.19, 4.04, 3.81, 4.02, 4.05, 4.18, 3.95],
  xi_199 = [4.35, 4.40, 4.14, 4.41, 4.07, 4.21, 4.39, 4.28, 4.18, 4.32, 4.21, 4.05, 4.46, 4.47, 4.32, 4.07, 4.29, 4.33, 4.46, 4.22],
  xi_1910 = [4.45, 4.49, 4.23, 4.51, 4.16, 4.30, 4.48, 4.37, 4.27, 4.41, 4.30, 4.14, 4.56, 4.56, 4.41, 4.15, 4.38, 4.42, 4.56, 4.31],
  xi_201 = [2.18, 2.20, 2.07, 2.21, 2.04, 2.11, 2.20, 2.14, 2.10, 2.17, 2.11, 2.03, 2.23, 2.24, 2.16, 2.04, 2.15, 2.17, 2.23, 2.11],
  xi_202 = [2.32, 2.34, 2.20, 2.35, 2.17, 2.24, 2.34, 2.28, 2.23, 2.30, 2.24, 2.16, 2.38, 2.38, 2.30, 2.17, 2.28, 2.30, 2.38, 2.25],
  xi_203 = [2.25, 2.27, 2.13, 2.28, 2.10, 2.17, 2.26, 2.21, 2.16, 2.23, 2.17, 2.09, 2.30, 2.31, 2.23, 2.10, 2.21, 2.23, 2.30, 2.18],
  xi_204 = [2.22, 2.24, 2.11, 2.25, 2.08, 2.15, 2.24, 2.18, 2.13, 2.20, 2.14, 2.07, 2.27, 2.28, 2.20, 2.07, 2.19, 2.20, 2.27, 2.15],
  xi_205 = [2.20, 2.22, 2.09, 2.23, 2.06, 2.12, 2.21, 2.16, 2.11, 2.18, 2.12, 2.05, 2.25, 2.26, 2.18, 2.05, 2.16, 2.18, 2.25, 2.13],
  xi_206 = [2.26, 2.28, 2.15, 2.29, 2.12, 2.19, 2.28, 2.22, 2.17, 2.25, 2.19, 2.11, 2.32, 2.32, 2.24, 2.11, 2.23, 2.25, 2.32, 2.19],
  xi_207 = [2.39, 2.41, 2.27, 2.42, 2.24, 2.31, 2.41, 2.35, 2.30, 2.37, 2.31, 2.22, 2.45, 2.45, 2.37, 2.23, 2.35, 2.37, 2.45, 2.32],
  xi_208 = [2.18, 2.20, 2.07, 2.21, 2.04, 2.10, 2.19, 2.14, 2.09, 2.16, 2.10, 2.03, 2.23, 2.23, 2.16, 2.03, 2.14, 2.16, 2.23, 2.11],
  xi_209 = [2.32, 2.35, 2.21, 2.35, 2.17, 2.25, 2.34, 2.28, 2.23, 2.31, 2.24, 2.16, 2.38, 2.38, 2.30, 2.17, 2.29, 2.31, 2.38, 2.25],
  xi_2010 = [2.37, 2.40, 2.25, 2.40, 2.22, 2.29, 2.39, 2.33, 2.28, 2.36, 2.29, 2.21, 2.43, 2.44, 2.35, 2.22, 2.34, 2.36, 2.43, 2.30],
]

Transportation Costs (cjk) = [
  [15.75, 13.98, 15.21, 14.07, 13.21, 13.35, 14.55, 14.72, 13.46, 13.18],
  [13.18, 11.70, 12.73, 11.77, 11.06, 11.17, 12.18, 12.32, 11.27, 11.03],
  [14.48, 12.86, 13.99, 12.94, 12.15, 12.28, 13.39, 13.54, 12.39, 12.12],
  [7.12, 6.32, 6.88, 6.36, 5.97, 6.04, 6.58, 6.66, 6.09, 5.96],
  [14.17, 12.58, 13.68, 12.66, 11.89, 12.01, 13.09, 13.25, 12.11, 11.86],
  [7.02, 6.24, 6.79, 6.28, 5.89, 5.96, 6.49, 6.57, 6.01, 5.88],
  [14.66, 13.02, 14.16, 13.10, 12.30, 12.43, 13.55, 13.71, 12.54, 12.28],
  [5.84, 5.19, 5.64, 5.22, 4.90, 4.95, 5.40, 5.46, 4.99, 4.89],
  [13.84, 12.29, 13.37, 12.37, 11.62, 11.74, 12.79, 12.95, 11.84, 11.59],
  [8.55, 7.60, 8.26, 7.64, 7.18, 7.25, 7.90, 8.00, 7.31, 7.16],
  [12.66, 11.24, 12.22, 11.31, 10.62, 10.73, 11.70, 11.83, 10.82, 10.59],
  [13.02, 11.56, 12.57, 11.63, 10.92, 11.04, 12.03, 12.17, 11.13, 10.90],
  [7.05, 6.26, 6.81, 6.30, 5.92, 5.98, 6.52, 6.59, 6.03, 5.90],
  [11.21, 9.96, 10.83, 10.02, 9.41, 9.51, 10.36, 10.48, 9.59, 9.39],
  [9.01, 8.00, 8.70, 8.05, 7.56, 7.64, 8.33, 8.43, 7.71, 7.54],
  [10.91, 9.69, 10.54, 9.75, 9.15, 9.25, 10.08, 10.20, 9.33, 9.13],
  [5.87, 5.21, 5.67, 5.24, 4.92, 4.98, 5.42, 5.49, 5.02, 4.91],
  [7.97, 7.08, 7.70, 7.12, 6.69, 6.76, 7.36, 7.45, 6.81, 6.67],
  [7.98, 7.08, 7.70, 7.13, 6.69, 6.76, 7.37, 7.46, 6.82, 6.68],
  [10.70, 9.50, 10.33, 9.56, 8.98, 9.07, 9.89, 10.00, 9.15, 8.96],
]

Mean Service Times (mu_{jk}) = [
  mu_11 = [6.04],
  mu_12 = [6.42],
  mu_13 = [6.22],
  mu_14 = [6.14],
  mu_15 = [6.08],
  mu_16 = [6.26],
  mu_17 = [6.62],
  mu_18 = [6.02],
  mu_19 = [6.43],
  mu_110 = [6.57],
  mu_21 = [11.19],
  mu_22 = [11.89],
  mu_23 = [11.52],
  mu_24 = [11.38],
  mu_25 = [11.27],
  mu_26 = [11.60],
  mu_27 = [12.25],
  mu_28 = [11.16],
  mu_29 = [11.91],
  mu_210 = [12.17],
  mu_31 = [23.52],
  mu_32 = [25.00],
  mu_33 = [24.21],
  mu_34 = [23.92],
  mu_35 = [23.68],
  mu_36 = [24.38],
  mu_37 = [25.76],
  mu_38 = [23.46],
  mu_39 = [25.04],
  mu_310 = [25.58],
  mu_41 = [4.07],
  mu_42 = [4.33],
  mu_43 = [4.19],
  mu_44 = [4.14],
  mu_45 = [4.10],
  mu_46 = [4.22],
  mu_47 = [4.46],
  mu_48 = [4.06],
  mu_49 = [4.33],
  mu_410 = [4.42],
  mu_51 = [0.10],
  mu_52 = [0.10],
  mu_53 = [0.10],
  mu_54 = [0.10],
  mu_55 = [0.10],
  mu_56 = [0.10],
  mu_57 = [0.11],
  mu_58 = [0.10],
  mu_59 = [0.10],
  mu_510 = [0.10],
  mu_61 = [0.10],
  mu_62 = [0.10],
  mu_63 = [0.10],
  mu_64 = [0.10],
  mu_65 = [0.10],
  mu_66 = [0.10],
  mu_67 = [0.11],
  mu_68 = [0.10],
  mu_69 = [0.10],
  mu_610 = [0.10],
  mu_71 = [23.98],
  mu_72 = [25.49],
  mu_73 = [24.69],
  mu_74 = [24.39],
  mu_75 = [24.15],
  mu_76 = [24.86],
  mu_77 = [26.27],
  mu_78 = [23.92],
  mu_79 = [25.53],
  mu_710 = [26.08],
  mu_81 = [13.71],
  mu_82 = [14.57],
  mu_83 = [14.11],
  mu_84 = [13.94],
  mu_85 = [13.80],
  mu_86 = [14.21],
  mu_87 = [15.01],
  mu_88 = [13.67],
  mu_89 = [14.59],
  mu_810 = [14.91],
  mu_91 = [10.24],
  mu_92 = [10.89],
  mu_93 = [10.55],
  mu_94 = [10.42],
  mu_95 = [10.32],
  mu_96 = [10.62],
  mu_97 = [11.22],
  mu_98 = [10.22],
  mu_99 = [10.91],
  mu_910 = [11.14],
  mu_101 = [3.65],
  mu_102 = [3.89],
  mu_103 = [3.76],
  mu_104 = [3.72],
  mu_105 = [3.68],
  mu_106 = [3.79],
  mu_107 = [4.00],
  mu_108 = [3.65],
  mu_109 = [3.89],
  mu_1010 = [3.98],
  mu_111 = [0.10],
  mu_112 = [0.10],
  mu_113 = [0.10],
  mu_114 = [0.10],
  mu_115 = [0.10],
  mu_116 = [0.10],
  mu_117 = [0.11],
  mu_118 = [0.10],
  mu_119 = [0.10],
  mu_1110 = [0.10],
  mu_121 = [4.15],
  mu_122 = [4.42],
  mu_123 = [4.28],
  mu_124 = [4.23],
  mu_125 = [4.18],
  mu_126 = [4.31],
  mu_127 = [4.55],
  mu_128 = [4.14],
  mu_129 = [4.42],
  mu_1210 = [4.52],
  mu_131 = [12.15],
  mu_132 = [12.91],
  mu_133 = [12.51],
  mu_134 = [12.36],
  mu_135 = [12.23],
  mu_136 = [12.59],
  mu_137 = [13.31],
  mu_138 = [12.12],
  mu_139 = [12.93],
  mu_1310 = [13.21],
  mu_141 = [6.09],
  mu_142 = [6.47],
  mu_143 = [6.27],
  mu_144 = [6.19],
  mu_145 = [6.13],
  mu_146 = [6.31],
  mu_147 = [6.67],
  mu_148 = [6.07],
  mu_149 = [6.48],
  mu_1410 = [6.62],
  mu_151 = [6.28],
  mu_152 = [6.68],
  mu_153 = [6.47],
  mu_154 = [6.39],
  mu_155 = [6.33],
  mu_156 = [6.51],
  mu_157 = [6.88],
  mu_158 = [6.26],
  mu_159 = [6.69],
  mu_1510 = [6.83],
  mu_161 = [7.12],
  mu_162 = [7.57],
  mu_163 = [7.33],
  mu_164 = [7.24],
  mu_165 = [7.17],
  mu_166 = [7.38],
  mu_167 = [7.80],
  mu_168 = [7.10],
  mu_169 = [7.58],
  mu_1610 = [7.74],
  mu_171 = [8.77],
  mu_172 = [9.33],
  mu_173 = [9.03],
  mu_174 = [8.92],
  mu_175 = [8.83],
  mu_176 = [9.09],
  mu_177 = [9.61],
  mu_178 = [8.75],
  mu_179 = [9.34],
  mu_1710 = [9.54],
  mu_181 = [6.67],
  mu_182 = [7.09],
  mu_183 = [6.86],
  mu_184 = [6.78],
  mu_185 = [6.71],
  mu_186 = [6.91],
  mu_187 = [7.30],
  mu_188 = [6.65],
  mu_189 = [7.10],
  mu_1810 = [7.25],
  mu_191 = [4.02],
  mu_192 = [4.27],
  mu_193 = [4.14],
  mu_194 = [4.09],
  mu_195 = [4.05],
  mu_196 = [4.17],
  mu_197 = [4.40],
  mu_198 = [4.01],
  mu_199 = [4.28],
  mu_1910 = [4.37],
  mu_201 = [2.14],
  mu_202 = [2.28],
  mu_203 = [2.21],
  mu_204 = [2.18],
  mu_205 = [2.16],
  mu_206 = [2.22],
  mu_207 = [2.35],
  mu_208 = [2.14],
  mu_209 = [2.28],
  mu_2010 = [2.33],
]

Mean Transportation Times (tau_{jk}) = [
  tau_11 = [7.50],
  tau_12 = [7.72],
  tau_13 = [7.89],
  tau_14 = [7.48],
  tau_15 = [7.48],
  tau_16 = [7.37],
  tau_17 = [7.39],
  tau_18 = [7.34],
  tau_19 = [7.92],
  tau_110 = [7.29],
  tau_21 = [3.60],
  tau_22 = [3.71],
  tau_23 = [3.79],
  tau_24 = [3.59],
  tau_25 = [3.59],
  tau_26 = [3.54],
  tau_27 = [3.55],
  tau_28 = [3.52],
  tau_29 = [3.80],
  tau_210 = [3.50],
  tau_31 = [7.48],
  tau_32 = [7.70],
  tau_33 = [7.87],
  tau_34 = [7.46],
  tau_35 = [7.46],
  tau_36 = [7.35],
  tau_37 = [7.37],
  tau_38 = [7.32],
  tau_39 = [7.90],
  tau_310 = [7.27],
  tau_41 = [17.15],
  tau_42 = [17.66],
  tau_43 = [18.04],
  tau_44 = [17.11],
  tau_45 = [17.11],
  tau_46 = [16.85],
  tau_47 = [16.90],
  tau_48 = [16.79],
  tau_49 = [18.11],
  tau_410 = [16.67],
  tau_51 = [22.77],
  tau_52 = [23.45],
  tau_53 = [23.96],
  tau_54 = [22.72],
  tau_55 = [22.71],
  tau_56 = [22.37],
  tau_57 = [22.44],
  tau_58 = [22.29],
  tau_59 = [24.05],
  tau_510 = [22.13],
  tau_61 = [5.83],
  tau_62 = [6.00],
  tau_63 = [6.13],
  tau_64 = [5.81],
  tau_65 = [5.81],
  tau_66 = [5.72],
  tau_67 = [5.74],
  tau_68 = [5.70],
  tau_69 = [6.15],
  tau_610 = [5.66],
  tau_71 = [1.02],
  tau_72 = [1.05],
  tau_73 = [1.07],
  tau_74 = [1.01],
  tau_75 = [1.01],
  tau_76 = [1.00],
  tau_77 = [1.00],
  tau_78 = [0.99],
  tau_79 = [1.07],
  tau_710 = [0.99],
  tau_81 = [3.08],
  tau_82 = [3.17],
  tau_83 = [3.24],
  tau_84 = [3.07],
  tau_85 = [3.07],
  tau_86 = [3.02],
  tau_87 = [3.03],
  tau_88 = [3.01],
  tau_89 = [3.25],
  tau_810 = [2.99],
  tau_91 = [18.17],
  tau_92 = [18.71],
  tau_93 = [19.12],
  tau_94 = [18.13],
  tau_95 = [18.13],
  tau_96 = [17.85],
  tau_97 = [17.91],
  tau_98 = [17.79],
  tau_99 = [19.20],
  tau_910 = [17.66],
  tau_101 = [17.76],
  tau_102 = [18.28],
  tau_103 = [18.69],
  tau_104 = [17.72],
  tau_105 = [17.71],
  tau_106 = [17.44],
  tau_107 = [17.50],
  tau_108 = [17.38],
  tau_109 = [18.76],
  tau_1010 = [17.26],
  tau_111 = [21.84],
  tau_112 = [22.49],
  tau_113 = [22.98],
  tau_114 = [21.79],
  tau_115 = [21.79],
  tau_116 = [21.46],
  tau_117 = [21.53],
  tau_118 = [21.38],
  tau_119 = [23.07],
  tau_1110 = [21.23],
  tau_121 = [2.83],
  tau_122 = [2.91],
  tau_123 = [2.97],
  tau_124 = [2.82],
  tau_125 = [2.82],
  tau_126 = [2.78],
  tau_127 = [2.78],
  tau_128 = [2.77],
  tau_129 = [2.98],
  tau_1210 = [2.75],
  tau_131 = [10.13],
  tau_132 = [10.43],
  tau_133 = [10.66],
  tau_134 = [10.11],
  tau_135 = [10.11],
  tau_136 = [9.95],
  tau_137 = [9.99],
  tau_138 = [9.92],
  tau_139 = [10.70],
  tau_1310 = [9.85],
  tau_141 = [22.61],
  tau_142 = [23.29],
  tau_143 = [23.80],
  tau_144 = [22.56],
  tau_145 = [22.56],
  tau_146 = [22.22],
  tau_147 = [22.29],
  tau_148 = [22.14],
  tau_149 = [23.89],
  tau_1410 = [21.98],
  tau_151 = [11.53],
  tau_152 = [11.88],
  tau_153 = [12.14],
  tau_154 = [11.51],
  tau_155 = [11.51],
  tau_156 = [11.33],
  tau_157 = [11.37],
  tau_158 = [11.29],
  tau_159 = [12.18],
  tau_1510 = [11.21],
  tau_161 = [6.75],
  tau_162 = [6.96],
  tau_163 = [7.11],
  tau_164 = [6.74],
  tau_165 = [6.74],
  tau_166 = [6.64],
  tau_167 = [6.66],
  tau_168 = [6.61],
  tau_169 = [7.13],
  tau_1610 = [6.56],
  tau_171 = [16.58],
  tau_172 = [17.07],
  tau_173 = [17.44],
  tau_174 = [16.54],
  tau_175 = [16.54],
  tau_176 = [16.29],
  tau_177 = [16.34],
  tau_178 = [16.23],
  tau_179 = [17.51],
  tau_1710 = [16.11],
  tau_181 = [8.03],
  tau_182 = [8.27],
  tau_183 = [8.45],
  tau_184 = [8.01],
  tau_185 = [8.01],
  tau_186 = [7.89],
  tau_187 = [7.92],
  tau_188 = [7.86],
  tau_189 = [8.48],
  tau_1810 = [7.81],
  tau_191 = [11.39],
  tau_192 = [11.73],
  tau_193 = [11.99],
  tau_194 = [11.36],
  tau_195 = [11.36],
  tau_196 = [11.19],
  tau_197 = [11.23],
  tau_198 = [11.15],
  tau_199 = [12.03],
  tau_1910 = [11.07],
  tau_201 = [1.04],
  tau_202 = [1.07],
  tau_203 = [1.09],
  tau_204 = [1.03],
  tau_205 = [1.03],
  tau_206 = [1.02],
  tau_207 = [1.02],
  tau_208 = [1.01],
  tau_209 = [1.09],
  tau_2010 = [1.01],
]

Epsilon + mu_{jk} = [
  epsilon_plus_mu_11 = [9.06],
  epsilon_plus_mu_12 = [9.63],
  epsilon_plus_mu_13 = [9.33],
  epsilon_plus_mu_14 = [9.22],
  epsilon_plus_mu_15 = [9.13],
  epsilon_plus_mu_16 = [9.39],
  epsilon_plus_mu_17 = [9.92],
  epsilon_plus_mu_18 = [9.04],
  epsilon_plus_mu_19 = [9.65],
  epsilon_plus_mu_110 = [9.85],
  epsilon_plus_mu_21 = [16.78],
  epsilon_plus_mu_22 = [17.84],
  epsilon_plus_mu_23 = [17.28],
  epsilon_plus_mu_24 = [17.07],
  epsilon_plus_mu_25 = [16.90],
  epsilon_plus_mu_26 = [17.40],
  epsilon_plus_mu_27 = [18.38],
  epsilon_plus_mu_28 = [16.74],
  epsilon_plus_mu_29 = [17.87],
  epsilon_plus_mu_210 = [18.25],
  epsilon_plus_mu_31 = [35.27],
  epsilon_plus_mu_32 = [37.50],
  epsilon_plus_mu_33 = [36.32],
  epsilon_plus_mu_34 = [35.88],
  epsilon_plus_mu_35 = [35.53],
  epsilon_plus_mu_36 = [36.57],
  epsilon_plus_mu_37 = [38.64],
  epsilon_plus_mu_38 = [35.18],
  epsilon_plus_mu_39 = [37.56],
  epsilon_plus_mu_310 = [38.36],
  epsilon_plus_mu_41 = [6.10],
  epsilon_plus_mu_42 = [6.49],
  epsilon_plus_mu_43 = [6.28],
  epsilon_plus_mu_44 = [6.21],
  epsilon_plus_mu_45 = [6.15],
  epsilon_plus_mu_46 = [6.33],
  epsilon_plus_mu_47 = [6.69],
  epsilon_plus_mu_48 = [6.09],
  epsilon_plus_mu_49 = [6.50],
  epsilon_plus_mu_410 = [6.64],
  epsilon_plus_mu_51 = [0.15],
  epsilon_plus_mu_52 = [0.15],
  epsilon_plus_mu_53 = [0.15],
  epsilon_plus_mu_54 = [0.15],
  epsilon_plus_mu_55 = [0.15],
  epsilon_plus_mu_56 = [0.15],
  epsilon_plus_mu_57 = [0.16],
  epsilon_plus_mu_58 = [0.15],
  epsilon_plus_mu_59 = [0.15],
  epsilon_plus_mu_510 = [0.16],
  epsilon_plus_mu_61 = [0.15],
  epsilon_plus_mu_62 = [0.15],
  epsilon_plus_mu_63 = [0.15],
  epsilon_plus_mu_64 = [0.15],
  epsilon_plus_mu_65 = [0.15],
  epsilon_plus_mu_66 = [0.15],
  epsilon_plus_mu_67 = [0.16],
  epsilon_plus_mu_68 = [0.15],
  epsilon_plus_mu_69 = [0.15],
  epsilon_plus_mu_610 = [0.16],
  epsilon_plus_mu_71 = [35.97],
  epsilon_plus_mu_72 = [38.24],
  epsilon_plus_mu_73 = [37.04],
  epsilon_plus_mu_74 = [36.59],
  epsilon_plus_mu_75 = [36.22],
  epsilon_plus_mu_76 = [37.29],
  epsilon_plus_mu_77 = [39.40],
  epsilon_plus_mu_78 = [35.87],
  epsilon_plus_mu_79 = [38.30],
  epsilon_plus_mu_710 = [39.12],
  epsilon_plus_mu_81 = [20.56],
  epsilon_plus_mu_82 = [21.86],
  epsilon_plus_mu_83 = [21.17],
  epsilon_plus_mu_84 = [20.91],
  epsilon_plus_mu_85 = [20.71],
  epsilon_plus_mu_86 = [21.32],
  epsilon_plus_mu_87 = [22.52],
  epsilon_plus_mu_88 = [20.51],
  epsilon_plus_mu_89 = [21.89],
  epsilon_plus_mu_810 = [22.36],
  epsilon_plus_mu_91 = [15.36],
  epsilon_plus_mu_92 = [16.33],
  epsilon_plus_mu_93 = [15.82],
  epsilon_plus_mu_94 = [15.63],
  epsilon_plus_mu_95 = [15.47],
  epsilon_plus_mu_96 = [15.93],
  epsilon_plus_mu_97 = [16.83],
  epsilon_plus_mu_98 = [15.33],
  epsilon_plus_mu_99 = [16.36],
  epsilon_plus_mu_910 = [16.71],
  epsilon_plus_mu_101 = [5.48],
  epsilon_plus_mu_102 = [5.83],
  epsilon_plus_mu_103 = [5.65],
  epsilon_plus_mu_104 = [5.58],
  epsilon_plus_mu_105 = [5.52],
  epsilon_plus_mu_106 = [5.68],
  epsilon_plus_mu_107 = [6.01],
  epsilon_plus_mu_108 = [5.47],
  epsilon_plus_mu_109 = [5.84],
  epsilon_plus_mu_1010 = [5.96],
  epsilon_plus_mu_111 = [0.15],
  epsilon_plus_mu_112 = [0.15],
  epsilon_plus_mu_113 = [0.15],
  epsilon_plus_mu_114 = [0.15],
  epsilon_plus_mu_115 = [0.15],
  epsilon_plus_mu_116 = [0.15],
  epsilon_plus_mu_117 = [0.16],
  epsilon_plus_mu_118 = [0.15],
  epsilon_plus_mu_119 = [0.15],
  epsilon_plus_mu_1110 = [0.16],
  epsilon_plus_mu_121 = [6.23],
  epsilon_plus_mu_122 = [6.63],
  epsilon_plus_mu_123 = [6.42],
  epsilon_plus_mu_124 = [6.34],
  epsilon_plus_mu_125 = [6.28],
  epsilon_plus_mu_126 = [6.46],
  epsilon_plus_mu_127 = [6.83],
  epsilon_plus_mu_128 = [6.22],
  epsilon_plus_mu_129 = [6.64],
  epsilon_plus_mu_1210 = [6.78],
  epsilon_plus_mu_131 = [18.22],
  epsilon_plus_mu_132 = [19.37],
  epsilon_plus_mu_133 = [18.76],
  epsilon_plus_mu_134 = [18.54],
  epsilon_plus_mu_135 = [18.35],
  epsilon_plus_mu_136 = [18.89],
  epsilon_plus_mu_137 = [19.96],
  epsilon_plus_mu_138 = [18.17],
  epsilon_plus_mu_139 = [19.40],
  epsilon_plus_mu_1310 = [19.82],
  epsilon_plus_mu_141 = [9.13],
  epsilon_plus_mu_142 = [9.71],
  epsilon_plus_mu_143 = [9.40],
  epsilon_plus_mu_144 = [9.29],
  epsilon_plus_mu_145 = [9.20],
  epsilon_plus_mu_146 = [9.47],
  epsilon_plus_mu_147 = [10.00],
  epsilon_plus_mu_148 = [9.11],
  epsilon_plus_mu_149 = [9.72],
  epsilon_plus_mu_1410 = [9.93],
  epsilon_plus_mu_151 = [9.42],
  epsilon_plus_mu_152 = [10.02],
  epsilon_plus_mu_153 = [9.70],
  epsilon_plus_mu_154 = [9.58],
  epsilon_plus_mu_155 = [9.49],
  epsilon_plus_mu_156 = [9.77],
  epsilon_plus_mu_157 = [10.32],
  epsilon_plus_mu_158 = [9.40],
  epsilon_plus_mu_159 = [10.03],
  epsilon_plus_mu_1510 = [10.25],
  epsilon_plus_mu_161 = [10.68],
  epsilon_plus_mu_162 = [11.35],
  epsilon_plus_mu_163 = [10.99],
  epsilon_plus_mu_164 = [10.86],
  epsilon_plus_mu_165 = [10.75],
  epsilon_plus_mu_166 = [11.07],
  epsilon_plus_mu_167 = [11.70],
  epsilon_plus_mu_168 = [10.65],
  epsilon_plus_mu_169 = [11.37],
  epsilon_plus_mu_1610 = [11.61],
  epsilon_plus_mu_171 = [13.16],
  epsilon_plus_mu_172 = [13.99],
  epsilon_plus_mu_173 = [13.55],
  epsilon_plus_mu_174 = [13.38],
  epsilon_plus_mu_175 = [13.25],
  epsilon_plus_mu_176 = [13.64],
  epsilon_plus_mu_177 = [14.41],
  epsilon_plus_mu_178 = [13.12],
  epsilon_plus_mu_179 = [14.01],
  epsilon_plus_mu_1710 = [14.31],
  epsilon_plus_mu_181 = [10.00],
  epsilon_plus_mu_182 = [10.63],
  epsilon_plus_mu_183 = [10.30],
  epsilon_plus_mu_184 = [10.17],
  epsilon_plus_mu_185 = [10.07],
  epsilon_plus_mu_186 = [10.37],
  epsilon_plus_mu_187 = [10.95],
  epsilon_plus_mu_188 = [9.97],
  epsilon_plus_mu_189 = [10.65],
  epsilon_plus_mu_1810 = [10.87],
  epsilon_plus_mu_191 = [6.03],
  epsilon_plus_mu_192 = [6.41],
  epsilon_plus_mu_193 = [6.21],
  epsilon_plus_mu_194 = [6.13],
  epsilon_plus_mu_195 = [6.07],
  epsilon_plus_mu_196 = [6.25],
  epsilon_plus_mu_197 = [6.61],
  epsilon_plus_mu_198 = [6.01],
  epsilon_plus_mu_199 = [6.42],
  epsilon_plus_mu_1910 = [6.56],
  epsilon_plus_mu_201 = [3.22],
  epsilon_plus_mu_202 = [3.42],
  epsilon_plus_mu_203 = [3.31],
  epsilon_plus_mu_204 = [3.27],
  epsilon_plus_mu_205 = [3.24],
  epsilon_plus_mu_206 = [3.34],
  epsilon_plus_mu_207 = [3.52],
  epsilon_plus_mu_208 = [3.21],
  epsilon_plus_mu_209 = [3.43],
  epsilon_plus_mu_2010 = [3.50],
]

Epsilon - mu_{jk} = [
  epsilon_minus_mu_11 = [-3.02],
  epsilon_minus_mu_12 = [-3.21],
  epsilon_minus_mu_13 = [-3.11],
  epsilon_minus_mu_14 = [-3.07],
  epsilon_minus_mu_15 = [-3.04],
  epsilon_minus_mu_16 = [-3.13],
  epsilon_minus_mu_17 = [-3.31],
  epsilon_minus_mu_18 = [-3.01],
  epsilon_minus_mu_19 = [-3.22],
  epsilon_minus_mu_110 = [-3.28],
  epsilon_minus_mu_21 = [-5.59],
  epsilon_minus_mu_22 = [-5.95],
  epsilon_minus_mu_23 = [-5.76],
  epsilon_minus_mu_24 = [-5.69],
  epsilon_minus_mu_25 = [-5.63],
  epsilon_minus_mu_26 = [-5.80],
  epsilon_minus_mu_27 = [-6.13],
  epsilon_minus_mu_28 = [-5.58],
  epsilon_minus_mu_29 = [-5.96],
  epsilon_minus_mu_210 = [-6.08],
  epsilon_minus_mu_31 = [-11.76],
  epsilon_minus_mu_32 = [-12.50],
  epsilon_minus_mu_33 = [-12.11],
  epsilon_minus_mu_34 = [-11.96],
  epsilon_minus_mu_35 = [-11.84],
  epsilon_minus_mu_36 = [-12.19],
  epsilon_minus_mu_37 = [-12.88],
  epsilon_minus_mu_38 = [-11.73],
  epsilon_minus_mu_39 = [-12.52],
  epsilon_minus_mu_310 = [-12.79],
  epsilon_minus_mu_41 = [-2.03],
  epsilon_minus_mu_42 = [-2.16],
  epsilon_minus_mu_43 = [-2.09],
  epsilon_minus_mu_44 = [-2.07],
  epsilon_minus_mu_45 = [-2.05],
  epsilon_minus_mu_46 = [-2.11],
  epsilon_minus_mu_47 = [-2.23],
  epsilon_minus_mu_48 = [-2.03],
  epsilon_minus_mu_49 = [-2.17],
  epsilon_minus_mu_410 = [-2.21],
  epsilon_minus_mu_51 = [-0.05],
  epsilon_minus_mu_52 = [-0.05],
  epsilon_minus_mu_53 = [-0.05],
  epsilon_minus_mu_54 = [-0.05],
  epsilon_minus_mu_55 = [-0.05],
  epsilon_minus_mu_56 = [-0.05],
  epsilon_minus_mu_57 = [-0.05],
  epsilon_minus_mu_58 = [-0.05],
  epsilon_minus_mu_59 = [-0.05],
  epsilon_minus_mu_510 = [-0.05],
  epsilon_minus_mu_61 = [-0.05],
  epsilon_minus_mu_62 = [-0.05],
  epsilon_minus_mu_63 = [-0.05],
  epsilon_minus_mu_64 = [-0.05],
  epsilon_minus_mu_65 = [-0.05],
  epsilon_minus_mu_66 = [-0.05],
  epsilon_minus_mu_67 = [-0.05],
  epsilon_minus_mu_68 = [-0.05],
  epsilon_minus_mu_69 = [-0.05],
  epsilon_minus_mu_610 = [-0.05],
  epsilon_minus_mu_71 = [-11.99],
  epsilon_minus_mu_72 = [-12.75],
  epsilon_minus_mu_73 = [-12.35],
  epsilon_minus_mu_74 = [-12.20],
  epsilon_minus_mu_75 = [-12.07],
  epsilon_minus_mu_76 = [-12.43],
  epsilon_minus_mu_77 = [-13.13],
  epsilon_minus_mu_78 = [-11.96],
  epsilon_minus_mu_79 = [-12.77],
  epsilon_minus_mu_710 = [-13.04],
  epsilon_minus_mu_81 = [-6.85],
  epsilon_minus_mu_82 = [-7.29],
  epsilon_minus_mu_83 = [-7.06],
  epsilon_minus_mu_84 = [-6.97],
  epsilon_minus_mu_85 = [-6.90],
  epsilon_minus_mu_86 = [-7.11],
  epsilon_minus_mu_87 = [-7.51],
  epsilon_minus_mu_88 = [-6.84],
  epsilon_minus_mu_89 = [-7.30],
  epsilon_minus_mu_810 = [-7.45],
  epsilon_minus_mu_91 = [-5.12],
  epsilon_minus_mu_92 = [-5.44],
  epsilon_minus_mu_93 = [-5.27],
  epsilon_minus_mu_94 = [-5.21],
  epsilon_minus_mu_95 = [-5.16],
  epsilon_minus_mu_96 = [-5.31],
  epsilon_minus_mu_97 = [-5.61],
  epsilon_minus_mu_98 = [-5.11],
  epsilon_minus_mu_99 = [-5.45],
  epsilon_minus_mu_910 = [-5.57],
  epsilon_minus_mu_101 = [-1.83],
  epsilon_minus_mu_102 = [-1.94],
  epsilon_minus_mu_103 = [-1.88],
  epsilon_minus_mu_104 = [-1.86],
  epsilon_minus_mu_105 = [-1.84],
  epsilon_minus_mu_106 = [-1.89],
  epsilon_minus_mu_107 = [-2.00],
  epsilon_minus_mu_108 = [-1.82],
  epsilon_minus_mu_109 = [-1.95],
  epsilon_minus_mu_1010 = [-1.99],
  epsilon_minus_mu_111 = [-0.05],
  epsilon_minus_mu_112 = [-0.05],
  epsilon_minus_mu_113 = [-0.05],
  epsilon_minus_mu_114 = [-0.05],
  epsilon_minus_mu_115 = [-0.05],
  epsilon_minus_mu_116 = [-0.05],
  epsilon_minus_mu_117 = [-0.05],
  epsilon_minus_mu_118 = [-0.05],
  epsilon_minus_mu_119 = [-0.05],
  epsilon_minus_mu_1110 = [-0.05],
  epsilon_minus_mu_121 = [-2.08],
  epsilon_minus_mu_122 = [-2.21],
  epsilon_minus_mu_123 = [-2.14],
  epsilon_minus_mu_124 = [-2.11],
  epsilon_minus_mu_125 = [-2.09],
  epsilon_minus_mu_126 = [-2.15],
  epsilon_minus_mu_127 = [-2.28],
  epsilon_minus_mu_128 = [-2.07],
  epsilon_minus_mu_129 = [-2.21],
  epsilon_minus_mu_1210 = [-2.26],
  epsilon_minus_mu_131 = [-6.07],
  epsilon_minus_mu_132 = [-6.46],
  epsilon_minus_mu_133 = [-6.25],
  epsilon_minus_mu_134 = [-6.18],
  epsilon_minus_mu_135 = [-6.12],
  epsilon_minus_mu_136 = [-6.30],
  epsilon_minus_mu_137 = [-6.65],
  epsilon_minus_mu_138 = [-6.06],
  epsilon_minus_mu_139 = [-6.47],
  epsilon_minus_mu_1310 = [-6.61],
  epsilon_minus_mu_141 = [-3.04],
  epsilon_minus_mu_142 = [-3.24],
  epsilon_minus_mu_143 = [-3.13],
  epsilon_minus_mu_144 = [-3.10],
  epsilon_minus_mu_145 = [-3.07],
  epsilon_minus_mu_146 = [-3.16],
  epsilon_minus_mu_147 = [-3.33],
  epsilon_minus_mu_148 = [-3.04],
  epsilon_minus_mu_149 = [-3.24],
  epsilon_minus_mu_1410 = [-3.31],
  epsilon_minus_mu_151 = [-3.14],
  epsilon_minus_mu_152 = [-3.34],
  epsilon_minus_mu_153 = [-3.23],
  epsilon_minus_mu_154 = [-3.19],
  epsilon_minus_mu_155 = [-3.16],
  epsilon_minus_mu_156 = [-3.26],
  epsilon_minus_mu_157 = [-3.44],
  epsilon_minus_mu_158 = [-3.13],
  epsilon_minus_mu_159 = [-3.34],
  epsilon_minus_mu_1510 = [-3.42],
  epsilon_minus_mu_161 = [-3.56],
  epsilon_minus_mu_162 = [-3.78],
  epsilon_minus_mu_163 = [-3.66],
  epsilon_minus_mu_164 = [-3.62],
  epsilon_minus_mu_165 = [-3.58],
  epsilon_minus_mu_166 = [-3.69],
  epsilon_minus_mu_167 = [-3.90],
  epsilon_minus_mu_168 = [-3.55],
  epsilon_minus_mu_169 = [-3.79],
  epsilon_minus_mu_1610 = [-3.87],
  epsilon_minus_mu_171 = [-4.39],
  epsilon_minus_mu_172 = [-4.66],
  epsilon_minus_mu_173 = [-4.52],
  epsilon_minus_mu_174 = [-4.46],
  epsilon_minus_mu_175 = [-4.42],
  epsilon_minus_mu_176 = [-4.55],
  epsilon_minus_mu_177 = [-4.80],
  epsilon_minus_mu_178 = [-4.37],
  epsilon_minus_mu_179 = [-4.67],
  epsilon_minus_mu_1710 = [-4.77],
  epsilon_minus_mu_181 = [-3.33],
  epsilon_minus_mu_182 = [-3.54],
  epsilon_minus_mu_183 = [-3.43],
  epsilon_minus_mu_184 = [-3.39],
  epsilon_minus_mu_185 = [-3.36],
  epsilon_minus_mu_186 = [-3.46],
  epsilon_minus_mu_187 = [-3.65],
  epsilon_minus_mu_188 = [-3.32],
  epsilon_minus_mu_189 = [-3.55],
  epsilon_minus_mu_1810 = [-3.62],
  epsilon_minus_mu_191 = [-2.01],
  epsilon_minus_mu_192 = [-2.14],
  epsilon_minus_mu_193 = [-2.07],
  epsilon_minus_mu_194 = [-2.04],
  epsilon_minus_mu_195 = [-2.02],
  epsilon_minus_mu_196 = [-2.08],
  epsilon_minus_mu_197 = [-2.20],
  epsilon_minus_mu_198 = [-2.00],
  epsilon_minus_mu_199 = [-2.14],
  epsilon_minus_mu_1910 = [-2.19],
  epsilon_minus_mu_201 = [-1.07],
  epsilon_minus_mu_202 = [-1.14],
  epsilon_minus_mu_203 = [-1.10],
  epsilon_minus_mu_204 = [-1.09],
  epsilon_minus_mu_205 = [-1.08],
  epsilon_minus_mu_206 = [-1.11],
  epsilon_minus_mu_207 = [-1.17],
  epsilon_minus_mu_208 = [-1.07],
  epsilon_minus_mu_209 = [-1.14],
  epsilon_minus_mu_2010 = [-1.17],
]

Sigma + tau_{jk} = [
  sigma_plus_tau_11 = [11.25],
  sigma_plus_tau_12 = [11.58],
  sigma_plus_tau_13 = [11.84],
  sigma_plus_tau_14 = [11.22],
  sigma_plus_tau_15 = [11.22],
  sigma_plus_tau_16 = [11.05],
  sigma_plus_tau_17 = [11.09],
  sigma_plus_tau_18 = [11.01],
  sigma_plus_tau_19 = [11.88],
  sigma_plus_tau_110 = [10.93],
  sigma_plus_tau_21 = [5.40],
  sigma_plus_tau_22 = [5.56],
  sigma_plus_tau_23 = [5.68],
  sigma_plus_tau_24 = [5.39],
  sigma_plus_tau_25 = [5.39],
  sigma_plus_tau_26 = [5.30],
  sigma_plus_tau_27 = [5.32],
  sigma_plus_tau_28 = [5.29],
  sigma_plus_tau_29 = [5.70],
  sigma_plus_tau_210 = [5.25],
  sigma_plus_tau_31 = [11.22],
  sigma_plus_tau_32 = [11.55],
  sigma_plus_tau_33 = [11.81],
  sigma_plus_tau_34 = [11.20],
  sigma_plus_tau_35 = [11.19],
  sigma_plus_tau_36 = [11.02],
  sigma_plus_tau_37 = [11.06],
  sigma_plus_tau_38 = [10.98],
  sigma_plus_tau_39 = [11.85],
  sigma_plus_tau_310 = [10.90],
  sigma_plus_tau_41 = [25.72],
  sigma_plus_tau_42 = [26.48],
  sigma_plus_tau_43 = [27.07],
  sigma_plus_tau_44 = [25.66],
  sigma_plus_tau_45 = [25.66],
  sigma_plus_tau_46 = [25.27],
  sigma_plus_tau_47 = [25.35],
  sigma_plus_tau_48 = [25.18],
  sigma_plus_tau_49 = [27.17],
  sigma_plus_tau_410 = [25.00],
  sigma_plus_tau_51 = [34.15],
  sigma_plus_tau_52 = [35.17],
  sigma_plus_tau_53 = [35.94],
  sigma_plus_tau_54 = [34.08],
  sigma_plus_tau_55 = [34.07],
  sigma_plus_tau_56 = [33.55],
  sigma_plus_tau_57 = [33.66],
  sigma_plus_tau_58 = [33.43],
  sigma_plus_tau_59 = [36.08],
  sigma_plus_tau_510 = [33.19],
  sigma_plus_tau_61 = [8.74],
  sigma_plus_tau_62 = [9.00],
  sigma_plus_tau_63 = [9.20],
  sigma_plus_tau_64 = [8.72],
  sigma_plus_tau_65 = [8.72],
  sigma_plus_tau_66 = [8.58],
  sigma_plus_tau_67 = [8.61],
  sigma_plus_tau_68 = [8.55],
  sigma_plus_tau_69 = [9.23],
  sigma_plus_tau_610 = [8.49],
  sigma_plus_tau_71 = [1.52],
  sigma_plus_tau_72 = [1.57],
  sigma_plus_tau_73 = [1.60],
  sigma_plus_tau_74 = [1.52],
  sigma_plus_tau_75 = [1.52],
  sigma_plus_tau_76 = [1.50],
  sigma_plus_tau_77 = [1.50],
  sigma_plus_tau_78 = [1.49],
  sigma_plus_tau_79 = [1.61],
  sigma_plus_tau_710 = [1.48],
  sigma_plus_tau_81 = [4.62],
  sigma_plus_tau_82 = [4.75],
  sigma_plus_tau_83 = [4.86],
  sigma_plus_tau_84 = [4.61],
  sigma_plus_tau_85 = [4.60],
  sigma_plus_tau_86 = [4.53],
  sigma_plus_tau_87 = [4.55],
  sigma_plus_tau_88 = [4.52],
  sigma_plus_tau_89 = [4.88],
  sigma_plus_tau_810 = [4.49],
  sigma_plus_tau_91 = [27.26],
  sigma_plus_tau_92 = [28.07],
  sigma_plus_tau_93 = [28.69],
  sigma_plus_tau_94 = [27.20],
  sigma_plus_tau_95 = [27.19],
  sigma_plus_tau_96 = [26.78],
  sigma_plus_tau_97 = [26.87],
  sigma_plus_tau_98 = [26.68],
  sigma_plus_tau_99 = [28.79],
  sigma_plus_tau_910 = [26.49],
  sigma_plus_tau_101 = [26.63],
  sigma_plus_tau_102 = [27.43],
  sigma_plus_tau_103 = [28.03],
  sigma_plus_tau_104 = [26.58],
  sigma_plus_tau_105 = [26.57],
  sigma_plus_tau_106 = [26.17],
  sigma_plus_tau_107 = [26.25],
  sigma_plus_tau_108 = [26.07],
  sigma_plus_tau_109 = [28.13],
  sigma_plus_tau_1010 = [25.89],
  sigma_plus_tau_111 = [32.76],
  sigma_plus_tau_112 = [33.73],
  sigma_plus_tau_113 = [34.47],
  sigma_plus_tau_114 = [32.69],
  sigma_plus_tau_115 = [32.68],
  sigma_plus_tau_116 = [32.19],
  sigma_plus_tau_117 = [32.29],
  sigma_plus_tau_118 = [32.07],
  sigma_plus_tau_119 = [34.60],
  sigma_plus_tau_1110 = [31.84],
  sigma_plus_tau_121 = [4.24],
  sigma_plus_tau_122 = [4.36],
  sigma_plus_tau_123 = [4.46],
  sigma_plus_tau_124 = [4.23],
  sigma_plus_tau_125 = [4.23],
  sigma_plus_tau_126 = [4.16],
  sigma_plus_tau_127 = [4.18],
  sigma_plus_tau_128 = [4.15],
  sigma_plus_tau_129 = [4.48],
  sigma_plus_tau_1210 = [4.12],
  sigma_plus_tau_131 = [15.20],
  sigma_plus_tau_132 = [15.65],
  sigma_plus_tau_133 = [15.99],
  sigma_plus_tau_134 = [15.16],
  sigma_plus_tau_135 = [15.16],
  sigma_plus_tau_136 = [14.93],
  sigma_plus_tau_137 = [14.98],
  sigma_plus_tau_138 = [14.88],
  sigma_plus_tau_139 = [16.05],
  sigma_plus_tau_1310 = [14.77],
  sigma_plus_tau_141 = [33.92],
  sigma_plus_tau_142 = [34.93],
  sigma_plus_tau_143 = [35.70],
  sigma_plus_tau_144 = [33.85],
  sigma_plus_tau_145 = [33.84],
  sigma_plus_tau_146 = [33.33],
  sigma_plus_tau_147 = [33.43],
  sigma_plus_tau_148 = [33.21],
  sigma_plus_tau_149 = [35.83],
  sigma_plus_tau_1410 = [32.97],
  sigma_plus_tau_151 = [17.30],
  sigma_plus_tau_152 = [17.82],
  sigma_plus_tau_153 = [18.21],
  sigma_plus_tau_154 = [17.26],
  sigma_plus_tau_155 = [17.26],
  sigma_plus_tau_156 = [17.00],
  sigma_plus_tau_157 = [17.05],
  sigma_plus_tau_158 = [16.94],
  sigma_plus_tau_159 = [18.28],
  sigma_plus_tau_1510 = [16.82],
  sigma_plus_tau_161 = [10.13],
  sigma_plus_tau_162 = [10.43],
  sigma_plus_tau_163 = [10.66],
  sigma_plus_tau_164 = [10.11],
  sigma_plus_tau_165 = [10.11],
  sigma_plus_tau_166 = [9.95],
  sigma_plus_tau_167 = [9.99],
  sigma_plus_tau_168 = [9.92],
  sigma_plus_tau_169 = [10.70],
  sigma_plus_tau_1610 = [9.85],
  sigma_plus_tau_171 = [24.86],
  sigma_plus_tau_172 = [25.60],
  sigma_plus_tau_173 = [26.17],
  sigma_plus_tau_174 = [24.81],
  sigma_plus_tau_175 = [24.80],
  sigma_plus_tau_176 = [24.43],
  sigma_plus_tau_177 = [24.51],
  sigma_plus_tau_178 = [24.34],
  sigma_plus_tau_179 = [26.26],
  sigma_plus_tau_1710 = [24.17],
  sigma_plus_tau_181 = [12.05],
  sigma_plus_tau_182 = [12.41],
  sigma_plus_tau_183 = [12.68],
  sigma_plus_tau_184 = [12.02],
  sigma_plus_tau_185 = [12.02],
  sigma_plus_tau_186 = [11.84],
  sigma_plus_tau_187 = [11.87],
  sigma_plus_tau_188 = [11.79],
  sigma_plus_tau_189 = [12.73],
  sigma_plus_tau_1810 = [11.71],
  sigma_plus_tau_191 = [17.08],
  sigma_plus_tau_192 = [17.59],
  sigma_plus_tau_193 = [17.98],
  sigma_plus_tau_194 = [17.05],
  sigma_plus_tau_195 = [17.04],
  sigma_plus_tau_196 = [16.78],
  sigma_plus_tau_197 = [16.84],
  sigma_plus_tau_198 = [16.72],
  sigma_plus_tau_199 = [18.05],
  sigma_plus_tau_1910 = [16.60],
  sigma_plus_tau_201 = [1.55],
  sigma_plus_tau_202 = [1.60],
  sigma_plus_tau_203 = [1.63],
  sigma_plus_tau_204 = [1.55],
  sigma_plus_tau_205 = [1.55],
  sigma_plus_tau_206 = [1.53],
  sigma_plus_tau_207 = [1.53],
  sigma_plus_tau_208 = [1.52],
  sigma_plus_tau_209 = [1.64],
  sigma_plus_tau_2010 = [1.51],
]

Sigma - tau_{jk} = [
  sigma_minus_tau_11 = [-3.75],
  sigma_minus_tau_12 = [-3.86],
  sigma_minus_tau_13 = [-3.95],
  sigma_minus_tau_14 = [-3.74],
  sigma_minus_tau_15 = [-3.74],
  sigma_minus_tau_16 = [-3.68],
  sigma_minus_tau_17 = [-3.70],
  sigma_minus_tau_18 = [-3.67],
  sigma_minus_tau_19 = [-3.96],
  sigma_minus_tau_110 = [-3.64],
  sigma_minus_tau_21 = [-1.80],
  sigma_minus_tau_22 = [-1.85],
  sigma_minus_tau_23 = [-1.89],
  sigma_minus_tau_24 = [-1.80],
  sigma_minus_tau_25 = [-1.80],
  sigma_minus_tau_26 = [-1.77],
  sigma_minus_tau_27 = [-1.77],
  sigma_minus_tau_28 = [-1.76],
  sigma_minus_tau_29 = [-1.90],
  sigma_minus_tau_210 = [-1.75],
  sigma_minus_tau_31 = [-3.74],
  sigma_minus_tau_32 = [-3.85],
  sigma_minus_tau_33 = [-3.94],
  sigma_minus_tau_34 = [-3.73],
  sigma_minus_tau_35 = [-3.73],
  sigma_minus_tau_36 = [-3.67],
  sigma_minus_tau_37 = [-3.69],
  sigma_minus_tau_38 = [-3.66],
  sigma_minus_tau_39 = [-3.95],
  sigma_minus_tau_310 = [-3.63],
  sigma_minus_tau_41 = [-8.57],
  sigma_minus_tau_42 = [-8.83],
  sigma_minus_tau_43 = [-9.02],
  sigma_minus_tau_44 = [-8.55],
  sigma_minus_tau_45 = [-8.55],
  sigma_minus_tau_46 = [-8.42],
  sigma_minus_tau_47 = [-8.45],
  sigma_minus_tau_48 = [-8.39],
  sigma_minus_tau_49 = [-9.06],
  sigma_minus_tau_410 = [-8.33],
  sigma_minus_tau_51 = [-11.38],
  sigma_minus_tau_52 = [-11.72],
  sigma_minus_tau_53 = [-11.98],
  sigma_minus_tau_54 = [-11.36],
  sigma_minus_tau_55 = [-11.36],
  sigma_minus_tau_56 = [-11.18],
  sigma_minus_tau_57 = [-11.22],
  sigma_minus_tau_58 = [-11.14],
  sigma_minus_tau_59 = [-12.03],
  sigma_minus_tau_510 = [-11.06],
  sigma_minus_tau_61 = [-2.91],
  sigma_minus_tau_62 = [-3.00],
  sigma_minus_tau_63 = [-3.07],
  sigma_minus_tau_64 = [-2.91],
  sigma_minus_tau_65 = [-2.91],
  sigma_minus_tau_66 = [-2.86],
  sigma_minus_tau_67 = [-2.87],
  sigma_minus_tau_68 = [-2.85],
  sigma_minus_tau_69 = [-3.08],
  sigma_minus_tau_610 = [-2.83],
  sigma_minus_tau_71 = [-0.51],
  sigma_minus_tau_72 = [-0.52],
  sigma_minus_tau_73 = [-0.53],
  sigma_minus_tau_74 = [-0.51],
  sigma_minus_tau_75 = [-0.51],
  sigma_minus_tau_76 = [-0.50],
  sigma_minus_tau_77 = [-0.50],
  sigma_minus_tau_78 = [-0.50],
  sigma_minus_tau_79 = [-0.54],
  sigma_minus_tau_710 = [-0.49],
  sigma_minus_tau_81 = [-1.54],
  sigma_minus_tau_82 = [-1.58],
  sigma_minus_tau_83 = [-1.62],
  sigma_minus_tau_84 = [-1.54],
  sigma_minus_tau_85 = [-1.53],
  sigma_minus_tau_86 = [-1.51],
  sigma_minus_tau_87 = [-1.52],
  sigma_minus_tau_88 = [-1.51],
  sigma_minus_tau_89 = [-1.63],
  sigma_minus_tau_810 = [-1.50],
  sigma_minus_tau_91 = [-9.09],
  sigma_minus_tau_92 = [-9.36],
  sigma_minus_tau_93 = [-9.56],
  sigma_minus_tau_94 = [-9.07],
  sigma_minus_tau_95 = [-9.06],
  sigma_minus_tau_96 = [-8.93],
  sigma_minus_tau_97 = [-8.96],
  sigma_minus_tau_98 = [-8.89],
  sigma_minus_tau_99 = [-9.60],
  sigma_minus_tau_910 = [-8.83],
  sigma_minus_tau_101 = [-8.88],
  sigma_minus_tau_102 = [-9.14],
  sigma_minus_tau_103 = [-9.34],
  sigma_minus_tau_104 = [-8.86],
  sigma_minus_tau_105 = [-8.86],
  sigma_minus_tau_106 = [-8.72],
  sigma_minus_tau_107 = [-8.75],
  sigma_minus_tau_108 = [-8.69],
  sigma_minus_tau_109 = [-9.38],
  sigma_minus_tau_1010 = [-8.63],
  sigma_minus_tau_111 = [-10.92],
  sigma_minus_tau_112 = [-11.24],
  sigma_minus_tau_113 = [-11.49],
  sigma_minus_tau_114 = [-10.90],
  sigma_minus_tau_115 = [-10.89],
  sigma_minus_tau_116 = [-10.73],
  sigma_minus_tau_117 = [-10.76],
  sigma_minus_tau_118 = [-10.69],
  sigma_minus_tau_119 = [-11.53],
  sigma_minus_tau_1110 = [-10.61],
  sigma_minus_tau_121 = [-1.41],
  sigma_minus_tau_122 = [-1.45],
  sigma_minus_tau_123 = [-1.49],
  sigma_minus_tau_124 = [-1.41],
  sigma_minus_tau_125 = [-1.41],
  sigma_minus_tau_126 = [-1.39],
  sigma_minus_tau_127 = [-1.39],
  sigma_minus_tau_128 = [-1.38],
  sigma_minus_tau_129 = [-1.49],
  sigma_minus_tau_1210 = [-1.37],
  sigma_minus_tau_131 = [-5.07],
  sigma_minus_tau_132 = [-5.22],
  sigma_minus_tau_133 = [-5.33],
  sigma_minus_tau_134 = [-5.05],
  sigma_minus_tau_135 = [-5.05],
  sigma_minus_tau_136 = [-4.98],
  sigma_minus_tau_137 = [-4.99],
  sigma_minus_tau_138 = [-4.96],
  sigma_minus_tau_139 = [-5.35],
  sigma_minus_tau_1310 = [-4.92],
  sigma_minus_tau_141 = [-11.31],
  sigma_minus_tau_142 = [-11.64],
  sigma_minus_tau_143 = [-11.90],
  sigma_minus_tau_144 = [-11.28],
  sigma_minus_tau_145 = [-11.28],
  sigma_minus_tau_146 = [-11.11],
  sigma_minus_tau_147 = [-11.14],
  sigma_minus_tau_148 = [-11.07],
  sigma_minus_tau_149 = [-11.94],
  sigma_minus_tau_1410 = [-10.99],
  sigma_minus_tau_151 = [-5.77],
  sigma_minus_tau_152 = [-5.94],
  sigma_minus_tau_153 = [-6.07],
  sigma_minus_tau_154 = [-5.75],
  sigma_minus_tau_155 = [-5.75],
  sigma_minus_tau_156 = [-5.67],
  sigma_minus_tau_157 = [-5.68],
  sigma_minus_tau_158 = [-5.65],
  sigma_minus_tau_159 = [-6.09],
  sigma_minus_tau_1510 = [-5.61],
  sigma_minus_tau_161 = [-3.38],
  sigma_minus_tau_162 = [-3.48],
  sigma_minus_tau_163 = [-3.55],
  sigma_minus_tau_164 = [-3.37],
  sigma_minus_tau_165 = [-3.37],
  sigma_minus_tau_166 = [-3.32],
  sigma_minus_tau_167 = [-3.33],
  sigma_minus_tau_168 = [-3.31],
  sigma_minus_tau_169 = [-3.57],
  sigma_minus_tau_1610 = [-3.28],
  sigma_minus_tau_171 = [-8.29],
  sigma_minus_tau_172 = [-8.53],
  sigma_minus_tau_173 = [-8.72],
  sigma_minus_tau_174 = [-8.27],
  sigma_minus_tau_175 = [-8.27],
  sigma_minus_tau_176 = [-8.14],
  sigma_minus_tau_177 = [-8.17],
  sigma_minus_tau_178 = [-8.11],
  sigma_minus_tau_179 = [-8.75],
  sigma_minus_tau_1710 = [-8.06],
  sigma_minus_tau_181 = [-4.02],
  sigma_minus_tau_182 = [-4.14],
  sigma_minus_tau_183 = [-4.23],
  sigma_minus_tau_184 = [-4.01],
  sigma_minus_tau_185 = [-4.01],
  sigma_minus_tau_186 = [-3.95],
  sigma_minus_tau_187 = [-3.96],
  sigma_minus_tau_188 = [-3.93],
  sigma_minus_tau_189 = [-4.24],
  sigma_minus_tau_1810 = [-3.90],
  sigma_minus_tau_191 = [-5.69],
  sigma_minus_tau_192 = [-5.86],
  sigma_minus_tau_193 = [-5.99],
  sigma_minus_tau_194 = [-5.68],
  sigma_minus_tau_195 = [-5.68],
  sigma_minus_tau_196 = [-5.59],
  sigma_minus_tau_197 = [-5.61],
  sigma_minus_tau_198 = [-5.57],
  sigma_minus_tau_199 = [-6.02],
  sigma_minus_tau_1910 = [-5.53],
  sigma_minus_tau_201 = [-0.52],
  sigma_minus_tau_202 = [-0.53],
  sigma_minus_tau_203 = [-0.54],
  sigma_minus_tau_204 = [-0.52],
  sigma_minus_tau_205 = [-0.52],
  sigma_minus_tau_206 = [-0.51],
  sigma_minus_tau_207 = [-0.51],
  sigma_minus_tau_208 = [-0.51],
  sigma_minus_tau_209 = [-0.55],
  sigma_minus_tau_2010 = [-0.50],
]

Probabilities (p_s) = [
0.050000, 0.050000, 0.050000, 0.050000, 0.050000, 0.050000, 0.050000, 0.050000, 0.050000, 0.050000, 0.050000, 0.050000, 0.050000, 0.050000, 0.050000, 0.050000, 0.050000, 0.050000, 0.050000, 0.050000
]

c_bar = 8.01
