Jobs = 20
Machines = 10
Scenarios = 20

Ready Times (rj) = [
0.00, 0.00, 0.00, 0.00, 0.00, 0.00, 0.00, 0.00, 0.00, 0.00, 0.00, 0.00, 0.00, 0.00, 0.00, 0.00, 0.00, 0.00, 0.00, 0.00
]

Transportation Times (tjk^s) = [
  tjk_11 = [5.00, 5.00, 5.00, 5.00, 5.00, 2.55, 5.00, 5.00, 5.00, 5.00, 4.04, 5.00, 5.00, 1.00, 1.00, 2.05, 1.00, 1.00, 5.00, 4.70],
  tjk_12 = [1.00, 5.00, 5.00, 3.88, 1.28, 5.00, 1.00, 1.00, 1.00, 1.00, 1.00, 2.06, 1.00, 5.00, 5.00, 1.61, 1.00, 2.20, 5.00, 1.00],
  tjk_13 = [5.00, 1.00, 1.00, 2.96, 5.00, 1.00, 5.00, 1.00, 1.00, 5.00, 5.00, 5.00, 1.00, 5.00, 5.00, 1.00, 1.00, 1.00, 1.79, 1.00],
  tjk_14 = [1.00, 5.00, 1.00, 4.71, 5.00, 5.00, 1.00, 5.00, 5.00, 2.11, 2.83, 4.04, 5.00, 5.00, 2.41, 5.00, 5.00, 3.97, 5.00, 1.00],
  tjk_15 = [5.00, 5.00, 1.00, 5.00, 3.92, 1.00, 5.00, 1.80, 5.00, 1.00, 5.00, 5.00, 1.00, 5.00, 5.00, 5.00, 1.00, 5.00, 2.25, 5.00],
  tjk_16 = [5.00, 5.00, 1.00, 1.00, 5.00, 3.80, 1.00, 5.00, 5.00, 1.00, 5.00, 5.00, 5.00, 5.00, 5.00, 5.00, 1.00, 1.00, 5.00, 5.00],
  tjk_17 = [1.00, 1.60, 5.00, 5.00, 5.00, 5.00, 5.00, 5.00, 5.00, 1.00, 4.54, 5.00, 5.00, 5.00, 1.00, 5.00, 1.00, 3.86, 5.00, 3.23],
  tjk_18 = [2.37, 1.00, 5.00, 1.00, 5.00, 5.00, 5.00, 1.00, 1.00, 5.00, 1.00, 5.00, 1.00, 5.00, 5.00, 5.00, 4.85, 1.00, 5.00, 1.00],
  tjk_19 = [4.84, 5.00, 4.26, 1.00, 5.00, 2.75, 5.00, 1.68, 1.00, 5.00, 1.00, 5.00, 5.00, 2.05, 2.18, 1.00, 5.00, 1.00, 1.00, 5.00],
  tjk_110 = [1.00, 1.00, 5.00, 1.00, 5.00, 1.00, 5.00, 5.00, 1.00, 5.00, 1.00, 1.00, 5.00, 1.00, 5.00, 5.00, 1.00, 2.85, 1.00, 5.00],
  tjk_21 = [1.96, 5.00, 5.00, 2.03, 1.00, 5.00, 4.65, 5.00, 5.00, 1.00, 1.00, 1.71, 5.00, 5.00, 1.00, 2.36, 1.09, 1.00, 1.69, 5.00],
  tjk_22 = [2.99, 1.00, 3.59, 1.00, 3.77, 1.00, 1.00, 5.00, 1.00, 1.00, 1.00, 5.00, 5.00, 1.00, 1.00, 5.00, 4.11, 5.00, 5.00, 5.00],
  tjk_23 = [1.53, 1.00, 1.00, 1.00, 1.00, 1.00, 5.00, 5.00, 1.00, 1.00, 5.00, 1.00, 5.00, 5.00, 5.00, 4.80, 5.00, 5.00, 1.00, 1.00],
  tjk_24 = [5.00, 5.00, 2.47, 1.00, 1.00, 1.00, 2.90, 1.00, 2.79, 5.00, 5.00, 1.00, 1.00, 2.57, 5.00, 5.00, 5.00, 3.75, 3.54, 1.00],
  tjk_25 = [1.00, 2.22, 5.00, 1.00, 2.83, 1.00, 1.00, 3.09, 1.00, 1.01, 5.00, 3.93, 2.56, 1.44, 5.00, 1.00, 1.00, 4.46, 2.85, 1.00],
  tjk_26 = [2.57, 1.00, 1.10, 5.00, 5.00, 4.28, 5.00, 5.00, 5.00, 3.91, 5.00, 1.00, 2.87, 3.35, 5.00, 1.92, 4.43, 5.00, 5.00, 5.00],
  tjk_27 = [1.00, 5.00, 5.00, 5.00, 5.00, 5.00, 5.00, 5.00, 3.52, 1.00, 5.00, 3.08, 1.00, 4.32, 1.36, 5.00, 1.00, 4.55, 1.00, 5.00],
  tjk_28 = [5.00, 5.00, 1.00, 2.77, 1.00, 1.00, 5.00, 1.00, 1.00, 3.75, 1.00, 1.00, 2.99, 1.00, 5.00, 2.33, 1.00, 1.00, 1.00, 1.00],
  tjk_29 = [5.00, 5.00, 5.00, 2.89, 3.50, 1.00, 5.00, 1.00, 1.00, 4.71, 5.00, 1.00, 1.00, 1.00, 5.00, 5.00, 2.98, 1.98, 1.04, 1.00],
  tjk_210 = [1.00, 1.00, 1.73, 5.00, 1.00, 1.00, 5.00, 3.30, 1.00, 5.00, 5.00, 5.00, 5.00, 5.00, 1.00, 5.00, 5.00, 1.00, 5.00, 1.00],
  tjk_31 = [5.00, 3.09, 1.49, 1.00, 1.00, 1.00, 5.00, 1.00, 1.00, 1.00, 1.00, 4.34, 1.92, 3.27, 1.00, 5.00, 2.97, 1.23, 1.00, 1.54],
  tjk_32 = [1.00, 3.27, 1.00, 1.00, 5.00, 5.00, 1.00, 1.48, 5.00, 1.00, 1.00, 2.08, 1.00, 1.00, 5.00, 1.00, 3.96, 3.65, 5.00, 1.00],
  tjk_33 = [1.00, 3.08, 1.41, 1.00, 5.00, 2.43, 1.00, 1.00, 5.00, 5.00, 5.00, 1.41, 3.15, 2.77, 3.18, 1.20, 1.00, 5.00, 1.00, 1.00],
  tjk_34 = [1.05, 2.01, 1.00, 3.52, 1.74, 1.32, 1.18, 1.00, 3.00, 1.00, 1.00, 1.00, 3.60, 1.00, 3.77, 1.00, 4.54, 2.15, 2.56, 4.79],
  tjk_35 = [5.00, 1.98, 1.00, 1.00, 1.00, 1.00, 1.00, 1.29, 1.00, 5.00, 1.00, 5.00, 2.44, 2.24, 1.00, 2.88, 5.00, 1.00, 1.00, 5.00],
  tjk_36 = [1.00, 2.45, 1.00, 1.00, 1.95, 1.00, 4.63, 1.00, 3.51, 1.07, 1.00, 1.00, 1.00, 1.00, 1.00, 1.80, 1.00, 5.00, 1.00, 1.38],
  tjk_37 = [1.00, 5.00, 1.19, 1.00, 4.03, 1.00, 1.00, 4.40, 4.76, 1.00, 5.00, 5.00, 1.00, 1.00, 5.00, 1.53, 5.00, 3.19, 4.07, 1.00],
  tjk_38 = [5.00, 2.41, 4.71, 1.00, 3.86, 5.00, 1.00, 5.00, 1.00, 5.00, 3.75, 5.00, 1.73, 1.00, 5.00, 1.00, 3.35, 2.19, 2.62, 5.00],
  tjk_39 = [3.06, 2.62, 3.63, 1.72, 1.00, 1.71, 2.46, 1.88, 1.00, 3.95, 3.60, 1.00, 1.09, 1.00, 1.00, 1.00, 3.38, 1.00, 5.00, 3.66],
  tjk_310 = [1.00, 1.00, 1.00, 1.57, 1.00, 2.30, 1.00, 5.00, 4.79, 3.07, 1.95, 5.00, 5.00, 3.28, 1.00, 1.00, 3.97, 1.63, 2.70, 1.94],
  tjk_41 = [1.59, 1.00, 5.00, 3.93, 1.00, 1.00, 5.00, 1.00, 1.00, 1.96, 5.00, 1.00, 1.00, 1.00, 4.08, 1.00, 1.88, 1.00, 4.05, 1.00],
  tjk_42 = [2.68, 3.28, 1.00, 5.00, 4.49, 5.00, 1.49, 2.72, 2.38, 1.00, 3.35, 1.00, 1.00, 2.46, 1.00, 3.51, 1.00, 2.49, 1.00, 3.51],
  tjk_43 = [1.00, 1.00, 1.00, 5.00, 5.00, 1.00, 1.00, 1.00, 1.00, 1.00, 1.00, 1.00, 5.00, 1.00, 3.08, 3.92, 1.00, 5.00, 1.00, 1.66],
  tjk_44 = [1.00, 1.00, 1.00, 1.00, 3.38, 1.00, 1.77, 4.82, 1.00, 1.00, 1.94, 1.00, 4.13, 1.00, 4.26, 1.00, 5.00, 3.16, 1.00, 2.98],
  tjk_45 = [3.93, 3.80, 1.00, 1.00, 5.00, 1.00, 2.18, 3.06, 1.00, 1.00, 1.00, 1.06, 3.14, 1.55, 5.00, 2.40, 1.00, 1.00, 1.00, 1.69],
  tjk_46 = [1.00, 3.12, 1.14, 1.00, 5.00, 1.11, 5.00, 1.00, 1.00, 1.00, 1.00, 2.66, 1.32, 1.00, 1.00, 5.00, 1.00, 1.25, 1.00, 2.38],
  tjk_47 = [1.00, 1.00, 1.00, 1.00, 5.00, 1.00, 3.41, 5.00, 5.00, 1.00, 2.05, 1.00, 1.00, 1.00, 1.00, 1.44, 4.59, 5.00, 1.00, 5.00],
  tjk_48 = [1.96, 2.95, 1.00, 1.00, 1.00, 5.00, 1.00, 1.19, 1.00, 1.00, 1.00, 1.00, 1.00, 5.00, 2.43, 1.00, 1.00, 1.00, 1.00, 1.00],
  tjk_49 = [5.00, 1.00, 1.53, 1.00, 5.00, 1.00, 5.00, 4.49, 1.00, 5.00, 1.20, 1.15, 1.00, 4.55, 1.00, 5.00, 2.21, 1.00, 1.00, 1.00],
  tjk_410 = [3.29, 3.86, 1.00, 1.11, 1.00, 1.82, 1.00, 3.88, 1.00, 1.00, 4.84, 5.00, 5.00, 1.87, 1.00, 1.00, 5.00, 1.00, 1.54, 5.00],
  tjk_51 = [1.00, 1.00, 1.00, 4.21, 2.37, 1.00, 5.00, 4.92, 2.01, 1.43, 2.35, 5.00, 1.00, 1.00, 1.00, 5.00, 1.45, 1.00, 2.60, 1.56],
  tjk_52 = [1.00, 5.00, 3.60, 1.00, 2.01, 2.83, 1.00, 1.00, 1.79, 3.11, 5.00, 4.19, 5.00, 1.00, 2.05, 1.00, 1.00, 1.00, 3.40, 1.00],
  tjk_53 = [2.79, 5.00, 1.00, 5.00, 1.00, 1.00, 3.90, 1.00, 1.00, 1.00, 1.49, 5.00, 1.00, 5.00, 1.00, 4.33, 2.00, 5.00, 1.00, 1.00],
  tjk_54 = [4.59, 1.00, 3.17, 5.00, 5.00, 5.00, 2.06, 1.97, 1.00, 1.20, 5.00, 2.48, 2.49, 3.34, 5.00, 1.00, 1.00, 1.00, 1.00, 1.00],
  tjk_55 = [1.55, 5.00, 5.00, 5.00, 1.98, 1.00, 5.00, 1.00, 1.00, 3.78, 3.98, 1.00, 3.71, 1.00, 1.00, 2.43, 5.00, 1.00, 3.21, 2.18],
  tjk_56 = [5.00, 2.36, 1.00, 1.00, 1.61, 1.00, 1.56, 1.00, 4.90, 2.10, 5.00, 1.00, 5.00, 1.00, 1.00, 1.00, 1.00, 1.00, 1.00, 5.00],
  tjk_57 = [2.70, 1.00, 3.99, 1.00, 1.00, 1.00, 1.44, 1.00, 1.00, 2.18, 1.00, 4.79, 3.03, 1.00, 1.00, 1.00, 1.00, 1.66, 5.00, 2.05],
  tjk_58 = [1.00, 5.00, 3.67, 1.00, 1.00, 5.00, 4.12, 1.18, 1.38, 4.15, 5.00, 3.80, 1.00, 1.00, 3.15, 5.00, 2.64, 3.86, 1.58, 2.08],
  tjk_59 = [1.71, 1.60, 4.10, 5.00, 1.00, 4.66, 1.82, 4.93, 5.00, 3.84, 2.29, 1.00, 5.00, 1.00, 1.00, 1.23, 5.00, 1.56, 1.00, 1.00],
  tjk_510 = [1.00, 1.00, 1.00, 1.00, 2.98, 1.00, 1.01, 1.00, 1.00, 3.92, 1.00, 1.24, 1.00, 1.00, 1.03, 3.81, 1.00, 1.00, 3.85, 5.00],
  tjk_61 = [3.52, 5.00, 2.02, 1.00, 1.00, 1.00, 5.00, 1.00, 5.00, 5.00, 1.00, 5.00, 5.00, 5.00, 1.00, 1.00, 5.00, 1.00, 5.00, 5.00],
  tjk_62 = [1.00, 5.00, 5.00, 1.00, 5.00, 1.00, 5.00, 2.30, 4.17, 5.00, 5.00, 5.00, 4.18, 1.00, 1.00, 1.00, 5.00, 1.54, 1.00, 5.00],
  tjk_63 = [2.43, 5.00, 5.00, 5.00, 1.37, 1.00, 4.38, 1.00, 1.00, 1.00, 5.00, 2.11, 1.23, 4.35, 1.82, 5.00, 1.00, 1.00, 5.00, 1.00],
  tjk_64 = [3.51, 5.00, 5.00, 5.00, 1.00, 3.64, 4.65, 5.00, 1.00, 5.00, 3.64, 3.04, 4.78, 1.00, 1.83, 5.00, 1.66, 1.00, 5.00, 1.00],
  tjk_65 = [5.00, 3.40, 5.00, 1.00, 1.00, 5.00, 4.49, 1.02, 2.44, 1.00, 5.00, 1.00, 1.88, 5.00, 3.26, 5.00, 1.00, 5.00, 5.00, 5.00],
  tjk_66 = [1.00, 4.77, 1.00, 3.43, 1.00, 1.00, 4.38, 5.00, 1.00, 1.00, 4.32, 5.00, 1.00, 5.00, 1.00, 1.00, 1.00, 5.00, 2.70, 5.00],
  tjk_67 = [1.00, 1.00, 5.00, 5.00, 5.00, 1.00, 1.33, 5.00, 1.00, 5.00, 5.00, 1.00, 1.59, 1.00, 5.00, 4.24, 1.00, 1.00, 1.00, 5.00],
  tjk_68 = [1.00, 5.00, 5.00, 5.00, 1.00, 5.00, 5.00, 1.00, 1.00, 1.00, 1.00, 5.00, 1.00, 5.00, 5.00, 5.00, 5.00, 1.00, 5.00, 1.00],
  tjk_69 = [1.00, 1.54, 5.00, 1.00, 1.00, 5.00, 5.00, 2.55, 3.92, 2.62, 1.00, 5.00, 5.00, 5.00, 1.00, 1.00, 5.00, 5.00, 1.00, 5.00],
  tjk_610 = [5.00, 4.73, 2.63, 5.00, 1.00, 5.00, 5.00, 1.00, 1.00, 1.00, 5.00, 4.34, 5.00, 1.86, 5.00, 5.00, 5.00, 5.00, 1.00, 1.00],
  tjk_71 = [5.00, 5.00, 5.00, 2.67, 1.08, 5.00, 5.00, 1.44, 5.00, 1.13, 1.27, 1.19, 4.91, 3.21, 2.52, 1.00, 5.00, 2.35, 1.24, 5.00],
  tjk_72 = [4.98, 5.00, 5.00, 1.49, 5.00, 5.00, 5.00, 5.00, 5.00, 5.00, 1.00, 5.00, 5.00, 1.00, 1.00, 5.00, 1.00, 5.00, 1.00, 1.62],
  tjk_73 = [5.00, 1.67, 5.00, 1.00, 5.00, 5.00, 1.00, 1.00, 1.00, 3.82, 5.00, 3.89, 5.00, 4.91, 1.00, 1.00, 5.00, 5.00, 1.00, 5.00],
  tjk_74 = [2.50, 1.59, 3.11, 1.00, 5.00, 1.00, 1.00, 1.78, 1.00, 1.00, 1.00, 1.96, 5.00, 5.00, 1.00, 5.00, 5.00, 1.00, 5.00, 1.00],
  tjk_75 = [1.88, 5.00, 1.00, 5.00, 5.00, 1.15, 5.00, 5.00, 1.37, 1.00, 5.00, 1.00, 3.64, 3.05, 1.00, 5.00, 5.00, 5.00, 1.00, 5.00],
  tjk_76 = [5.00, 5.00, 1.00, 5.00, 5.00, 1.00, 5.00, 3.89, 5.00, 1.00, 1.00, 1.00, 5.00, 5.00, 5.00, 5.00, 5.00, 5.00, 5.00, 1.00],
  tjk_77 = [1.00, 1.00, 5.00, 5.00, 5.00, 5.00, 4.01, 1.80, 5.00, 2.78, 5.00, 4.77, 5.00, 1.00, 1.00, 5.00, 5.00, 1.00, 1.00, 1.00],
  tjk_78 = [2.89, 1.67, 5.00, 5.00, 5.00, 5.00, 2.97, 1.00, 5.00, 1.61, 5.00, 5.00, 5.00, 2.97, 1.00, 5.00, 5.00, 5.00, 1.00, 2.36],
  tjk_79 = [5.00, 5.00, 5.00, 5.00, 1.00, 1.00, 1.00, 1.00, 1.00, 5.00, 5.00, 1.00, 1.00, 1.01, 2.16, 1.00, 5.00, 5.00, 5.00, 5.00],
  tjk_710 = [1.00, 1.00, 3.05, 1.00, 1.00, 5.00, 1.00, 1.00, 5.00, 5.00, 5.00, 1.00, 1.48, 2.88, 5.00, 1.00, 1.00, 1.00, 5.00, 1.00],
  tjk_81 = [1.00, 5.00, 5.00, 2.45, 3.89, 1.29, 1.00, 1.00, 2.64, 2.43, 3.66, 1.00, 3.85, 1.00, 1.64, 2.49, 5.00, 1.00, 1.00, 2.00],
  tjk_82 = [5.00, 1.00, 3.12, 1.00, 2.17, 1.00, 2.50, 1.00, 4.33, 2.62, 5.00, 1.00, 1.00, 2.41, 1.96, 2.34, 1.00, 1.38, 5.00, 1.00],
  tjk_83 = [5.00, 2.43, 4.77, 1.00, 1.85, 4.34, 4.46, 1.00, 1.00, 5.00, 1.00, 5.00, 1.00, 4.23, 1.00, 1.00, 1.00, 2.07, 1.00, 1.00],
  tjk_84 = [5.00, 1.00, 4.30, 1.78, 5.00, 1.00, 1.00, 3.17, 1.00, 1.00, 5.00, 2.70, 2.29, 1.00, 3.77, 1.00, 5.00, 1.00, 1.00, 2.31],
  tjk_85 = [3.33, 5.00, 1.00, 4.39, 1.00, 1.00, 1.00, 4.02, 5.00, 1.00, 3.94, 1.48, 1.00, 3.06, 1.13, 1.00, 3.66, 1.00, 2.14, 1.00],
  tjk_86 = [1.00, 1.00, 2.87, 1.00, 1.00, 1.69, 1.00, 2.20, 2.52, 2.20, 3.80, 3.53, 2.18, 1.00, 5.00, 1.90, 5.00, 1.00, 1.09, 3.14],
  tjk_87 = [1.00, 1.00, 5.00, 3.71, 1.00, 3.52, 4.92, 1.17, 3.35, 4.03, 1.90, 2.52, 4.27, 5.00, 1.00, 1.00, 4.56, 2.34, 1.00, 3.13],
  tjk_88 = [1.00, 4.94, 2.41, 1.00, 5.00, 3.30, 1.00, 1.00, 4.65, 1.00, 1.00, 2.54, 1.26, 1.00, 2.50, 1.00, 1.00, 3.71, 5.00, 1.00],
  tjk_89 = [1.00, 1.57, 1.00, 5.00, 2.35, 3.54, 5.00, 5.00, 1.00, 1.00, 1.03, 5.00, 1.00, 4.20, 3.34, 1.00, 3.00, 1.72, 3.48, 5.00],
  tjk_810 = [1.00, 5.00, 1.00, 5.00, 1.00, 1.00, 5.00, 5.00, 2.21, 4.03, 1.00, 1.64, 1.00, 1.17, 1.00, 1.00, 1.00, 1.00, 1.00, 5.00],
  tjk_91 = [1.00, 5.00, 4.28, 5.00, 5.00, 5.00, 1.00, 5.00, 3.44, 3.67, 5.00, 5.00, 1.00, 2.82, 1.00, 5.00, 5.00, 5.00, 5.00, 1.41],
  tjk_92 = [1.00, 5.00, 5.00, 5.00, 5.00, 5.00, 2.59, 1.00, 5.00, 5.00, 5.00, 5.00, 4.56, 5.00, 4.42, 5.00, 1.00, 3.90, 1.94, 1.00],
  tjk_93 = [1.00, 4.15, 1.00, 5.00, 5.00, 1.00, 5.00, 1.00, 1.00, 5.00, 5.00, 5.00, 5.00, 1.00, 5.00, 5.00, 4.88, 1.90, 5.00, 1.00],
  tjk_94 = [1.00, 1.00, 4.38, 1.00, 1.00, 1.70, 5.00, 4.68, 1.00, 1.00, 5.00, 2.14, 2.92, 1.32, 5.00, 1.00, 1.67, 1.00, 1.00, 1.00],
  tjk_95 = [1.00, 1.00, 1.00, 5.00, 1.73, 5.00, 5.00, 5.00, 4.28, 1.00, 1.00, 2.87, 1.00, 5.00, 1.00, 1.00, 3.67, 5.00, 5.00, 1.53],
  tjk_96 = [4.38, 4.93, 5.00, 1.00, 1.00, 1.00, 1.00, 1.00, 1.00, 4.23, 1.00, 1.00, 1.00, 1.00, 1.00, 5.00, 4.35, 1.00, 1.00, 2.75],
  tjk_97 = [1.00, 4.42, 3.41, 1.00, 5.00, 1.00, 1.00, 1.00, 4.72, 3.84, 3.67, 2.34, 5.00, 5.00, 5.00, 1.89, 1.00, 1.00, 1.95, 5.00],
  tjk_98 = [1.00, 5.00, 1.00, 4.31, 1.00, 5.00, 1.00, 5.00, 5.00, 5.00, 3.71, 3.66, 1.00, 5.00, 1.00, 1.00, 5.00, 1.65, 1.00, 5.00],
  tjk_99 = [5.00, 5.00, 1.00, 4.83, 5.00, 1.00, 1.00, 5.00, 5.00, 1.79, 1.26, 1.00, 4.53, 3.65, 1.00, 1.00, 4.47, 2.36, 2.59, 1.00],
  tjk_910 = [3.31, 5.00, 5.00, 5.00, 5.00, 3.57, 1.00, 4.67, 1.00, 1.00, 1.00, 1.00, 1.29, 5.00, 2.56, 1.00, 1.00, 1.00, 1.00, 5.00],
  tjk_101 = [5.00, 1.00, 2.11, 1.00, 1.00, 1.00, 2.97, 2.39, 2.13, 3.98, 1.00, 2.64, 1.00, 2.73, 3.89, 4.25, 3.67, 1.00, 1.00, 1.00],
  tjk_102 = [4.22, 1.00, 1.49, 1.00, 3.47, 1.00, 1.00, 1.00, 5.00, 1.00, 1.00, 5.00, 1.00, 1.37, 1.98, 5.00, 1.00, 5.00, 4.82, 1.00],
  tjk_103 = [2.32, 1.00, 3.61, 2.97, 2.17, 4.22, 2.48, 1.00, 1.00, 5.00, 1.65, 3.97, 1.00, 1.00, 4.72, 2.93, 5.00, 3.59, 1.00, 3.75],
  tjk_104 = [2.31, 1.73, 1.00, 1.10, 4.91, 2.12, 1.00, 1.00, 2.08, 1.00, 1.00, 5.00, 1.00, 1.00, 5.00, 1.00, 1.00, 1.00, 5.00, 2.08],
  tjk_105 = [3.03, 4.68, 1.00, 4.60, 1.00, 2.02, 1.00, 5.00, 5.00, 2.45, 5.00, 1.00, 1.00, 1.00, 3.11, 1.00, 3.89, 1.00, 3.25, 1.00],
  tjk_106 = [1.00, 1.87, 3.84, 5.00, 1.00, 2.25, 5.00, 1.00, 2.36, 1.00, 1.00, 4.06, 1.00, 1.00, 1.55, 5.00, 5.00, 1.00, 1.00, 2.24],
  tjk_107 = [1.00, 2.40, 1.00, 1.00, 5.00, 2.10, 5.00, 1.00, 4.72, 1.00, 2.51, 1.00, 4.13, 2.85, 1.00, 5.00, 1.00, 5.00, 1.00, 2.70],
  tjk_108 = [1.00, 1.00, 4.69, 5.00, 1.00, 5.00, 3.26, 2.60, 1.00, 1.54, 1.00, 5.00, 1.34, 1.00, 1.00, 1.00, 5.00, 5.00, 1.00, 3.00],
  tjk_109 = [1.00, 1.00, 1.00, 1.08, 1.00, 1.00, 4.64, 1.00, 1.00, 1.00, 1.00, 5.00, 1.77, 1.00, 1.00, 1.46, 5.00, 5.00, 5.00, 2.41],
  tjk_1010 = [1.00, 4.61, 3.28, 5.00, 2.71, 1.63, 4.84, 5.00, 1.00, 2.41, 1.00, 1.00, 5.00, 1.06, 5.00, 1.00, 1.00, 5.00, 3.00, 1.00],
  tjk_111 = [1.00, 5.00, 1.00, 1.00, 5.00, 5.00, 3.11, 3.69, 1.27, 1.00, 1.51, 5.00, 1.00, 1.00, 1.00, 1.00, 1.00, 1.44, 1.00, 4.83],
  tjk_112 = [3.21, 1.78, 5.00, 1.00, 3.89, 1.00, 1.15, 1.00, 5.00, 1.00, 1.66, 1.00, 2.68, 1.00, 1.12, 1.00, 3.69, 4.25, 5.00, 3.64],
  tjk_113 = [3.52, 3.16, 1.00, 1.00, 3.95, 1.31, 1.00, 1.00, 1.00, 1.00, 3.32, 4.73, 4.45, 1.00, 1.00, 5.00, 1.00, 4.23, 3.25, 5.00],
  tjk_114 = [4.51, 1.00, 3.66, 3.82, 2.86, 1.00, 1.00, 5.00, 5.00, 5.00, 2.17, 1.00, 2.94, 3.89, 1.00, 1.00, 1.00, 1.00, 2.83, 4.90],
  tjk_115 = [3.88, 1.52, 1.00, 5.00, 5.00, 1.00, 4.38, 5.00, 1.00, 5.00, 2.02, 1.00, 4.71, 1.00, 2.49, 1.00, 5.00, 1.92, 5.00, 1.67],
  tjk_116 = [1.95, 4.20, 1.00, 3.01, 1.00, 1.00, 1.00, 2.81, 4.93, 2.92, 5.00, 5.00, 3.43, 2.22, 1.00, 2.92, 1.00, 1.03, 1.48, 2.26],
  tjk_117 = [1.02, 4.21, 3.13, 2.63, 1.00, 1.60, 1.00, 1.00, 5.00, 3.19, 4.18, 2.39, 1.00, 1.00, 1.25, 1.00, 3.01, 3.91, 3.52, 1.00],
  tjk_118 = [1.91, 2.24, 1.00, 1.00, 4.18, 3.14, 1.00, 1.00, 1.00, 1.00, 1.00, 1.00, 5.00, 1.92, 5.00, 1.00, 2.30, 5.00, 2.42, 2.48],
  tjk_119 = [1.00, 4.16, 2.90, 2.40, 2.65, 1.00, 1.00, 3.52, 1.00, 1.29, 3.59, 4.20, 1.00, 5.00, 4.52, 4.17, 5.00, 5.00, 4.62, 3.16],
  tjk_1110 = [2.49, 1.00, 5.00, 1.00, 4.51, 3.80, 1.00, 3.83, 1.54, 1.00, 5.00, 1.00, 5.00, 5.00, 5.00, 1.00, 4.85, 1.00, 3.79, 5.00],
  tjk_121 = [1.00, 1.00, 1.00, 1.00, 4.67, 3.30, 5.00, 3.69, 1.00, 2.65, 1.00, 3.49, 5.00, 1.00, 5.00, 1.00, 5.00, 5.00, 1.00, 5.00],
  tjk_122 = [1.00, 1.00, 5.00, 1.00, 5.00, 1.00, 1.00, 5.00, 5.00, 1.85, 5.00, 5.00, 3.45, 1.00, 5.00, 1.00, 5.00, 1.00, 5.00, 5.00],
  tjk_123 = [5.00, 1.00, 1.00, 1.00, 1.00, 2.27, 4.37, 1.00, 1.00, 5.00, 5.00, 5.00, 5.00, 5.00, 4.22, 1.66, 1.00, 5.00, 1.00, 1.00],
  tjk_124 = [1.00, 5.00, 5.00, 1.00, 1.00, 1.00, 5.00, 5.00, 5.00, 1.00, 1.00, 5.00, 1.00, 1.00, 1.00, 5.00, 1.00, 5.00, 5.00, 5.00],
  tjk_125 = [1.46, 3.17, 5.00, 1.00, 5.00, 5.00, 5.00, 1.51, 2.03, 5.00, 1.00, 5.00, 5.00, 5.00, 5.00, 5.00, 4.99, 1.00, 1.00, 5.00],
  tjk_126 = [1.00, 5.00, 3.52, 5.00, 4.65, 5.00, 1.00, 2.98, 1.00, 5.00, 5.00, 1.97, 5.00, 5.00, 5.00, 1.00, 5.00, 2.43, 1.00, 1.00],
  tjk_127 = [2.79, 5.00, 5.00, 5.00, 2.23, 5.00, 5.00, 5.00, 1.33, 5.00, 5.00, 1.11, 5.00, 1.00, 1.00, 5.00, 1.00, 5.00, 5.00, 5.00],
  tjk_128 = [1.00, 1.00, 2.06, 5.00, 5.00, 1.00, 5.00, 1.00, 1.00, 1.00, 5.00, 1.00, 5.00, 5.00, 5.00, 5.00, 5.00, 1.00, 1.00, 2.67],
  tjk_129 = [1.00, 5.00, 1.00, 5.00, 1.00, 5.00, 1.00, 1.00, 5.00, 1.00, 1.00, 4.77, 3.21, 1.00, 1.00, 1.00, 5.00, 1.00, 1.00, 5.00],
  tjk_1210 = [5.00, 5.00, 5.00, 5.00, 5.00, 5.00, 5.00, 5.00, 1.00, 1.00, 4.11, 2.89, 5.00, 5.00, 5.00, 3.21, 5.00, 1.00, 2.66, 5.00],
  tjk_131 = [5.00, 1.00, 5.00, 1.00, 2.67, 3.62, 3.27, 5.00, 1.92, 1.18, 1.39, 1.91, 5.00, 4.09, 3.04, 1.00, 3.76, 3.08, 1.00, 1.53],
  tjk_132 = [2.32, 1.00, 1.00, 3.46, 5.00, 1.00, 1.00, 5.00, 1.00, 1.00, 1.00, 3.78, 1.00, 1.00, 5.00, 1.00, 3.76, 1.00, 2.55, 4.94],
  tjk_133 = [2.47, 1.00, 5.00, 1.00, 3.14, 1.00, 1.00, 1.00, 5.00, 1.00, 2.29, 3.72, 1.00, 1.00, 3.54, 1.00, 2.72, 2.41, 1.00, 3.41],
  tjk_134 = [5.00, 3.76, 2.02, 1.00, 1.64, 3.98, 5.00, 1.00, 1.00, 1.46, 1.00, 1.00, 3.57, 1.00, 1.54, 1.64, 1.00, 1.00, 1.00, 1.00],
  tjk_135 = [1.00, 4.40, 3.78, 1.00, 1.00, 1.64, 5.00, 1.00, 1.00, 1.24, 1.18, 3.91, 4.20, 5.00, 4.76, 1.00, 5.00, 1.00, 1.00, 1.29],
  tjk_136 = [1.00, 1.34, 1.00, 1.00, 5.00, 2.46, 5.00, 1.00, 2.05, 2.42, 1.00, 1.00, 1.00, 1.00, 1.00, 5.00, 4.50, 5.00, 1.00, 1.00],
  tjk_137 = [5.00, 1.00, 2.96, 1.00, 1.51, 1.00, 5.00, 2.51, 2.32, 1.00, 1.00, 1.00, 1.56, 1.00, 1.00, 1.00, 2.93, 4.03, 2.86, 4.90],
  tjk_138 = [2.43, 2.21, 1.33, 1.67, 1.69, 1.00, 4.95, 4.75, 1.00, 3.70, 1.00, 1.00, 1.00, 3.31, 1.00, 4.37, 4.79, 1.00, 2.28, 2.57],
  tjk_139 = [5.00, 1.00, 1.00, 1.00, 4.23, 1.00, 4.24, 4.39, 2.86, 2.99, 1.00, 1.00, 4.58, 4.23, 1.00, 1.00, 1.00, 1.00, 1.03, 1.00],
  tjk_1310 = [2.43, 1.48, 4.04, 3.02, 2.74, 3.29, 1.00, 1.00, 4.43, 1.06, 2.76, 1.00, 3.26, 5.00, 1.00, 1.32, 5.00, 1.00, 5.00, 1.00],
  tjk_141 = [4.92, 1.00, 1.00, 1.00, 5.00, 5.00, 2.91, 5.00, 5.00, 5.00, 5.00, 5.00, 5.00, 1.00, 4.94, 5.00, 5.00, 5.00, 1.86, 5.00],
  tjk_142 = [1.00, 5.00, 5.00, 5.00, 5.00, 1.00, 1.00, 1.00, 5.00, 5.00, 1.00, 1.82, 5.00, 1.00, 1.00, 1.00, 1.00, 2.74, 5.00, 5.00],
  tjk_143 = [1.00, 1.00, 1.00, 5.00, 1.00, 5.00, 4.19, 5.00, 1.00, 1.00, 5.00, 5.00, 5.00, 1.00, 1.00, 1.66, 1.00, 1.70, 5.00, 1.00],
  tjk_144 = [2.62, 1.00, 5.00, 1.00, 1.00, 3.41, 5.00, 1.00, 1.00, 5.00, 5.00, 1.86, 1.00, 5.00, 1.00, 1.00, 5.00, 5.00, 5.00, 5.00],
  tjk_145 = [5.00, 4.12, 5.00, 1.18, 1.40, 2.42, 5.00, 1.29, 5.00, 5.00, 5.00, 5.00, 3.02, 2.12, 1.00, 5.00, 1.00, 5.00, 4.50, 5.00],
  tjk_146 = [5.00, 5.00, 2.19, 5.00, 1.00, 5.00, 5.00, 5.00, 5.00, 1.00, 1.00, 1.00, 5.00, 1.00, 5.00, 5.00, 1.00, 1.00, 1.00, 5.00],
  tjk_147 = [5.00, 5.00, 5.00, 1.00, 1.00, 1.00, 1.00, 5.00, 1.00, 1.00, 5.00, 1.00, 5.00, 4.30, 1.00, 1.00, 5.00, 5.00, 5.00, 5.00],
  tjk_148 = [2.66, 5.00, 4.61, 1.00, 5.00, 5.00, 1.00, 2.38, 5.00, 5.00, 1.00, 1.00, 1.00, 3.20, 1.00, 5.00, 4.69, 5.00, 1.00, 1.00],
  tjk_149 = [3.78, 1.00, 5.00, 1.00, 5.00, 1.00, 4.25, 1.00, 1.00, 2.85, 1.00, 5.00, 5.00, 1.62, 5.00, 5.00, 4.79, 5.00, 5.00, 5.00],
  tjk_1410 = [3.42, 1.00, 5.00, 5.00, 1.00, 5.00, 2.12, 1.00, 5.00, 5.00, 1.00, 2.03, 1.00, 5.00, 5.00, 1.00, 5.00, 5.00, 5.00, 5.00],
  tjk_151 = [5.00, 5.00, 1.00, 2.89, 5.00, 5.00, 5.00, 1.00, 4.15, 1.00, 5.00, 5.00, 4.19, 1.00, 1.00, 5.00, 5.00, 1.56, 5.00, 1.00],
  tjk_152 = [4.08, 1.00, 5.00, 1.00, 1.00, 1.00, 1.00, 5.00, 1.00, 5.00, 5.00, 5.00, 1.00, 1.00, 1.00, 5.00, 1.00, 5.00, 5.00, 5.00],
  tjk_153 = [1.00, 5.00, 5.00, 1.55, 5.00, 1.00, 2.48, 5.00, 1.27, 1.00, 1.00, 3.38, 1.00, 1.20, 1.00, 5.00, 1.00, 1.00, 1.00, 1.00],
  tjk_154 = [4.22, 1.00, 1.00, 3.78, 5.00, 5.00, 5.00, 2.29, 1.00, 5.00, 5.00, 5.00, 1.00, 5.00, 5.00, 1.00, 1.00, 5.00, 2.22, 1.00],
  tjk_155 = [5.00, 1.00, 1.00, 1.00, 2.91, 1.00, 1.00, 2.90, 5.00, 5.00, 5.00, 5.00, 5.00, 5.00, 1.00, 5.00, 3.22, 5.00, 1.00, 1.00],
  tjk_156 = [5.00, 3.99, 1.00, 4.11, 5.00, 1.00, 1.00, 1.00, 5.00, 5.00, 5.00, 1.00, 5.00, 5.00, 5.00, 2.55, 5.00, 5.00, 5.00, 1.00],
  tjk_157 = [5.00, 1.21, 5.00, 5.00, 5.00, 1.00, 1.00, 5.00, 1.00, 5.00, 1.00, 2.53, 1.00, 1.00, 1.00, 5.00, 1.00, 5.00, 1.00, 5.00],
  tjk_158 = [1.00, 4.26, 5.00, 1.00, 5.00, 1.00, 1.00, 1.00, 5.00, 1.00, 5.00, 1.00, 5.00, 2.82, 1.67, 1.00, 1.00, 1.19, 5.00, 3.01],
  tjk_159 = [1.00, 5.00, 1.00, 5.00, 1.00, 1.00, 5.00, 4.51, 1.48, 5.00, 5.00, 5.00, 1.00, 1.00, 1.00, 5.00, 5.00, 1.00, 1.00, 2.79],
  tjk_1510 = [5.00, 1.00, 5.00, 2.22, 1.00, 5.00, 1.00, 5.00, 5.00, 1.00, 5.00, 2.80, 1.00, 5.00, 1.00, 1.00, 1.00, 4.01, 1.00, 5.00],
  tjk_161 = [5.00, 1.00, 2.23, 1.00, 5.00, 1.00, 1.15, 5.00, 5.00, 1.00, 5.00, 5.00, 5.00, 5.00, 2.43, 5.00, 5.00, 1.00, 5.00, 5.00],
  tjk_162 = [5.00, 3.36, 5.00, 5.00, 1.00, 1.00, 5.00, 4.96, 5.00, 1.00, 3.60, 5.00, 1.00, 5.00, 3.03, 4.61, 1.00, 5.00, 5.00, 5.00],
  tjk_163 = [5.00, 1.00, 1.00, 5.00, 5.00, 5.00, 1.00, 5.00, 1.00, 1.00, 5.00, 5.00, 5.00, 5.00, 1.69, 1.00, 1.79, 3.17, 5.00, 1.00],
  tjk_164 = [3.13, 5.00, 1.00, 5.00, 2.88, 5.00, 5.00, 1.00, 5.00, 3.48, 3.11, 5.00, 5.00, 5.00, 3.50, 2.89, 1.00, 5.00, 2.54, 5.00],
  tjk_165 = [4.97, 5.00, 1.00, 5.00, 1.00, 1.00, 5.00, 1.00, 5.00, 1.21, 1.00, 5.00, 5.00, 5.00, 5.00, 5.00, 1.00, 5.00, 1.00, 5.00],
  tjk_166 = [4.92, 2.87, 2.10, 3.96, 1.00, 1.00, 5.00, 1.00, 1.00, 5.00, 4.95, 5.00, 5.00, 5.00, 1.00, 2.64, 5.00, 5.00, 4.73, 5.00],
  tjk_167 = [5.00, 1.00, 3.86, 5.00, 5.00, 5.00, 1.00, 4.14, 5.00, 4.09, 5.00, 1.00, 1.00, 1.00, 1.00, 1.00, 1.00, 5.00, 5.00, 1.00],
  tjk_168 = [5.00, 1.00, 1.00, 5.00, 4.06, 1.00, 5.00, 5.00, 5.00, 1.00, 5.00, 1.00, 5.00, 5.00, 1.00, 5.00, 5.00, 5.00, 1.00, 5.00],
  tjk_169 = [5.00, 5.00, 2.50, 5.00, 5.00, 1.00, 2.75, 1.00, 5.00, 1.00, 1.00, 2.00, 1.00, 5.00, 1.00, 5.00, 5.00, 1.00, 1.86, 3.67],
  tjk_1610 = [1.00, 1.00, 5.00, 5.00, 1.00, 5.00, 4.87, 1.00, 5.00, 2.39, 5.00, 1.00, 4.28, 5.00, 5.00, 5.00, 5.00, 1.00, 1.00, 1.00],
  tjk_171 = [1.00, 5.00, 2.18, 5.00, 1.00, 1.00, 5.00, 4.19, 5.00, 5.00, 5.00, 5.00, 3.99, 1.00, 3.84, 5.00, 1.06, 2.22, 5.00, 5.00],
  tjk_172 = [5.00, 1.00, 5.00, 5.00, 1.00, 1.00, 5.00, 5.00, 1.00, 3.91, 5.00, 1.00, 2.14, 1.00, 1.00, 1.00, 1.00, 1.23, 1.98, 1.00],
  tjk_173 = [4.07, 2.85, 5.00, 5.00, 1.00, 1.00, 1.00, 4.10, 1.00, 1.00, 1.00, 5.00, 1.00, 4.45, 4.32, 1.00, 1.00, 5.00, 5.00, 5.00],
  tjk_174 = [4.73, 1.00, 5.00, 5.00, 5.00, 5.00, 4.29, 1.57, 1.00, 1.00, 1.00, 5.00, 1.00, 4.89, 1.05, 5.00, 5.00, 5.00, 1.00, 5.00],
  tjk_175 = [1.00, 5.00, 1.89, 5.00, 5.00, 1.00, 1.00, 2.56, 5.00, 3.87, 1.00, 1.00, 5.00, 1.00, 4.49, 5.00, 1.00, 1.00, 2.96, 1.00],
  tjk_176 = [2.01, 1.03, 5.00, 1.00, 1.00, 5.00, 5.00, 1.59, 5.00, 4.60, 1.00, 1.00, 5.00, 5.00, 1.00, 1.94, 5.00, 1.00, 5.00, 3.99],
  tjk_177 = [5.00, 4.07, 5.00, 5.00, 5.00, 1.00, 5.00, 1.00, 5.00, 1.00, 5.00, 1.00, 1.00, 1.00, 1.67, 3.32, 1.00, 1.00, 1.00, 1.00],
  tjk_178 = [1.00, 1.00, 4.70, 2.87, 2.86, 5.00, 1.00, 1.95, 5.00, 5.00, 1.00, 2.68, 1.00, 1.00, 5.00, 1.00, 1.00, 5.00, 1.16, 1.00],
  tjk_179 = [5.00, 1.00, 1.00, 1.00, 1.00, 5.00, 1.00, 1.00, 1.00, 4.69, 3.93, 3.64, 1.00, 1.00, 5.00, 5.00, 1.00, 2.25, 1.00, 1.00],
  tjk_1710 = [3.90, 5.00, 5.00, 1.00, 1.00, 5.00, 1.00, 1.00, 4.33, 1.00, 5.00, 5.00, 1.00, 1.00, 1.00, 4.23, 5.00, 4.33, 1.00, 1.00],
  tjk_181 = [5.00, 5.00, 1.00, 3.71, 5.00, 5.00, 1.00, 1.00, 2.09, 1.29, 1.00, 1.67, 1.00, 5.00, 5.00, 2.93, 1.00, 1.47, 5.00, 1.93],
  tjk_182 = [1.00, 1.00, 1.00, 4.27, 5.00, 1.31, 5.00, 1.00, 5.00, 1.00, 1.00, 5.00, 5.00, 1.37, 1.00, 5.00, 5.00, 5.00, 2.59, 1.00],
  tjk_183 = [5.00, 5.00, 5.00, 1.00, 5.00, 1.00, 5.00, 1.00, 1.00, 5.00, 5.00, 1.00, 1.00, 5.00, 1.00, 4.78, 5.00, 3.54, 3.20, 1.00],
  tjk_184 = [5.00, 5.00, 1.00, 1.00, 5.00, 5.00, 5.00, 4.57, 1.00, 5.00, 3.47, 5.00, 5.00, 5.00, 5.00, 3.69, 5.00, 2.17, 1.00, 3.16],
  tjk_185 = [1.00, 5.00, 1.00, 5.00, 1.00, 1.00, 4.52, 5.00, 5.00, 1.00, 5.00, 1.57, 3.59, 5.00, 1.00, 1.00, 1.00, 1.00, 1.27, 1.00],
  tjk_186 = [5.00, 4.83, 5.00, 1.00, 1.00, 2.98, 1.00, 5.00, 1.00, 1.00, 4.89, 2.10, 1.73, 5.00, 1.00, 1.05, 2.13, 3.16, 5.00, 5.00],
  tjk_187 = [1.15, 1.00, 5.00, 1.00, 1.00, 1.00, 1.00, 5.00, 5.00, 5.00, 5.00, 5.00, 5.00, 5.00, 1.00, 5.00, 2.08, 5.00, 5.00, 1.00],
  tjk_188 = [1.55, 5.00, 1.00, 1.00, 5.00, 1.00, 3.75, 5.00, 1.00, 5.00, 2.32, 5.00, 1.46, 5.00, 5.00, 1.00, 1.00, 1.00, 5.00, 5.00],
  tjk_189 = [5.00, 5.00, 1.00, 5.00, 1.00, 1.00, 5.00, 2.30, 1.00, 4.08, 4.79, 5.00, 1.00, 5.00, 1.00, 5.00, 1.00, 1.62, 4.48, 5.00],
  tjk_1810 = [5.00, 5.00, 4.44, 1.68, 5.00, 5.00, 5.00, 5.00, 1.00, 3.25, 5.00, 4.05, 5.00, 3.26, 5.00, 5.00, 5.00, 5.00, 2.36, 5.00],
  tjk_191 = [1.00, 2.59, 1.00, 3.69, 1.00, 1.00, 1.00, 2.74, 1.00, 2.87, 1.00, 1.27, 4.99, 4.87, 3.87, 5.00, 1.00, 3.72, 2.54, 1.00],
  tjk_192 = [3.00, 1.96, 3.17, 1.00, 5.00, 2.87, 1.07, 5.00, 1.00, 1.00, 1.00, 5.00, 1.00, 1.74, 5.00, 2.30, 2.17, 1.00, 1.00, 1.00],
  tjk_193 = [1.00, 1.00, 2.10, 1.59, 1.00, 1.00, 4.48, 3.69, 1.98, 5.00, 1.00, 1.00, 2.08, 1.00, 5.00, 4.23, 5.00, 4.13, 3.05, 3.89],
  tjk_194 = [1.01, 1.81, 1.00, 1.00, 1.00, 1.00, 4.73, 1.00, 1.00, 1.00, 4.74, 1.00, 1.00, 1.00, 1.00, 1.00, 1.00, 4.13, 1.00, 2.03],
  tjk_195 = [1.00, 3.44, 1.18, 5.00, 3.46, 5.00, 4.92, 1.00, 3.00, 1.00, 1.00, 4.59, 1.00, 2.04, 1.00, 1.00, 1.00, 1.00, 1.00, 2.28],
  tjk_196 = [1.00, 2.66, 1.00, 3.23, 1.00, 1.00, 1.00, 1.00, 1.00, 1.00, 5.00, 1.00, 1.00, 2.00, 2.27, 1.00, 1.33, 1.00, 1.00, 2.72],
  tjk_197 = [4.26, 1.00, 1.00, 1.28, 2.02, 1.00, 4.65, 1.00, 1.00, 1.00, 1.00, 1.00, 1.00, 1.00, 1.00, 1.00, 1.00, 1.00, 1.29, 1.00],
  tjk_198 = [1.00, 1.38, 1.00, 2.28, 3.31, 2.28, 4.39, 4.07, 4.08, 1.00, 1.00, 1.00, 3.32, 1.00, 5.00, 3.91, 3.69, 1.00, 2.50, 1.00],
  tjk_199 = [2.44, 3.15, 1.00, 3.70, 1.00, 1.00, 5.00, 2.00, 5.00, 5.00, 4.45, 1.00, 2.16, 5.00, 1.39, 1.62, 1.00, 1.00, 1.00, 4.13],
  tjk_1910 = [1.00, 1.00, 2.96, 4.92, 1.00, 5.00, 5.00, 1.00, 1.00, 5.00, 1.00, 3.84, 1.00, 1.70, 5.00, 2.29, 4.57, 1.00, 5.00, 1.00],
  tjk_201 = [5.00, 5.00, 4.29, 2.30, 1.00, 1.00, 1.00, 4.87, 5.00, 1.00, 5.00, 5.00, 5.00, 5.00, 5.00, 5.00, 5.00, 5.00, 1.00, 5.00],
  tjk_202 = [1.00, 2.25, 5.00, 2.97, 1.00, 3.36, 1.08, 5.00, 1.00, 1.00, 1.00, 1.00, 5.00, 5.00, 5.00, 1.00, 3.76, 1.00, 1.00, 2.47],
  tjk_203 = [5.00, 3.82, 5.00, 5.00, 5.00, 1.00, 1.00, 5.00, 4.01, 5.00, 1.00, 1.00, 1.00, 1.00, 2.62, 1.00, 1.00, 4.38, 5.00, 5.00],
  tjk_204 = [1.00, 2.28, 1.00, 5.00, 1.50, 2.94, 5.00, 1.00, 5.00, 1.00, 5.00, 1.00, 5.00, 1.00, 3.42, 5.00, 5.00, 5.00, 1.00, 1.00],
  tjk_205 = [1.00, 5.00, 5.00, 5.00, 5.00, 2.41, 5.00, 5.00, 5.00, 5.00, 5.00, 5.00, 2.91, 5.00, 5.00, 5.00, 5.00, 5.00, 4.94, 1.00],
  tjk_206 = [1.00, 2.68, 3.38, 1.28, 5.00, 1.51, 5.00, 2.24, 5.00, 1.00, 4.95, 5.00, 5.00, 5.00, 3.43, 5.00, 1.00, 5.00, 1.52, 1.00],
  tjk_207 = [2.78, 1.00, 5.00, 4.67, 5.00, 5.00, 5.00, 5.00, 3.52, 5.00, 1.00, 1.96, 5.00, 1.26, 5.00, 2.75, 1.00, 1.00, 5.00, 1.00],
  tjk_208 = [5.00, 5.00, 3.45, 5.00, 5.00, 1.00, 5.00, 5.00, 1.00, 5.00, 1.00, 5.00, 5.00, 1.00, 3.19, 1.00, 5.00, 5.00, 1.00, 2.48],
  tjk_209 = [5.00, 1.00, 1.00, 5.00, 5.00, 5.00, 1.00, 1.00, 2.12, 1.00, 5.00, 1.00, 3.82, 5.00, 5.00, 5.00, 1.00, 1.00, 2.71, 1.00],
  tjk_2010 = [2.22, 1.00, 2.23, 4.80, 1.00, 1.00, 1.00, 1.95, 3.36, 1.00, 1.00, 1.00, 1.00, 2.53, 5.00, 5.00, 2.76, 5.00, 3.58, 5.00],
]

Service Times (¦Î_{jk}^s) = [
  xi_11 = [1.00, 1.00, 8.65, 2.99, 1.00, 7.33, 10.00, 1.00, 10.00, 1.00, 10.00, 1.00, 1.00, 10.00, 10.00, 1.00, 8.65, 1.00, 7.58, 10.00],
  xi_12 = [10.00, 3.57, 1.64, 10.00, 7.61, 2.71, 1.00, 10.00, 10.00, 1.00, 1.00, 1.00, 10.00, 1.73, 1.00, 1.00, 6.92, 10.00, 1.00, 6.35],
  xi_13 = [1.00, 10.00, 1.00, 10.00, 1.00, 1.00, 1.34, 10.00, 10.00, 1.64, 7.39, 1.00, 1.00, 10.00, 6.08, 1.00, 4.90, 10.00, 1.00, 8.43],
  xi_14 = [5.56, 10.00, 1.00, 1.13, 1.00, 10.00, 4.64, 1.63, 10.00, 10.00, 1.00, 10.00, 8.84, 7.73, 10.00, 6.66, 6.88, 2.33, 6.71, 8.29],
  xi_15 = [1.00, 5.00, 10.00, 3.98, 10.00, 8.31, 10.00, 9.78, 9.67, 10.00, 1.00, 10.00, 10.00, 10.00, 2.87, 9.21, 5.33, 10.00, 10.00, 2.46],
  xi_16 = [5.03, 10.00, 7.69, 8.49, 4.82, 1.55, 1.00, 10.00, 1.00, 10.00, 1.00, 10.00, 10.00, 10.00, 7.63, 3.31, 7.30, 10.00, 1.00, 3.67],
  xi_17 = [1.00, 10.00, 1.00, 1.00, 1.51, 6.43, 10.00, 7.34, 1.00, 10.00, 10.00, 9.59, 4.65, 3.08, 1.00, 1.00, 10.00, 1.00, 1.00, 10.00],
  xi_18 = [4.20, 10.00, 10.00, 1.00, 4.53, 10.00, 9.43, 8.39, 1.00, 1.00, 10.00, 10.00, 4.71, 10.00, 10.00, 1.00, 10.00, 10.00, 10.00, 10.00],
  xi_19 = [10.00, 2.75, 2.05, 10.00, 1.00, 10.00, 1.00, 1.00, 10.00, 7.83, 10.00, 4.55, 1.00, 1.00, 10.00, 10.00, 10.00, 1.00, 1.00, 8.12],
  xi_110 = [4.05, 10.00, 10.00, 4.70, 1.00, 1.00, 5.58, 1.00, 1.00, 7.81, 10.00, 1.00, 7.30, 10.00, 6.24, 6.19, 1.00, 1.00, 6.22, 10.00],
  xi_21 = [1.00, 1.00, 7.06, 6.47, 3.27, 1.83, 1.00, 1.00, 2.57, 8.08, 6.19, 1.00, 1.00, 1.78, 3.65, 1.00, 1.00, 1.00, 2.40, 9.09],
  xi_22 = [1.00, 3.69, 1.00, 1.00, 1.00, 2.34, 5.68, 1.47, 9.67, 10.00, 1.00, 10.00, 5.25, 1.00, 1.00, 9.89, 1.00, 1.00, 10.00, 1.00],
  xi_23 = [10.00, 4.92, 1.00, 6.38, 3.56, 1.00, 5.99, 9.01, 2.36, 4.11, 1.00, 1.96, 2.72, 1.00, 4.35, 9.88, 10.00, 9.85, 1.00, 1.00],
  xi_24 = [2.92, 2.39, 3.47, 6.83, 9.67, 1.00, 2.60, 5.20, 4.44, 1.00, 2.12, 10.00, 1.87, 1.49, 1.00, 1.00, 1.00, 1.10, 1.92, 2.87],
  xi_25 = [1.00, 1.00, 1.00, 1.00, 1.00, 1.00, 1.00, 1.00, 1.80, 10.00, 1.00, 1.00, 9.50, 9.59, 1.00, 1.00, 1.00, 1.00, 7.83, 1.00],
  xi_26 = [1.00, 1.00, 5.75, 1.00, 2.63, 9.06, 1.00, 3.66, 6.52, 6.53, 10.00, 8.34, 4.40, 1.00, 1.00, 1.00, 10.00, 1.96, 4.63, 5.36],
  xi_27 = [1.00, 5.67, 8.62, 9.94, 8.45, 1.20, 1.00, 5.62, 1.00, 1.00, 1.00, 1.00, 1.00, 1.00, 1.41, 1.00, 1.43, 3.62, 1.10, 1.00],
  xi_28 = [1.00, 1.00, 8.95, 1.40, 1.00, 1.00, 6.70, 5.25, 8.94, 1.00, 6.46, 10.00, 1.00, 9.28, 1.00, 10.00, 1.00, 1.00, 6.63, 1.00],
  xi_29 = [1.00, 1.11, 1.00, 3.79, 3.20, 4.49, 1.00, 1.56, 1.00, 1.00, 1.00, 2.44, 5.46, 7.64, 8.23, 1.00, 9.45, 1.00, 7.94, 3.02],
  xi_210 = [4.98, 7.34, 5.45, 1.00, 7.01, 1.00, 1.00, 1.00, 1.20, 4.59, 1.00, 1.95, 7.04, 10.00, 4.44, 1.00, 2.05, 6.62, 1.00, 9.11],
  xi_31 = [2.31, 1.00, 1.00, 9.11, 10.00, 1.00, 10.00, 10.00, 10.00, 10.00, 1.00, 3.93, 1.00, 1.00, 7.42, 1.00, 10.00, 10.00, 1.00, 10.00],
  xi_32 = [10.00, 10.00, 1.00, 10.00, 1.00, 1.00, 10.00, 10.00, 1.00, 1.00, 8.76, 10.00, 8.75, 4.16, 4.97, 1.00, 10.00, 2.30, 1.00, 1.00],
  xi_33 = [1.00, 10.00, 10.00, 1.00, 9.68, 8.59, 1.00, 10.00, 1.00, 1.00, 10.00, 1.00, 6.70, 10.00, 10.00, 1.00, 1.00, 1.00, 10.00, 1.00],
  xi_34 = [1.97, 1.00, 7.70, 5.84, 1.00, 10.00, 10.00, 10.00, 6.44, 5.34, 10.00, 7.48, 10.00, 1.00, 1.00, 1.00, 10.00, 1.00, 3.54, 5.64],
  xi_35 = [1.00, 1.00, 10.00, 1.00, 10.00, 8.67, 1.00, 1.00, 10.00, 1.00, 1.00, 10.00, 5.58, 1.00, 10.00, 1.33, 1.87, 10.00, 7.28, 10.00],
  xi_36 = [3.68, 1.20, 10.00, 1.00, 1.00, 10.00, 10.00, 3.95, 5.75, 1.00, 10.00, 10.00, 1.00, 1.00, 10.00, 1.00, 1.00, 10.00, 10.00, 1.00],
  xi_37 = [9.33, 4.75, 1.00, 1.97, 1.00, 7.34, 10.00, 1.00, 9.83, 1.00, 1.00, 10.00, 5.72, 1.00, 8.40, 1.00, 1.00, 10.00, 1.00, 7.76],
  xi_38 = [10.00, 1.00, 10.00, 1.00, 6.09, 5.09, 6.97, 1.00, 4.18, 1.00, 10.00, 10.00, 10.00, 1.31, 1.00, 3.96, 10.00, 4.33, 1.00, 9.46],
  xi_39 = [10.00, 6.30, 10.00, 1.00, 1.00, 8.48, 10.00, 1.00, 10.00, 1.80, 10.00, 1.00, 1.00, 1.00, 1.00, 10.00, 1.00, 8.00, 10.00, 1.00],
  xi_310 = [1.00, 1.03, 10.00, 1.03, 10.00, 4.57, 9.32, 3.97, 10.00, 7.12, 1.00, 10.00, 6.94, 8.54, 2.22, 1.00, 10.00, 10.00, 10.00, 1.00],
  xi_41 = [8.87, 7.06, 8.88, 2.72, 7.48, 10.00, 10.00, 10.00, 1.00, 10.00, 10.00, 1.00, 5.26, 1.92, 10.00, 10.00, 3.57, 1.00, 1.00, 1.00],
  xi_42 = [4.86, 1.81, 10.00, 3.41, 5.40, 10.00, 8.68, 1.61, 7.78, 10.00, 10.00, 4.84, 1.00, 1.00, 10.00, 10.00, 1.00, 1.00, 3.44, 1.00],
  xi_43 = [10.00, 1.23, 6.95, 1.52, 3.49, 10.00, 8.43, 10.00, 1.00, 1.00, 1.00, 7.62, 6.05, 1.00, 8.36, 9.46, 1.00, 10.00, 10.00, 3.35],
  xi_44 = [10.00, 10.00, 1.68, 1.08, 5.94, 10.00, 7.98, 10.00, 10.00, 8.74, 3.86, 10.00, 1.00, 1.00, 10.00, 10.00, 10.00, 4.61, 6.87, 5.58],
  xi_45 = [4.57, 1.00, 9.24, 1.00, 10.00, 10.00, 1.00, 10.00, 1.00, 1.03, 10.00, 10.00, 7.38, 9.12, 10.00, 10.00, 6.48, 10.00, 9.78, 5.21],
  xi_46 = [1.00, 10.00, 1.54, 1.00, 1.00, 10.00, 1.00, 10.00, 1.00, 1.00, 1.00, 10.00, 10.00, 1.00, 2.86, 10.00, 10.00, 3.42, 8.42, 1.00],
  xi_47 = [1.00, 10.00, 10.00, 1.00, 1.00, 1.00, 2.55, 1.00, 1.00, 10.00, 4.31, 3.91, 1.00, 8.58, 7.12, 1.00, 10.00, 3.50, 1.00, 3.13],
  xi_48 = [10.00, 10.00, 1.00, 1.00, 4.21, 1.00, 10.00, 3.92, 10.00, 10.00, 1.57, 1.00, 10.00, 6.66, 7.82, 10.00, 1.00, 10.00, 6.58, 1.04],
  xi_49 = [10.00, 10.00, 10.00, 1.00, 10.00, 5.31, 10.00, 10.00, 4.46, 6.30, 10.00, 2.19, 1.00, 8.21, 7.23, 1.00, 1.00, 7.96, 10.00, 1.00],
  xi_410 = [1.00, 2.97, 8.66, 10.00, 10.00, 10.00, 1.00, 1.00, 3.91, 10.00, 1.00, 10.00, 1.00, 1.76, 10.00, 10.00, 10.00, 8.64, 7.25, 1.00],
  xi_51 = [5.70, 1.00, 1.00, 1.00, 5.57, 8.88, 7.56, 1.00, 1.00, 1.00, 1.00, 7.00, 1.00, 1.52, 1.00, 1.00, 3.68, 7.08, 1.00, 1.00],
  xi_52 = [3.55, 1.00, 2.83, 2.44, 10.00, 3.89, 1.00, 10.00, 6.51, 3.72, 4.59, 4.20, 7.95, 10.00, 10.00, 10.00, 4.14, 6.94, 1.00, 10.00],
  xi_53 = [1.00, 3.80, 4.59, 1.00, 3.83, 10.00, 1.00, 1.75, 2.05, 1.00, 1.30, 2.49, 7.01, 1.00, 4.85, 1.00, 1.72, 5.25, 8.53, 1.98],
  xi_54 = [1.42, 1.00, 1.06, 3.76, 1.00, 1.00, 6.15, 4.68, 1.00, 5.94, 1.00, 1.00, 1.00, 10.00, 1.00, 3.30, 1.00, 1.82, 3.22, 1.00],
  xi_55 = [10.00, 10.00, 1.00, 7.17, 1.00, 1.00, 1.00, 1.00, 3.53, 1.00, 10.00, 6.47, 5.06, 1.00, 2.42, 10.00, 5.66, 7.07, 1.00, 1.00],
  xi_56 = [1.00, 1.00, 1.00, 1.50, 1.00, 1.00, 1.00, 1.32, 3.20, 7.83, 1.23, 1.46, 1.00, 10.00, 1.00, 4.15, 1.00, 1.00, 1.00, 10.00],
  xi_57 = [1.51, 1.00, 10.00, 1.00, 1.00, 8.93, 1.00, 2.27, 5.67, 1.00, 1.00, 1.00, 2.76, 4.08, 1.00, 5.12, 1.00, 3.24, 3.21, 1.00],
  xi_58 = [1.00, 2.76, 5.72, 1.00, 1.00, 1.00, 1.11, 1.00, 1.15, 5.92, 4.90, 1.00, 3.46, 6.18, 3.51, 6.98, 2.59, 6.38, 4.80, 1.00],
  xi_59 = [2.49, 1.00, 1.38, 5.29, 4.41, 1.00, 1.00, 1.51, 1.00, 9.71, 1.00, 4.16, 1.00, 2.21, 1.00, 1.00, 2.97, 5.78, 1.00, 8.79],
  xi_510 = [1.00, 2.65, 3.61, 7.98, 1.00, 1.00, 1.00, 1.00, 1.00, 1.95, 1.00, 7.43, 1.37, 3.26, 1.00, 10.00, 1.00, 3.90, 1.00, 10.00],
  xi_61 = [10.00, 10.00, 1.00, 10.00, 10.00, 1.00, 10.00, 1.00, 6.40, 10.00, 1.65, 2.09, 4.59, 10.00, 3.25, 9.43, 3.78, 5.50, 1.00, 10.00],
  xi_62 = [1.00, 8.27, 10.00, 8.43, 1.00, 1.00, 10.00, 1.00, 7.09, 1.00, 1.45, 3.43, 9.93, 1.00, 1.00, 6.64, 9.69, 10.00, 1.00, 7.01],
  xi_63 = [7.69, 1.00, 10.00, 1.00, 1.00, 1.00, 1.59, 1.00, 10.00, 10.00, 10.00, 10.00, 10.00, 7.39, 9.39, 5.29, 1.00, 2.77, 10.00, 1.00],
  xi_64 = [1.00, 1.00, 10.00, 6.98, 4.51, 10.00, 8.42, 1.00, 1.00, 10.00, 8.08, 8.01, 10.00, 4.50, 10.00, 10.00, 1.00, 1.00, 1.42, 1.21],
  xi_65 = [4.51, 10.00, 6.90, 10.00, 3.81, 10.00, 3.83, 10.00, 10.00, 10.00, 2.10, 1.00, 5.88, 10.00, 1.00, 8.98, 1.00, 3.41, 10.00, 10.00],
  xi_66 = [7.68, 9.99, 1.00, 10.00, 10.00, 9.33, 10.00, 1.00, 2.95, 1.00, 3.06, 2.59, 1.00, 1.00, 1.00, 1.55, 1.00, 6.15, 9.25, 1.00],
  xi_67 = [1.00, 10.00, 10.00, 10.00, 7.07, 10.00, 3.24, 10.00, 1.00, 9.38, 1.00, 2.43, 9.83, 2.45, 1.00, 5.91, 10.00, 1.00, 3.46, 6.65],
  xi_68 = [10.00, 2.56, 10.00, 1.84, 1.37, 6.06, 6.55, 1.00, 1.00, 1.00, 1.00, 1.91, 5.51, 10.00, 1.00, 6.23, 1.00, 1.00, 1.79, 1.00],
  xi_69 = [1.00, 10.00, 3.68, 1.00, 10.00, 10.00, 1.00, 1.90, 10.00, 10.00, 10.00, 10.00, 10.00, 5.10, 2.67, 6.07, 8.80, 1.00, 10.00, 10.00],
  xi_610 = [1.96, 9.18, 1.00, 1.00, 10.00, 1.02, 4.31, 10.00, 1.00, 10.00, 10.00, 10.00, 10.00, 10.00, 10.00, 5.04, 4.93, 10.00, 4.00, 1.00],
  xi_71 = [1.00, 1.00, 1.00, 6.36, 1.00, 1.00, 8.94, 3.79, 2.63, 1.00, 10.00, 10.00, 10.00, 1.00, 10.00, 4.51, 10.00, 10.00, 9.06, 9.54],
  xi_72 = [1.00, 1.00, 10.00, 2.31, 2.20, 10.00, 1.00, 1.00, 10.00, 9.95, 4.49, 1.00, 10.00, 6.77, 1.00, 10.00, 1.00, 10.00, 8.43, 1.00],
  xi_73 = [1.00, 2.38, 1.00, 10.00, 10.00, 1.00, 1.00, 10.00, 1.00, 1.00, 10.00, 10.00, 5.74, 5.98, 10.00, 1.00, 9.23, 1.00, 1.00, 3.93],
  xi_74 = [10.00, 2.44, 1.07, 10.00, 1.00, 8.15, 10.00, 1.00, 1.00, 10.00, 6.56, 6.82, 5.13, 3.55, 9.58, 10.00, 1.00, 5.88, 7.47, 10.00],
  xi_75 = [1.99, 1.00, 10.00, 1.00, 10.00, 10.00, 10.00, 7.52, 4.17, 10.00, 10.00, 1.00, 1.00, 1.00, 3.81, 1.00, 8.06, 1.00, 1.00, 1.00],
  xi_76 = [10.00, 7.18, 10.00, 10.00, 10.00, 6.10, 10.00, 6.23, 9.72, 1.00, 1.00, 5.03, 1.00, 6.10, 10.00, 1.00, 10.00, 10.00, 10.00, 9.72],
  xi_77 = [2.07, 3.50, 1.00, 10.00, 1.00, 3.39, 1.00, 1.00, 1.00, 1.53, 1.00, 1.00, 9.30, 1.00, 10.00, 10.00, 10.00, 10.00, 10.00, 9.93],
  xi_78 = [10.00, 3.22, 1.00, 1.18, 7.88, 9.47, 10.00, 1.00, 9.72, 10.00, 10.00, 10.00, 5.52, 4.96, 5.22, 10.00, 1.00, 1.00, 10.00, 10.00],
  xi_79 = [1.53, 10.00, 10.00, 10.00, 7.57, 1.00, 10.00, 1.00, 10.00, 1.00, 10.00, 10.00, 5.40, 1.00, 10.00, 10.00, 1.00, 5.16, 10.00, 2.85],
  xi_710 = [1.00, 10.00, 10.00, 4.40, 1.00, 7.37, 1.00, 6.12, 1.00, 10.00, 1.00, 10.00, 10.00, 7.44, 10.00, 8.60, 2.08, 1.00, 4.64, 10.00],
  xi_81 = [5.60, 10.00, 9.34, 1.00, 10.00, 1.00, 1.00, 5.81, 10.00, 1.00, 1.00, 1.00, 10.00, 1.00, 1.00, 5.53, 2.97, 1.00, 10.00, 1.00],
  xi_82 = [10.00, 10.00, 2.48, 10.00, 1.00, 1.00, 10.00, 10.00, 10.00, 9.74, 1.00, 10.00, 10.00, 10.00, 1.00, 7.24, 1.00, 10.00, 10.00, 10.00],
  xi_83 = [1.00, 1.00, 10.00, 10.00, 10.00, 10.00, 10.00, 1.00, 9.74, 10.00, 10.00, 10.00, 10.00, 10.00, 1.00, 1.27, 1.00, 10.00, 10.00, 10.00],
  xi_84 = [1.00, 1.00, 10.00, 1.00, 1.00, 1.00, 1.00, 8.47, 10.00, 10.00, 1.64, 1.00, 10.00, 1.00, 7.00, 10.00, 10.00, 10.00, 8.58, 10.00],
  xi_85 = [10.00, 1.00, 4.49, 10.00, 1.00, 1.00, 10.00, 10.00, 4.45, 10.00, 9.84, 10.00, 10.00, 1.00, 10.00, 10.00, 1.00, 1.00, 1.00, 10.00],
  xi_86 = [10.00, 10.00, 10.00, 10.00, 3.35, 1.00, 5.54, 10.00, 1.00, 10.00, 10.00, 5.11, 10.00, 10.00, 10.00, 1.00, 5.62, 8.71, 10.00, 1.00],
  xi_87 = [10.00, 1.00, 1.00, 10.00, 1.00, 10.00, 3.57, 10.00, 10.00, 9.57, 2.89, 1.00, 10.00, 10.00, 10.00, 10.00, 9.12, 1.00, 10.00, 10.00],
  xi_88 = [5.58, 1.00, 10.00, 5.06, 10.00, 10.00, 10.00, 8.70, 1.00, 10.00, 10.00, 1.00, 8.65, 10.00, 1.00, 10.00, 10.00, 10.00, 10.00, 10.00],
  xi_89 = [10.00, 10.00, 10.00, 10.00, 10.00, 10.00, 5.13, 1.00, 1.00, 10.00, 10.00, 1.00, 1.00, 8.20, 10.00, 1.00, 4.69, 10.00, 1.00, 5.89],
  xi_810 = [10.00, 10.00, 1.00, 9.00, 1.00, 8.33, 1.00, 1.00, 10.00, 4.75, 1.00, 10.00, 3.46, 5.56, 6.74, 8.90, 10.00, 10.00, 3.72, 10.00],
  xi_91 = [1.70, 6.54, 1.50, 1.00, 1.00, 1.00, 1.00, 10.00, 4.82, 10.00, 10.00, 2.39, 1.00, 9.32, 1.27, 10.00, 10.00, 1.00, 10.00, 10.00],
  xi_92 = [10.00, 5.37, 1.00, 10.00, 1.00, 1.00, 10.00, 10.00, 10.00, 10.00, 1.26, 10.00, 6.77, 10.00, 10.00, 10.00, 1.00, 10.00, 10.00, 1.00],
  xi_93 = [1.00, 10.00, 10.00, 1.00, 6.81, 10.00, 10.00, 10.00, 8.56, 10.00, 1.00, 10.00, 10.00, 7.26, 1.00, 5.32, 10.00, 10.00, 10.00, 10.00],
  xi_94 = [2.71, 7.42, 3.12, 1.00, 10.00, 1.22, 8.72, 1.00, 10.00, 1.00, 4.72, 10.00, 1.00, 2.75, 1.00, 2.02, 6.08, 10.00, 10.00, 8.57],
  xi_95 = [10.00, 1.00, 1.00, 7.83, 1.00, 1.00, 10.00, 10.00, 10.00, 1.00, 10.00, 10.00, 9.49, 1.00, 1.00, 10.00, 1.00, 5.86, 10.00, 4.45],
  xi_96 = [5.04, 2.88, 10.00, 10.00, 1.00, 10.00, 1.00, 1.00, 10.00, 10.00, 1.00, 10.00, 1.00, 2.84, 1.00, 1.00, 1.00, 8.67, 10.00, 1.00],
  xi_97 = [10.00, 4.57, 1.00, 10.00, 4.75, 1.00, 10.00, 10.00, 10.00, 1.00, 3.79, 10.00, 6.57, 1.00, 1.00, 7.65, 10.00, 1.00, 10.00, 1.00],
  xi_98 = [1.00, 10.00, 2.36, 1.00, 10.00, 4.46, 1.00, 10.00, 10.00, 1.00, 10.00, 10.00, 1.00, 10.00, 10.00, 1.00, 5.07, 1.07, 1.00, 10.00],
  xi_99 = [5.23, 10.00, 10.00, 6.27, 10.00, 10.00, 10.00, 1.04, 10.00, 10.00, 10.00, 10.00, 1.00, 10.00, 9.68, 7.51, 5.95, 10.00, 10.00, 10.00],
  xi_910 = [1.00, 10.00, 8.64, 1.00, 10.00, 4.89, 2.58, 1.00, 1.00, 10.00, 10.00, 10.00, 1.00, 1.32, 1.00, 1.00, 1.00, 10.00, 1.00, 10.00],
  xi_101 = [5.65, 1.00, 1.00, 1.00, 1.00, 10.00, 10.00, 1.00, 10.00, 9.73, 1.00, 10.00, 1.00, 10.00, 1.00, 10.00, 9.93, 10.00, 10.00, 2.64],
  xi_102 = [2.43, 1.00, 1.00, 8.53, 5.66, 3.67, 1.00, 1.00, 10.00, 10.00, 1.00, 10.00, 1.00, 10.00, 10.00, 10.00, 5.96, 10.00, 1.30, 10.00],
  xi_103 = [10.00, 1.00, 1.00, 10.00, 1.00, 6.42, 1.00, 1.00, 10.00, 1.00, 1.00, 1.00, 3.82, 5.10, 7.64, 10.00, 1.00, 1.00, 10.00, 10.00],
  xi_104 = [2.50, 1.00, 10.00, 10.00, 1.00, 1.00, 10.00, 3.37, 8.46, 1.00, 5.28, 8.08, 1.00, 1.00, 1.12, 3.38, 1.00, 1.00, 10.00, 10.00],
  xi_105 = [1.74, 1.00, 10.00, 8.77, 4.25, 10.00, 1.00, 6.04, 10.00, 10.00, 10.00, 1.00, 10.00, 4.58, 10.00, 1.00, 1.00, 7.48, 10.00, 10.00],
  xi_106 = [3.43, 1.00, 8.44, 1.00, 1.00, 1.00, 2.26, 5.24, 1.00, 1.00, 10.00, 1.00, 7.16, 3.05, 1.00, 1.00, 3.49, 10.00, 10.00, 10.00],
  xi_107 = [1.00, 1.00, 6.45, 9.54, 1.00, 2.11, 10.00, 10.00, 10.00, 10.00, 10.00, 10.00, 9.30, 8.24, 10.00, 10.00, 1.00, 1.00, 6.46, 1.00],
  xi_108 = [10.00, 10.00, 10.00, 10.00, 10.00, 10.00, 3.31, 1.00, 2.09, 10.00, 10.00, 10.00, 1.00, 2.28, 1.00, 1.00, 10.00, 4.25, 10.00, 10.00],
  xi_109 = [8.89, 1.00, 10.00, 10.00, 8.66, 6.26, 10.00, 10.00, 1.00, 10.00, 9.96, 1.00, 1.00, 1.59, 10.00, 2.50, 1.00, 10.00, 4.91, 2.25],
  xi_1010 = [1.00, 10.00, 1.00, 1.00, 2.55, 8.82, 1.00, 1.00, 4.95, 10.00, 1.00, 1.88, 1.00, 10.00, 1.00, 9.30, 1.00, 10.00, 10.00, 3.08],
  xi_111 = [1.00, 7.72, 10.00, 8.70, 3.86, 10.00, 10.00, 6.26, 1.00, 1.00, 9.99, 10.00, 1.00, 4.09, 10.00, 10.00, 1.00, 6.65, 2.95, 10.00],
  xi_112 = [1.00, 10.00, 4.96, 1.00, 10.00, 6.53, 1.00, 7.44, 1.45, 10.00, 10.00, 3.32, 10.00, 4.83, 1.00, 4.25, 1.00, 1.00, 10.00, 1.85],
  xi_113 = [10.00, 1.00, 4.46, 10.00, 9.59, 10.00, 10.00, 4.75, 1.00, 10.00, 4.09, 9.55, 5.64, 10.00, 10.00, 10.00, 9.24, 1.00, 10.00, 10.00],
  xi_114 = [1.00, 1.00, 1.00, 10.00, 1.00, 1.00, 8.37, 10.00, 10.00, 1.00, 8.33, 1.00, 10.00, 1.00, 1.00, 1.00, 10.00, 2.78, 10.00, 1.00],
  xi_115 = [5.87, 3.80, 4.16, 10.00, 3.01, 10.00, 8.90, 1.00, 1.00, 9.58, 1.00, 1.00, 1.00, 10.00, 1.00, 10.00, 1.36, 8.71, 1.00, 7.74],
  xi_116 = [1.84, 10.00, 1.00, 10.00, 10.00, 10.00, 10.00, 1.00, 3.80, 10.00, 10.00, 2.81, 1.00, 7.07, 10.00, 1.00, 10.00, 5.19, 10.00, 7.52],
  xi_117 = [10.00, 10.00, 10.00, 10.00, 1.00, 1.00, 1.00, 1.00, 1.00, 10.00, 10.00, 10.00, 10.00, 10.00, 1.00, 10.00, 6.44, 10.00, 10.00, 1.00],
  xi_118 = [10.00, 1.00, 10.00, 10.00, 10.00, 10.00, 10.00, 10.00, 6.67, 1.31, 1.00, 10.00, 1.00, 4.19, 1.00, 10.00, 1.00, 10.00, 1.00, 1.82],
  xi_119 = [1.00, 1.39, 1.00, 1.00, 10.00, 4.67, 4.89, 10.00, 9.18, 7.82, 10.00, 1.00, 10.00, 10.00, 1.00, 10.00, 1.00, 2.70, 10.00, 10.00],
  xi_1110 = [10.00, 10.00, 9.01, 5.68, 1.00, 10.00, 1.00, 10.00, 1.00, 10.00, 6.41, 1.00, 10.00, 7.54, 10.00, 10.00, 1.00, 3.47, 8.29, 1.00],
  xi_121 = [7.34, 9.29, 10.00, 1.00, 1.00, 1.00, 1.00, 8.19, 10.00, 8.82, 1.00, 1.00, 10.00, 3.34, 1.00, 10.00, 1.00, 10.00, 1.00, 1.00],
  xi_122 = [1.00, 10.00, 10.00, 1.00, 1.00, 10.00, 4.58, 10.00, 1.55, 3.56, 1.00, 10.00, 10.00, 3.19, 8.76, 1.00, 1.00, 10.00, 10.00, 10.00],
  xi_123 = [1.00, 3.10, 10.00, 10.00, 7.53, 10.00, 1.00, 10.00, 10.00, 1.00, 2.65, 1.00, 8.63, 1.00, 1.00, 1.24, 3.33, 1.00, 1.00, 10.00],
  xi_124 = [1.00, 1.00, 7.20, 7.72, 10.00, 1.00, 7.81, 3.04, 10.00, 3.69, 10.00, 6.52, 7.60, 1.00, 1.69, 1.00, 10.00, 3.05, 8.31, 1.00],
  xi_125 = [10.00, 1.00, 1.00, 6.65, 1.00, 10.00, 10.00, 8.36, 1.00, 7.91, 10.00, 10.00, 1.00, 10.00, 1.00, 9.58, 1.00, 1.00, 10.00, 1.00],
  xi_126 = [1.00, 1.00, 10.00, 8.74, 10.00, 1.00, 10.00, 7.20, 1.00, 1.00, 1.00, 7.61, 2.78, 2.19, 6.81, 1.00, 5.35, 5.86, 10.00, 4.32],
  xi_127 = [10.00, 4.66, 1.00, 5.72, 10.00, 4.51, 1.00, 10.00, 10.00, 10.00, 8.77, 1.00, 10.00, 1.00, 6.45, 10.00, 6.28, 1.00, 10.00, 1.00],
  xi_128 = [1.00, 1.00, 10.00, 1.00, 4.15, 1.00, 1.00, 10.00, 1.00, 10.00, 1.00, 10.00, 10.00, 3.10, 1.00, 10.00, 1.00, 1.00, 10.00, 1.00],
  xi_129 = [4.51, 10.00, 1.00, 1.44, 2.76, 8.05, 1.00, 10.00, 10.00, 10.00, 1.00, 1.00, 3.76, 1.00, 1.81, 1.00, 5.14, 1.00, 10.00, 1.00],
  xi_1210 = [1.00, 4.39, 1.00, 5.71, 10.00, 1.00, 10.00, 1.00, 10.00, 1.00, 1.00, 1.00, 10.00, 1.00, 4.90, 10.00, 2.66, 5.38, 6.24, 6.73],
  xi_131 = [5.44, 7.41, 1.00, 1.00, 1.00, 1.00, 2.50, 1.00, 10.00, 6.18, 1.00, 6.30, 1.00, 1.00, 10.00, 1.00, 7.70, 8.69, 10.00, 10.00],
  xi_132 = [1.00, 10.00, 1.18, 10.00, 10.00, 1.00, 1.00, 9.56, 1.00, 10.00, 1.00, 10.00, 10.00, 1.00, 1.00, 10.00, 10.00, 1.00, 1.00, 10.00],
  xi_133 = [1.00, 10.00, 1.00, 6.21, 1.00, 1.00, 3.40, 4.01, 1.00, 10.00, 7.83, 10.00, 1.00, 1.00, 3.59, 7.77, 1.00, 10.00, 10.00, 1.00],
  xi_134 = [9.23, 5.04, 4.77, 1.00, 1.00, 1.91, 5.45, 10.00, 9.57, 1.00, 8.02, 10.00, 5.41, 1.00, 1.00, 1.00, 2.28, 1.00, 5.02, 1.00],
  xi_135 = [1.62, 1.25, 9.66, 10.00, 10.00, 10.00, 8.59, 7.25, 1.00, 7.20, 7.18, 9.68, 1.00, 3.85, 7.08, 10.00, 9.14, 1.00, 10.00, 1.00],
  xi_136 = [5.25, 1.00, 10.00, 10.00, 10.00, 1.00, 9.51, 7.61, 10.00, 10.00, 10.00, 4.69, 10.00, 2.94, 10.00, 6.63, 1.00, 10.00, 10.00, 1.94],
  xi_137 = [1.00, 6.90, 1.00, 10.00, 10.00, 1.00, 1.00, 10.00, 10.00, 4.47, 1.00, 1.00, 6.22, 1.01, 1.00, 4.79, 10.00, 10.00, 1.00, 9.11],
  xi_138 = [1.00, 6.96, 10.00, 10.00, 10.00, 10.00, 1.00, 1.00, 1.00, 4.26, 10.00, 2.52, 10.00, 1.00, 10.00, 1.00, 1.00, 1.00, 9.89, 6.01],
  xi_139 = [6.38, 1.00, 1.00, 1.00, 10.00, 1.00, 10.00, 1.00, 1.00, 2.61, 10.00, 8.91, 6.13, 10.00, 10.00, 10.00, 1.00, 1.00, 2.08, 3.77],
  xi_1310 = [1.00, 10.00, 1.00, 10.00, 10.00, 10.00, 8.82, 1.83, 1.00, 10.00, 10.00, 1.00, 1.00, 10.00, 1.00, 1.00, 10.00, 10.00, 10.00, 10.00],
  xi_141 = [3.41, 1.00, 9.79, 3.54, 1.00, 10.00, 1.00, 1.00, 3.21, 1.00, 4.27, 1.00, 9.86, 1.00, 1.00, 1.00, 1.00, 1.00, 6.44, 1.00],
  xi_142 = [1.00, 7.87, 5.22, 4.46, 1.00, 1.00, 4.56, 10.00, 1.00, 4.07, 1.00, 3.51, 5.53, 1.00, 10.00, 1.00, 10.00, 6.46, 1.00, 1.00],
  xi_143 = [4.44, 1.20, 1.00, 1.00, 1.00, 1.00, 1.00, 1.00, 6.34, 2.29, 1.00, 1.00, 7.85, 10.00, 5.08, 4.44, 1.51, 1.00, 4.94, 2.45],
  xi_144 = [8.84, 1.00, 1.00, 4.28, 10.00, 10.00, 1.00, 3.99, 8.17, 1.00, 1.00, 1.00, 4.66, 1.00, 1.00, 1.00, 1.00, 7.75, 1.00, 4.94],
  xi_145 = [5.53, 5.98, 3.28, 1.00, 4.16, 1.00, 1.00, 1.92, 10.00, 1.00, 7.42, 3.15, 1.00, 5.46, 1.00, 5.79, 8.70, 1.00, 3.47, 7.04],
  xi_146 = [1.00, 2.96, 3.79, 4.81, 1.00, 1.00, 9.62, 1.00, 7.11, 8.47, 1.07, 1.00, 1.00, 5.44, 1.00, 1.00, 1.00, 1.00, 1.00, 1.99],
  xi_147 = [1.00, 1.82, 1.00, 3.63, 7.72, 1.00, 7.66, 2.86, 1.00, 5.91, 7.33, 5.41, 10.00, 1.00, 2.14, 3.84, 2.17, 1.73, 7.83, 2.88],
  xi_148 = [8.00, 9.33, 1.00, 4.13, 6.06, 4.94, 5.16, 10.00, 1.00, 6.69, 6.75, 5.45, 4.16, 2.98, 5.45, 9.55, 5.65, 1.09, 1.80, 1.00],
  xi_149 = [5.74, 3.75, 6.73, 7.51, 6.09, 1.54, 2.62, 3.97, 1.00, 1.35, 1.00, 2.20, 6.02, 4.35, 1.00, 1.46, 1.09, 1.00, 1.67, 8.10],
  xi_1410 = [9.67, 1.00, 1.32, 8.57, 4.98, 1.32, 4.38, 5.65, 1.00, 3.89, 4.35, 1.00, 1.28, 10.00, 2.00, 4.13, 3.86, 1.00, 1.00, 10.00],
  xi_151 = [1.00, 1.00, 10.00, 2.45, 2.12, 6.13, 7.19, 1.00, 6.35, 1.00, 6.51, 1.00, 1.00, 10.00, 4.15, 1.00, 4.00, 4.83, 1.00, 1.00],
  xi_152 = [1.00, 7.54, 1.00, 1.00, 1.00, 6.61, 1.00, 5.47, 1.00, 5.65, 10.00, 1.00, 1.98, 1.00, 1.00, 4.23, 6.18, 1.00, 10.00, 3.38],
  xi_153 = [3.52, 1.00, 7.71, 1.00, 1.00, 1.91, 5.89, 1.00, 1.00, 1.00, 1.00, 1.00, 1.00, 2.54, 3.21, 4.34, 6.52, 1.00, 1.00, 1.00],
  xi_154 = [1.00, 10.00, 5.03, 1.00, 1.00, 3.59, 1.00, 1.00, 1.00, 10.00, 4.44, 1.76, 1.00, 1.00, 2.58, 3.36, 4.97, 7.52, 4.26, 1.00],
  xi_155 = [5.11, 10.00, 4.28, 4.72, 1.00, 4.72, 4.31, 6.47, 7.24, 7.65, 3.27, 1.00, 1.00, 5.14, 3.39, 1.00, 1.00, 3.55, 8.37, 3.67],
  xi_156 = [5.76, 2.09, 1.41, 1.00, 1.00, 2.41, 1.00, 1.68, 1.00, 3.13, 1.00, 10.00, 4.04, 3.95, 1.00, 1.00, 1.00, 1.00, 5.99, 5.17],
  xi_157 = [3.38, 10.00, 1.16, 1.77, 1.00, 10.00, 2.43, 1.00, 1.00, 1.00, 1.00, 5.65, 1.00, 1.00, 10.00, 4.04, 1.00, 4.30, 9.86, 2.64],
  xi_158 = [4.24, 8.24, 1.29, 1.00, 10.00, 10.00, 1.00, 7.57, 6.73, 1.25, 1.00, 1.00, 1.00, 4.71, 7.29, 5.90, 9.86, 1.00, 1.16, 1.00],
  xi_159 = [5.03, 1.00, 2.97, 1.00, 1.00, 3.64, 2.71, 2.13, 6.41, 9.34, 3.81, 1.00, 1.00, 1.00, 5.39, 1.00, 10.00, 2.64, 1.00, 8.18],
  xi_1510 = [2.80, 1.00, 10.00, 7.38, 1.00, 1.02, 1.00, 1.00, 10.00, 1.00, 9.35, 10.00, 1.90, 1.00, 6.45, 6.57, 2.60, 2.64, 6.71, 7.78],
  xi_161 = [1.00, 10.00, 10.00, 7.09, 10.00, 1.00, 1.00, 3.22, 1.00, 10.00, 2.61, 10.00, 10.00, 10.00, 10.00, 10.00, 10.00, 1.00, 10.00, 1.00],
  xi_162 = [10.00, 1.00, 10.00, 10.00, 1.00, 10.00, 10.00, 1.00, 1.64, 3.93, 7.45, 1.00, 1.00, 10.00, 9.79, 10.00, 10.00, 8.48, 1.00, 1.00],
  xi_163 = [1.00, 8.52, 1.00, 10.00, 1.63, 10.00, 10.00, 10.00, 10.00, 1.00, 10.00, 10.00, 1.00, 8.32, 10.00, 9.62, 5.78, 1.00, 1.00, 10.00],
  xi_164 = [10.00, 2.55, 10.00, 1.00, 1.00, 1.00, 10.00, 10.00, 1.00, 10.00, 1.00, 2.71, 3.78, 10.00, 10.00, 10.00, 10.00, 10.00, 7.21, 1.00],
  xi_165 = [1.00, 1.00, 1.00, 10.00, 1.00, 10.00, 10.00, 4.16, 8.15, 5.88, 1.00, 10.00, 10.00, 10.00, 1.00, 6.69, 1.92, 10.00, 1.00, 5.17],
  xi_166 = [10.00, 10.00, 10.00, 1.00, 1.00, 3.89, 10.00, 1.00, 1.00, 10.00, 10.00, 10.00, 10.00, 10.00, 1.00, 10.00, 10.00, 3.56, 10.00, 10.00],
  xi_167 = [8.35, 10.00, 1.00, 10.00, 10.00, 10.00, 10.00, 1.00, 10.00, 10.00, 10.00, 10.00, 1.00, 1.11, 10.00, 1.00, 10.00, 10.00, 1.00, 1.00],
  xi_168 = [1.00, 10.00, 5.40, 1.00, 4.58, 10.00, 10.00, 1.00, 1.00, 10.00, 1.00, 10.00, 1.00, 10.00, 1.00, 10.00, 9.03, 10.00, 10.00, 1.00],
  xi_169 = [10.00, 1.00, 10.00, 2.32, 10.00, 10.00, 10.00, 1.00, 10.00, 1.00, 10.00, 3.22, 1.00, 1.00, 10.00, 9.36, 9.66, 10.00, 1.00, 2.14],
  xi_1610 = [1.00, 10.00, 10.00, 1.00, 1.00, 4.75, 1.00, 10.00, 9.29, 1.11, 10.00, 10.00, 10.00, 6.22, 10.00, 1.00, 10.00, 1.00, 10.00, 10.00],
  xi_171 = [10.00, 1.00, 1.00, 6.34, 10.00, 10.00, 10.00, 10.00, 10.00, 1.87, 1.68, 10.00, 10.00, 10.00, 10.00, 9.30, 5.90, 10.00, 10.00, 10.00],
  xi_172 = [1.00, 1.00, 1.00, 1.00, 3.25, 1.00, 1.00, 10.00, 1.00, 3.77, 1.00, 1.00, 1.00, 1.00, 4.65, 1.00, 10.00, 10.00, 1.00, 10.00],
  xi_173 = [1.00, 9.25, 10.00, 1.00, 10.00, 1.00, 10.00, 2.04, 1.00, 1.00, 10.00, 9.31, 1.00, 1.00, 1.00, 10.00, 6.93, 5.25, 1.00, 1.00],
  xi_174 = [10.00, 1.00, 4.18, 6.85, 8.50, 9.18, 10.00, 10.00, 1.00, 1.00, 10.00, 10.00, 1.00, 10.00, 10.00, 3.49, 1.00, 6.48, 10.00, 1.00],
  xi_175 = [10.00, 1.00, 10.00, 1.00, 10.00, 2.09, 1.00, 10.00, 10.00, 1.00, 5.03, 10.00, 1.00, 1.00, 10.00, 10.00, 10.00, 8.63, 1.00, 1.00],
  xi_176 = [1.00, 10.00, 1.00, 1.00, 10.00, 1.00, 10.00, 1.00, 10.00, 1.00, 1.00, 1.00, 1.00, 10.00, 1.00, 1.00, 10.00, 1.00, 10.00, 1.00],
  xi_177 = [10.00, 10.00, 10.00, 1.00, 10.00, 10.00, 1.00, 10.00, 10.00, 2.46, 1.00, 10.00, 2.28, 1.00, 10.00, 10.00, 1.00, 10.00, 1.00, 10.00],
  xi_178 = [10.00, 10.00, 10.00, 10.00, 1.00, 8.86, 9.40, 9.86, 10.00, 10.00, 3.37, 1.00, 10.00, 10.00, 1.00, 10.00, 1.00, 10.00, 10.00, 10.00],
  xi_179 = [10.00, 1.00, 1.39, 1.00, 10.00, 1.00, 10.00, 1.00, 10.00, 1.00, 10.00, 1.00, 1.00, 1.00, 10.00, 1.00, 5.21, 1.00, 10.00, 8.71],
  xi_1710 = [10.00, 10.00, 1.00, 10.00, 10.00, 1.00, 1.00, 10.00, 1.00, 10.00, 1.00, 10.00, 10.00, 2.63, 10.00, 10.00, 5.45, 1.00, 1.00, 1.00],
  xi_181 = [1.00, 10.00, 10.00, 10.00, 10.00, 10.00, 10.00, 10.00, 10.00, 1.00, 10.00, 2.89, 7.11, 8.52, 1.00, 1.22, 9.37, 10.00, 1.00, 1.00],
  xi_182 = [1.00, 10.00, 1.00, 4.96, 10.00, 1.00, 1.00, 1.00, 1.00, 1.00, 10.00, 10.00, 1.00, 1.00, 1.00, 1.00, 10.00, 10.00, 10.00, 1.00],
  xi_183 = [1.00, 1.00, 10.00, 1.00, 1.00, 10.00, 10.00, 10.00, 1.00, 9.56, 10.00, 6.79, 10.00, 2.76, 8.06, 10.00, 10.00, 1.00, 10.00, 2.36],
  xi_184 = [10.00, 1.00, 1.00, 6.77, 10.00, 1.00, 9.60, 10.00, 1.00, 10.00, 10.00, 8.04, 10.00, 1.00, 1.00, 8.15, 10.00, 10.00, 6.35, 10.00],
  xi_185 = [1.00, 10.00, 10.00, 10.00, 1.00, 10.00, 1.00, 1.00, 1.00, 10.00, 2.68, 6.23, 10.00, 1.00, 1.00, 9.00, 1.00, 3.73, 1.00, 10.00],
  xi_186 = [1.00, 1.00, 10.00, 10.00, 10.00, 1.00, 1.00, 10.00, 10.00, 10.00, 7.83, 10.00, 2.45, 10.00, 1.00, 10.00, 6.43, 5.25, 10.00, 1.00],
  xi_187 = [10.00, 1.00, 1.00, 1.00, 3.25, 10.00, 10.00, 10.00, 5.44, 1.00, 1.69, 10.00, 10.00, 6.48, 8.25, 10.00, 10.00, 9.52, 10.00, 1.00],
  xi_188 = [3.24, 1.00, 10.00, 10.00, 10.00, 6.08, 10.00, 1.00, 10.00, 10.00, 1.00, 10.00, 10.00, 10.00, 1.00, 1.00, 3.53, 1.00, 10.00, 1.00],
  xi_189 = [1.00, 1.00, 4.32, 10.00, 10.00, 1.00, 10.00, 1.00, 1.16, 1.00, 1.00, 1.00, 10.00, 10.00, 10.00, 10.00, 10.00, 8.96, 1.00, 1.00],
  xi_1810 = [10.00, 10.00, 2.21, 10.00, 1.00, 1.25, 1.00, 1.00, 1.00, 1.00, 10.00, 2.10, 10.00, 8.43, 1.00, 1.00, 10.00, 10.00, 10.00, 10.00],
  xi_191 = [1.00, 8.30, 1.00, 1.79, 10.00, 10.00, 10.00, 7.58, 7.64, 1.00, 10.00, 7.30, 10.00, 1.00, 10.00, 10.00, 1.00, 10.00, 1.00, 1.00],
  xi_192 = [1.00, 4.49, 10.00, 10.00, 1.53, 10.00, 1.00, 9.61, 1.31, 1.00, 8.33, 10.00, 1.00, 10.00, 6.97, 1.00, 1.00, 10.00, 1.00, 6.11],
  xi_193 = [8.20, 8.97, 7.85, 5.80, 3.42, 9.75, 1.00, 5.33, 1.00, 10.00, 7.19, 1.00, 10.00, 5.17, 1.23, 10.00, 1.00, 8.15, 10.00, 10.00],
  xi_194 = [1.00, 9.20, 10.00, 10.00, 1.00, 1.00, 1.00, 10.00, 1.00, 1.00, 10.00, 2.51, 1.00, 10.00, 1.19, 1.00, 10.00, 1.00, 3.54, 1.00],
  xi_195 = [10.00, 1.00, 10.00, 1.00, 10.00, 10.00, 1.00, 4.44, 10.00, 1.18, 10.00, 10.00, 4.49, 4.45, 3.52, 4.16, 1.00, 7.14, 10.00, 1.90],
  xi_196 = [10.00, 8.18, 8.61, 1.00, 10.00, 1.00, 7.02, 10.00, 1.00, 1.00, 5.49, 1.00, 10.00, 1.00, 10.00, 7.94, 1.00, 10.00, 10.00, 1.00],
  xi_197 = [10.00, 1.00, 8.06, 10.00, 5.61, 3.23, 1.00, 9.60, 1.00, 4.31, 1.00, 10.00, 1.00, 10.00, 4.15, 10.00, 10.00, 10.00, 8.00, 1.00],
  xi_198 = [6.01, 10.00, 10.00, 1.00, 10.00, 1.00, 6.02, 10.00, 1.00, 1.00, 1.00, 1.00, 10.00, 10.00, 2.62, 1.00, 9.83, 5.83, 10.00, 7.92],
  xi_199 = [10.00, 10.00, 1.00, 10.00, 10.00, 1.00, 10.00, 10.00, 1.00, 10.00, 10.00, 1.00, 1.00, 4.96, 3.17, 10.00, 10.00, 10.00, 1.00, 9.77],
  xi_1910 = [1.00, 1.00, 10.00, 3.11, 10.00, 10.00, 10.00, 10.00, 1.00, 1.00, 10.00, 10.00, 10.00, 8.07, 8.02, 6.34, 1.00, 10.00, 1.00, 10.00],
  xi_201 = [10.00, 2.57, 7.53, 1.00, 10.00, 10.00, 3.84, 6.87, 1.00, 1.00, 10.00, 10.00, 10.00, 1.00, 8.20, 1.00, 10.00, 1.00, 1.00, 1.00],
  xi_202 = [1.00, 10.00, 6.76, 10.00, 6.18, 10.00, 3.83, 4.92, 10.00, 1.00, 10.00, 10.00, 10.00, 1.00, 10.00, 10.00, 1.00, 10.00, 1.00, 10.00],
  xi_203 = [1.00, 10.00, 1.00, 10.00, 10.00, 10.00, 10.00, 10.00, 10.00, 1.00, 8.55, 8.27, 1.99, 1.00, 10.00, 10.00, 1.00, 1.00, 10.00, 10.00],
  xi_204 = [1.00, 10.00, 10.00, 10.00, 7.67, 10.00, 10.00, 10.00, 10.00, 1.52, 1.00, 10.00, 6.33, 10.00, 1.00, 10.00, 4.78, 10.00, 1.00, 1.00],
  xi_205 = [4.76, 7.64, 6.53, 10.00, 10.00, 1.00, 1.00, 3.49, 10.00, 3.27, 10.00, 9.59, 1.00, 1.00, 10.00, 10.00, 10.00, 1.00, 10.00, 1.00],
  xi_206 = [10.00, 3.31, 1.00, 10.00, 10.00, 4.43, 10.00, 1.00, 10.00, 10.00, 1.00, 1.00, 10.00, 10.00, 1.00, 1.00, 10.00, 10.00, 1.00, 1.00],
  xi_207 = [10.00, 10.00, 10.00, 1.00, 1.00, 1.00, 1.00, 1.00, 10.00, 6.24, 1.00, 10.00, 1.00, 5.16, 10.00, 6.54, 10.00, 1.00, 8.27, 10.00],
  xi_208 = [10.00, 1.00, 1.00, 10.00, 4.94, 10.00, 1.00, 1.00, 10.00, 10.00, 10.00, 10.00, 10.00, 10.00, 10.00, 10.00, 10.00, 10.00, 10.00, 6.91],
  xi_209 = [10.00, 10.00, 7.94, 6.75, 10.00, 4.59, 4.20, 10.00, 1.00, 1.00, 10.00, 1.00, 10.00, 10.00, 10.00, 10.00, 10.00, 1.00, 10.00, 7.31],
  xi_2010 = [2.00, 10.00, 1.00, 10.00, 8.68, 10.00, 10.00, 10.00, 1.00, 10.00, 10.00, 2.11, 1.00, 10.00, 1.00, 3.63, 8.24, 10.00, 10.00, 1.00],
]

Transportation Costs (cjk) = [
  [43.67, 17.72, 1.00, 14.47, 0.10, 0.10, 12.60, 11.31, 0.10, 9.47],
  [26.19, 0.10, 15.83, 4.95, 7.99, 15.34, 1.75, 8.11, 0.10, 0.10],
  [3.17, 0.10, 0.10, 16.70, 3.07, 22.50, 0.10, 23.41, 17.39, 0.10],
  [0.10, 0.10, 8.92, 2.47, 0.10, 11.55, 13.33, 0.10, 0.10, 18.92],
  [4.17, 1.82, 16.09, 0.10, 0.29, 0.10, 0.10, 13.33, 3.70, 0.10],
  [2.77, 17.09, 0.10, 46.07, 17.96, 0.10, 0.10, 0.10, 0.10, 0.10],
  [0.10, 5.12, 0.10, 0.10, 0.10, 6.02, 4.81, 0.10, 0.10, 0.10],
  [9.35, 1.94, 4.36, 15.06, 0.10, 0.10, 0.10, 19.58, 2.32, 3.46],
  [0.10, 2.08, 11.29, 10.99, 0.10, 12.52, 0.10, 9.41, 12.16, 6.13],
  [0.10, 0.10, 0.10, 19.00, 0.10, 0.10, 0.10, 0.42, 19.07, 4.67],
  [7.94, 11.24, 28.20, 0.10, 19.21, 15.61, 23.20, 27.29, 0.10, 1.98],
  [1.46, 0.10, 2.14, 0.10, 17.39, 0.10, 0.10, 13.54, 0.10, 0.42],
  [0.10, 0.10, 5.15, 0.10, 4.49, 1.07, 5.28, 1.08, 26.42, 45.21],
  [0.10, 14.68, 6.39, 0.10, 0.10, 16.14, 0.10, 0.10, 15.54, 0.46],
  [0.10, 39.76, 0.10, 0.10, 9.41, 5.81, 0.10, 29.13, 4.23, 0.10],
  [25.41, 23.66, 0.10, 0.10, 7.65, 0.10, 1.73, 0.10, 6.38, 0.10],
  [50.00, 0.10, 18.48, 0.10, 7.57, 0.10, 0.10, 0.10, 35.41, 8.43],
  [7.53, 19.95, 8.57, 22.85, 18.29, 2.30, 6.25, 0.10, 11.50, 7.70],
  [8.34, 0.10, 0.10, 0.10, 0.10, 0.10, 5.15, 0.10, 29.31, 3.97],
  [10.98, 22.97, 0.10, 14.30, 14.18, 9.63, 4.30, 7.52, 13.00, 16.25],
]

Mean Service Times (¦Ì_{jk}) = [
  mu_11 = [5.21],
  mu_12 = [4.88],
  mu_13 = [4.89],
  mu_14 = [6.17],
  mu_15 = [7.43],
  mu_16 = [6.17],
  mu_17 = [5.03],
  mu_18 = [7.26],
  mu_19 = [5.61],
  mu_110 = [5.25],
  mu_21 = [3.07],
  mu_22 = [3.90],
  mu_23 = [4.55],
  mu_24 = [3.20],
  mu_25 = [2.69],
  mu_26 = [4.29],
  mu_27 = [2.85],
  mu_28 = [4.18],
  mu_29 = [3.32],
  mu_210 = [3.94],
  mu_31 = [5.54],
  mu_32 = [5.35],
  mu_33 = [5.25],
  mu_34 = [5.50],
  mu_35 = [5.14],
  mu_36 = [5.13],
  mu_37 = [4.71],
  mu_38 = [5.37],
  mu_39 = [5.18],
  mu_310 = [5.94],
  mu_41 = [6.04],
  mu_42 = [5.34],
  mu_43 = [5.57],
  mu_44 = [6.92],
  mu_45 = [6.84],
  mu_46 = [4.76],
  mu_47 = [4.10],
  mu_48 = [5.84],
  mu_49 = [6.33],
  mu_410 = [5.96],
  mu_51 = [2.95],
  mu_52 = [5.69],
  mu_53 = [3.26],
  mu_54 = [2.57],
  mu_55 = [4.32],
  mu_56 = [2.58],
  mu_57 = [2.84],
  mu_58 = [3.12],
  mu_59 = [2.88],
  mu_510 = [3.11],
  mu_61 = [6.03],
  mu_62 = [5.00],
  mu_63 = [5.56],
  mu_64 = [5.46],
  mu_65 = [6.62],
  mu_66 = [4.53],
  mu_67 = [5.77],
  mu_68 = [3.59],
  mu_69 = [6.61],
  mu_610 = [6.22],
  mu_71 = [5.59],
  mu_72 = [5.11],
  mu_73 = [4.81],
  mu_74 = [6.03],
  mu_75 = [4.73],
  mu_76 = [7.20],
  mu_77 = [4.89],
  mu_78 = [6.56],
  mu_79 = [6.38],
  mu_710 = [5.83],
  mu_81 = [4.46],
  mu_82 = [7.22],
  mu_83 = [7.30],
  mu_84 = [5.68],
  mu_85 = [6.29],
  mu_86 = [7.12],
  mu_87 = [7.01],
  mu_88 = [7.60],
  mu_89 = [6.50],
  mu_810 = [6.27],
  mu_91 = [5.18],
  mu_92 = [6.92],
  mu_93 = [7.60],
  mu_94 = [5.12],
  mu_95 = [5.78],
  mu_96 = [4.92],
  mu_97 = [5.72],
  mu_98 = [5.50],
  mu_99 = [8.33],
  mu_910 = [4.82],
  mu_101 = [5.80],
  mu_102 = [5.68],
  mu_103 = [4.65],
  mu_104 = [4.51],
  mu_105 = [6.39],
  mu_106 = [4.10],
  mu_107 = [6.40],
  mu_108 = [6.80],
  mu_109 = [6.00],
  mu_1010 = [4.48],
  mu_111 = [6.26],
  mu_112 = [5.03],
  mu_113 = [7.52],
  mu_114 = [4.52],
  mu_115 = [5.01],
  mu_116 = [6.61],
  mu_117 = [6.67],
  mu_118 = [6.00],
  mu_119 = [5.83],
  mu_1110 = [6.32],
  mu_121 = [4.85],
  mu_122 = [5.88],
  mu_123 = [4.72],
  mu_124 = [5.13],
  mu_125 = [5.58],
  mu_126 = [4.89],
  mu_127 = [6.12],
  mu_128 = [4.41],
  mu_129 = [4.27],
  mu_1210 = [4.70],
  mu_131 = [4.66],
  mu_132 = [5.49],
  mu_133 = [4.59],
  mu_134 = [4.24],
  mu_135 = [6.32],
  mu_136 = [7.08],
  mu_137 = [5.03],
  mu_138 = [5.38],
  mu_139 = [4.89],
  mu_1310 = [6.38],
  mu_141 = [3.13],
  mu_142 = [4.03],
  mu_143 = [2.98],
  mu_144 = [3.68],
  mu_145 = [3.94],
  mu_146 = [2.81],
  mu_147 = [3.90],
  mu_148 = [5.01],
  mu_149 = [3.41],
  mu_1410 = [4.02],
  mu_151 = [3.64],
  mu_152 = [3.55],
  mu_153 = [2.38],
  mu_154 = [3.33],
  mu_155 = [4.34],
  mu_156 = [2.73],
  mu_157 = [3.66],
  mu_158 = [4.26],
  mu_159 = [3.51],
  mu_1510 = [4.56],
  mu_161 = [6.45],
  mu_162 = [5.91],
  mu_163 = [6.49],
  mu_164 = [6.11],
  mu_165 = [5.45],
  mu_166 = [7.12],
  mu_167 = [6.77],
  mu_168 = [5.85],
  mu_169 = [6.13],
  mu_1610 = [6.37],
  mu_171 = [7.85],
  mu_172 = [3.23],
  mu_173 = [4.64],
  mu_174 = [6.23],
  mu_175 = [5.69],
  mu_176 = [4.15],
  mu_177 = [6.54],
  mu_178 = [7.77],
  mu_179 = [4.77],
  mu_1710 = [5.80],
  mu_181 = [6.71],
  mu_182 = [4.35],
  mu_183 = [6.28],
  mu_184 = [6.75],
  mu_185 = [5.03],
  mu_186 = [6.40],
  mu_187 = [6.48],
  mu_188 = [5.99],
  mu_189 = [5.17],
  mu_1810 = [5.55],
  mu_191 = [5.98],
  mu_192 = [5.27],
  mu_193 = [6.25],
  mu_194 = [4.32],
  mu_195 = [5.76],
  mu_196 = [5.76],
  mu_197 = [5.95],
  mu_198 = [5.76],
  mu_199 = [6.69],
  mu_1910 = [6.58],
  mu_201 = [5.35],
  mu_202 = [6.83],
  mu_203 = [6.74],
  mu_204 = [6.76],
  mu_205 = [6.06],
  mu_206 = [5.79],
  mu_207 = [5.71],
  mu_208 = [7.79],
  mu_209 = [7.24],
  mu_2010 = [6.48],
]

Mean Transportation Times (¦Ó_{jk}) = [
  tau_11 = [3.87],
  tau_12 = [2.50],
  tau_13 = [2.74],
  tau_14 = [3.70],
  tau_15 = [3.65],
  tau_16 = [3.74],
  tau_17 = [3.86],
  tau_18 = [3.26],
  tau_19 = [3.19],
  tau_110 = [2.89],
  tau_21 = [3.02],
  tau_22 = [2.92],
  tau_23 = [2.82],
  tau_24 = [3.00],
  tau_25 = [2.37],
  tau_26 = [3.82],
  tau_27 = [3.59],
  tau_28 = [2.19],
  tau_29 = [2.96],
  tau_210 = [3.15],
  tau_31 = [2.19],
  tau_32 = [2.47],
  tau_33 = [2.53],
  tau_34 = [2.11],
  tau_35 = [2.29],
  tau_36 = [1.69],
  tau_37 = [2.81],
  tau_38 = [3.23],
  tau_39 = [2.24],
  tau_310 = [2.46],
  tau_41 = [2.18],
  tau_42 = [2.47],
  tau_43 = [2.08],
  tau_44 = [2.12],
  tau_45 = [2.09],
  tau_46 = [1.90],
  tau_47 = [2.37],
  tau_48 = [1.63],
  tau_49 = [2.46],
  tau_410 = [2.51],
  tau_51 = [2.30],
  tau_52 = [2.35],
  tau_53 = [2.48],
  tau_54 = [2.66],
  tau_55 = [2.74],
  tau_56 = [2.18],
  tau_57 = [1.89],
  tau_58 = [2.83],
  tau_59 = [2.69],
  tau_510 = [1.74],
  tau_61 = [3.18],
  tau_62 = [3.21],
  tau_63 = [2.73],
  tau_64 = [3.34],
  tau_65 = [3.32],
  tau_66 = [2.73],
  tau_67 = [2.81],
  tau_68 = [3.20],
  tau_69 = [3.13],
  tau_610 = [3.48],
  tau_71 = [3.20],
  tau_72 = [3.65],
  tau_73 = [3.31],
  tau_74 = [2.50],
  tau_75 = [3.30],
  tau_76 = [3.74],
  tau_77 = [3.27],
  tau_78 = [3.62],
  tau_79 = [3.06],
  tau_710 = [2.42],
  tau_81 = [2.42],
  tau_82 = [2.29],
  tau_83 = [2.46],
  tau_84 = [2.47],
  tau_85 = [2.31],
  tau_86 = [2.21],
  tau_87 = [2.77],
  tau_88 = [2.27],
  tau_89 = [2.76],
  tau_810 = [2.25],
  tau_91 = [3.73],
  tau_92 = [3.82],
  tau_93 = [3.40],
  tau_94 = [2.19],
  tau_95 = [2.85],
  tau_96 = [2.18],
  tau_97 = [2.91],
  tau_98 = [3.07],
  tau_99 = [2.87],
  tau_910 = [2.72],
  tau_101 = [2.24],
  tau_102 = [2.37],
  tau_103 = [2.72],
  tau_104 = [2.07],
  tau_105 = [2.55],
  tau_106 = [2.36],
  tau_107 = [2.52],
  tau_108 = [2.52],
  tau_109 = [2.12],
  tau_1010 = [2.78],
  tau_111 = [2.29],
  tau_112 = [2.45],
  tau_113 = [2.55],
  tau_114 = [2.73],
  tau_115 = [2.93],
  tau_116 = [2.46],
  tau_117 = [2.30],
  tau_118 = [2.23],
  tau_119 = [3.06],
  tau_1110 = [3.09],
  tau_121 = [2.84],
  tau_122 = [3.17],
  tau_123 = [2.83],
  tau_124 = [3.00],
  tau_125 = [3.61],
  tau_126 = [3.33],
  tau_127 = [3.77],
  tau_128 = [2.94],
  tau_129 = [2.50],
  tau_1210 = [4.04],
  tau_131 = [2.77],
  tau_132 = [2.34],
  tau_133 = [2.18],
  tau_134 = [1.98],
  tau_135 = [2.47],
  tau_136 = [2.19],
  tau_137 = [2.23],
  tau_138 = [2.35],
  tau_139 = [2.23],
  tau_1310 = [2.54],
  tau_141 = [3.93],
  tau_142 = [2.93],
  tau_143 = [2.63],
  tau_144 = [3.04],
  tau_145 = [3.60],
  tau_146 = [3.26],
  tau_147 = [3.17],
  tau_148 = [3.03],
  tau_149 = [3.41],
  tau_1410 = [3.43],
  tau_151 = [3.44],
  tau_152 = [2.95],
  tau_153 = [2.24],
  tau_154 = [3.23],
  tau_155 = [3.10],
  tau_156 = [3.58],
  tau_157 = [2.89],
  tau_158 = [2.60],
  tau_159 = [2.89],
  tau_1510 = [2.90],
  tau_161 = [3.54],
  tau_162 = [3.73],
  tau_163 = [3.18],
  tau_164 = [3.73],
  tau_165 = [3.41],
  tau_166 = [3.56],
  tau_167 = [3.05],
  tau_168 = [3.55],
  tau_169 = [2.99],
  tau_1610 = [3.23],
  tau_171 = [3.57],
  tau_172 = [2.46],
  tau_173 = [2.94],
  tau_174 = [3.38],
  tau_175 = [2.74],
  tau_176 = [3.06],
  tau_177 = [2.70],
  tau_178 = [2.51],
  tau_179 = [2.33],
  tau_1710 = [2.84],
  tau_181 = [2.81],
  tau_182 = [2.88],
  tau_183 = [3.23],
  tau_184 = [3.80],
  tau_185 = [2.55],
  tau_186 = [2.94],
  tau_187 = [3.26],
  tau_188 = [3.05],
  tau_189 = [3.21],
  tau_1810 = [4.25],
  tau_191 = [2.36],
  tau_192 = [2.31],
  tau_193 = [2.66],
  tau_194 = [1.62],
  tau_195 = [2.24],
  tau_196 = [1.61],
  tau_197 = [1.43],
  tau_198 = [2.41],
  tau_199 = [2.60],
  tau_1910 = [2.71],
  tau_201 = [3.82],
  tau_202 = [2.49],
  tau_203 = [3.14],
  tau_204 = [2.91],
  tau_205 = [4.36],
  tau_206 = [3.25],
  tau_207 = [3.35],
  tau_208 = [3.51],
  tau_209 = [2.88],
  tau_2010 = [2.57],
]

Epsilon + ¦Ì_{jk} = [
  epsilon_plus_mu_11 = [7.82],
  epsilon_plus_mu_12 = [7.31],
  epsilon_plus_mu_13 = [7.33],
  epsilon_plus_mu_14 = [9.26],
  epsilon_plus_mu_15 = [11.15],
  epsilon_plus_mu_16 = [9.26],
  epsilon_plus_mu_17 = [7.55],
  epsilon_plus_mu_18 = [10.89],
  epsilon_plus_mu_19 = [8.42],
  epsilon_plus_mu_110 = [7.88],
  epsilon_plus_mu_21 = [4.61],
  epsilon_plus_mu_22 = [5.85],
  epsilon_plus_mu_23 = [6.83],
  epsilon_plus_mu_24 = [4.79],
  epsilon_plus_mu_25 = [4.03],
  epsilon_plus_mu_26 = [6.44],
  epsilon_plus_mu_27 = [4.28],
  epsilon_plus_mu_28 = [6.27],
  epsilon_plus_mu_29 = [4.98],
  epsilon_plus_mu_210 = [5.91],
  epsilon_plus_mu_31 = [8.31],
  epsilon_plus_mu_32 = [8.02],
  epsilon_plus_mu_33 = [7.87],
  epsilon_plus_mu_34 = [8.25],
  epsilon_plus_mu_35 = [7.71],
  epsilon_plus_mu_36 = [7.69],
  epsilon_plus_mu_37 = [7.06],
  epsilon_plus_mu_38 = [8.05],
  epsilon_plus_mu_39 = [7.77],
  epsilon_plus_mu_310 = [8.91],
  epsilon_plus_mu_41 = [9.06],
  epsilon_plus_mu_42 = [8.01],
  epsilon_plus_mu_43 = [8.36],
  epsilon_plus_mu_44 = [10.37],
  epsilon_plus_mu_45 = [10.26],
  epsilon_plus_mu_46 = [7.14],
  epsilon_plus_mu_47 = [6.16],
  epsilon_plus_mu_48 = [8.76],
  epsilon_plus_mu_49 = [9.50],
  epsilon_plus_mu_410 = [8.94],
  epsilon_plus_mu_51 = [4.42],
  epsilon_plus_mu_52 = [8.53],
  epsilon_plus_mu_53 = [4.89],
  epsilon_plus_mu_54 = [3.85],
  epsilon_plus_mu_55 = [6.48],
  epsilon_plus_mu_56 = [3.88],
  epsilon_plus_mu_57 = [4.26],
  epsilon_plus_mu_58 = [4.68],
  epsilon_plus_mu_59 = [4.33],
  epsilon_plus_mu_510 = [4.66],
  epsilon_plus_mu_61 = [9.05],
  epsilon_plus_mu_62 = [7.50],
  epsilon_plus_mu_63 = [8.33],
  epsilon_plus_mu_64 = [8.18],
  epsilon_plus_mu_65 = [9.93],
  epsilon_plus_mu_66 = [6.79],
  epsilon_plus_mu_67 = [8.66],
  epsilon_plus_mu_68 = [5.39],
  epsilon_plus_mu_69 = [9.92],
  epsilon_plus_mu_610 = [9.33],
  epsilon_plus_mu_71 = [8.39],
  epsilon_plus_mu_72 = [7.66],
  epsilon_plus_mu_73 = [7.22],
  epsilon_plus_mu_74 = [9.05],
  epsilon_plus_mu_75 = [7.09],
  epsilon_plus_mu_76 = [10.81],
  epsilon_plus_mu_77 = [7.33],
  epsilon_plus_mu_78 = [9.84],
  epsilon_plus_mu_79 = [9.56],
  epsilon_plus_mu_710 = [8.75],
  epsilon_plus_mu_81 = [6.69],
  epsilon_plus_mu_82 = [10.83],
  epsilon_plus_mu_83 = [10.95],
  epsilon_plus_mu_84 = [8.53],
  epsilon_plus_mu_85 = [9.43],
  epsilon_plus_mu_86 = [10.68],
  epsilon_plus_mu_87 = [10.51],
  epsilon_plus_mu_88 = [11.40],
  epsilon_plus_mu_89 = [9.74],
  epsilon_plus_mu_810 = [9.41],
  epsilon_plus_mu_91 = [7.77],
  epsilon_plus_mu_92 = [10.38],
  epsilon_plus_mu_93 = [11.40],
  epsilon_plus_mu_94 = [7.67],
  epsilon_plus_mu_95 = [8.67],
  epsilon_plus_mu_96 = [7.38],
  epsilon_plus_mu_97 = [8.58],
  epsilon_plus_mu_98 = [8.25],
  epsilon_plus_mu_99 = [12.50],
  epsilon_plus_mu_910 = [7.23],
  epsilon_plus_mu_101 = [8.70],
  epsilon_plus_mu_102 = [8.52],
  epsilon_plus_mu_103 = [6.97],
  epsilon_plus_mu_104 = [6.76],
  epsilon_plus_mu_105 = [9.59],
  epsilon_plus_mu_106 = [6.15],
  epsilon_plus_mu_107 = [9.61],
  epsilon_plus_mu_108 = [10.20],
  epsilon_plus_mu_109 = [9.00],
  epsilon_plus_mu_1010 = [6.72],
  epsilon_plus_mu_111 = [9.39],
  epsilon_plus_mu_112 = [7.55],
  epsilon_plus_mu_113 = [11.28],
  epsilon_plus_mu_114 = [6.79],
  epsilon_plus_mu_115 = [7.51],
  epsilon_plus_mu_116 = [9.92],
  epsilon_plus_mu_117 = [10.01],
  epsilon_plus_mu_118 = [9.00],
  epsilon_plus_mu_119 = [8.75],
  epsilon_plus_mu_1110 = [9.48],
  epsilon_plus_mu_121 = [7.27],
  epsilon_plus_mu_122 = [8.82],
  epsilon_plus_mu_123 = [7.09],
  epsilon_plus_mu_124 = [7.70],
  epsilon_plus_mu_125 = [8.36],
  epsilon_plus_mu_126 = [7.34],
  epsilon_plus_mu_127 = [9.18],
  epsilon_plus_mu_128 = [6.62],
  epsilon_plus_mu_129 = [6.41],
  epsilon_plus_mu_1210 = [7.05],
  epsilon_plus_mu_131 = [6.99],
  epsilon_plus_mu_132 = [8.23],
  epsilon_plus_mu_133 = [6.89],
  epsilon_plus_mu_134 = [6.35],
  epsilon_plus_mu_135 = [9.49],
  epsilon_plus_mu_136 = [10.62],
  epsilon_plus_mu_137 = [7.54],
  epsilon_plus_mu_138 = [8.07],
  epsilon_plus_mu_139 = [7.34],
  epsilon_plus_mu_1310 = [9.57],
  epsilon_plus_mu_141 = [4.69],
  epsilon_plus_mu_142 = [6.05],
  epsilon_plus_mu_143 = [4.46],
  epsilon_plus_mu_144 = [5.52],
  epsilon_plus_mu_145 = [5.92],
  epsilon_plus_mu_146 = [4.22],
  epsilon_plus_mu_147 = [5.85],
  epsilon_plus_mu_148 = [7.52],
  epsilon_plus_mu_149 = [5.11],
  epsilon_plus_mu_1410 = [6.03],
  epsilon_plus_mu_151 = [5.45],
  epsilon_plus_mu_152 = [5.33],
  epsilon_plus_mu_153 = [3.57],
  epsilon_plus_mu_154 = [4.99],
  epsilon_plus_mu_155 = [6.52],
  epsilon_plus_mu_156 = [4.10],
  epsilon_plus_mu_157 = [5.49],
  epsilon_plus_mu_158 = [6.39],
  epsilon_plus_mu_159 = [5.27],
  epsilon_plus_mu_1510 = [6.84],
  epsilon_plus_mu_161 = [9.67],
  epsilon_plus_mu_162 = [8.87],
  epsilon_plus_mu_163 = [9.74],
  epsilon_plus_mu_164 = [9.17],
  epsilon_plus_mu_165 = [8.17],
  epsilon_plus_mu_166 = [10.68],
  epsilon_plus_mu_167 = [10.16],
  epsilon_plus_mu_168 = [8.78],
  epsilon_plus_mu_169 = [9.20],
  epsilon_plus_mu_1610 = [9.55],
  epsilon_plus_mu_171 = [11.78],
  epsilon_plus_mu_172 = [4.85],
  epsilon_plus_mu_173 = [6.96],
  epsilon_plus_mu_174 = [9.35],
  epsilon_plus_mu_175 = [8.53],
  epsilon_plus_mu_176 = [6.23],
  epsilon_plus_mu_177 = [9.81],
  epsilon_plus_mu_178 = [11.66],
  epsilon_plus_mu_179 = [7.15],
  epsilon_plus_mu_1710 = [8.71],
  epsilon_plus_mu_181 = [10.06],
  epsilon_plus_mu_182 = [6.52],
  epsilon_plus_mu_183 = [9.41],
  epsilon_plus_mu_184 = [10.12],
  epsilon_plus_mu_185 = [7.55],
  epsilon_plus_mu_186 = [9.60],
  epsilon_plus_mu_187 = [9.72],
  epsilon_plus_mu_188 = [8.99],
  epsilon_plus_mu_189 = [7.76],
  epsilon_plus_mu_1810 = [8.32],
  epsilon_plus_mu_191 = [8.97],
  epsilon_plus_mu_192 = [7.90],
  epsilon_plus_mu_193 = [9.38],
  epsilon_plus_mu_194 = [6.48],
  epsilon_plus_mu_195 = [8.65],
  epsilon_plus_mu_196 = [8.64],
  epsilon_plus_mu_197 = [8.92],
  epsilon_plus_mu_198 = [8.64],
  epsilon_plus_mu_199 = [10.04],
  epsilon_plus_mu_1910 = [9.87],
  epsilon_plus_mu_201 = [8.03],
  epsilon_plus_mu_202 = [10.25],
  epsilon_plus_mu_203 = [10.11],
  epsilon_plus_mu_204 = [10.15],
  epsilon_plus_mu_205 = [9.10],
  epsilon_plus_mu_206 = [8.68],
  epsilon_plus_mu_207 = [8.57],
  epsilon_plus_mu_208 = [11.69],
  epsilon_plus_mu_209 = [10.86],
  epsilon_plus_mu_2010 = [9.72],
]

Epsilon - ¦Ì_{jk} = [
  epsilon_minus_mu_11 = [-2.61],
  epsilon_minus_mu_12 = [-2.44],
  epsilon_minus_mu_13 = [-2.44],
  epsilon_minus_mu_14 = [-3.09],
  epsilon_minus_mu_15 = [-3.72],
  epsilon_minus_mu_16 = [-3.09],
  epsilon_minus_mu_17 = [-2.52],
  epsilon_minus_mu_18 = [-3.63],
  epsilon_minus_mu_19 = [-2.81],
  epsilon_minus_mu_110 = [-2.63],
  epsilon_minus_mu_21 = [-1.54],
  epsilon_minus_mu_22 = [-1.95],
  epsilon_minus_mu_23 = [-2.28],
  epsilon_minus_mu_24 = [-1.60],
  epsilon_minus_mu_25 = [-1.34],
  epsilon_minus_mu_26 = [-2.15],
  epsilon_minus_mu_27 = [-1.43],
  epsilon_minus_mu_28 = [-2.09],
  epsilon_minus_mu_29 = [-1.66],
  epsilon_minus_mu_210 = [-1.97],
  epsilon_minus_mu_31 = [-2.77],
  epsilon_minus_mu_32 = [-2.67],
  epsilon_minus_mu_33 = [-2.62],
  epsilon_minus_mu_34 = [-2.75],
  epsilon_minus_mu_35 = [-2.57],
  epsilon_minus_mu_36 = [-2.56],
  epsilon_minus_mu_37 = [-2.35],
  epsilon_minus_mu_38 = [-2.68],
  epsilon_minus_mu_39 = [-2.59],
  epsilon_minus_mu_310 = [-2.97],
  epsilon_minus_mu_41 = [-3.02],
  epsilon_minus_mu_42 = [-2.67],
  epsilon_minus_mu_43 = [-2.79],
  epsilon_minus_mu_44 = [-3.46],
  epsilon_minus_mu_45 = [-3.42],
  epsilon_minus_mu_46 = [-2.38],
  epsilon_minus_mu_47 = [-2.05],
  epsilon_minus_mu_48 = [-2.92],
  epsilon_minus_mu_49 = [-3.17],
  epsilon_minus_mu_410 = [-2.98],
  epsilon_minus_mu_51 = [-1.47],
  epsilon_minus_mu_52 = [-2.84],
  epsilon_minus_mu_53 = [-1.63],
  epsilon_minus_mu_54 = [-1.28],
  epsilon_minus_mu_55 = [-2.16],
  epsilon_minus_mu_56 = [-1.29],
  epsilon_minus_mu_57 = [-1.42],
  epsilon_minus_mu_58 = [-1.56],
  epsilon_minus_mu_59 = [-1.44],
  epsilon_minus_mu_510 = [-1.55],
  epsilon_minus_mu_61 = [-3.02],
  epsilon_minus_mu_62 = [-2.50],
  epsilon_minus_mu_63 = [-2.78],
  epsilon_minus_mu_64 = [-2.73],
  epsilon_minus_mu_65 = [-3.31],
  epsilon_minus_mu_66 = [-2.26],
  epsilon_minus_mu_67 = [-2.89],
  epsilon_minus_mu_68 = [-1.80],
  epsilon_minus_mu_69 = [-3.31],
  epsilon_minus_mu_610 = [-3.11],
  epsilon_minus_mu_71 = [-2.80],
  epsilon_minus_mu_72 = [-2.55],
  epsilon_minus_mu_73 = [-2.41],
  epsilon_minus_mu_74 = [-3.02],
  epsilon_minus_mu_75 = [-2.36],
  epsilon_minus_mu_76 = [-3.60],
  epsilon_minus_mu_77 = [-2.44],
  epsilon_minus_mu_78 = [-3.28],
  epsilon_minus_mu_79 = [-3.19],
  epsilon_minus_mu_710 = [-2.92],
  epsilon_minus_mu_81 = [-2.23],
  epsilon_minus_mu_82 = [-3.61],
  epsilon_minus_mu_83 = [-3.65],
  epsilon_minus_mu_84 = [-2.84],
  epsilon_minus_mu_85 = [-3.14],
  epsilon_minus_mu_86 = [-3.56],
  epsilon_minus_mu_87 = [-3.50],
  epsilon_minus_mu_88 = [-3.80],
  epsilon_minus_mu_89 = [-3.25],
  epsilon_minus_mu_810 = [-3.14],
  epsilon_minus_mu_91 = [-2.59],
  epsilon_minus_mu_92 = [-3.46],
  epsilon_minus_mu_93 = [-3.80],
  epsilon_minus_mu_94 = [-2.56],
  epsilon_minus_mu_95 = [-2.89],
  epsilon_minus_mu_96 = [-2.46],
  epsilon_minus_mu_97 = [-2.86],
  epsilon_minus_mu_98 = [-2.75],
  epsilon_minus_mu_99 = [-4.17],
  epsilon_minus_mu_910 = [-2.41],
  epsilon_minus_mu_101 = [-2.90],
  epsilon_minus_mu_102 = [-2.84],
  epsilon_minus_mu_103 = [-2.32],
  epsilon_minus_mu_104 = [-2.25],
  epsilon_minus_mu_105 = [-3.20],
  epsilon_minus_mu_106 = [-2.05],
  epsilon_minus_mu_107 = [-3.20],
  epsilon_minus_mu_108 = [-3.40],
  epsilon_minus_mu_109 = [-3.00],
  epsilon_minus_mu_1010 = [-2.24],
  epsilon_minus_mu_111 = [-3.13],
  epsilon_minus_mu_112 = [-2.52],
  epsilon_minus_mu_113 = [-3.76],
  epsilon_minus_mu_114 = [-2.26],
  epsilon_minus_mu_115 = [-2.50],
  epsilon_minus_mu_116 = [-3.31],
  epsilon_minus_mu_117 = [-3.34],
  epsilon_minus_mu_118 = [-3.00],
  epsilon_minus_mu_119 = [-2.92],
  epsilon_minus_mu_1110 = [-3.16],
  epsilon_minus_mu_121 = [-2.42],
  epsilon_minus_mu_122 = [-2.94],
  epsilon_minus_mu_123 = [-2.36],
  epsilon_minus_mu_124 = [-2.57],
  epsilon_minus_mu_125 = [-2.79],
  epsilon_minus_mu_126 = [-2.45],
  epsilon_minus_mu_127 = [-3.06],
  epsilon_minus_mu_128 = [-2.21],
  epsilon_minus_mu_129 = [-2.14],
  epsilon_minus_mu_1210 = [-2.35],
  epsilon_minus_mu_131 = [-2.33],
  epsilon_minus_mu_132 = [-2.74],
  epsilon_minus_mu_133 = [-2.30],
  epsilon_minus_mu_134 = [-2.12],
  epsilon_minus_mu_135 = [-3.16],
  epsilon_minus_mu_136 = [-3.54],
  epsilon_minus_mu_137 = [-2.51],
  epsilon_minus_mu_138 = [-2.69],
  epsilon_minus_mu_139 = [-2.45],
  epsilon_minus_mu_1310 = [-3.19],
  epsilon_minus_mu_141 = [-1.56],
  epsilon_minus_mu_142 = [-2.02],
  epsilon_minus_mu_143 = [-1.49],
  epsilon_minus_mu_144 = [-1.84],
  epsilon_minus_mu_145 = [-1.97],
  epsilon_minus_mu_146 = [-1.41],
  epsilon_minus_mu_147 = [-1.95],
  epsilon_minus_mu_148 = [-2.51],
  epsilon_minus_mu_149 = [-1.70],
  epsilon_minus_mu_1410 = [-2.01],
  epsilon_minus_mu_151 = [-1.82],
  epsilon_minus_mu_152 = [-1.78],
  epsilon_minus_mu_153 = [-1.19],
  epsilon_minus_mu_154 = [-1.66],
  epsilon_minus_mu_155 = [-2.17],
  epsilon_minus_mu_156 = [-1.37],
  epsilon_minus_mu_157 = [-1.83],
  epsilon_minus_mu_158 = [-2.13],
  epsilon_minus_mu_159 = [-1.76],
  epsilon_minus_mu_1510 = [-2.28],
  epsilon_minus_mu_161 = [-3.22],
  epsilon_minus_mu_162 = [-2.96],
  epsilon_minus_mu_163 = [-3.25],
  epsilon_minus_mu_164 = [-3.06],
  epsilon_minus_mu_165 = [-2.72],
  epsilon_minus_mu_166 = [-3.56],
  epsilon_minus_mu_167 = [-3.39],
  epsilon_minus_mu_168 = [-2.93],
  epsilon_minus_mu_169 = [-3.07],
  epsilon_minus_mu_1610 = [-3.18],
  epsilon_minus_mu_171 = [-3.93],
  epsilon_minus_mu_172 = [-1.62],
  epsilon_minus_mu_173 = [-2.32],
  epsilon_minus_mu_174 = [-3.12],
  epsilon_minus_mu_175 = [-2.84],
  epsilon_minus_mu_176 = [-2.08],
  epsilon_minus_mu_177 = [-3.27],
  epsilon_minus_mu_178 = [-3.89],
  epsilon_minus_mu_179 = [-2.38],
  epsilon_minus_mu_1710 = [-2.90],
  epsilon_minus_mu_181 = [-3.35],
  epsilon_minus_mu_182 = [-2.17],
  epsilon_minus_mu_183 = [-3.14],
  epsilon_minus_mu_184 = [-3.37],
  epsilon_minus_mu_185 = [-2.52],
  epsilon_minus_mu_186 = [-3.20],
  epsilon_minus_mu_187 = [-3.24],
  epsilon_minus_mu_188 = [-3.00],
  epsilon_minus_mu_189 = [-2.59],
  epsilon_minus_mu_1810 = [-2.77],
  epsilon_minus_mu_191 = [-2.99],
  epsilon_minus_mu_192 = [-2.63],
  epsilon_minus_mu_193 = [-3.13],
  epsilon_minus_mu_194 = [-2.16],
  epsilon_minus_mu_195 = [-2.88],
  epsilon_minus_mu_196 = [-2.88],
  epsilon_minus_mu_197 = [-2.97],
  epsilon_minus_mu_198 = [-2.88],
  epsilon_minus_mu_199 = [-3.35],
  epsilon_minus_mu_1910 = [-3.29],
  epsilon_minus_mu_201 = [-2.68],
  epsilon_minus_mu_202 = [-3.42],
  epsilon_minus_mu_203 = [-3.37],
  epsilon_minus_mu_204 = [-3.38],
  epsilon_minus_mu_205 = [-3.03],
  epsilon_minus_mu_206 = [-2.89],
  epsilon_minus_mu_207 = [-2.86],
  epsilon_minus_mu_208 = [-3.90],
  epsilon_minus_mu_209 = [-3.62],
  epsilon_minus_mu_2010 = [-3.24],
]

Sigma + ¦Ó_{jk} = [
  sigma_plus_tau_11 = [5.80],
  sigma_plus_tau_12 = [3.75],
  sigma_plus_tau_13 = [4.11],
  sigma_plus_tau_14 = [5.55],
  sigma_plus_tau_15 = [5.47],
  sigma_plus_tau_16 = [5.61],
  sigma_plus_tau_17 = [5.79],
  sigma_plus_tau_18 = [4.89],
  sigma_plus_tau_19 = [4.78],
  sigma_plus_tau_110 = [4.34],
  sigma_plus_tau_21 = [4.54],
  sigma_plus_tau_22 = [4.38],
  sigma_plus_tau_23 = [4.22],
  sigma_plus_tau_24 = [4.50],
  sigma_plus_tau_25 = [3.55],
  sigma_plus_tau_26 = [5.73],
  sigma_plus_tau_27 = [5.39],
  sigma_plus_tau_28 = [3.29],
  sigma_plus_tau_29 = [4.43],
  sigma_plus_tau_210 = [4.73],
  sigma_plus_tau_31 = [3.29],
  sigma_plus_tau_32 = [3.71],
  sigma_plus_tau_33 = [3.80],
  sigma_plus_tau_34 = [3.17],
  sigma_plus_tau_35 = [3.44],
  sigma_plus_tau_36 = [2.53],
  sigma_plus_tau_37 = [4.21],
  sigma_plus_tau_38 = [4.85],
  sigma_plus_tau_39 = [3.36],
  sigma_plus_tau_310 = [3.69],
  sigma_plus_tau_41 = [3.26],
  sigma_plus_tau_42 = [3.70],
  sigma_plus_tau_43 = [3.12],
  sigma_plus_tau_44 = [3.18],
  sigma_plus_tau_45 = [3.14],
  sigma_plus_tau_46 = [2.85],
  sigma_plus_tau_47 = [3.56],
  sigma_plus_tau_48 = [2.44],
  sigma_plus_tau_49 = [3.68],
  sigma_plus_tau_410 = [3.77],
  sigma_plus_tau_51 = [3.44],
  sigma_plus_tau_52 = [3.52],
  sigma_plus_tau_53 = [3.71],
  sigma_plus_tau_54 = [4.00],
  sigma_plus_tau_55 = [4.11],
  sigma_plus_tau_56 = [3.26],
  sigma_plus_tau_57 = [2.84],
  sigma_plus_tau_58 = [4.25],
  sigma_plus_tau_59 = [4.03],
  sigma_plus_tau_510 = [2.61],
  sigma_plus_tau_61 = [4.77],
  sigma_plus_tau_62 = [4.81],
  sigma_plus_tau_63 = [4.10],
  sigma_plus_tau_64 = [5.01],
  sigma_plus_tau_65 = [4.99],
  sigma_plus_tau_66 = [4.09],
  sigma_plus_tau_67 = [4.21],
  sigma_plus_tau_68 = [4.80],
  sigma_plus_tau_69 = [4.70],
  sigma_plus_tau_610 = [5.22],
  sigma_plus_tau_71 = [4.80],
  sigma_plus_tau_72 = [5.48],
  sigma_plus_tau_73 = [4.97],
  sigma_plus_tau_74 = [3.75],
  sigma_plus_tau_75 = [4.96],
  sigma_plus_tau_76 = [5.62],
  sigma_plus_tau_77 = [4.90],
  sigma_plus_tau_78 = [5.44],
  sigma_plus_tau_79 = [4.59],
  sigma_plus_tau_710 = [3.63],
  sigma_plus_tau_81 = [3.63],
  sigma_plus_tau_82 = [3.44],
  sigma_plus_tau_83 = [3.69],
  sigma_plus_tau_84 = [3.70],
  sigma_plus_tau_85 = [3.46],
  sigma_plus_tau_86 = [3.31],
  sigma_plus_tau_87 = [4.16],
  sigma_plus_tau_88 = [3.40],
  sigma_plus_tau_89 = [4.14],
  sigma_plus_tau_810 = [3.38],
  sigma_plus_tau_91 = [5.60],
  sigma_plus_tau_92 = [5.73],
  sigma_plus_tau_93 = [5.09],
  sigma_plus_tau_94 = [3.29],
  sigma_plus_tau_95 = [4.28],
  sigma_plus_tau_96 = [3.27],
  sigma_plus_tau_97 = [4.37],
  sigma_plus_tau_98 = [4.60],
  sigma_plus_tau_99 = [4.31],
  sigma_plus_tau_910 = [4.08],
  sigma_plus_tau_101 = [3.36],
  sigma_plus_tau_102 = [3.55],
  sigma_plus_tau_103 = [4.08],
  sigma_plus_tau_104 = [3.10],
  sigma_plus_tau_105 = [3.83],
  sigma_plus_tau_106 = [3.54],
  sigma_plus_tau_107 = [3.78],
  sigma_plus_tau_108 = [3.78],
  sigma_plus_tau_109 = [3.18],
  sigma_plus_tau_1010 = [4.17],
  sigma_plus_tau_111 = [3.44],
  sigma_plus_tau_112 = [3.68],
  sigma_plus_tau_113 = [3.82],
  sigma_plus_tau_114 = [4.09],
  sigma_plus_tau_115 = [4.39],
  sigma_plus_tau_116 = [3.69],
  sigma_plus_tau_117 = [3.45],
  sigma_plus_tau_118 = [3.35],
  sigma_plus_tau_119 = [4.59],
  sigma_plus_tau_1110 = [4.64],
  sigma_plus_tau_121 = [4.26],
  sigma_plus_tau_122 = [4.75],
  sigma_plus_tau_123 = [4.24],
  sigma_plus_tau_124 = [4.50],
  sigma_plus_tau_125 = [5.41],
  sigma_plus_tau_126 = [4.99],
  sigma_plus_tau_127 = [5.66],
  sigma_plus_tau_128 = [4.40],
  sigma_plus_tau_129 = [3.75],
  sigma_plus_tau_1210 = [6.07],
  sigma_plus_tau_131 = [4.16],
  sigma_plus_tau_132 = [3.51],
  sigma_plus_tau_133 = [3.28],
  sigma_plus_tau_134 = [2.97],
  sigma_plus_tau_135 = [3.71],
  sigma_plus_tau_136 = [3.28],
  sigma_plus_tau_137 = [3.34],
  sigma_plus_tau_138 = [3.53],
  sigma_plus_tau_139 = [3.34],
  sigma_plus_tau_1310 = [3.81],
  sigma_plus_tau_141 = [5.90],
  sigma_plus_tau_142 = [4.39],
  sigma_plus_tau_143 = [3.94],
  sigma_plus_tau_144 = [4.57],
  sigma_plus_tau_145 = [5.40],
  sigma_plus_tau_146 = [4.89],
  sigma_plus_tau_147 = [4.75],
  sigma_plus_tau_148 = [4.54],
  sigma_plus_tau_149 = [5.12],
  sigma_plus_tau_1410 = [5.14],
  sigma_plus_tau_151 = [5.16],
  sigma_plus_tau_152 = [4.43],
  sigma_plus_tau_153 = [3.37],
  sigma_plus_tau_154 = [4.84],
  sigma_plus_tau_155 = [4.65],
  sigma_plus_tau_156 = [5.37],
  sigma_plus_tau_157 = [4.33],
  sigma_plus_tau_158 = [3.90],
  sigma_plus_tau_159 = [4.33],
  sigma_plus_tau_1510 = [4.35],
  sigma_plus_tau_161 = [5.31],
  sigma_plus_tau_162 = [5.59],
  sigma_plus_tau_163 = [4.77],
  sigma_plus_tau_164 = [5.59],
  sigma_plus_tau_165 = [5.11],
  sigma_plus_tau_166 = [5.34],
  sigma_plus_tau_167 = [4.58],
  sigma_plus_tau_168 = [5.33],
  sigma_plus_tau_169 = [4.48],
  sigma_plus_tau_1610 = [4.84],
  sigma_plus_tau_171 = [5.36],
  sigma_plus_tau_172 = [3.69],
  sigma_plus_tau_173 = [4.41],
  sigma_plus_tau_174 = [5.07],
  sigma_plus_tau_175 = [4.11],
  sigma_plus_tau_176 = [4.59],
  sigma_plus_tau_177 = [4.05],
  sigma_plus_tau_178 = [3.77],
  sigma_plus_tau_179 = [3.49],
  sigma_plus_tau_1710 = [4.26],
  sigma_plus_tau_181 = [4.21],
  sigma_plus_tau_182 = [4.32],
  sigma_plus_tau_183 = [4.84],
  sigma_plus_tau_184 = [5.70],
  sigma_plus_tau_185 = [3.82],
  sigma_plus_tau_186 = [4.42],
  sigma_plus_tau_187 = [4.89],
  sigma_plus_tau_188 = [4.58],
  sigma_plus_tau_189 = [4.82],
  sigma_plus_tau_1810 = [6.38],
  sigma_plus_tau_191 = [3.54],
  sigma_plus_tau_192 = [3.47],
  sigma_plus_tau_193 = [3.99],
  sigma_plus_tau_194 = [2.43],
  sigma_plus_tau_195 = [3.37],
  sigma_plus_tau_196 = [2.42],
  sigma_plus_tau_197 = [2.14],
  sigma_plus_tau_198 = [3.62],
  sigma_plus_tau_199 = [3.90],
  sigma_plus_tau_1910 = [4.07],
  sigma_plus_tau_201 = [5.73],
  sigma_plus_tau_202 = [3.74],
  sigma_plus_tau_203 = [4.71],
  sigma_plus_tau_204 = [4.36],
  sigma_plus_tau_205 = [6.54],
  sigma_plus_tau_206 = [4.87],
  sigma_plus_tau_207 = [5.02],
  sigma_plus_tau_208 = [5.26],
  sigma_plus_tau_209 = [4.32],
  sigma_plus_tau_2010 = [3.86],
]

Sigma - ¦Ó_{jk} = [
  sigma_minus_tau_11 = [-1.93],
  sigma_minus_tau_12 = [-1.25],
  sigma_minus_tau_13 = [-1.37],
  sigma_minus_tau_14 = [-1.85],
  sigma_minus_tau_15 = [-1.82],
  sigma_minus_tau_16 = [-1.87],
  sigma_minus_tau_17 = [-1.93],
  sigma_minus_tau_18 = [-1.63],
  sigma_minus_tau_19 = [-1.59],
  sigma_minus_tau_110 = [-1.45],
  sigma_minus_tau_21 = [-1.51],
  sigma_minus_tau_22 = [-1.46],
  sigma_minus_tau_23 = [-1.41],
  sigma_minus_tau_24 = [-1.50],
  sigma_minus_tau_25 = [-1.18],
  sigma_minus_tau_26 = [-1.91],
  sigma_minus_tau_27 = [-1.80],
  sigma_minus_tau_28 = [-1.10],
  sigma_minus_tau_29 = [-1.48],
  sigma_minus_tau_210 = [-1.58],
  sigma_minus_tau_31 = [-1.10],
  sigma_minus_tau_32 = [-1.24],
  sigma_minus_tau_33 = [-1.27],
  sigma_minus_tau_34 = [-1.06],
  sigma_minus_tau_35 = [-1.15],
  sigma_minus_tau_36 = [-0.84],
  sigma_minus_tau_37 = [-1.40],
  sigma_minus_tau_38 = [-1.62],
  sigma_minus_tau_39 = [-1.12],
  sigma_minus_tau_310 = [-1.23],
  sigma_minus_tau_41 = [-1.09],
  sigma_minus_tau_42 = [-1.23],
  sigma_minus_tau_43 = [-1.04],
  sigma_minus_tau_44 = [-1.06],
  sigma_minus_tau_45 = [-1.05],
  sigma_minus_tau_46 = [-0.95],
  sigma_minus_tau_47 = [-1.19],
  sigma_minus_tau_48 = [-0.81],
  sigma_minus_tau_49 = [-1.23],
  sigma_minus_tau_410 = [-1.26],
  sigma_minus_tau_51 = [-1.15],
  sigma_minus_tau_52 = [-1.17],
  sigma_minus_tau_53 = [-1.24],
  sigma_minus_tau_54 = [-1.33],
  sigma_minus_tau_55 = [-1.37],
  sigma_minus_tau_56 = [-1.09],
  sigma_minus_tau_57 = [-0.95],
  sigma_minus_tau_58 = [-1.42],
  sigma_minus_tau_59 = [-1.34],
  sigma_minus_tau_510 = [-0.87],
  sigma_minus_tau_61 = [-1.59],
  sigma_minus_tau_62 = [-1.60],
  sigma_minus_tau_63 = [-1.37],
  sigma_minus_tau_64 = [-1.67],
  sigma_minus_tau_65 = [-1.66],
  sigma_minus_tau_66 = [-1.36],
  sigma_minus_tau_67 = [-1.40],
  sigma_minus_tau_68 = [-1.60],
  sigma_minus_tau_69 = [-1.57],
  sigma_minus_tau_610 = [-1.74],
  sigma_minus_tau_71 = [-1.60],
  sigma_minus_tau_72 = [-1.83],
  sigma_minus_tau_73 = [-1.66],
  sigma_minus_tau_74 = [-1.25],
  sigma_minus_tau_75 = [-1.65],
  sigma_minus_tau_76 = [-1.87],
  sigma_minus_tau_77 = [-1.63],
  sigma_minus_tau_78 = [-1.81],
  sigma_minus_tau_79 = [-1.53],
  sigma_minus_tau_710 = [-1.21],
  sigma_minus_tau_81 = [-1.21],
  sigma_minus_tau_82 = [-1.15],
  sigma_minus_tau_83 = [-1.23],
  sigma_minus_tau_84 = [-1.23],
  sigma_minus_tau_85 = [-1.15],
  sigma_minus_tau_86 = [-1.10],
  sigma_minus_tau_87 = [-1.39],
  sigma_minus_tau_88 = [-1.13],
  sigma_minus_tau_89 = [-1.38],
  sigma_minus_tau_810 = [-1.13],
  sigma_minus_tau_91 = [-1.87],
  sigma_minus_tau_92 = [-1.91],
  sigma_minus_tau_93 = [-1.70],
  sigma_minus_tau_94 = [-1.10],
  sigma_minus_tau_95 = [-1.43],
  sigma_minus_tau_96 = [-1.09],
  sigma_minus_tau_97 = [-1.46],
  sigma_minus_tau_98 = [-1.53],
  sigma_minus_tau_99 = [-1.44],
  sigma_minus_tau_910 = [-1.36],
  sigma_minus_tau_101 = [-1.12],
  sigma_minus_tau_102 = [-1.18],
  sigma_minus_tau_103 = [-1.36],
  sigma_minus_tau_104 = [-1.03],
  sigma_minus_tau_105 = [-1.28],
  sigma_minus_tau_106 = [-1.18],
  sigma_minus_tau_107 = [-1.26],
  sigma_minus_tau_108 = [-1.26],
  sigma_minus_tau_109 = [-1.06],
  sigma_minus_tau_1010 = [-1.39],
  sigma_minus_tau_111 = [-1.15],
  sigma_minus_tau_112 = [-1.23],
  sigma_minus_tau_113 = [-1.27],
  sigma_minus_tau_114 = [-1.36],
  sigma_minus_tau_115 = [-1.46],
  sigma_minus_tau_116 = [-1.23],
  sigma_minus_tau_117 = [-1.15],
  sigma_minus_tau_118 = [-1.12],
  sigma_minus_tau_119 = [-1.53],
  sigma_minus_tau_1110 = [-1.55],
  sigma_minus_tau_121 = [-1.42],
  sigma_minus_tau_122 = [-1.58],
  sigma_minus_tau_123 = [-1.41],
  sigma_minus_tau_124 = [-1.50],
  sigma_minus_tau_125 = [-1.80],
  sigma_minus_tau_126 = [-1.66],
  sigma_minus_tau_127 = [-1.89],
  sigma_minus_tau_128 = [-1.47],
  sigma_minus_tau_129 = [-1.25],
  sigma_minus_tau_1210 = [-2.02],
  sigma_minus_tau_131 = [-1.39],
  sigma_minus_tau_132 = [-1.17],
  sigma_minus_tau_133 = [-1.09],
  sigma_minus_tau_134 = [-0.99],
  sigma_minus_tau_135 = [-1.24],
  sigma_minus_tau_136 = [-1.09],
  sigma_minus_tau_137 = [-1.11],
  sigma_minus_tau_138 = [-1.18],
  sigma_minus_tau_139 = [-1.11],
  sigma_minus_tau_1310 = [-1.27],
  sigma_minus_tau_141 = [-1.97],
  sigma_minus_tau_142 = [-1.46],
  sigma_minus_tau_143 = [-1.31],
  sigma_minus_tau_144 = [-1.52],
  sigma_minus_tau_145 = [-1.80],
  sigma_minus_tau_146 = [-1.63],
  sigma_minus_tau_147 = [-1.58],
  sigma_minus_tau_148 = [-1.51],
  sigma_minus_tau_149 = [-1.71],
  sigma_minus_tau_1410 = [-1.71],
  sigma_minus_tau_151 = [-1.72],
  sigma_minus_tau_152 = [-1.48],
  sigma_minus_tau_153 = [-1.12],
  sigma_minus_tau_154 = [-1.61],
  sigma_minus_tau_155 = [-1.55],
  sigma_minus_tau_156 = [-1.79],
  sigma_minus_tau_157 = [-1.44],
  sigma_minus_tau_158 = [-1.30],
  sigma_minus_tau_159 = [-1.44],
  sigma_minus_tau_1510 = [-1.45],
  sigma_minus_tau_161 = [-1.77],
  sigma_minus_tau_162 = [-1.86],
  sigma_minus_tau_163 = [-1.59],
  sigma_minus_tau_164 = [-1.86],
  sigma_minus_tau_165 = [-1.70],
  sigma_minus_tau_166 = [-1.78],
  sigma_minus_tau_167 = [-1.53],
  sigma_minus_tau_168 = [-1.78],
  sigma_minus_tau_169 = [-1.49],
  sigma_minus_tau_1610 = [-1.61],
  sigma_minus_tau_171 = [-1.79],
  sigma_minus_tau_172 = [-1.23],
  sigma_minus_tau_173 = [-1.47],
  sigma_minus_tau_174 = [-1.69],
  sigma_minus_tau_175 = [-1.37],
  sigma_minus_tau_176 = [-1.53],
  sigma_minus_tau_177 = [-1.35],
  sigma_minus_tau_178 = [-1.26],
  sigma_minus_tau_179 = [-1.16],
  sigma_minus_tau_1710 = [-1.42],
  sigma_minus_tau_181 = [-1.40],
  sigma_minus_tau_182 = [-1.44],
  sigma_minus_tau_183 = [-1.61],
  sigma_minus_tau_184 = [-1.90],
  sigma_minus_tau_185 = [-1.27],
  sigma_minus_tau_186 = [-1.47],
  sigma_minus_tau_187 = [-1.63],
  sigma_minus_tau_188 = [-1.53],
  sigma_minus_tau_189 = [-1.61],
  sigma_minus_tau_1810 = [-2.13],
  sigma_minus_tau_191 = [-1.18],
  sigma_minus_tau_192 = [-1.16],
  sigma_minus_tau_193 = [-1.33],
  sigma_minus_tau_194 = [-0.81],
  sigma_minus_tau_195 = [-1.12],
  sigma_minus_tau_196 = [-0.81],
  sigma_minus_tau_197 = [-0.71],
  sigma_minus_tau_198 = [-1.21],
  sigma_minus_tau_199 = [-1.30],
  sigma_minus_tau_1910 = [-1.36],
  sigma_minus_tau_201 = [-1.91],
  sigma_minus_tau_202 = [-1.25],
  sigma_minus_tau_203 = [-1.57],
  sigma_minus_tau_204 = [-1.45],
  sigma_minus_tau_205 = [-2.18],
  sigma_minus_tau_206 = [-1.62],
  sigma_minus_tau_207 = [-1.67],
  sigma_minus_tau_208 = [-1.75],
  sigma_minus_tau_209 = [-1.44],
  sigma_minus_tau_2010 = [-1.29],
]

Probabilities (p_s) = [
0.05, 0.05, 0.05, 0.05, 0.05, 0.05, 0.05, 0.05, 0.05, 0.05, 0.05, 0.05, 0.05, 0.05, 0.05, 0.05, 0.05, 0.05, 0.05, 0.05
]

c_bar = 5.35
