Jobs = 20
Machines = 10
Scenarios = 20

Ready Times (rj) = [
0.00, 0.00, 0.00, 0.00, 0.00, 0.00, 0.00, 0.00, 0.00, 0.00, 0.00, 0.00, 0.00, 0.00, 0.00, 0.00, 0.00, 0.00, 0.00, 0.00
]

Transportation Times (tjk^s) = [
  tjk_11 = [1.27, 1.38, 1.87, 1.05, 2.29, 2.10, 1.85, 1.72, 1.97, 1.89, 2.22, 2.17, 2.21, 1.15, 2.17, 1.37, 1.16, 1.78, 1.94, 1.81],
  tjk_12 = [2.21, 1.76, 1.51, 1.97, 2.21, 1.85, 1.57, 1.99, 1.48, 2.27, 2.09, 1.35, 2.00, 1.11, 1.12, 1.24, 1.66, 1.21, 1.81, 1.58],
  tjk_13 = [2.16, 1.23, 2.30, 1.10, 1.72, 1.70, 1.02, 2.13, 1.18, 1.99, 1.84, 1.16, 1.38, 1.90, 1.36, 2.04, 2.06, 1.82, 2.02, 1.31],
  tjk_14 = [1.98, 1.81, 1.27, 1.72, 1.79, 1.62, 1.37, 2.18, 1.36, 1.97, 1.58, 1.20, 1.34, 1.59, 1.29, 2.18, 2.10, 2.24, 1.08, 2.18],
  tjk_15 = [1.40, 2.04, 2.31, 1.96, 2.03, 1.87, 1.47, 1.24, 1.13, 1.23, 1.02, 1.58, 1.85, 2.00, 1.69, 1.21, 1.57, 1.02, 1.95, 1.68],
  tjk_16 = [1.65, 1.11, 1.96, 2.07, 1.98, 2.28, 1.09, 1.11, 1.68, 1.68, 2.33, 1.73, 1.96, 1.09, 1.52, 1.58, 2.22, 2.01, 1.28, 1.45],
  tjk_17 = [1.50, 2.32, 1.28, 2.12, 1.44, 1.74, 1.34, 1.29, 1.51, 2.00, 2.04, 1.65, 1.55, 1.04, 1.88, 2.05, 1.55, 1.89, 1.70, 1.30],
  tjk_18 = [1.42, 1.23, 2.21, 1.13, 1.57, 1.70, 1.70, 1.02, 1.93, 2.00, 2.11, 1.64, 1.06, 1.62, 1.12, 1.54, 2.24, 2.32, 1.19, 1.20],
  tjk_19 = [2.06, 1.71, 1.08, 1.34, 1.00, 1.25, 1.19, 1.81, 1.38, 1.10, 1.63, 1.99, 1.18, 2.05, 2.19, 1.12, 1.08, 1.57, 1.13, 1.49],
  tjk_110 = [1.88, 1.34, 1.46, 2.25, 1.55, 2.23, 1.97, 1.60, 1.46, 1.25, 1.32, 2.29, 1.21, 1.83, 2.05, 1.23, 1.19, 2.29, 1.19, 1.44],
  tjk_21 = [2.61, 3.64, 2.89, 3.45, 2.54, 3.66, 2.69, 2.54, 3.30, 3.23, 3.39, 2.51, 2.73, 2.86, 3.29, 3.21, 3.24, 2.47, 3.31, 3.66],
  tjk_22 = [2.53, 3.08, 2.69, 2.53, 2.71, 3.45, 3.46, 3.34, 3.25, 2.53, 3.63, 3.31, 2.80, 2.39, 3.44, 2.54, 2.70, 3.39, 2.70, 3.28],
  tjk_23 = [2.63, 2.87, 3.34, 2.87, 3.10, 3.46, 2.86, 3.23, 3.64, 2.90, 2.65, 2.81, 2.62, 2.47, 3.37, 2.50, 3.43, 3.29, 3.44, 3.06],
  tjk_24 = [3.36, 3.54, 3.24, 3.35, 2.56, 2.41, 2.35, 3.47, 3.16, 2.71, 3.04, 3.58, 2.42, 2.82, 3.42, 3.48, 2.41, 2.85, 2.76, 3.12],
  tjk_25 = [3.43, 2.93, 3.29, 3.10, 2.41, 2.50, 2.55, 2.78, 3.66, 2.94, 3.59, 3.51, 2.62, 2.53, 3.24, 3.23, 2.79, 2.48, 3.11, 2.86],
  tjk_26 = [3.26, 2.96, 3.07, 2.94, 2.59, 3.25, 2.64, 3.63, 3.46, 2.70, 3.40, 3.09, 2.80, 3.33, 3.38, 3.24, 2.88, 3.03, 3.45, 3.19],
  tjk_27 = [2.36, 3.36, 3.37, 2.58, 2.45, 2.42, 2.99, 2.71, 2.43, 2.47, 3.56, 3.46, 2.68, 3.20, 3.25, 2.52, 3.67, 2.93, 2.73, 2.98],
  tjk_28 = [2.59, 2.34, 2.83, 3.46, 2.66, 3.51, 3.33, 2.66, 3.65, 2.82, 3.22, 3.35, 2.46, 2.72, 2.91, 2.78, 3.01, 3.43, 2.79, 2.97],
  tjk_29 = [2.88, 3.05, 3.43, 2.98, 2.48, 3.55, 3.53, 2.61, 2.47, 3.15, 2.94, 3.61, 3.14, 3.61, 3.45, 2.40, 3.44, 3.50, 2.93, 3.38],
  tjk_210 = [2.84, 3.62, 3.33, 2.73, 3.26, 3.33, 3.26, 3.48, 3.27, 3.40, 2.98, 3.44, 3.14, 2.91, 3.64, 2.44, 2.95, 2.84, 2.98, 2.39],
  tjk_31 = [1.09, 1.10, 1.28, 1.49, 1.39, 2.25, 1.96, 2.27, 1.43, 2.16, 2.28, 1.41, 1.84, 1.02, 1.14, 1.14, 1.88, 1.98, 1.64, 1.51],
  tjk_32 = [1.52, 1.02, 1.44, 1.70, 2.06, 1.26, 1.35, 1.02, 2.28, 2.12, 2.14, 1.92, 1.37, 1.12, 1.09, 1.02, 1.00, 2.10, 1.41, 1.87],
  tjk_33 = [1.27, 2.30, 1.10, 1.40, 1.63, 1.84, 1.80, 1.03, 1.91, 2.23, 1.87, 1.65, 2.18, 1.32, 1.30, 2.23, 1.12, 2.04, 2.24, 1.37],
  tjk_34 = [1.69, 1.52, 1.86, 1.31, 1.45, 1.13, 1.89, 1.48, 1.56, 1.04, 1.33, 1.92, 1.71, 2.02, 1.49, 1.36, 2.07, 2.03, 1.88, 1.97],
  tjk_35 = [2.05, 1.79, 1.14, 1.39, 2.07, 1.08, 2.06, 2.18, 2.05, 1.55, 1.17, 2.23, 2.00, 1.19, 2.07, 1.33, 2.23, 1.04, 1.07, 1.07],
  tjk_36 = [1.96, 1.20, 1.68, 2.32, 1.26, 2.24, 1.51, 1.27, 1.12, 1.86, 2.32, 1.97, 2.00, 1.40, 2.31, 1.22, 2.28, 1.19, 1.72, 1.78],
  tjk_37 = [1.03, 2.24, 1.52, 1.22, 1.75, 2.01, 1.41, 1.19, 1.63, 2.13, 2.14, 2.28, 1.06, 1.55, 1.24, 1.87, 1.86, 1.83, 1.33, 1.65],
  tjk_38 = [2.07, 2.20, 1.09, 1.75, 1.83, 1.82, 1.20, 1.67, 1.45, 1.73, 1.54, 1.87, 1.59, 1.71, 1.83, 1.23, 2.29, 1.23, 1.38, 1.83],
  tjk_39 = [1.39, 2.21, 1.23, 1.65, 1.33, 1.07, 2.28, 1.35, 2.11, 1.83, 1.89, 1.54, 2.32, 1.65, 2.13, 1.56, 1.62, 1.58, 2.22, 2.16],
  tjk_310 = [1.48, 1.05, 1.16, 1.43, 1.32, 1.01, 1.24, 2.24, 1.83, 1.88, 1.71, 1.74, 2.28, 1.02, 1.64, 2.31, 2.23, 1.52, 1.85, 1.14],
  tjk_41 = [1.54, 1.88, 1.87, 2.00, 1.81, 1.46, 1.17, 1.28, 2.17, 1.26, 1.99, 1.49, 1.10, 1.83, 1.20, 1.46, 1.45, 1.40, 1.09, 1.77],
  tjk_42 = [1.07, 1.71, 1.77, 1.19, 2.08, 1.05, 2.00, 1.85, 2.19, 1.83, 1.81, 2.17, 2.08, 1.54, 2.09, 1.80, 1.68, 1.89, 1.10, 2.13],
  tjk_43 = [1.82, 2.06, 1.42, 2.28, 2.28, 2.03, 2.06, 1.49, 1.64, 1.16, 1.56, 1.18, 2.01, 1.86, 2.18, 2.03, 2.26, 1.97, 1.62, 1.74],
  tjk_44 = [1.69, 1.34, 1.94, 2.24, 1.79, 1.29, 2.21, 1.90, 1.90, 1.67, 1.85, 1.20, 1.90, 2.00, 1.36, 2.19, 1.21, 1.40, 1.49, 1.36],
  tjk_45 = [1.42, 1.14, 1.38, 1.73, 1.78, 1.45, 1.39, 2.33, 2.30, 1.95, 1.80, 1.83, 1.96, 1.02, 1.04, 2.29, 1.94, 1.59, 1.88, 1.09],
  tjk_46 = [1.06, 2.13, 2.19, 2.00, 1.04, 2.24, 2.19, 2.19, 1.88, 2.03, 1.23, 1.78, 1.50, 1.51, 2.01, 1.89, 2.25, 2.04, 2.07, 1.01],
  tjk_47 = [1.17, 1.79, 1.96, 2.28, 1.98, 1.16, 1.87, 1.93, 2.16, 1.67, 1.65, 1.60, 1.36, 1.17, 1.29, 1.11, 1.13, 1.32, 1.07, 1.76],
  tjk_48 = [1.72, 2.27, 2.01, 1.31, 2.21, 2.27, 1.23, 1.24, 2.15, 2.30, 2.04, 1.14, 2.19, 1.31, 1.26, 2.00, 1.80, 1.94, 1.37, 1.64],
  tjk_49 = [2.15, 2.24, 1.92, 2.28, 1.01, 1.41, 1.03, 1.56, 1.23, 1.70, 1.97, 1.90, 1.22, 1.14, 1.84, 1.12, 1.88, 1.63, 1.74, 2.11],
  tjk_410 = [1.13, 1.48, 1.99, 1.45, 1.57, 2.01, 1.21, 1.16, 1.54, 1.99, 1.93, 1.97, 2.09, 1.14, 1.02, 1.93, 2.28, 1.56, 2.30, 1.13],
  tjk_51 = [2.32, 1.09, 1.66, 1.89, 1.51, 1.68, 2.17, 1.57, 1.27, 1.74, 2.00, 1.22, 1.38, 1.28, 1.30, 1.29, 1.58, 2.09, 1.14, 1.78],
  tjk_52 = [1.19, 2.03, 1.59, 2.20, 1.01, 1.20, 2.06, 1.79, 1.13, 2.31, 1.78, 1.22, 1.38, 1.53, 1.79, 1.42, 1.53, 1.92, 1.51, 1.86],
  tjk_53 = [1.45, 1.85, 1.87, 1.08, 1.74, 1.95, 2.21, 1.33, 1.09, 2.14, 1.79, 1.83, 1.30, 1.71, 2.23, 1.05, 2.07, 1.54, 1.83, 2.18],
  tjk_54 = [2.26, 1.85, 2.09, 2.24, 2.13, 1.41, 2.05, 1.07, 1.40, 1.40, 1.12, 1.78, 2.22, 1.03, 1.25, 1.26, 1.78, 1.17, 1.93, 1.07],
  tjk_55 = [1.54, 1.12, 1.84, 2.07, 1.50, 1.71, 1.54, 1.67, 2.32, 1.35, 2.22, 1.86, 2.02, 1.06, 2.23, 2.05, 1.18, 1.09, 1.39, 1.44],
  tjk_56 = [1.66, 1.79, 2.18, 1.27, 1.71, 1.82, 1.09, 2.00, 1.77, 1.43, 1.62, 2.15, 1.81, 1.94, 1.69, 1.61, 2.09, 2.13, 2.22, 2.10],
  tjk_57 = [1.16, 1.81, 2.11, 1.16, 1.95, 1.21, 1.89, 2.00, 1.58, 1.99, 2.12, 1.68, 1.90, 1.12, 2.14, 1.18, 1.91, 1.90, 1.56, 1.51],
  tjk_58 = [2.27, 1.41, 1.04, 1.31, 1.66, 1.24, 1.21, 2.14, 2.15, 1.79, 1.53, 1.67, 1.19, 2.28, 1.28, 1.01, 2.14, 1.72, 1.98, 2.11],
  tjk_59 = [1.58, 2.09, 1.04, 2.23, 1.71, 1.87, 2.26, 1.44, 1.69, 2.10, 1.20, 1.29, 2.21, 1.03, 1.91, 1.31, 2.14, 1.93, 1.57, 2.14],
  tjk_510 = [2.26, 1.05, 2.16, 2.04, 2.05, 1.67, 1.80, 2.14, 1.21, 2.11, 1.44, 2.07, 1.08, 1.31, 1.11, 2.19, 1.86, 1.21, 1.24, 1.54],
  tjk_61 = [2.68, 3.26, 2.42, 2.38, 3.60, 3.08, 3.21, 2.78, 2.56, 2.85, 3.62, 3.23, 2.89, 3.06, 3.66, 3.43, 2.86, 2.65, 3.34, 2.97],
  tjk_62 = [2.47, 2.76, 2.89, 2.54, 2.54, 3.39, 3.48, 3.24, 3.13, 3.00, 3.47, 2.41, 2.59, 2.50, 3.36, 2.43, 2.42, 3.40, 2.43, 2.54],
  tjk_63 = [3.12, 3.14, 3.48, 2.44, 2.94, 3.48, 3.51, 3.48, 3.39, 2.48, 2.78, 2.84, 3.38, 2.35, 2.39, 2.37, 3.04, 2.92, 2.70, 3.67],
  tjk_64 = [3.11, 3.04, 3.64, 3.37, 2.63, 3.44, 3.07, 3.47, 2.63, 2.52, 3.01, 2.99, 3.11, 2.44, 3.18, 3.14, 3.52, 2.48, 3.06, 3.27],
  tjk_65 = [3.08, 3.24, 3.52, 3.55, 3.57, 3.43, 2.72, 3.06, 2.36, 2.68, 3.47, 3.08, 2.75, 2.45, 3.18, 2.77, 2.33, 2.81, 3.13, 2.67],
  tjk_66 = [3.48, 2.37, 3.51, 2.57, 2.41, 2.78, 2.76, 2.79, 3.26, 2.69, 3.16, 3.32, 2.50, 3.23, 2.33, 2.85, 2.85, 2.62, 3.29, 2.95],
  tjk_67 = [3.13, 2.44, 3.43, 3.14, 2.39, 2.64, 2.39, 2.64, 2.51, 3.02, 3.00, 2.49, 3.05, 3.26, 3.16, 3.06, 2.64, 2.71, 3.38, 3.33],
  tjk_68 = [2.86, 2.92, 2.83, 2.78, 3.16, 2.44, 3.43, 3.26, 2.81, 3.45, 3.34, 2.58, 3.25, 2.42, 2.51, 3.14, 3.36, 3.32, 3.51, 3.38],
  tjk_69 = [3.27, 3.14, 3.05, 2.63, 3.37, 3.52, 3.54, 3.16, 2.97, 2.42, 3.43, 3.59, 3.24, 2.91, 2.82, 3.27, 3.12, 3.16, 2.39, 2.38],
  tjk_610 = [3.05, 3.23, 2.37, 2.98, 3.20, 3.49, 2.86, 3.05, 3.62, 2.70, 2.89, 3.10, 2.44, 2.81, 3.53, 3.04, 2.48, 3.21, 2.85, 2.70],
  tjk_71 = [3.93, 3.92, 4.64, 4.26, 4.90, 4.04, 4.24, 4.43, 4.96, 3.91, 4.04, 4.71, 4.12, 4.70, 4.50, 4.07, 4.37, 3.69, 4.16, 3.86],
  tjk_72 = [4.92, 4.48, 3.70, 3.92, 4.11, 4.20, 4.76, 3.84, 4.48, 4.60, 3.68, 3.71, 3.80, 4.76, 4.16, 4.20, 4.00, 5.00, 4.10, 4.23],
  tjk_73 = [4.59, 4.05, 4.48, 4.71, 4.65, 4.26, 4.62, 4.28, 3.71, 4.15, 4.02, 3.70, 4.20, 4.14, 4.54, 4.24, 4.81, 4.52, 4.64, 3.85],
  tjk_74 = [4.78, 4.06, 4.26, 4.45, 4.58, 4.16, 4.93, 3.70, 4.14, 4.05, 4.79, 4.71, 4.06, 4.28, 4.13, 4.59, 3.87, 4.48, 4.56, 3.86],
  tjk_75 = [4.28, 4.76, 3.97, 4.35, 4.68, 4.94, 4.76, 3.94, 4.03, 4.16, 3.70, 3.96, 4.15, 3.78, 3.96, 4.21, 4.29, 4.17, 4.81, 4.54],
  tjk_76 = [4.57, 3.82, 4.55, 4.83, 4.51, 3.72, 3.85, 4.49, 3.94, 4.95, 4.38, 3.71, 3.92, 4.84, 4.79, 4.99, 3.87, 3.68, 4.49, 4.93],
  tjk_77 = [4.13, 4.03, 4.28, 4.31, 4.55, 4.55, 4.60, 4.47, 4.87, 4.97, 4.64, 4.98, 4.92, 4.02, 4.43, 4.55, 4.30, 4.50, 3.99, 4.09],
  tjk_78 = [4.41, 4.16, 3.70, 3.92, 3.99, 4.70, 4.75, 3.80, 3.91, 3.71, 4.25, 4.14, 4.53, 3.84, 4.58, 4.79, 4.89, 4.45, 3.97, 4.11],
  tjk_79 = [4.72, 4.39, 4.00, 4.01, 4.57, 3.73, 4.59, 4.02, 4.68, 3.86, 4.66, 4.71, 4.92, 3.72, 4.09, 4.29, 4.54, 4.61, 4.89, 4.71],
  tjk_710 = [4.76, 3.73, 4.73, 4.08, 3.75, 4.21, 3.82, 4.81, 4.54, 4.70, 4.89, 4.41, 4.64, 3.94, 4.20, 4.21, 4.99, 4.31, 3.76, 4.12],
  tjk_81 = [4.58, 3.97, 3.79, 4.31, 4.06, 3.99, 3.73, 4.80, 4.27, 4.89, 4.13, 5.00, 4.47, 4.67, 4.72, 4.33, 4.76, 4.37, 4.67, 4.76],
  tjk_82 = [4.60, 4.91, 4.67, 4.95, 4.05, 4.17, 3.93, 4.74, 4.79, 4.82, 3.74, 3.76, 4.47, 4.69, 4.82, 4.96, 4.31, 4.89, 4.03, 4.31],
  tjk_83 = [4.44, 4.81, 3.82, 4.36, 4.16, 3.93, 3.96, 4.34, 3.91, 4.53, 4.04, 3.99, 4.34, 4.14, 3.73, 3.89, 3.96, 3.93, 4.92, 3.90],
  tjk_84 = [4.46, 4.83, 4.87, 4.10, 3.75, 3.79, 3.81, 4.44, 4.43, 3.75, 4.71, 4.56, 4.06, 4.55, 3.70, 3.97, 3.92, 3.70, 4.52, 3.85],
  tjk_85 = [4.78, 4.21, 4.72, 4.32, 3.83, 4.09, 4.88, 4.01, 4.60, 3.74, 4.99, 4.55, 4.77, 4.75, 4.24, 4.53, 4.53, 4.13, 3.88, 4.71],
  tjk_86 = [3.93, 4.61, 4.96, 4.85, 4.22, 4.34, 4.08, 4.00, 4.55, 4.88, 4.16, 4.54, 3.92, 4.67, 4.75, 3.89, 4.42, 3.77, 4.18, 4.82],
  tjk_87 = [4.19, 4.95, 3.82, 4.41, 4.54, 4.95, 4.18, 4.25, 4.59, 4.64, 4.42, 3.88, 3.93, 3.78, 4.71, 4.00, 4.13, 3.71, 4.71, 4.87],
  tjk_88 = [4.30, 4.78, 4.33, 4.60, 4.62, 3.68, 4.19, 4.15, 4.40, 3.85, 4.13, 4.02, 4.86, 3.77, 4.21, 4.86, 3.67, 3.90, 3.76, 4.08],
  tjk_89 = [4.19, 4.67, 4.53, 4.47, 4.93, 3.83, 4.00, 4.95, 4.99, 4.22, 4.42, 4.31, 4.31, 4.50, 3.70, 3.74, 4.48, 4.77, 4.37, 3.95],
  tjk_810 = [4.79, 3.86, 4.13, 4.76, 3.91, 4.29, 4.86, 4.27, 4.92, 4.30, 3.79, 4.12, 3.97, 4.44, 3.80, 3.80, 4.07, 3.80, 4.12, 3.72],
  tjk_91 = [2.89, 3.32, 2.54, 2.56, 3.14, 3.63, 2.80, 2.38, 3.55, 2.43, 2.85, 3.27, 3.24, 3.47, 2.54, 3.33, 3.51, 2.80, 2.36, 3.28],
  tjk_92 = [3.33, 3.33, 2.97, 3.33, 3.13, 3.44, 3.44, 3.35, 3.48, 3.51, 3.45, 3.41, 2.57, 3.46, 2.63, 2.80, 3.02, 3.14, 3.19, 3.04],
  tjk_93 = [2.67, 3.44, 3.21, 3.25, 2.62, 2.71, 2.90, 2.63, 3.31, 3.40, 2.70, 2.54, 2.54, 3.56, 2.85, 2.74, 2.68, 2.43, 3.08, 3.57],
  tjk_94 = [2.61, 3.53, 3.54, 3.16, 2.87, 3.67, 3.61, 3.35, 2.88, 2.37, 2.98, 2.95, 3.11, 2.93, 3.10, 3.00, 2.46, 2.42, 3.30, 3.45],
  tjk_95 = [2.38, 2.96, 3.23, 2.73, 2.41, 3.04, 3.48, 3.06, 2.68, 2.45, 2.70, 2.49, 3.62, 2.47, 2.63, 2.93, 2.96, 3.30, 3.18, 2.69],
  tjk_96 = [2.90, 2.36, 2.40, 2.79, 2.73, 2.54, 2.71, 2.73, 2.52, 2.83, 2.64, 2.45, 3.66, 3.61, 3.05, 3.03, 2.48, 3.24, 2.69, 2.63],
  tjk_97 = [2.73, 3.65, 3.52, 2.82, 2.45, 2.36, 2.39, 3.20, 2.79, 3.41, 3.28, 2.60, 3.27, 2.44, 3.23, 3.30, 3.65, 2.64, 2.91, 2.89],
  tjk_98 = [3.46, 3.39, 2.93, 2.97, 3.26, 3.07, 3.60, 3.44, 3.23, 2.37, 3.44, 2.88, 3.24, 3.55, 2.64, 2.57, 2.77, 2.87, 3.24, 3.56],
  tjk_99 = [2.83, 2.35, 3.01, 3.11, 2.83, 2.87, 3.47, 2.95, 3.02, 2.44, 3.60, 2.75, 2.37, 2.92, 2.67, 3.28, 3.24, 3.66, 2.85, 2.94],
  tjk_910 = [2.99, 2.89, 2.49, 2.81, 3.17, 3.46, 2.88, 2.62, 2.52, 2.71, 2.82, 3.33, 2.94, 2.99, 3.30, 3.10, 2.45, 2.49, 2.55, 2.76],
  tjk_101 = [4.09, 4.84, 4.26, 3.74, 4.67, 4.31, 3.94, 4.43, 3.77, 3.95, 4.39, 4.26, 4.03, 4.02, 4.18, 4.74, 4.77, 4.31, 3.91, 4.63],
  tjk_102 = [3.88, 3.74, 4.58, 3.94, 4.88, 4.60, 3.75, 4.68, 4.47, 4.00, 4.54, 4.26, 4.08, 4.57, 4.75, 4.68, 4.97, 4.60, 4.58, 4.09],
  tjk_103 = [4.62, 4.36, 4.46, 4.85, 4.37, 4.25, 4.10, 4.64, 4.48, 4.55, 4.11, 4.35, 4.19, 4.89, 3.89, 4.42, 4.05, 3.96, 4.48, 4.88],
  tjk_104 = [4.94, 4.75, 4.64, 4.70, 3.73, 4.16, 4.04, 4.90, 4.65, 4.10, 4.83, 3.90, 4.98, 4.17, 4.24, 4.27, 4.13, 4.93, 4.46, 3.75],
  tjk_105 = [4.41, 4.66, 4.13, 4.96, 4.58, 4.10, 3.88, 4.60, 4.99, 4.46, 4.51, 3.70, 4.56, 4.12, 4.51, 4.39, 4.05, 4.81, 3.91, 3.97],
  tjk_106 = [4.59, 4.62, 4.57, 4.82, 3.68, 4.27, 4.64, 3.74, 4.86, 3.79, 4.03, 3.98, 4.40, 4.40, 4.18, 4.45, 4.90, 3.69, 4.88, 4.05],
  tjk_107 = [4.64, 3.84, 4.32, 4.13, 3.76, 4.10, 4.83, 4.20, 4.49, 4.60, 4.35, 4.87, 4.94, 4.08, 3.70, 4.19, 5.00, 4.65, 4.17, 4.73],
  tjk_108 = [3.81, 4.83, 4.82, 4.66, 3.68, 4.14, 4.84, 3.72, 4.30, 4.47, 4.59, 3.68, 3.80, 4.37, 4.75, 3.93, 4.48, 4.86, 4.45, 4.59],
  tjk_109 = [3.87, 4.81, 3.72, 3.99, 3.93, 4.23, 4.29, 4.68, 4.23, 4.49, 4.43, 3.85, 4.69, 4.04, 3.86, 4.82, 4.05, 4.10, 4.15, 4.20],
  tjk_1010 = [4.70, 4.38, 4.97, 3.79, 4.57, 3.86, 4.95, 4.01, 4.34, 4.02, 3.87, 4.86, 3.88, 4.70, 4.41, 4.62, 3.87, 3.96, 3.88, 4.31],
  tjk_111 = [4.83, 4.09, 4.56, 4.08, 4.78, 3.73, 3.77, 3.73, 4.19, 4.18, 3.94, 4.75, 4.21, 4.48, 4.49, 4.92, 4.62, 3.80, 4.96, 3.88],
  tjk_112 = [4.84, 4.28, 3.82, 3.75, 4.09, 3.94, 3.94, 4.55, 3.92, 4.27, 3.90, 4.21, 4.90, 3.73, 4.48, 3.94, 4.62, 4.76, 4.81, 3.75],
  tjk_113 = [4.96, 4.01, 4.91, 4.91, 4.34, 4.88, 4.79, 4.09, 4.80, 4.71, 4.23, 3.86, 4.17, 4.05, 3.80, 4.59, 4.21, 4.50, 4.87, 4.47],
  tjk_114 = [4.73, 4.36, 4.93, 3.69, 3.79, 4.05, 3.73, 4.69, 4.48, 4.33, 4.11, 4.19, 3.91, 4.84, 4.88, 3.94, 4.94, 3.69, 4.92, 4.31],
  tjk_115 = [4.49, 4.15, 3.86, 4.67, 4.62, 3.74, 4.90, 4.30, 4.30, 3.74, 3.80, 4.41, 4.59, 3.81, 4.99, 3.87, 4.62, 4.98, 3.74, 3.98],
  tjk_116 = [4.81, 3.91, 3.82, 4.49, 4.51, 4.08, 4.94, 4.65, 4.38, 4.49, 4.75, 4.41, 4.77, 4.05, 4.26, 3.86, 4.02, 3.89, 3.89, 4.14],
  tjk_117 = [4.69, 3.79, 4.28, 4.83, 4.06, 4.16, 4.48, 3.76, 3.83, 4.01, 4.91, 4.40, 3.75, 3.95, 4.28, 3.72, 4.59, 4.07, 4.70, 4.41],
  tjk_118 = [3.98, 4.05, 3.77, 4.67, 4.03, 3.81, 4.14, 4.45, 4.27, 3.73, 4.93, 4.55, 4.66, 3.69, 3.67, 4.60, 3.86, 4.18, 4.25, 4.13],
  tjk_119 = [3.70, 4.83, 3.95, 3.87, 4.96, 3.80, 4.15, 4.12, 4.41, 3.80, 4.01, 4.09, 4.99, 4.99, 3.88, 4.61, 4.95, 4.78, 4.39, 3.99],
  tjk_1110 = [4.73, 3.68, 4.99, 4.41, 4.82, 4.94, 4.38, 4.17, 4.65, 4.67, 4.73, 3.83, 3.74, 3.76, 4.90, 4.57, 3.87, 4.86, 4.30, 4.08],
  tjk_121 = [2.40, 2.44, 2.98, 2.60, 2.93, 3.06, 3.27, 2.90, 2.83, 3.43, 2.89, 2.96, 3.19, 2.81, 3.50, 2.69, 2.52, 2.41, 2.70, 2.78],
  tjk_122 = [2.37, 2.53, 2.54, 3.13, 3.54, 3.41, 2.79, 2.53, 2.83, 3.08, 2.45, 2.53, 2.93, 2.96, 2.43, 2.41, 2.66, 3.09, 2.44, 2.68],
  tjk_123 = [2.71, 2.62, 2.76, 3.37, 2.38, 2.76, 3.39, 3.47, 2.90, 3.18, 2.90, 2.86, 2.63, 2.69, 2.35, 2.59, 2.71, 3.02, 2.94, 2.72],
  tjk_124 = [2.73, 3.62, 2.99, 3.17, 2.54, 3.66, 2.70, 3.26, 2.96, 2.73, 2.46, 2.52, 3.17, 3.00, 2.70, 3.28, 2.95, 2.91, 3.09, 2.46],
  tjk_125 = [2.79, 2.44, 3.56, 3.30, 3.54, 2.46, 3.18, 2.41, 2.37, 3.43, 3.45, 3.41, 3.36, 2.92, 2.42, 3.32, 2.55, 3.32, 2.85, 2.49],
  tjk_126 = [3.32, 3.29, 3.30, 3.15, 3.45, 2.49, 3.33, 2.39, 2.78, 2.42, 3.16, 3.65, 3.36, 2.41, 2.61, 3.36, 2.46, 3.01, 3.31, 3.00],
  tjk_127 = [2.68, 2.66, 2.56, 2.85, 3.30, 3.28, 3.05, 2.73, 3.44, 3.51, 3.23, 2.69, 3.63, 3.06, 2.40, 3.17, 2.89, 3.50, 2.84, 2.49],
  tjk_128 = [2.78, 3.52, 2.37, 3.65, 2.86, 2.37, 2.86, 3.43, 2.78, 2.86, 2.72, 2.70, 3.66, 3.24, 3.10, 2.68, 2.45, 2.67, 2.46, 3.36],
  tjk_129 = [2.88, 2.82, 3.40, 3.23, 3.20, 2.61, 2.43, 3.22, 3.62, 2.51, 3.35, 3.43, 2.92, 3.54, 3.56, 2.62, 3.47, 3.00, 3.57, 2.76],
  tjk_1210 = [2.39, 3.00, 2.61, 2.36, 2.70, 3.39, 2.39, 3.26, 3.56, 2.87, 2.89, 3.03, 3.08, 3.23, 3.43, 3.13, 3.31, 2.96, 2.75, 2.91],
  tjk_131 = [1.40, 1.71, 1.10, 1.53, 1.56, 2.20, 2.26, 1.27, 1.36, 1.08, 2.15, 1.20, 1.14, 1.82, 1.20, 2.26, 1.10, 2.13, 1.60, 1.95],
  tjk_132 = [1.99, 2.22, 1.05, 1.23, 1.96, 1.06, 1.40, 1.10, 1.99, 1.74, 1.16, 2.17, 1.61, 1.69, 1.17, 1.40, 1.59, 1.79, 1.30, 1.83],
  tjk_133 = [1.95, 2.29, 2.21, 1.07, 1.78, 2.16, 1.41, 1.53, 1.59, 1.41, 2.22, 2.25, 1.79, 1.72, 1.04, 1.49, 2.03, 1.26, 2.18, 1.26],
  tjk_134 = [1.94, 1.70, 1.84, 1.02, 1.49, 1.28, 1.13, 2.23, 1.63, 2.00, 2.25, 1.50, 1.88, 1.38, 1.16, 1.64, 1.44, 1.18, 1.71, 1.12],
  tjk_135 = [2.22, 1.51, 1.73, 1.23, 1.40, 1.00, 2.33, 1.49, 1.30, 1.12, 1.53, 1.26, 2.27, 1.98, 1.05, 1.77, 2.33, 1.59, 1.49, 1.77],
  tjk_136 = [2.07, 2.01, 2.13, 1.09, 2.12, 2.16, 1.07, 1.55, 1.62, 1.04, 1.09, 1.78, 2.04, 1.27, 1.10, 1.12, 1.49, 1.70, 1.63, 2.13],
  tjk_137 = [1.69, 2.10, 1.39, 1.68, 1.54, 1.72, 2.30, 2.00, 2.31, 1.88, 1.61, 1.74, 1.87, 2.12, 1.44, 1.00, 1.01, 1.40, 1.84, 1.79],
  tjk_138 = [1.47, 1.16, 1.73, 1.71, 1.79, 1.80, 2.14, 1.72, 1.23, 2.15, 1.30, 1.19, 2.04, 1.53, 1.66, 1.04, 1.99, 1.94, 1.59, 2.26],
  tjk_139 = [1.95, 1.89, 2.16, 2.07, 1.28, 1.05, 1.26, 2.11, 1.53, 1.87, 1.23, 1.22, 1.56, 1.92, 2.24, 1.41, 1.13, 1.10, 1.23, 1.36],
  tjk_1310 = [1.11, 1.58, 2.11, 2.03, 1.07, 1.72, 1.62, 1.60, 1.34, 1.13, 1.90, 1.31, 1.30, 1.94, 1.87, 2.11, 1.65, 1.88, 1.50, 1.34],
  tjk_141 = [4.50, 4.03, 4.70, 4.86, 4.64, 3.69, 4.81, 4.10, 3.96, 3.77, 4.55, 4.94, 4.68, 4.79, 4.82, 3.79, 4.46, 4.06, 4.23, 4.85],
  tjk_142 = [4.94, 4.72, 4.54, 3.88, 4.73, 3.97, 4.02, 3.74, 4.95, 3.90, 4.73, 4.16, 4.25, 4.93, 3.95, 3.87, 3.77, 4.13, 4.48, 4.31],
  tjk_143 = [3.82, 3.84, 3.80, 4.05, 4.52, 4.55, 4.13, 3.77, 4.93, 4.94, 3.88, 4.44, 4.13, 3.70, 4.01, 4.02, 3.92, 4.51, 4.98, 4.43],
  tjk_144 = [4.48, 3.84, 4.53, 4.00, 3.95, 4.85, 4.81, 4.53, 4.43, 3.81, 4.07, 4.82, 4.36, 4.29, 4.54, 4.88, 4.03, 4.61, 4.32, 4.75],
  tjk_145 = [3.90, 4.93, 3.73, 4.63, 4.23, 4.25, 4.98, 4.71, 4.90, 3.81, 4.64, 4.79, 4.43, 4.88, 4.29, 4.94, 4.46, 3.72, 4.62, 4.84],
  tjk_146 = [3.82, 4.84, 4.98, 4.55, 4.46, 3.95, 4.25, 3.85, 4.19, 4.23, 4.53, 4.81, 4.18, 4.32, 4.61, 4.91, 4.13, 4.73, 3.80, 3.99],
  tjk_147 = [3.91, 4.04, 3.90, 3.83, 4.26, 3.73, 4.62, 4.77, 4.65, 4.57, 3.75, 4.52, 4.20, 4.36, 4.34, 4.44, 4.51, 4.69, 4.36, 4.31],
  tjk_148 = [4.96, 3.76, 4.03, 4.49, 3.92, 4.30, 4.03, 3.74, 4.29, 4.66, 3.94, 3.80, 4.54, 3.79, 4.37, 4.99, 4.81, 4.84, 4.38, 4.31],
  tjk_149 = [4.38, 4.99, 3.72, 4.38, 4.90, 4.49, 4.48, 4.93, 4.20, 4.73, 4.43, 4.63, 3.84, 4.52, 4.88, 4.22, 3.76, 4.90, 3.88, 3.98],
  tjk_1410 = [4.25, 4.94, 3.87, 4.47, 4.35, 4.61, 4.37, 4.14, 3.89, 3.68, 4.95, 4.45, 4.56, 4.01, 4.78, 4.90, 4.77, 3.82, 4.96, 4.82],
  tjk_151 = [3.90, 4.01, 3.97, 4.05, 3.73, 3.72, 4.21, 4.52, 4.09, 3.85, 4.37, 4.26, 4.84, 4.42, 4.24, 3.99, 4.79, 3.69, 4.30, 3.97],
  tjk_152 = [4.61, 3.77, 4.63, 4.65, 4.77, 4.91, 3.76, 4.11, 4.75, 3.83, 3.93, 3.68, 3.68, 4.23, 4.08, 4.50, 3.94, 4.56, 3.80, 3.84],
  tjk_153 = [4.34, 4.43, 4.74, 4.40, 4.84, 4.03, 3.89, 4.74, 4.26, 4.19, 3.96, 4.45, 4.54, 4.94, 3.75, 4.47, 4.88, 4.67, 4.64, 4.71],
  tjk_154 = [4.92, 4.68, 3.93, 3.85, 4.52, 4.20, 4.71, 3.97, 4.34, 4.80, 4.48, 4.91, 4.19, 3.85, 3.94, 4.31, 4.05, 3.92, 4.74, 3.83],
  tjk_155 = [4.68, 4.33, 4.85, 3.90, 4.97, 4.17, 4.12, 4.08, 4.42, 4.14, 3.84, 3.90, 4.41, 4.14, 4.25, 4.12, 4.34, 5.00, 4.13, 4.31],
  tjk_156 = [4.61, 4.97, 4.10, 4.97, 4.60, 4.58, 4.91, 4.52, 4.96, 4.29, 4.95, 4.11, 3.78, 4.26, 4.54, 4.57, 4.23, 4.25, 4.38, 4.54],
  tjk_157 = [4.68, 4.19, 4.26, 4.59, 4.12, 4.01, 4.96, 4.07, 3.72, 4.03, 3.69, 4.73, 4.87, 4.44, 4.07, 3.69, 4.05, 4.88, 3.92, 4.37],
  tjk_158 = [4.08, 4.70, 3.85, 3.70, 3.86, 3.68, 4.00, 4.96, 4.87, 3.89, 4.46, 4.45, 4.53, 4.30, 4.53, 4.76, 4.20, 5.00, 3.89, 3.82],
  tjk_159 = [4.87, 4.63, 3.95, 4.25, 4.53, 4.72, 4.65, 3.98, 3.75, 3.81, 3.82, 4.12, 4.92, 4.51, 4.12, 4.37, 4.15, 3.92, 4.25, 4.08],
  tjk_1510 = [3.81, 4.40, 4.28, 4.07, 4.71, 4.62, 4.99, 4.26, 4.09, 4.80, 3.76, 3.75, 4.78, 4.57, 3.96, 4.04, 4.63, 4.84, 3.73, 4.21],
  tjk_161 = [4.44, 4.72, 3.73, 4.77, 4.91, 4.87, 4.77, 4.23, 3.84, 4.20, 4.55, 3.90, 4.46, 4.26, 4.49, 4.43, 4.18, 4.95, 3.74, 4.03],
  tjk_162 = [3.94, 3.90, 4.65, 3.80, 4.16, 3.96, 3.91, 3.93, 3.78, 4.47, 3.90, 3.74, 3.68, 4.67, 4.02, 4.27, 4.01, 4.31, 4.80, 3.98],
  tjk_163 = [3.86, 4.73, 4.69, 4.66, 3.88, 4.63, 4.90, 4.14, 3.78, 4.04, 4.41, 4.84, 4.95, 4.47, 4.23, 4.89, 3.71, 4.64, 3.93, 3.98],
  tjk_164 = [4.33, 4.47, 4.83, 4.49, 4.10, 5.00, 3.70, 4.99, 4.78, 4.12, 4.53, 4.18, 4.37, 4.33, 4.26, 4.10, 3.79, 3.67, 3.82, 4.99],
  tjk_165 = [3.72, 4.71, 4.51, 4.09, 4.01, 4.91, 4.00, 4.66, 4.90, 3.90, 4.14, 4.48, 4.87, 4.55, 4.30, 4.18, 4.62, 4.40, 4.55, 4.32],
  tjk_166 = [4.16, 4.79, 4.78, 4.94, 4.66, 4.00, 4.67, 4.54, 4.61, 4.29, 4.52, 4.28, 4.54, 4.18, 4.48, 4.34, 4.49, 4.88, 4.51, 3.71],
  tjk_167 = [4.86, 3.96, 4.60, 4.17, 4.73, 4.64, 4.52, 3.82, 3.85, 4.20, 3.98, 4.53, 4.57, 4.32, 4.20, 4.51, 3.90, 4.86, 3.83, 4.00],
  tjk_168 = [4.75, 4.23, 4.07, 4.96, 4.60, 4.63, 4.35, 4.49, 4.04, 4.74, 4.79, 3.84, 4.64, 4.98, 3.68, 4.35, 4.89, 4.90, 4.16, 4.51],
  tjk_169 = [4.53, 4.30, 3.93, 3.69, 4.86, 5.00, 4.01, 4.18, 4.38, 3.69, 4.27, 4.05, 4.49, 3.88, 4.23, 4.59, 4.80, 3.98, 4.24, 4.93],
  tjk_1610 = [4.14, 3.95, 3.90, 4.58, 4.18, 4.61, 3.71, 4.55, 4.66, 4.67, 3.75, 4.72, 4.92, 4.00, 4.30, 4.87, 3.73, 4.77, 4.41, 4.44],
  tjk_171 = [1.42, 1.98, 2.12, 1.11, 2.30, 1.55, 1.14, 1.68, 1.22, 2.12, 1.80, 2.01, 1.31, 1.03, 2.09, 1.78, 1.74, 1.76, 2.33, 2.06],
  tjk_172 = [1.19, 1.72, 1.80, 2.32, 2.15, 1.15, 2.23, 1.44, 1.66, 2.16, 1.77, 1.05, 1.17, 1.39, 1.06, 1.81, 2.11, 2.07, 2.00, 1.11],
  tjk_173 = [2.23, 1.55, 2.25, 1.38, 1.64, 1.05, 1.85, 2.04, 1.00, 1.34, 1.28, 2.29, 1.77, 1.10, 1.65, 1.58, 1.23, 1.31, 2.10, 1.06],
  tjk_174 = [1.52, 1.97, 2.06, 2.30, 1.95, 1.02, 1.44, 1.20, 1.12, 2.31, 1.59, 1.90, 1.44, 2.05, 1.94, 1.81, 1.89, 1.39, 1.68, 1.28],
  tjk_175 = [1.11, 1.14, 1.95, 1.77, 1.97, 2.31, 1.48, 2.06, 1.02, 2.32, 2.15, 1.48, 2.09, 1.07, 1.95, 1.57, 2.06, 1.46, 1.91, 2.31],
  tjk_176 = [1.72, 1.77, 1.71, 1.59, 1.20, 1.53, 2.30, 1.66, 2.13, 1.32, 1.68, 2.03, 1.59, 1.27, 1.27, 1.69, 1.06, 1.72, 1.76, 2.22],
  tjk_177 = [1.80, 1.87, 1.97, 1.52, 1.95, 1.79, 1.61, 2.04, 1.10, 1.95, 1.02, 2.09, 2.07, 1.97, 2.06, 1.65, 1.91, 1.02, 2.00, 1.38],
  tjk_178 = [1.54, 1.08, 2.18, 1.99, 1.21, 2.28, 1.78, 1.31, 1.80, 1.47, 1.85, 1.19, 1.03, 1.38, 1.49, 1.70, 1.83, 1.11, 1.82, 1.87],
  tjk_179 = [1.66, 1.82, 2.23, 1.75, 1.68, 1.32, 2.17, 1.86, 1.75, 1.94, 1.73, 1.90, 2.24, 2.19, 1.39, 2.10, 2.22, 1.06, 1.07, 1.38],
  tjk_1710 = [1.42, 2.02, 1.62, 1.12, 2.18, 1.53, 2.15, 2.25, 1.09, 1.25, 2.08, 1.13, 2.18, 1.62, 1.73, 1.66, 2.26, 1.16, 1.87, 1.29],
  tjk_181 = [3.65, 2.88, 3.59, 3.37, 2.71, 2.76, 3.18, 2.87, 3.60, 3.65, 2.78, 3.17, 3.27, 2.40, 3.46, 2.58, 3.32, 3.16, 2.46, 3.04],
  tjk_182 = [2.91, 2.65, 2.82, 2.47, 2.68, 3.23, 2.51, 3.02, 2.67, 3.19, 2.82, 2.73, 3.20, 2.88, 2.91, 2.58, 3.03, 3.25, 2.99, 3.54],
  tjk_183 = [3.49, 2.34, 3.03, 2.48, 2.81, 2.38, 2.53, 2.80, 3.22, 2.96, 2.84, 3.50, 2.80, 3.63, 2.52, 3.43, 3.20, 2.44, 3.22, 3.42],
  tjk_184 = [2.82, 3.45, 2.91, 3.06, 3.58, 3.12, 2.73, 2.62, 2.81, 2.86, 2.84, 2.84, 2.88, 3.17, 3.45, 3.53, 2.85, 2.59, 3.01, 2.40],
  tjk_185 = [3.04, 3.48, 2.85, 3.20, 3.49, 3.15, 3.51, 2.93, 3.40, 3.22, 3.11, 2.87, 2.51, 2.55, 3.21, 2.59, 3.23, 2.87, 3.10, 3.56],
  tjk_186 = [3.31, 2.76, 3.19, 2.73, 2.40, 2.77, 2.96, 2.96, 3.65, 3.16, 2.76, 2.51, 3.05, 3.56, 3.16, 2.38, 2.74, 2.86, 2.84, 2.77],
  tjk_187 = [2.34, 3.55, 2.40, 3.25, 3.50, 2.34, 2.38, 3.19, 3.51, 3.45, 2.96, 3.06, 2.92, 2.62, 3.52, 3.56, 3.53, 2.75, 3.59, 3.48],
  tjk_188 = [3.36, 3.21, 3.61, 3.05, 3.35, 2.77, 2.56, 2.42, 3.21, 2.38, 2.43, 2.55, 3.44, 3.61, 3.40, 3.11, 3.24, 2.52, 2.92, 3.63],
  tjk_189 = [2.46, 3.65, 3.44, 2.50, 2.94, 3.05, 2.68, 3.20, 2.98, 3.56, 3.29, 2.71, 2.49, 3.27, 3.14, 2.87, 2.66, 3.39, 3.36, 3.25],
  tjk_1810 = [3.46, 3.32, 3.54, 3.48, 3.57, 3.21, 3.37, 2.60, 3.06, 2.95, 3.39, 3.11, 2.78, 3.16, 3.54, 2.83, 3.17, 2.68, 2.44, 3.19],
  tjk_191 = [1.96, 2.00, 1.69, 1.02, 1.46, 1.13, 1.24, 1.16, 2.00, 2.08, 1.25, 1.48, 1.42, 2.15, 1.62, 2.29, 2.30, 2.14, 1.75, 1.38],
  tjk_192 = [1.23, 1.18, 1.95, 1.68, 1.38, 1.71, 1.91, 1.65, 1.68, 1.68, 1.28, 1.59, 1.68, 1.32, 1.55, 1.44, 2.00, 1.19, 1.47, 1.74],
  tjk_193 = [1.76, 1.68, 1.53, 1.55, 1.10, 1.20, 1.19, 1.27, 1.27, 2.33, 1.32, 1.07, 1.72, 1.77, 2.13, 1.13, 1.59, 1.32, 1.91, 1.22],
  tjk_194 = [2.20, 1.27, 1.35, 1.33, 1.30, 1.08, 1.02, 1.03, 1.25, 1.21, 1.12, 1.66, 2.23, 2.21, 1.10, 1.28, 1.13, 1.77, 1.43, 2.17],
  tjk_195 = [2.07, 1.06, 1.25, 2.00, 1.86, 1.79, 2.21, 1.21, 1.43, 1.57, 2.08, 1.17, 1.51, 2.06, 1.70, 2.31, 2.32, 1.06, 1.36, 1.42],
  tjk_196 = [1.85, 1.69, 1.54, 1.45, 1.80, 1.03, 1.14, 1.17, 2.04, 1.68, 1.39, 1.19, 1.95, 2.08, 1.11, 1.70, 1.53, 1.65, 1.57, 1.15],
  tjk_197 = [2.08, 1.05, 1.73, 2.12, 1.42, 1.68, 2.20, 1.33, 1.93, 1.62, 1.73, 1.22, 1.28, 2.29, 1.42, 1.48, 1.38, 2.24, 2.25, 1.18],
  tjk_198 = [1.14, 1.80, 2.09, 1.73, 1.95, 1.02, 1.00, 1.78, 2.24, 1.48, 1.69, 1.69, 1.94, 1.06, 1.19, 2.27, 2.16, 2.32, 1.97, 1.38],
  tjk_199 = [1.67, 2.14, 1.71, 1.33, 1.14, 1.64, 1.50, 1.51, 2.33, 1.44, 1.00, 1.74, 1.28, 2.23, 2.19, 2.02, 2.26, 1.67, 1.02, 2.29],
  tjk_1910 = [2.00, 1.75, 1.42, 2.32, 1.26, 1.29, 1.95, 2.19, 1.92, 2.06, 2.20, 1.11, 1.95, 1.51, 1.45, 2.06, 1.07, 1.89, 2.19, 1.09],
  tjk_201 = [3.76, 4.46, 4.73, 4.88, 3.71, 4.55, 4.68, 4.77, 3.78, 4.77, 4.05, 4.79, 4.32, 3.82, 4.29, 4.05, 4.37, 4.79, 4.22, 4.88],
  tjk_202 = [4.02, 4.93, 4.76, 4.16, 3.77, 4.89, 3.96, 4.79, 3.91, 4.66, 3.83, 3.93, 4.24, 4.86, 3.94, 4.47, 4.54, 4.68, 4.47, 4.07],
  tjk_203 = [4.45, 4.18, 3.90, 4.36, 4.96, 4.37, 4.58, 4.76, 4.59, 4.79, 4.24, 4.82, 3.96, 4.05, 4.86, 3.81, 4.18, 4.08, 3.69, 4.13],
  tjk_204 = [3.85, 4.13, 4.68, 4.08, 4.58, 4.89, 3.98, 4.13, 4.18, 4.16, 3.69, 3.93, 4.99, 4.49, 4.22, 4.02, 4.50, 4.98, 3.94, 4.26],
  tjk_205 = [3.97, 4.23, 4.00, 4.49, 4.77, 4.47, 4.37, 4.17, 4.10, 4.31, 4.44, 4.15, 4.32, 4.74, 4.92, 3.93, 4.13, 4.44, 4.78, 3.78],
  tjk_206 = [4.43, 4.83, 4.92, 4.44, 4.76, 4.10, 3.84, 3.76, 4.55, 4.40, 3.83, 4.90, 4.38, 4.91, 4.74, 4.80, 4.04, 3.77, 4.59, 4.92],
  tjk_207 = [4.20, 4.50, 4.90, 3.68, 4.06, 4.75, 4.37, 3.90, 3.85, 4.84, 4.63, 3.87, 4.70, 4.24, 4.79, 4.92, 3.85, 4.29, 4.46, 4.98],
  tjk_208 = [4.37, 4.41, 4.13, 4.84, 4.25, 4.63, 4.95, 3.81, 4.53, 4.65, 4.15, 4.39, 3.74, 4.28, 4.59, 4.33, 4.12, 4.77, 4.64, 4.34],
  tjk_209 = [3.93, 4.07, 4.09, 3.84, 3.71, 4.21, 4.34, 4.86, 4.37, 4.03, 4.09, 4.04, 3.69, 3.95, 4.59, 4.85, 3.73, 4.56, 3.71, 4.36],
  tjk_2010 = [4.92, 4.38, 4.46, 4.32, 4.71, 3.84, 4.70, 3.81, 4.84, 4.43, 4.72, 4.52, 4.57, 4.04, 4.05, 4.96, 4.58, 4.17, 3.73, 3.73],
]

Service Times (¦Î_{jk}^s) = [
  xi_11 = [7.88, 9.15, 8.89, 7.02, 9.53, 9.79, 9.60, 7.96, 9.82, 7.28, 7.30, 9.23, 8.22, 9.51, 7.48, 9.25, 7.85, 9.63, 8.96, 8.80],
  xi_12 = [8.72, 9.42, 7.48, 8.12, 7.07, 8.65, 8.48, 8.27, 7.79, 7.27, 7.44, 8.50, 7.21, 8.76, 7.23, 8.21, 9.42, 9.37, 8.06, 7.54],
  xi_13 = [8.04, 7.30, 8.72, 7.62, 7.42, 7.18, 8.45, 7.42, 9.13, 9.91, 9.82, 9.51, 7.64, 9.36, 8.76, 9.77, 9.84, 8.89, 7.06, 8.62],
  xi_14 = [7.17, 7.43, 8.95, 8.46, 9.27, 9.51, 7.04, 8.33, 9.48, 9.47, 9.94, 9.52, 9.98, 8.37, 9.95, 8.17, 9.76, 8.30, 7.78, 8.41],
  xi_15 = [8.12, 7.68, 8.71, 8.98, 7.44, 8.52, 8.81, 8.47, 7.19, 8.70, 9.12, 7.84, 9.89, 9.52, 9.11, 9.03, 8.46, 9.84, 8.53, 7.59],
  xi_16 = [7.78, 9.30, 8.06, 8.19, 7.69, 7.45, 8.95, 9.48, 7.48, 9.85, 7.52, 8.99, 7.64, 8.54, 8.14, 7.03, 9.28, 9.37, 8.86, 7.72],
  xi_17 = [7.71, 8.56, 9.38, 9.03, 9.59, 7.31, 9.46, 9.54, 8.18, 7.22, 9.85, 8.23, 8.39, 8.37, 7.10, 7.91, 9.53, 9.08, 9.71, 9.41],
  xi_18 = [9.58, 7.96, 9.86, 9.08, 9.84, 9.42, 9.84, 9.27, 9.85, 8.29, 9.53, 8.42, 8.07, 7.10, 8.57, 9.56, 8.05, 9.47, 7.00, 8.95],
  xi_19 = [7.15, 7.53, 8.79, 8.06, 9.62, 9.80, 9.98, 9.41, 8.49, 7.87, 7.44, 9.06, 8.04, 9.49, 8.57, 8.81, 8.88, 9.35, 7.51, 9.21],
  xi_110 = [9.23, 8.12, 9.47, 8.87, 9.82, 9.43, 9.84, 7.79, 8.27, 8.27, 9.84, 8.67, 8.77, 8.13, 8.90, 9.61, 8.15, 7.46, 9.05, 9.30],
  xi_21 = [4.11, 4.64, 4.80, 6.64, 4.83, 5.70, 6.46, 5.61, 5.37, 4.33, 6.19, 5.51, 6.85, 4.40, 4.03, 6.17, 5.83, 5.64, 4.96, 5.71],
  xi_22 = [5.75, 4.87, 6.61, 4.92, 5.06, 4.59, 5.65, 5.23, 6.61, 6.71, 5.06, 5.78, 4.74, 6.71, 5.41, 4.92, 5.55, 4.90, 6.04, 5.26],
  xi_23 = [6.95, 6.74, 5.89, 6.44, 4.84, 4.60, 4.70, 6.89, 5.86, 6.85, 4.09, 6.76, 4.83, 5.22, 4.54, 5.53, 6.09, 5.84, 4.13, 5.52],
  xi_24 = [5.25, 6.81, 4.73, 6.39, 4.06, 6.90, 6.15, 5.46, 4.25, 6.87, 4.49, 4.05, 6.20, 6.37, 6.77, 5.18, 4.25, 4.97, 5.68, 4.94],
  xi_25 = [6.42, 5.65, 4.27, 6.54, 6.83, 6.46, 6.22, 6.39, 4.24, 4.82, 5.05, 5.34, 6.80, 4.43, 5.54, 4.15, 4.80, 4.76, 5.30, 4.13],
  xi_26 = [4.03, 6.67, 6.86, 5.93, 4.46, 6.46, 4.97, 6.22, 6.08, 5.78, 6.32, 5.04, 6.17, 5.41, 5.90, 4.74, 4.87, 4.27, 4.01, 6.59],
  xi_27 = [6.16, 5.59, 4.46, 4.03, 5.09, 6.67, 6.59, 5.20, 6.53, 6.94, 4.27, 4.67, 4.27, 6.94, 5.35, 4.71, 6.74, 4.53, 5.12, 4.27],
  xi_28 = [6.85, 6.56, 4.05, 5.56, 6.95, 6.91, 6.92, 6.19, 6.93, 5.50, 6.62, 4.18, 6.06, 5.93, 4.91, 6.66, 6.10, 5.06, 5.16, 5.92],
  xi_29 = [5.98, 6.13, 6.07, 4.28, 4.21, 4.89, 6.66, 4.15, 4.94, 6.91, 6.43, 4.92, 5.26, 6.92, 4.22, 6.94, 5.11, 5.85, 5.65, 5.26],
  xi_210 = [6.97, 5.43, 5.80, 5.01, 4.40, 5.81, 6.88, 5.93, 6.98, 6.16, 5.42, 4.87, 4.42, 5.48, 6.35, 6.86, 4.46, 4.34, 6.57, 6.66],
  xi_31 = [7.67, 7.63, 9.81, 9.72, 8.10, 9.60, 9.32, 9.68, 7.83, 9.84, 9.03, 9.60, 7.22, 9.41, 7.51, 8.67, 8.35, 9.15, 7.43, 9.39],
  xi_32 = [9.98, 7.20, 7.38, 9.59, 7.35, 7.35, 8.29, 8.93, 8.82, 8.73, 7.95, 8.55, 9.88, 7.58, 8.52, 8.80, 9.25, 9.95, 8.94, 7.56],
  xi_33 = [7.28, 9.40, 8.71, 9.95, 8.23, 7.96, 7.83, 9.23, 7.48, 7.77, 9.16, 7.08, 9.28, 9.28, 9.54, 7.22, 9.55, 9.15, 9.77, 9.29],
  xi_34 = [8.00, 9.62, 9.42, 7.14, 8.76, 9.05, 9.35, 8.88, 7.73, 7.02, 7.36, 9.91, 9.57, 7.08, 7.81, 9.59, 8.48, 9.22, 8.51, 8.86],
  xi_35 = [7.98, 8.23, 9.74, 9.80, 8.01, 7.36, 8.59, 8.69, 9.85, 9.19, 7.05, 7.95, 8.37, 8.41, 9.37, 8.49, 7.88, 8.18, 8.94, 8.92],
  xi_36 = [9.33, 7.79, 7.57, 7.97, 9.98, 9.32, 7.12, 7.92, 9.54, 9.82, 8.86, 8.76, 9.44, 8.36, 9.15, 7.94, 8.82, 7.88, 9.71, 8.73],
  xi_37 = [9.38, 8.93, 9.01, 7.73, 9.68, 8.62, 8.26, 7.84, 9.66, 9.17, 9.44, 9.15, 7.01, 8.06, 9.01, 7.23, 8.15, 9.21, 8.43, 7.19],
  xi_38 = [9.24, 9.75, 7.99, 7.99, 9.51, 8.93, 8.78, 7.11, 7.44, 8.37, 9.81, 7.62, 8.81, 7.17, 8.30, 8.73, 8.16, 7.45, 7.94, 7.67],
  xi_39 = [8.60, 8.06, 8.24, 8.43, 8.15, 7.36, 7.25, 9.12, 7.93, 8.76, 9.78, 7.03, 8.37, 9.95, 8.97, 7.66, 8.07, 9.88, 7.73, 9.80],
  xi_310 = [9.62, 9.98, 7.64, 7.06, 7.07, 7.88, 8.54, 8.07, 8.31, 8.71, 9.75, 7.74, 7.56, 8.28, 7.31, 9.54, 9.80, 8.11, 7.34, 9.98],
  xi_41 = [7.83, 8.32, 8.63, 9.34, 7.86, 9.59, 9.53, 7.67, 7.66, 8.28, 7.26, 7.38, 7.50, 9.33, 10.00, 9.10, 9.98, 7.98, 9.96, 8.41],
  xi_42 = [8.13, 7.71, 8.18, 7.40, 7.12, 7.76, 9.90, 7.93, 8.51, 9.41, 8.67, 9.69, 8.85, 7.43, 8.39, 8.18, 9.86, 9.40, 9.60, 8.77],
  xi_43 = [9.89, 7.20, 7.89, 8.17, 7.83, 10.00, 9.08, 9.97, 8.48, 9.77, 9.83, 7.13, 7.19, 7.53, 7.37, 9.60, 7.13, 8.75, 8.04, 8.10],
  xi_44 = [9.57, 9.97, 7.24, 9.85, 7.29, 9.93, 9.86, 8.69, 8.94, 8.18, 7.91, 8.57, 7.57, 9.75, 7.78, 7.64, 7.91, 9.92, 9.08, 9.75],
  xi_45 = [9.46, 7.54, 8.91, 8.01, 9.27, 7.44, 7.22, 8.28, 7.86, 9.26, 7.18, 9.98, 8.70, 9.67, 9.36, 8.94, 8.22, 8.15, 8.27, 9.09],
  xi_46 = [8.78, 8.37, 9.09, 9.39, 7.66, 8.85, 9.16, 7.43, 8.54, 8.25, 7.77, 8.79, 8.73, 7.93, 7.60, 7.81, 7.67, 9.57, 9.41, 7.56],
  xi_47 = [8.37, 7.66, 8.51, 9.69, 9.16, 7.72, 7.58, 7.06, 9.37, 9.95, 9.59, 9.62, 7.27, 9.55, 9.51, 9.77, 8.57, 7.53, 7.77, 7.57],
  xi_48 = [8.30, 8.79, 9.31, 9.41, 7.11, 9.31, 7.61, 7.66, 8.94, 8.93, 7.18, 7.13, 9.11, 9.60, 7.54, 7.45, 8.32, 8.23, 8.32, 9.17],
  xi_49 = [8.57, 9.60, 9.30, 7.92, 8.43, 8.58, 8.19, 9.30, 9.32, 9.44, 7.92, 8.07, 7.33, 7.68, 8.31, 8.02, 8.88, 9.33, 7.54, 7.99],
  xi_410 = [9.39, 8.63, 9.90, 9.87, 9.26, 8.73, 8.60, 8.00, 8.39, 8.49, 9.72, 8.40, 8.75, 8.24, 7.73, 7.54, 8.47, 9.84, 9.19, 8.65],
  xi_51 = [3.55, 2.29, 2.20, 3.60, 3.22, 2.75, 1.89, 1.99, 2.27, 1.43, 3.67, 3.52, 1.46, 3.44, 1.72, 2.16, 2.68, 1.93, 3.18, 2.62],
  xi_52 = [2.45, 1.72, 2.03, 1.14, 3.76, 2.49, 1.61, 1.30, 1.28, 3.95, 1.21, 2.30, 2.32, 1.51, 1.26, 1.29, 1.19, 1.44, 1.11, 3.80],
  xi_53 = [1.73, 1.40, 2.45, 1.95, 2.92, 1.46, 3.46, 1.09, 1.02, 2.94, 3.30, 2.90, 3.14, 2.90, 2.64, 2.40, 1.96, 3.64, 2.18, 1.92],
  xi_54 = [2.04, 1.74, 3.93, 2.15, 1.52, 1.30, 2.41, 3.41, 2.83, 3.39, 1.97, 2.40, 2.15, 1.89, 1.84, 3.20, 1.45, 1.20, 1.42, 3.38],
  xi_55 = [3.62, 3.38, 2.00, 2.72, 3.09, 2.70, 1.73, 1.69, 2.30, 3.04, 2.80, 3.28, 1.59, 1.57, 1.50, 2.69, 1.65, 1.16, 2.99, 1.34],
  xi_56 = [2.81, 3.33, 1.87, 3.85, 3.23, 1.47, 2.56, 2.89, 2.29, 3.07, 3.37, 1.41, 3.70, 3.92, 2.34, 2.65, 1.29, 1.59, 1.14, 2.25],
  xi_57 = [3.99, 1.72, 2.99, 3.31, 1.76, 2.35, 3.95, 1.11, 2.25, 1.03, 2.76, 1.18, 3.83, 2.75, 1.23, 3.05, 3.65, 2.19, 2.19, 3.24],
  xi_58 = [3.93, 1.46, 2.50, 3.43, 1.60, 3.68, 3.56, 2.84, 1.30, 1.48, 2.75, 1.74, 1.84, 4.00, 3.40, 3.13, 2.67, 2.87, 1.24, 3.24],
  xi_59 = [2.91, 1.37, 2.38, 2.97, 2.37, 1.95, 2.57, 3.16, 3.46, 3.87, 2.52, 2.37, 2.90, 1.14, 1.95, 1.97, 3.94, 2.95, 1.26, 3.63],
  xi_510 = [1.61, 3.91, 3.18, 3.26, 3.65, 1.58, 3.28, 3.90, 1.73, 2.54, 3.93, 2.56, 1.20, 1.22, 1.20, 3.65, 3.45, 1.45, 3.16, 3.76],
  xi_61 = [4.06, 6.57, 4.13, 4.13, 4.10, 5.81, 6.58, 6.88, 6.69, 4.20, 6.24, 5.67, 5.93, 4.23, 5.36, 4.57, 5.83, 6.53, 5.41, 6.01],
  xi_62 = [4.86, 5.67, 4.54, 4.54, 5.16, 5.68, 4.83, 4.24, 6.91, 5.72, 5.61, 6.98, 5.10, 6.07, 6.97, 4.42, 6.39, 4.62, 4.10, 5.52],
  xi_63 = [6.24, 5.89, 5.80, 5.89, 4.01, 6.12, 4.03, 5.63, 4.68, 4.27, 4.15, 4.47, 5.27, 4.51, 5.47, 4.58, 4.73, 6.41, 6.25, 6.66],
  xi_64 = [6.96, 6.90, 5.54, 4.74, 6.05, 4.66, 5.44, 5.12, 4.42, 6.00, 4.06, 6.33, 5.83, 6.14, 5.64, 5.96, 4.94, 5.34, 4.62, 4.38],
  xi_65 = [4.89, 6.30, 6.37, 6.70, 6.64, 5.97, 4.08, 6.42, 6.78, 5.40, 5.27, 4.40, 4.02, 6.84, 4.53, 4.82, 5.01, 6.27, 4.37, 6.77],
  xi_66 = [6.16, 5.34, 5.37, 5.79, 4.89, 5.65, 4.19, 4.76, 5.83, 4.55, 6.63, 5.38, 5.83, 6.03, 4.84, 6.49, 6.97, 4.39, 7.00, 6.37],
  xi_67 = [6.68, 5.71, 4.65, 5.52, 4.71, 5.50, 4.74, 5.22, 6.52, 4.51, 6.54, 5.61, 5.78, 4.81, 4.63, 5.35, 5.39, 4.67, 6.36, 5.06],
  xi_68 = [4.51, 6.59, 4.70, 4.26, 6.04, 4.79, 4.50, 4.32, 5.94, 5.05, 5.30, 5.64, 5.28, 6.47, 6.04, 4.45, 5.83, 5.86, 6.86, 5.05],
  xi_69 = [5.97, 4.16, 5.48, 4.38, 6.18, 4.51, 5.92, 6.49, 5.27, 5.87, 5.57, 5.56, 5.34, 5.54, 6.69, 4.23, 5.52, 5.79, 6.41, 5.91],
  xi_610 = [4.56, 5.71, 5.91, 6.28, 5.31, 6.00, 5.36, 6.46, 4.42, 5.35, 4.54, 6.73, 4.22, 4.56, 5.06, 6.56, 4.19, 6.33, 6.51, 5.47],
  xi_71 = [9.98, 7.84, 8.04, 8.18, 9.51, 7.77, 8.06, 9.32, 7.60, 7.38, 8.32, 9.49, 9.65, 8.28, 9.98, 7.82, 7.21, 8.00, 9.43, 9.60],
  xi_72 = [7.29, 9.60, 9.72, 8.77, 7.54, 8.98, 8.33, 7.14, 8.28, 8.23, 9.10, 7.41, 8.56, 8.76, 8.54, 9.71, 7.46, 7.12, 8.95, 8.98],
  xi_73 = [8.78, 8.76, 9.58, 9.21, 9.59, 9.04, 7.36, 9.38, 9.37, 7.67, 9.08, 9.46, 8.39, 8.26, 7.55, 8.01, 9.35, 9.52, 7.55, 9.60],
  xi_74 = [9.35, 7.21, 7.47, 9.14, 7.30, 7.53, 9.53, 8.85, 7.33, 9.10, 7.27, 9.28, 9.12, 8.78, 7.99, 9.13, 8.96, 8.99, 8.51, 9.19],
  xi_75 = [9.23, 9.75, 8.08, 9.15, 7.35, 8.95, 9.59, 9.31, 9.02, 9.58, 8.27, 7.78, 9.31, 8.09, 9.35, 7.84, 8.03, 9.39, 9.28, 8.51],
  xi_76 = [7.13, 8.07, 7.88, 8.53, 8.58, 9.26, 7.33, 7.18, 9.64, 8.05, 8.97, 9.56, 7.84, 9.70, 8.18, 9.79, 8.51, 9.35, 8.13, 7.25],
  xi_77 = [8.45, 7.79, 9.25, 8.76, 9.44, 9.50, 9.38, 8.51, 8.16, 7.61, 7.01, 9.84, 7.15, 8.43, 9.23, 8.76, 8.28, 7.38, 9.07, 9.80],
  xi_78 = [9.08, 7.99, 9.44, 9.00, 8.77, 9.78, 9.76, 8.05, 7.56, 7.67, 9.46, 8.30, 9.65, 7.15, 7.23, 7.89, 8.97, 7.67, 7.06, 8.01],
  xi_79 = [9.23, 7.27, 8.47, 8.59, 8.10, 9.69, 8.67, 7.35, 9.85, 7.58, 7.39, 7.37, 9.76, 9.11, 8.32, 8.85, 9.57, 8.66, 7.19, 7.08],
  xi_710 = [7.74, 8.30, 8.09, 9.06, 7.28, 8.45, 7.02, 7.26, 8.57, 8.81, 8.09, 8.74, 9.89, 7.31, 7.16, 7.92, 8.45, 8.11, 9.38, 7.28],
  xi_81 = [2.58, 1.92, 3.83, 2.94, 3.60, 1.87, 3.96, 1.60, 1.08, 1.76, 2.70, 3.89, 1.69, 3.54, 3.00, 2.43, 1.89, 1.24, 1.20, 1.27],
  xi_82 = [3.12, 2.39, 3.56, 3.00, 1.92, 2.95, 2.16, 3.87, 1.53, 3.25, 2.28, 1.93, 1.29, 3.17, 1.83, 1.73, 1.08, 1.81, 1.04, 1.82],
  xi_83 = [3.76, 1.90, 1.28, 2.27, 2.54, 2.80, 1.59, 1.38, 3.26, 1.11, 2.22, 2.19, 3.66, 3.47, 3.12, 3.36, 1.81, 1.99, 3.32, 3.73],
  xi_84 = [1.38, 2.12, 2.19, 3.33, 2.76, 1.55, 1.35, 3.94, 1.62, 1.10, 1.23, 4.00, 3.79, 3.33, 3.08, 3.82, 1.45, 2.75, 1.77, 1.10],
  xi_85 = [2.68, 3.71, 1.35, 1.15, 1.36, 2.76, 2.14, 3.50, 2.25, 3.93, 1.04, 3.07, 1.69, 3.74, 1.24, 1.03, 1.77, 3.67, 2.13, 3.17],
  xi_86 = [1.70, 3.29, 2.72, 3.13, 3.33, 1.91, 1.78, 1.54, 2.52, 1.75, 1.90, 3.34, 1.66, 2.17, 2.16, 1.25, 2.27, 3.85, 1.67, 2.82],
  xi_87 = [2.81, 1.58, 3.43, 3.78, 2.90, 3.80, 2.19, 2.90, 2.64, 3.74, 1.45, 1.26, 2.24, 1.80, 2.19, 1.65, 1.97, 3.85, 2.44, 1.84],
  xi_88 = [1.50, 1.93, 1.68, 1.26, 3.44, 1.76, 1.81, 1.80, 2.42, 3.48, 1.73, 3.08, 2.11, 1.45, 3.53, 1.00, 1.58, 1.92, 1.62, 3.11],
  xi_89 = [1.50, 2.97, 3.66, 2.31, 1.08, 1.12, 3.07, 2.52, 3.27, 2.24, 1.11, 1.26, 3.66, 3.43, 1.11, 3.97, 3.63, 1.10, 3.77, 3.41],
  xi_810 = [3.09, 2.41, 3.75, 3.59, 2.50, 1.26, 3.94, 1.38, 2.65, 3.12, 1.07, 2.25, 2.95, 1.72, 2.07, 2.72, 3.23, 3.13, 2.34, 2.16],
  xi_91 = [9.88, 8.38, 8.07, 8.61, 9.44, 8.68, 9.04, 8.53, 8.79, 9.68, 8.52, 8.46, 8.98, 8.45, 7.49, 9.32, 7.34, 9.35, 9.49, 8.17],
  xi_92 = [9.78, 8.05, 8.24, 9.91, 9.67, 7.04, 8.86, 8.20, 9.69, 9.11, 7.68, 9.24, 8.98, 9.19, 8.30, 9.09, 8.09, 9.00, 7.73, 8.88],
  xi_93 = [7.45, 7.72, 8.07, 9.87, 7.63, 7.98, 9.90, 8.62, 7.11, 7.04, 9.75, 8.73, 7.47, 9.38, 8.63, 9.72, 8.72, 8.76, 9.56, 7.63],
  xi_94 = [7.47, 9.92, 9.35, 7.25, 7.63, 9.20, 7.40, 8.64, 7.98, 7.78, 7.44, 8.41, 7.04, 7.77, 8.58, 7.69, 7.90, 8.93, 8.86, 9.88],
  xi_95 = [7.36, 8.07, 7.36, 8.46, 7.44, 9.84, 7.71, 9.26, 8.43, 9.14, 9.28, 8.71, 7.20, 8.30, 9.15, 8.52, 9.04, 9.02, 8.57, 7.84],
  xi_96 = [7.02, 9.06, 7.53, 9.82, 7.90, 7.71, 8.80, 7.72, 9.76, 7.44, 8.88, 8.84, 8.14, 7.55, 8.70, 7.70, 7.47, 9.05, 9.62, 8.02],
  xi_97 = [8.29, 7.93, 9.39, 7.76, 9.34, 9.64, 7.63, 9.50, 9.15, 9.61, 7.36, 9.10, 9.00, 9.75, 8.88, 7.26, 7.50, 9.69, 7.99, 9.95],
  xi_98 = [8.97, 7.44, 7.12, 9.74, 7.47, 7.69, 7.78, 8.46, 7.27, 9.01, 8.35, 9.35, 9.04, 9.01, 9.01, 7.31, 9.82, 8.57, 8.25, 7.29],
  xi_99 = [9.64, 9.70, 9.38, 9.06, 7.93, 9.80, 7.44, 9.07, 7.31, 8.06, 9.20, 7.98, 9.96, 7.28, 8.20, 7.52, 9.76, 7.53, 8.96, 9.39],
  xi_910 = [9.50, 9.43, 8.61, 8.69, 9.67, 7.80, 7.66, 7.24, 9.47, 8.16, 7.02, 8.84, 9.00, 9.96, 7.33, 8.88, 8.53, 7.20, 8.23, 8.56],
  xi_101 = [9.75, 7.53, 8.21, 8.33, 9.97, 8.26, 8.57, 9.21, 7.04, 8.62, 8.09, 8.69, 9.77, 9.21, 7.55, 7.28, 9.37, 7.99, 7.46, 9.19],
  xi_102 = [7.12, 7.40, 8.50, 8.41, 9.64, 7.58, 9.66, 9.21, 7.90, 7.47, 9.49, 9.93, 9.78, 8.26, 9.83, 7.49, 9.37, 9.95, 9.81, 8.54],
  xi_103 = [8.17, 9.17, 7.16, 8.92, 9.65, 7.49, 9.42, 9.66, 8.45, 7.88, 9.38, 9.43, 7.55, 9.46, 8.71, 9.75, 9.31, 7.97, 8.56, 7.43],
  xi_104 = [7.55, 8.87, 9.03, 9.45, 7.74, 7.60, 7.14, 8.24, 7.03, 7.51, 7.40, 8.71, 8.52, 7.21, 8.86, 7.55, 9.35, 8.98, 9.25, 8.24],
  xi_105 = [9.77, 9.61, 8.67, 9.44, 8.32, 7.82, 7.09, 7.58, 8.87, 9.93, 9.90, 7.87, 7.02, 7.31, 9.89, 9.49, 9.25, 9.68, 9.03, 8.31],
  xi_106 = [9.88, 8.55, 9.27, 9.34, 9.10, 7.81, 7.30, 7.75, 8.01, 9.96, 7.04, 8.27, 9.21, 7.16, 7.67, 8.70, 7.79, 8.53, 9.51, 7.69],
  xi_107 = [8.37, 9.81, 9.72, 8.81, 7.31, 8.22, 9.92, 9.09, 9.17, 9.96, 9.30, 7.00, 8.39, 8.08, 7.11, 9.06, 8.63, 8.06, 9.73, 8.00],
  xi_108 = [7.24, 8.86, 8.91, 8.97, 9.96, 8.96, 7.15, 9.62, 8.00, 8.97, 7.01, 7.88, 7.22, 8.62, 9.88, 9.59, 7.37, 8.04, 9.25, 8.66],
  xi_109 = [8.25, 9.87, 8.45, 7.90, 8.30, 7.33, 9.85, 8.53, 7.91, 9.97, 9.73, 9.12, 9.34, 8.26, 9.13, 8.10, 7.31, 7.34, 7.59, 7.79],
  xi_1010 = [8.25, 7.78, 7.69, 8.14, 9.83, 8.11, 9.27, 7.33, 7.69, 9.71, 9.19, 9.75, 9.18, 9.95, 9.37, 7.43, 8.79, 9.95, 9.28, 9.31],
  xi_111 = [5.99, 5.78, 6.56, 5.93, 4.79, 4.68, 6.30, 6.27, 6.66, 5.50, 4.58, 5.20, 4.88, 5.79, 6.03, 6.37, 5.47, 4.37, 4.06, 4.24],
  xi_112 = [4.32, 4.34, 6.77, 4.42, 5.35, 4.09, 6.65, 5.65, 4.01, 4.85, 6.31, 4.84, 4.60, 6.85, 6.20, 5.71, 4.34, 4.65, 4.75, 6.38],
  xi_113 = [4.70, 6.62, 4.70, 4.92, 4.74, 5.43, 5.68, 4.52, 6.10, 5.49, 4.04, 6.12, 6.58, 6.08, 5.99, 4.88, 4.47, 6.66, 4.06, 6.18],
  xi_114 = [6.31, 6.70, 4.59, 6.72, 4.70, 6.84, 6.74, 5.75, 5.37, 4.48, 5.01, 4.43, 4.41, 5.50, 4.64, 6.31, 5.80, 4.59, 4.40, 6.66],
  xi_115 = [5.04, 6.88, 5.88, 6.75, 5.07, 5.02, 4.55, 6.43, 4.86, 4.61, 4.78, 4.07, 4.19, 5.99, 4.11, 6.59, 5.14, 4.57, 6.44, 4.68],
  xi_116 = [4.49, 5.46, 4.22, 5.34, 6.49, 4.94, 6.45, 6.98, 5.91, 5.96, 5.59, 4.99, 4.89, 6.76, 5.95, 6.12, 6.62, 6.00, 4.76, 4.03],
  xi_117 = [4.11, 6.02, 6.42, 6.43, 4.13, 5.06, 4.96, 6.15, 4.16, 4.85, 5.81, 6.67, 4.87, 5.95, 6.47, 5.08, 5.46, 4.75, 4.15, 5.48],
  xi_118 = [6.45, 5.50, 4.20, 5.05, 5.55, 4.67, 4.37, 5.87, 4.69, 4.63, 6.08, 5.88, 4.34, 6.31, 6.57, 6.98, 4.94, 5.73, 6.17, 5.77],
  xi_119 = [5.93, 4.15, 6.08, 5.63, 6.93, 6.55, 5.09, 5.64, 6.74, 4.95, 4.45, 5.46, 4.44, 4.82, 4.63, 4.74, 6.36, 6.23, 5.66, 4.68],
  xi_1110 = [5.40, 4.63, 5.59, 4.39, 6.52, 5.52, 6.37, 5.28, 5.23, 6.43, 4.77, 6.04, 6.74, 4.43, 6.48, 5.70, 6.80, 5.02, 4.50, 5.57],
  xi_121 = [9.70, 9.72, 7.01, 8.02, 7.55, 8.76, 9.49, 7.51, 7.24, 9.46, 7.72, 8.91, 8.45, 9.12, 7.99, 8.69, 7.53, 7.84, 8.44, 7.61],
  xi_122 = [9.88, 9.85, 8.82, 9.98, 9.30, 7.62, 9.25, 7.42, 8.19, 7.22, 8.43, 9.71, 9.36, 9.85, 8.61, 7.84, 9.91, 7.54, 8.31, 8.69],
  xi_123 = [8.90, 9.54, 8.61, 9.72, 9.73, 7.95, 9.90, 7.60, 9.45, 8.01, 8.94, 8.78, 8.74, 9.90, 9.23, 8.06, 9.31, 8.19, 7.11, 9.63],
  xi_124 = [7.54, 8.25, 7.22, 9.32, 9.22, 8.84, 7.52, 8.43, 7.94, 8.69, 8.59, 10.00, 9.75, 8.63, 8.22, 7.65, 7.58, 7.16, 9.47, 8.54],
  xi_125 = [7.64, 8.58, 9.51, 7.87, 9.71, 7.28, 9.66, 7.66, 7.81, 9.83, 9.71, 9.40, 9.76, 9.64, 7.69, 7.76, 9.18, 9.97, 8.89, 7.74],
  xi_126 = [8.57, 8.02, 9.17, 8.06, 9.97, 8.52, 8.53, 9.66, 8.73, 9.15, 8.35, 8.78, 8.01, 8.98, 9.73, 9.42, 8.36, 9.63, 8.54, 8.28],
  xi_127 = [9.86, 8.34, 7.46, 8.81, 9.96, 8.24, 9.20, 8.74, 9.99, 7.80, 7.97, 8.57, 7.34, 9.29, 7.88, 8.94, 8.01, 7.89, 8.71, 9.23],
  xi_128 = [7.49, 8.59, 7.52, 9.47, 9.85, 9.59, 7.63, 9.84, 8.96, 9.10, 9.07, 9.42, 9.39, 7.90, 8.92, 7.09, 7.54, 8.58, 7.33, 9.15],
  xi_129 = [9.95, 9.35, 9.02, 7.24, 7.79, 8.68, 7.90, 7.86, 9.58, 7.03, 9.64, 7.76, 7.20, 9.87, 7.60, 9.36, 8.08, 7.25, 8.49, 9.31],
  xi_1210 = [8.02, 7.83, 7.37, 8.39, 9.24, 7.75, 9.44, 8.14, 9.91, 9.12, 7.42, 8.71, 7.15, 9.30, 7.72, 9.71, 9.32, 8.31, 9.41, 7.32],
  xi_131 = [9.23, 8.32, 8.70, 9.52, 9.60, 9.40, 9.24, 7.79, 7.03, 8.00, 9.50, 9.57, 8.87, 8.10, 8.69, 8.73, 9.67, 9.97, 7.97, 8.61],
  xi_132 = [8.57, 7.86, 7.48, 9.42, 7.44, 9.47, 9.40, 8.19, 8.52, 8.33, 9.56, 8.22, 9.47, 8.53, 7.42, 7.27, 8.70, 9.56, 7.53, 9.09],
  xi_133 = [9.55, 7.36, 9.26, 9.85, 8.35, 8.28, 7.34, 9.80, 7.36, 7.57, 7.95, 7.89, 8.12, 9.58, 7.11, 7.46, 8.90, 8.42, 9.51, 8.63],
  xi_134 = [7.39, 8.32, 7.18, 8.81, 8.94, 9.56, 8.97, 7.30, 9.16, 9.52, 9.78, 9.35, 9.81, 9.41, 9.70, 7.15, 7.23, 9.32, 7.39, 7.01],
  xi_135 = [9.17, 8.25, 7.78, 7.62, 8.98, 8.08, 8.30, 7.01, 9.34, 9.15, 9.82, 8.36, 9.76, 7.78, 7.61, 8.43, 8.88, 9.91, 8.27, 9.85],
  xi_136 = [8.35, 9.12, 9.43, 9.70, 9.86, 8.59, 8.42, 9.87, 7.00, 9.79, 8.18, 8.33, 7.02, 9.92, 9.93, 9.02, 7.62, 9.77, 7.27, 8.73],
  xi_137 = [8.84, 7.45, 8.84, 8.17, 9.15, 8.70, 8.14, 7.40, 9.78, 8.12, 9.17, 8.46, 8.70, 9.19, 7.61, 9.37, 7.69, 7.57, 8.74, 7.79],
  xi_138 = [7.72, 9.55, 9.06, 7.71, 9.40, 9.37, 9.27, 7.68, 7.43, 7.58, 8.16, 8.92, 8.11, 8.69, 9.66, 9.94, 8.04, 9.92, 9.11, 9.54],
  xi_139 = [9.91, 7.43, 7.67, 8.56, 8.85, 9.40, 9.96, 9.30, 8.66, 7.45, 8.79, 9.47, 7.98, 9.93, 9.84, 7.21, 9.66, 9.31, 9.32, 9.43],
  xi_1310 = [8.51, 8.05, 7.60, 9.52, 8.52, 8.51, 9.11, 9.61, 8.64, 9.97, 7.01, 8.03, 8.17, 9.79, 9.64, 9.23, 8.21, 9.37, 7.84, 9.14],
  xi_141 = [4.16, 4.59, 5.94, 6.56, 5.20, 5.79, 5.78, 5.26, 4.40, 4.42, 5.82, 6.38, 6.35, 5.72, 5.61, 5.08, 5.72, 4.37, 6.27, 5.19],
  xi_142 = [6.67, 5.82, 5.38, 5.28, 4.34, 6.77, 4.25, 4.25, 5.91, 4.25, 6.27, 5.58, 6.12, 5.68, 4.26, 6.89, 4.87, 4.39, 6.01, 6.33],
  xi_143 = [4.45, 6.22, 6.89, 6.77, 5.09, 4.15, 6.45, 6.47, 4.37, 5.07, 5.04, 5.02, 4.46, 6.81, 6.61, 4.26, 6.08, 6.17, 4.20, 4.45],
  xi_144 = [6.43, 5.35, 5.41, 4.24, 4.27, 5.78, 4.52, 6.29, 4.46, 5.36, 4.57, 5.42, 5.06, 6.36, 6.03, 4.40, 4.56, 6.84, 4.41, 4.58],
  xi_145 = [6.01, 5.72, 4.67, 6.38, 4.01, 6.27, 6.72, 6.14, 6.05, 6.51, 6.44, 5.66, 5.84, 4.91, 5.72, 6.57, 5.39, 4.76, 4.98, 5.08],
  xi_146 = [5.25, 5.70, 4.63, 5.24, 5.83, 5.28, 6.98, 6.72, 5.33, 4.09, 5.03, 6.30, 5.06, 5.41, 5.13, 6.68, 5.14, 4.46, 6.21, 5.20],
  xi_147 = [5.83, 6.31, 5.66, 4.35, 6.65, 4.87, 6.48, 5.60, 4.21, 5.90, 4.38, 5.56, 6.35, 6.48, 4.91, 4.90, 5.81, 6.18, 4.97, 5.94],
  xi_148 = [4.96, 5.62, 5.46, 5.22, 5.77, 4.05, 4.01, 4.96, 6.65, 6.87, 4.02, 5.10, 6.97, 6.98, 4.38, 5.59, 5.09, 6.46, 4.03, 5.72],
  xi_149 = [6.51, 4.07, 6.59, 4.81, 6.00, 4.93, 5.19, 5.55, 6.64, 5.33, 5.54, 4.03, 4.23, 4.15, 5.42, 5.02, 5.59, 6.26, 4.12, 6.76],
  xi_1410 = [6.07, 5.70, 6.73, 4.13, 4.26, 5.25, 5.90, 5.81, 4.66, 6.16, 4.02, 5.38, 4.74, 5.04, 6.43, 4.49, 6.60, 6.21, 5.66, 4.96],
  xi_151 = [4.60, 5.41, 6.92, 5.42, 5.59, 5.67, 6.35, 6.83, 6.96, 5.88, 5.51, 4.61, 4.18, 4.67, 4.64, 4.84, 4.64, 6.90, 5.83, 4.74],
  xi_152 = [6.34, 4.69, 6.59, 4.71, 4.70, 6.64, 4.04, 6.13, 5.46, 4.94, 5.88, 5.52, 6.06, 6.68, 6.02, 5.97, 6.68, 5.65, 4.87, 5.76],
  xi_153 = [4.46, 4.11, 5.75, 6.91, 4.61, 5.46, 4.99, 5.57, 5.33, 6.96, 4.58, 6.28, 5.85, 4.89, 6.97, 5.78, 4.56, 5.08, 6.21, 5.96],
  xi_154 = [5.18, 6.02, 4.62, 6.62, 4.51, 4.85, 6.03, 6.88, 6.87, 5.01, 4.58, 4.72, 4.99, 5.12, 5.46, 6.77, 5.86, 4.10, 5.13, 6.21],
  xi_155 = [5.02, 5.31, 4.10, 5.69, 6.07, 6.88, 5.99, 6.08, 5.12, 5.76, 6.48, 5.81, 6.70, 5.91, 4.78, 5.73, 6.08, 5.10, 4.37, 7.00],
  xi_156 = [5.81, 6.12, 4.63, 4.18, 4.89, 5.02, 5.74, 4.20, 5.59, 5.48, 5.82, 4.85, 6.87, 6.38, 4.98, 5.69, 5.98, 5.46, 5.25, 4.83],
  xi_157 = [5.88, 5.76, 4.28, 6.78, 6.52, 5.72, 6.28, 6.32, 6.00, 5.92, 5.45, 5.67, 5.45, 6.81, 4.54, 4.55, 4.09, 6.06, 4.14, 4.13],
  xi_158 = [5.22, 6.04, 6.07, 6.00, 4.96, 4.06, 5.83, 4.85, 6.98, 6.32, 5.78, 6.15, 4.36, 6.65, 6.02, 5.84, 6.57, 5.50, 5.51, 4.07],
  xi_159 = [7.00, 6.65, 6.09, 4.49, 4.12, 4.99, 6.07, 6.12, 5.69, 5.94, 4.88, 4.74, 4.07, 6.44, 6.34, 5.53, 5.60, 6.71, 4.72, 5.32],
  xi_1510 = [6.66, 6.80, 6.24, 6.12, 5.03, 6.63, 5.89, 5.66, 6.98, 5.60, 6.93, 4.29, 5.60, 4.39, 4.30, 4.83, 4.19, 6.58, 4.72, 4.56],
  xi_161 = [8.75, 8.92, 9.06, 7.08, 9.26, 8.28, 8.10, 9.56, 7.18, 9.93, 9.17, 8.96, 8.95, 7.02, 8.84, 9.90, 7.94, 9.63, 9.39, 8.34],
  xi_162 = [8.08, 7.63, 7.96, 8.06, 9.10, 8.48, 8.23, 7.60, 8.50, 9.39, 7.27, 8.23, 8.68, 9.27, 7.50, 8.54, 7.08, 7.35, 7.84, 7.35],
  xi_163 = [9.98, 7.59, 8.53, 9.37, 8.79, 7.27, 9.09, 9.38, 7.13, 7.39, 8.53, 8.71, 7.08, 7.56, 7.37, 7.26, 8.35, 8.03, 9.54, 9.68],
  xi_164 = [9.42, 9.78, 8.71, 9.51, 8.89, 7.91, 8.46, 8.50, 9.41, 8.28, 8.61, 8.96, 9.94, 7.46, 9.17, 9.06, 9.05, 8.23, 9.39, 7.84],
  xi_165 = [7.02, 8.04, 7.75, 8.99, 8.89, 7.04, 8.82, 8.41, 8.69, 7.40, 9.77, 7.43, 8.74, 7.86, 8.19, 9.46, 9.07, 9.58, 9.81, 7.91],
  xi_166 = [9.94, 7.02, 8.77, 7.15, 9.83, 7.51, 8.57, 9.69, 7.09, 9.96, 7.60, 7.54, 7.64, 7.98, 9.93, 9.18, 8.01, 7.62, 8.20, 9.86],
  xi_167 = [9.19, 9.45, 8.74, 7.63, 9.70, 8.99, 9.12, 8.34, 7.29, 7.78, 8.03, 8.16, 9.48, 9.63, 9.71, 8.35, 9.25, 7.83, 9.56, 8.90],
  xi_168 = [8.83, 7.37, 7.55, 8.29, 8.16, 8.01, 7.27, 8.39, 9.76, 9.94, 7.70, 8.69, 9.00, 8.06, 8.96, 9.44, 7.12, 7.73, 7.69, 7.65],
  xi_169 = [8.53, 7.49, 9.31, 9.52, 9.76, 9.91, 9.18, 8.78, 8.09, 7.45, 7.76, 9.18, 7.39, 9.24, 7.44, 8.88, 9.92, 7.57, 7.06, 8.80],
  xi_1610 = [7.10, 8.31, 7.55, 7.50, 9.92, 7.75, 7.82, 9.53, 7.27, 8.81, 7.84, 8.06, 7.97, 7.42, 8.77, 8.82, 8.88, 8.78, 7.59, 9.93],
  xi_171 = [8.13, 9.80, 9.35, 8.21, 8.22, 7.44, 7.91, 8.06, 7.06, 9.27, 8.70, 9.81, 9.68, 8.82, 9.12, 7.65, 7.47, 9.81, 8.43, 7.27],
  xi_172 = [9.53, 9.47, 9.73, 8.47, 8.00, 9.67, 8.15, 8.33, 9.68, 7.97, 9.03, 8.59, 7.23, 8.85, 8.21, 9.98, 9.06, 8.73, 8.76, 7.53],
  xi_173 = [7.30, 8.81, 9.95, 7.79, 8.21, 9.91, 7.65, 7.61, 7.87, 8.64, 9.01, 8.19, 7.85, 7.30, 9.24, 8.61, 8.67, 8.22, 7.90, 8.61],
  xi_174 = [7.43, 9.15, 7.68, 8.61, 7.98, 7.46, 7.79, 7.31, 8.09, 9.87, 7.35, 8.29, 8.02, 7.15, 7.84, 9.91, 7.59, 8.46, 7.36, 9.08],
  xi_175 = [8.51, 8.99, 7.30, 9.37, 9.95, 9.45, 9.74, 7.29, 8.94, 7.32, 9.22, 7.39, 9.30, 9.43, 9.85, 7.13, 8.22, 7.79, 7.52, 8.70],
  xi_176 = [7.38, 8.02, 8.99, 7.25, 9.91, 9.16, 9.05, 8.44, 8.05, 7.57, 7.95, 9.68, 8.93, 7.07, 7.76, 9.39, 9.89, 7.17, 7.86, 7.22],
  xi_177 = [9.71, 7.65, 7.92, 9.18, 8.25, 7.19, 7.57, 8.23, 9.62, 8.37, 8.17, 10.00, 8.45, 9.42, 9.32, 7.22, 7.52, 8.77, 7.05, 9.00],
  xi_178 = [9.91, 8.81, 7.11, 9.73, 7.38, 7.84, 7.36, 7.04, 8.62, 8.01, 9.63, 8.65, 9.37, 7.48, 7.85, 8.30, 9.76, 7.97, 7.89, 7.85],
  xi_179 = [8.33, 9.10, 7.26, 9.98, 9.36, 8.98, 8.87, 9.67, 9.87, 7.36, 8.99, 7.54, 8.59, 9.44, 7.93, 9.94, 9.65, 7.49, 8.50, 9.83],
  xi_1710 = [7.88, 9.78, 9.18, 9.12, 7.07, 7.61, 8.21, 9.60, 9.34, 9.53, 8.10, 7.99, 8.47, 7.08, 7.01, 9.37, 7.88, 9.17, 9.42, 9.56],
  xi_181 = [8.77, 8.14, 9.29, 8.51, 8.43, 9.02, 9.04, 8.80, 7.79, 7.47, 7.43, 8.76, 7.91, 7.56, 8.81, 7.37, 9.05, 8.54, 8.69, 9.21],
  xi_182 = [8.69, 8.74, 7.09, 9.52, 8.47, 8.48, 7.35, 8.84, 7.08, 8.20, 9.80, 9.37, 7.08, 9.75, 9.88, 8.81, 7.76, 8.03, 8.97, 9.68],
  xi_183 = [7.37, 7.09, 8.70, 9.68, 7.59, 9.46, 9.05, 9.08, 9.43, 7.97, 9.62, 8.01, 7.29, 9.00, 9.18, 9.15, 7.09, 7.02, 7.35, 7.29],
  xi_184 = [7.19, 8.20, 8.51, 8.57, 8.15, 7.59, 9.73, 8.34, 8.84, 9.89, 8.63, 9.17, 8.46, 9.18, 8.31, 8.01, 8.18, 7.67, 8.49, 9.77],
  xi_185 = [8.69, 8.48, 7.74, 8.28, 9.39, 9.84, 8.19, 8.28, 9.97, 7.39, 9.85, 7.11, 9.61, 7.68, 8.01, 8.35, 9.64, 7.16, 9.44, 8.28],
  xi_186 = [9.98, 8.00, 9.37, 8.70, 8.02, 7.94, 8.00, 9.87, 8.23, 9.43, 7.35, 7.07, 9.83, 9.72, 8.42, 8.42, 7.22, 7.81, 7.85, 8.64],
  xi_187 = [8.40, 7.60, 7.02, 8.34, 7.64, 8.80, 8.79, 8.29, 9.45, 7.64, 7.37, 8.11, 9.83, 8.49, 9.52, 7.18, 8.11, 8.18, 9.14, 9.23],
  xi_188 = [8.82, 9.55, 7.21, 9.45, 7.65, 7.66, 9.27, 8.23, 7.57, 7.86, 8.18, 10.00, 7.17, 7.99, 9.57, 8.60, 9.78, 9.82, 7.58, 8.07],
  xi_189 = [9.95, 8.99, 8.66, 9.41, 9.68, 8.31, 7.84, 8.51, 8.25, 8.21, 9.04, 9.85, 9.00, 7.98, 8.14, 7.05, 8.06, 7.91, 8.90, 8.32],
  xi_1810 = [8.74, 9.00, 7.84, 9.73, 8.46, 9.89, 8.87, 8.55, 8.84, 8.20, 8.48, 7.70, 9.85, 8.35, 8.28, 7.00, 8.11, 7.20, 8.87, 7.93],
  xi_191 = [5.89, 5.48, 6.53, 4.77, 6.29, 6.53, 5.56, 5.12, 6.01, 6.89, 6.54, 6.52, 4.95, 6.86, 4.45, 4.57, 6.75, 5.81, 6.26, 4.94],
  xi_192 = [4.93, 4.29, 6.60, 5.19, 4.67, 5.42, 4.71, 4.32, 4.40, 6.04, 4.55, 6.58, 4.43, 6.98, 5.62, 4.46, 5.75, 4.77, 4.88, 4.26],
  xi_193 = [5.75, 6.56, 6.78, 6.64, 5.81, 4.28, 6.77, 6.01, 4.86, 5.11, 4.53, 5.07, 5.34, 4.00, 6.03, 4.49, 4.57, 5.13, 6.34, 5.92],
  xi_194 = [6.04, 6.32, 5.51, 6.03, 4.48, 5.46, 4.31, 4.88, 4.97, 6.29, 4.18, 6.75, 6.80, 6.59, 6.82, 5.11, 5.09, 6.06, 4.36, 6.31],
  xi_195 = [4.31, 6.66, 5.67, 5.13, 4.23, 6.09, 4.75, 5.44, 4.81, 5.35, 5.34, 5.45, 4.88, 5.19, 4.43, 6.86, 4.44, 4.87, 4.51, 4.29],
  xi_196 = [6.17, 4.61, 4.74, 4.86, 5.01, 4.55, 5.89, 6.42, 6.14, 4.92, 6.46, 6.81, 5.12, 5.68, 4.36, 6.06, 5.64, 6.81, 4.49, 5.18],
  xi_197 = [4.06, 6.94, 4.25, 5.71, 4.45, 5.58, 4.87, 6.83, 5.84, 4.91, 4.74, 6.83, 4.36, 6.04, 4.20, 6.55, 5.25, 5.51, 5.13, 5.94],
  xi_198 = [5.60, 6.96, 5.10, 6.59, 4.22, 6.15, 6.82, 4.34, 4.22, 5.56, 6.93, 4.52, 5.45, 5.18, 5.79, 4.38, 6.12, 6.62, 4.71, 6.59],
  xi_199 = [5.80, 5.91, 4.17, 4.41, 5.48, 6.49, 6.08, 6.57, 5.96, 5.21, 6.52, 6.31, 6.76, 4.59, 5.16, 6.43, 5.43, 5.35, 6.98, 4.33],
  xi_1910 = [6.42, 4.06, 4.99, 5.52, 4.26, 5.00, 6.04, 6.67, 5.23, 6.86, 6.48, 5.92, 4.29, 5.87, 6.37, 6.45, 5.43, 4.94, 5.22, 5.22],
  xi_201 = [5.32, 4.32, 6.52, 4.98, 4.12, 5.76, 5.42, 4.84, 4.25, 4.59, 5.05, 6.78, 5.45, 5.65, 5.70, 5.17, 4.43, 4.64, 5.47, 5.91],
  xi_202 = [4.82, 4.72, 4.88, 5.03, 4.37, 4.46, 6.64, 4.47, 6.75, 4.13, 4.45, 6.30, 5.13, 4.48, 4.83, 4.04, 6.09, 4.95, 5.86, 4.42],
  xi_203 = [4.90, 5.11, 6.98, 5.67, 5.75, 4.44, 4.59, 6.93, 4.75, 4.35, 5.13, 4.18, 5.08, 4.38, 5.90, 6.63, 6.71, 5.12, 6.04, 5.89],
  xi_204 = [6.05, 6.05, 6.43, 4.93, 5.81, 5.94, 6.76, 6.45, 6.57, 5.78, 4.62, 5.17, 5.08, 4.23, 6.91, 4.36, 4.66, 5.65, 5.80, 6.36],
  xi_205 = [5.73, 6.84, 4.58, 5.85, 4.49, 6.39, 4.64, 4.42, 6.34, 6.47, 4.84, 4.96, 6.51, 4.86, 4.14, 4.97, 4.52, 4.14, 6.39, 5.27],
  xi_206 = [6.27, 5.20, 5.30, 5.20, 5.13, 5.66, 6.13, 6.79, 6.58, 5.30, 6.71, 6.97, 5.12, 5.13, 5.56, 6.33, 6.65, 4.20, 6.46, 4.90],
  xi_207 = [4.85, 6.21, 4.50, 5.15, 6.94, 5.61, 4.17, 6.37, 4.18, 4.71, 6.30, 5.62, 5.71, 5.06, 5.02, 4.98, 6.80, 4.14, 4.61, 4.72],
  xi_208 = [4.10, 4.89, 4.23, 6.57, 5.27, 4.77, 4.46, 6.08, 6.32, 4.74, 4.51, 6.84, 4.46, 4.31, 5.78, 6.43, 6.86, 5.81, 4.35, 6.29],
  xi_209 = [6.07, 6.42, 6.87, 5.77, 6.07, 4.67, 5.40, 6.45, 5.48, 4.36, 4.97, 5.39, 5.58, 5.58, 4.51, 4.93, 6.99, 5.44, 5.94, 6.45],
  xi_2010 = [6.62, 6.36, 4.81, 5.97, 6.44, 6.12, 4.57, 6.67, 5.77, 5.21, 6.71, 6.42, 5.63, 6.82, 5.37, 4.33, 5.75, 4.53, 4.98, 5.06],
]

Transportation Costs (cjk) = [
  [6.13, 2.96, 6.54, 6.82, 7.83, 8.60, 1.06, 5.77, 5.48, 5.79],
  [2.96, 1.79, 0.86, 7.32, 5.11, 4.02, 3.75, 8.49, 6.94, 5.56],
  [8.60, 5.08, 7.28, 1.09, 9.95, 4.62, 8.67, 3.98, 7.15, 1.02],
  [5.07, 0.89, 7.28, 1.79, 2.24, 5.35, 2.12, 7.26, 4.95, 0.87],
  [7.69, 3.46, 9.00, 8.74, 7.68, 6.34, 1.16, 6.37, 0.96, 8.43],
  [5.45, 1.85, 2.84, 7.59, 7.12, 2.38, 9.08, 8.71, 8.65, 1.88],
  [1.93, 6.54, 2.96, 0.78, 6.20, 1.71, 6.73, 6.09, 1.08, 6.24],
  [3.83, 2.79, 7.47, 3.05, 9.12, 6.97, 4.04, 7.04, 9.54, 5.30],
  [1.87, 7.13, 1.92, 8.13, 7.58, 5.22, 9.65, 9.78, 6.88, 1.73],
  [5.86, 7.36, 7.90, 7.92, 5.27, 1.00, 4.04, 5.33, 8.99, 6.83],
  [7.06, 3.86, 2.18, 1.75, 7.09, 6.53, 3.77, 2.69, 4.43, 1.62],
  [6.72, 5.45, 4.11, 2.54, 3.26, 3.17, 1.73, 0.90, 3.82, 3.20],
  [0.80, 9.04, 8.28, 8.16, 6.59, 3.29, 5.94, 6.23, 3.26, 4.32],
  [8.42, 6.98, 7.87, 4.27, 4.08, 3.82, 2.11, 7.45, 9.15, 6.71],
  [3.50, 5.40, 5.67, 1.03, 3.39, 8.28, 7.32, 2.90, 9.41, 4.69],
  [3.69, 3.31, 6.50, 1.78, 7.31, 8.98, 7.71, 7.67, 5.89, 8.99],
  [8.17, 4.59, 2.82, 1.00, 1.16, 7.00, 4.65, 3.13, 4.85, 7.13],
  [7.87, 3.12, 3.57, 3.92, 5.02, 2.12, 4.24, 3.04, 7.73, 8.12],
  [4.66, 3.36, 2.17, 7.52, 7.86, 2.26, 7.27, 4.15, 2.29, 1.08],
  [3.35, 1.05, 3.70, 1.11, 7.86, 1.90, 0.96, 4.32, 4.67, 4.11],
]

Mean Service Times (¦Ì_{jk}) = [
  mu_11 = [8.66],
  mu_12 = [8.15],
  mu_13 = [8.52],
  mu_14 = [8.76],
  mu_15 = [8.58],
  mu_16 = [8.37],
  mu_17 = [8.68],
  mu_18 = [8.88],
  mu_19 = [8.65],
  mu_110 = [8.85],
  mu_21 = [5.39],
  mu_22 = [5.52],
  mu_23 = [5.61],
  mu_24 = [5.49],
  mu_25 = [5.41],
  mu_26 = [5.54],
  mu_27 = [5.41],
  mu_28 = [5.95],
  mu_29 = [5.54],
  mu_210 = [5.74],
  mu_31 = [8.75],
  mu_32 = [8.53],
  mu_33 = [8.66],
  mu_34 = [8.57],
  mu_35 = [8.55],
  mu_36 = [8.70],
  mu_37 = [8.56],
  mu_38 = [8.34],
  mu_39 = [8.46],
  mu_310 = [8.41],
  mu_41 = [8.58],
  mu_42 = [8.54],
  mu_43 = [8.45],
  mu_44 = [8.77],
  mu_45 = [8.54],
  mu_46 = [8.42],
  mu_47 = [8.59],
  mu_48 = [8.37],
  mu_49 = [8.49],
  mu_410 = [8.79],
  mu_51 = [2.58],
  mu_52 = [1.96],
  mu_53 = [2.37],
  mu_54 = [2.28],
  mu_55 = [2.34],
  mu_56 = [2.55],
  mu_57 = [2.53],
  mu_58 = [2.63],
  mu_59 = [2.58],
  mu_510 = [2.71],
  mu_61 = [5.45],
  mu_62 = [5.40],
  mu_63 = [5.25],
  mu_64 = [5.45],
  mu_65 = [5.59],
  mu_66 = [5.62],
  mu_67 = [5.40],
  mu_68 = [5.37],
  mu_69 = [5.54],
  mu_610 = [5.48],
  mu_71 = [8.57],
  mu_72 = [8.42],
  mu_73 = [8.77],
  mu_74 = [8.50],
  mu_75 = [8.79],
  mu_76 = [8.45],
  mu_77 = [8.59],
  mu_78 = [8.42],
  mu_79 = [8.40],
  mu_710 = [8.15],
  mu_81 = [2.40],
  mu_82 = [2.29],
  mu_83 = [2.54],
  mu_84 = [2.38],
  mu_85 = [2.37],
  mu_86 = [2.34],
  mu_87 = [2.52],
  mu_88 = [2.11],
  mu_89 = [2.51],
  mu_810 = [2.57],
  mu_91 = [8.73],
  mu_92 = [8.74],
  mu_93 = [8.49],
  mu_94 = [8.26],
  mu_95 = [8.43],
  mu_96 = [8.34],
  mu_97 = [8.74],
  mu_98 = [8.35],
  mu_99 = [8.66],
  mu_910 = [8.49],
  mu_101 = [8.50],
  mu_102 = [8.77],
  mu_103 = [8.68],
  mu_104 = [8.21],
  mu_105 = [8.74],
  mu_106 = [8.43],
  mu_107 = [8.69],
  mu_108 = [8.51],
  mu_109 = [8.50],
  mu_1010 = [8.80],
  mu_111 = [5.47],
  mu_112 = [5.25],
  mu_113 = [5.40],
  mu_114 = [5.50],
  mu_115 = [5.28],
  mu_116 = [5.60],
  mu_117 = [5.35],
  mu_118 = [5.49],
  mu_119 = [5.46],
  mu_1110 = [5.57],
  mu_121 = [8.34],
  mu_122 = [8.79],
  mu_123 = [8.87],
  mu_124 = [8.43],
  mu_125 = [8.76],
  mu_126 = [8.82],
  mu_127 = [8.61],
  mu_128 = [8.62],
  mu_129 = [8.45],
  mu_1210 = [8.48],
  mu_131 = [8.83],
  mu_132 = [8.50],
  mu_133 = [8.42],
  mu_134 = [8.57],
  mu_135 = [8.62],
  mu_136 = [8.80],
  mu_137 = [8.44],
  mu_138 = [8.74],
  mu_139 = [8.91],
  mu_1310 = [8.72],
  mu_141 = [5.43],
  mu_142 = [5.47],
  mu_143 = [5.45],
  mu_144 = [5.22],
  mu_145 = [5.69],
  mu_146 = [5.48],
  mu_147 = [5.57],
  mu_148 = [5.39],
  mu_149 = [5.34],
  mu_1410 = [5.41],
  mu_151 = [5.51],
  mu_152 = [5.67],
  mu_153 = [5.52],
  mu_154 = [5.48],
  mu_155 = [5.70],
  mu_156 = [5.39],
  mu_157 = [5.52],
  mu_158 = [5.64],
  mu_159 = [5.57],
  mu_1510 = [5.60],
  mu_161 = [8.71],
  mu_162 = [8.11],
  mu_163 = [8.33],
  mu_164 = [8.83],
  mu_165 = [8.44],
  mu_166 = [8.46],
  mu_167 = [8.76],
  mu_168 = [8.28],
  mu_169 = [8.56],
  mu_1610 = [8.28],
  mu_171 = [8.51],
  mu_172 = [8.75],
  mu_173 = [8.37],
  mu_174 = [8.12],
  mu_175 = [8.57],
  mu_176 = [8.34],
  mu_177 = [8.43],
  mu_178 = [8.33],
  mu_179 = [8.83],
  mu_1710 = [8.57],
  mu_181 = [8.43],
  mu_182 = [8.58],
  mu_183 = [8.32],
  mu_184 = [8.54],
  mu_185 = [8.57],
  mu_186 = [8.49],
  mu_187 = [8.36],
  mu_188 = [8.50],
  mu_189 = [8.60],
  mu_1810 = [8.49],
  mu_191 = [5.84],
  mu_192 = [5.14],
  mu_193 = [5.50],
  mu_194 = [5.62],
  mu_195 = [5.13],
  mu_196 = [5.50],
  mu_197 = [5.40],
  mu_198 = [5.59],
  mu_199 = [5.70],
  mu_1910 = [5.56],
  mu_201 = [5.22],
  mu_202 = [5.04],
  mu_203 = [5.43],
  mu_204 = [5.68],
  mu_205 = [5.32],
  mu_206 = [5.78],
  mu_207 = [5.28],
  mu_208 = [5.35],
  mu_209 = [5.67],
  mu_2010 = [5.71],
]

Mean Transportation Times (¦Ó_{jk}) = [
  tau_11 = [1.77],
  tau_12 = [1.70],
  tau_13 = [1.67],
  tau_14 = [1.69],
  tau_15 = [1.61],
  tau_16 = [1.69],
  tau_17 = [1.66],
  tau_18 = [1.60],
  tau_19 = [1.47],
  tau_110 = [1.65],
  tau_21 = [3.06],
  tau_22 = [2.99],
  tau_23 = [3.03],
  tau_24 = [3.00],
  tau_25 = [2.98],
  tau_26 = [3.12],
  tau_27 = [2.91],
  tau_28 = [2.97],
  tau_29 = [3.13],
  tau_210 = [3.11],
  tau_31 = [1.61],
  tau_32 = [1.54],
  tau_33 = [1.69],
  tau_34 = [1.64],
  tau_35 = [1.64],
  tau_36 = [1.73],
  tau_37 = [1.65],
  tau_38 = [1.67],
  tau_39 = [1.76],
  tau_310 = [1.60],
  tau_41 = [1.56],
  tau_42 = [1.75],
  tau_43 = [1.83],
  tau_44 = [1.70],
  tau_45 = [1.67],
  tau_46 = [1.81],
  tau_47 = [1.57],
  tau_48 = [1.77],
  tau_49 = [1.65],
  tau_410 = [1.65],
  tau_51 = [1.60],
  tau_52 = [1.62],
  tau_53 = [1.71],
  tau_54 = [1.63],
  tau_55 = [1.66],
  tau_56 = [1.81],
  tau_57 = [1.69],
  tau_58 = [1.66],
  tau_59 = [1.74],
  tau_510 = [1.68],
  tau_61 = [3.03],
  tau_62 = [2.85],
  tau_63 = [2.99],
  tau_64 = [3.06],
  tau_65 = [2.99],
  tau_66 = [2.89],
  tau_67 = [2.89],
  tau_68 = [3.04],
  tau_69 = [3.07],
  tau_610 = [2.98],
  tau_71 = [4.27],
  tau_72 = [4.23],
  tau_73 = [4.31],
  tau_74 = [4.32],
  tau_75 = [4.27],
  tau_76 = [4.34],
  tau_77 = [4.46],
  tau_78 = [4.23],
  tau_79 = [4.39],
  tau_710 = [4.33],
  tau_81 = [4.41],
  tau_82 = [4.48],
  tau_83 = [4.15],
  tau_84 = [4.19],
  tau_85 = [4.41],
  tau_86 = [4.38],
  tau_87 = [4.33],
  tau_88 = [4.21],
  tau_89 = [4.37],
  tau_810 = [4.19],
  tau_91 = [2.99],
  tau_92 = [3.20],
  tau_93 = [2.94],
  tau_94 = [3.06],
  tau_95 = [2.87],
  tau_96 = [2.80],
  tau_97 = [2.98],
  tau_98 = [3.12],
  tau_99 = [2.96],
  tau_910 = [2.86],
  tau_101 = [4.26],
  tau_102 = [4.38],
  tau_103 = [4.39],
  tau_104 = [4.41],
  tau_105 = [4.37],
  tau_106 = [4.33],
  tau_107 = [4.38],
  tau_108 = [4.34],
  tau_109 = [4.22],
  tau_1010 = [4.30],
  tau_111 = [4.30],
  tau_112 = [4.23],
  tau_113 = [4.46],
  tau_114 = [4.32],
  tau_115 = [4.28],
  tau_116 = [4.30],
  tau_117 = [4.23],
  tau_118 = [4.17],
  tau_119 = [4.31],
  tau_1110 = [4.40],
  tau_121 = [2.86],
  tau_122 = [2.77],
  tau_123 = [2.85],
  tau_124 = [2.94],
  tau_125 = [2.98],
  tau_126 = [3.01],
  tau_127 = [3.00],
  tau_128 = [2.93],
  tau_129 = [3.11],
  tau_1210 = [2.96],
  tau_131 = [1.60],
  tau_132 = [1.57],
  tau_133 = [1.73],
  tau_134 = [1.58],
  tau_135 = [1.62],
  tau_136 = [1.61],
  tau_137 = [1.72],
  tau_138 = [1.67],
  tau_139 = [1.58],
  tau_1310 = [1.61],
  tau_141 = [4.41],
  tau_142 = [4.30],
  tau_143 = [4.22],
  tau_144 = [4.39],
  tau_145 = [4.48],
  tau_146 = [4.36],
  tau_147 = [4.29],
  tau_148 = [4.30],
  tau_149 = [4.41],
  tau_1410 = [4.43],
  tau_151 = [4.15],
  tau_152 = [4.20],
  tau_153 = [4.44],
  tau_154 = [4.31],
  tau_155 = [4.31],
  tau_156 = [4.51],
  tau_157 = [4.27],
  tau_158 = [4.28],
  tau_159 = [4.27],
  tau_1510 = [4.31],
  tau_161 = [4.37],
  tau_162 = [4.09],
  tau_163 = [4.37],
  tau_164 = [4.34],
  tau_165 = [4.39],
  tau_166 = [4.47],
  tau_167 = [4.30],
  tau_168 = [4.48],
  tau_169 = [4.30],
  tau_1610 = [4.34],
  tau_171 = [1.73],
  tau_172 = [1.67],
  tau_173 = [1.59],
  tau_174 = [1.69],
  tau_175 = [1.76],
  tau_176 = [1.66],
  tau_177 = [1.74],
  tau_178 = [1.59],
  tau_179 = [1.77],
  tau_1710 = [1.68],
  tau_181 = [3.10],
  tau_182 = [2.90],
  tau_183 = [2.95],
  tau_184 = [2.98],
  tau_185 = [3.09],
  tau_186 = [2.93],
  tau_187 = [3.10],
  tau_188 = [3.04],
  tau_189 = [3.05],
  tau_1810 = [3.14],
  tau_191 = [1.68],
  tau_192 = [1.56],
  tau_193 = [1.50],
  tau_194 = [1.46],
  tau_195 = [1.67],
  tau_196 = [1.54],
  tau_197 = [1.68],
  tau_198 = [1.70],
  tau_199 = [1.71],
  tau_1910 = [1.73],
  tau_201 = [4.38],
  tau_202 = [4.34],
  tau_203 = [4.34],
  tau_204 = [4.28],
  tau_205 = [4.33],
  tau_206 = [4.44],
  tau_207 = [4.39],
  tau_208 = [4.40],
  tau_209 = [4.15],
  tau_2010 = [4.37],
]

Epsilon + ¦Ì_{jk} = [
  epsilon_plus_mu_11 = [12.99],
  epsilon_plus_mu_12 = [12.23],
  epsilon_plus_mu_13 = [12.79],
  epsilon_plus_mu_14 = [13.15],
  epsilon_plus_mu_15 = [12.87],
  epsilon_plus_mu_16 = [12.55],
  epsilon_plus_mu_17 = [13.02],
  epsilon_plus_mu_18 = [13.33],
  epsilon_plus_mu_19 = [12.98],
  epsilon_plus_mu_110 = [13.27],
  epsilon_plus_mu_21 = [8.08],
  epsilon_plus_mu_22 = [8.28],
  epsilon_plus_mu_23 = [8.42],
  epsilon_plus_mu_24 = [8.23],
  epsilon_plus_mu_25 = [8.11],
  epsilon_plus_mu_26 = [8.31],
  epsilon_plus_mu_27 = [8.11],
  epsilon_plus_mu_28 = [8.93],
  epsilon_plus_mu_29 = [8.31],
  epsilon_plus_mu_210 = [8.61],
  epsilon_plus_mu_31 = [13.12],
  epsilon_plus_mu_32 = [12.80],
  epsilon_plus_mu_33 = [12.99],
  epsilon_plus_mu_34 = [12.85],
  epsilon_plus_mu_35 = [12.83],
  epsilon_plus_mu_36 = [13.05],
  epsilon_plus_mu_37 = [12.84],
  epsilon_plus_mu_38 = [12.51],
  epsilon_plus_mu_39 = [12.69],
  epsilon_plus_mu_310 = [12.62],
  epsilon_plus_mu_41 = [12.87],
  epsilon_plus_mu_42 = [12.82],
  epsilon_plus_mu_43 = [12.67],
  epsilon_plus_mu_44 = [13.15],
  epsilon_plus_mu_45 = [12.81],
  epsilon_plus_mu_46 = [12.63],
  epsilon_plus_mu_47 = [12.89],
  epsilon_plus_mu_48 = [12.56],
  epsilon_plus_mu_49 = [12.73],
  epsilon_plus_mu_410 = [13.18],
  epsilon_plus_mu_51 = [3.87],
  epsilon_plus_mu_52 = [2.94],
  epsilon_plus_mu_53 = [3.55],
  epsilon_plus_mu_54 = [3.42],
  epsilon_plus_mu_55 = [3.51],
  epsilon_plus_mu_56 = [3.83],
  epsilon_plus_mu_57 = [3.79],
  epsilon_plus_mu_58 = [3.95],
  epsilon_plus_mu_59 = [3.87],
  epsilon_plus_mu_510 = [4.07],
  epsilon_plus_mu_61 = [8.17],
  epsilon_plus_mu_62 = [8.09],
  epsilon_plus_mu_63 = [7.88],
  epsilon_plus_mu_64 = [8.18],
  epsilon_plus_mu_65 = [8.39],
  epsilon_plus_mu_66 = [8.43],
  epsilon_plus_mu_67 = [8.10],
  epsilon_plus_mu_68 = [8.06],
  epsilon_plus_mu_69 = [8.31],
  epsilon_plus_mu_610 = [8.21],
  epsilon_plus_mu_71 = [12.86],
  epsilon_plus_mu_72 = [12.63],
  epsilon_plus_mu_73 = [13.16],
  epsilon_plus_mu_74 = [12.75],
  epsilon_plus_mu_75 = [13.19],
  epsilon_plus_mu_76 = [12.67],
  epsilon_plus_mu_77 = [12.89],
  epsilon_plus_mu_78 = [12.64],
  epsilon_plus_mu_79 = [12.61],
  epsilon_plus_mu_710 = [12.22],
  epsilon_plus_mu_81 = [3.60],
  epsilon_plus_mu_82 = [3.43],
  epsilon_plus_mu_83 = [3.81],
  epsilon_plus_mu_84 = [3.57],
  epsilon_plus_mu_85 = [3.55],
  epsilon_plus_mu_86 = [3.51],
  epsilon_plus_mu_87 = [3.78],
  epsilon_plus_mu_88 = [3.17],
  epsilon_plus_mu_89 = [3.77],
  epsilon_plus_mu_810 = [3.85],
  epsilon_plus_mu_91 = [13.10],
  epsilon_plus_mu_92 = [13.11],
  epsilon_plus_mu_93 = [12.73],
  epsilon_plus_mu_94 = [12.38],
  epsilon_plus_mu_95 = [12.65],
  epsilon_plus_mu_96 = [12.50],
  epsilon_plus_mu_97 = [13.10],
  epsilon_plus_mu_98 = [12.52],
  epsilon_plus_mu_99 = [12.99],
  epsilon_plus_mu_910 = [12.73],
  epsilon_plus_mu_101 = [12.76],
  epsilon_plus_mu_102 = [13.15],
  epsilon_plus_mu_103 = [13.01],
  epsilon_plus_mu_104 = [12.32],
  epsilon_plus_mu_105 = [13.11],
  epsilon_plus_mu_106 = [12.64],
  epsilon_plus_mu_107 = [13.03],
  epsilon_plus_mu_108 = [12.76],
  epsilon_plus_mu_109 = [12.76],
  epsilon_plus_mu_1010 = [13.20],
  epsilon_plus_mu_111 = [8.21],
  epsilon_plus_mu_112 = [7.88],
  epsilon_plus_mu_113 = [8.10],
  epsilon_plus_mu_114 = [8.25],
  epsilon_plus_mu_115 = [7.92],
  epsilon_plus_mu_116 = [8.40],
  epsilon_plus_mu_117 = [8.02],
  epsilon_plus_mu_118 = [8.23],
  epsilon_plus_mu_119 = [8.19],
  epsilon_plus_mu_1110 = [8.36],
  epsilon_plus_mu_121 = [12.51],
  epsilon_plus_mu_122 = [13.18],
  epsilon_plus_mu_123 = [13.30],
  epsilon_plus_mu_124 = [12.64],
  epsilon_plus_mu_125 = [13.15],
  epsilon_plus_mu_126 = [13.23],
  epsilon_plus_mu_127 = [12.92],
  epsilon_plus_mu_128 = [12.93],
  epsilon_plus_mu_129 = [12.67],
  epsilon_plus_mu_1210 = [12.72],
  epsilon_plus_mu_131 = [13.24],
  epsilon_plus_mu_132 = [12.75],
  epsilon_plus_mu_133 = [12.62],
  epsilon_plus_mu_134 = [12.85],
  epsilon_plus_mu_135 = [12.93],
  epsilon_plus_mu_136 = [13.20],
  epsilon_plus_mu_137 = [12.66],
  epsilon_plus_mu_138 = [13.12],
  epsilon_plus_mu_139 = [13.36],
  epsilon_plus_mu_1310 = [13.09],
  epsilon_plus_mu_141 = [8.15],
  epsilon_plus_mu_142 = [8.20],
  epsilon_plus_mu_143 = [8.18],
  epsilon_plus_mu_144 = [7.83],
  epsilon_plus_mu_145 = [8.54],
  epsilon_plus_mu_146 = [8.23],
  epsilon_plus_mu_147 = [8.35],
  epsilon_plus_mu_148 = [8.09],
  epsilon_plus_mu_149 = [8.01],
  epsilon_plus_mu_1410 = [8.12],
  epsilon_plus_mu_151 = [8.26],
  epsilon_plus_mu_152 = [8.50],
  epsilon_plus_mu_153 = [8.27],
  epsilon_plus_mu_154 = [8.21],
  epsilon_plus_mu_155 = [8.55],
  epsilon_plus_mu_156 = [8.08],
  epsilon_plus_mu_157 = [8.28],
  epsilon_plus_mu_158 = [8.46],
  epsilon_plus_mu_159 = [8.36],
  epsilon_plus_mu_1510 = [8.40],
  epsilon_plus_mu_161 = [13.07],
  epsilon_plus_mu_162 = [12.16],
  epsilon_plus_mu_163 = [12.50],
  epsilon_plus_mu_164 = [13.24],
  epsilon_plus_mu_165 = [12.67],
  epsilon_plus_mu_166 = [12.68],
  epsilon_plus_mu_167 = [13.14],
  epsilon_plus_mu_168 = [12.42],
  epsilon_plus_mu_169 = [12.85],
  epsilon_plus_mu_1610 = [12.42],
  epsilon_plus_mu_171 = [12.77],
  epsilon_plus_mu_172 = [13.12],
  epsilon_plus_mu_173 = [12.55],
  epsilon_plus_mu_174 = [12.18],
  epsilon_plus_mu_175 = [12.86],
  epsilon_plus_mu_176 = [12.51],
  epsilon_plus_mu_177 = [12.65],
  epsilon_plus_mu_178 = [12.49],
  epsilon_plus_mu_179 = [13.25],
  epsilon_plus_mu_1710 = [12.85],
  epsilon_plus_mu_181 = [12.64],
  epsilon_plus_mu_182 = [12.87],
  epsilon_plus_mu_183 = [12.48],
  epsilon_plus_mu_184 = [12.82],
  epsilon_plus_mu_185 = [12.85],
  epsilon_plus_mu_186 = [12.74],
  epsilon_plus_mu_187 = [12.53],
  epsilon_plus_mu_188 = [12.75],
  epsilon_plus_mu_189 = [12.91],
  epsilon_plus_mu_1810 = [12.74],
  epsilon_plus_mu_191 = [8.75],
  epsilon_plus_mu_192 = [7.72],
  epsilon_plus_mu_193 = [8.25],
  epsilon_plus_mu_194 = [8.42],
  epsilon_plus_mu_195 = [7.70],
  epsilon_plus_mu_196 = [8.24],
  epsilon_plus_mu_197 = [8.10],
  epsilon_plus_mu_198 = [8.39],
  epsilon_plus_mu_199 = [8.55],
  epsilon_plus_mu_1910 = [8.34],
  epsilon_plus_mu_201 = [7.83],
  epsilon_plus_mu_202 = [7.56],
  epsilon_plus_mu_203 = [8.14],
  epsilon_plus_mu_204 = [8.52],
  epsilon_plus_mu_205 = [7.98],
  epsilon_plus_mu_206 = [8.67],
  epsilon_plus_mu_207 = [7.92],
  epsilon_plus_mu_208 = [8.03],
  epsilon_plus_mu_209 = [8.50],
  epsilon_plus_mu_2010 = [8.56],
]

Epsilon - ¦Ì_{jk} = [
  epsilon_minus_mu_11 = [-4.33],
  epsilon_minus_mu_12 = [-4.08],
  epsilon_minus_mu_13 = [-4.26],
  epsilon_minus_mu_14 = [-4.38],
  epsilon_minus_mu_15 = [-4.29],
  epsilon_minus_mu_16 = [-4.18],
  epsilon_minus_mu_17 = [-4.34],
  epsilon_minus_mu_18 = [-4.44],
  epsilon_minus_mu_19 = [-4.33],
  epsilon_minus_mu_110 = [-4.42],
  epsilon_minus_mu_21 = [-2.69],
  epsilon_minus_mu_22 = [-2.76],
  epsilon_minus_mu_23 = [-2.81],
  epsilon_minus_mu_24 = [-2.74],
  epsilon_minus_mu_25 = [-2.70],
  epsilon_minus_mu_26 = [-2.77],
  epsilon_minus_mu_27 = [-2.70],
  epsilon_minus_mu_28 = [-2.98],
  epsilon_minus_mu_29 = [-2.77],
  epsilon_minus_mu_210 = [-2.87],
  epsilon_minus_mu_31 = [-4.37],
  epsilon_minus_mu_32 = [-4.27],
  epsilon_minus_mu_33 = [-4.33],
  epsilon_minus_mu_34 = [-4.28],
  epsilon_minus_mu_35 = [-4.28],
  epsilon_minus_mu_36 = [-4.35],
  epsilon_minus_mu_37 = [-4.28],
  epsilon_minus_mu_38 = [-4.17],
  epsilon_minus_mu_39 = [-4.23],
  epsilon_minus_mu_310 = [-4.21],
  epsilon_minus_mu_41 = [-4.29],
  epsilon_minus_mu_42 = [-4.27],
  epsilon_minus_mu_43 = [-4.22],
  epsilon_minus_mu_44 = [-4.38],
  epsilon_minus_mu_45 = [-4.27],
  epsilon_minus_mu_46 = [-4.21],
  epsilon_minus_mu_47 = [-4.30],
  epsilon_minus_mu_48 = [-4.19],
  epsilon_minus_mu_49 = [-4.24],
  epsilon_minus_mu_410 = [-4.39],
  epsilon_minus_mu_51 = [-1.29],
  epsilon_minus_mu_52 = [-0.98],
  epsilon_minus_mu_53 = [-1.18],
  epsilon_minus_mu_54 = [-1.14],
  epsilon_minus_mu_55 = [-1.17],
  epsilon_minus_mu_56 = [-1.28],
  epsilon_minus_mu_57 = [-1.26],
  epsilon_minus_mu_58 = [-1.32],
  epsilon_minus_mu_59 = [-1.29],
  epsilon_minus_mu_510 = [-1.36],
  epsilon_minus_mu_61 = [-2.72],
  epsilon_minus_mu_62 = [-2.70],
  epsilon_minus_mu_63 = [-2.63],
  epsilon_minus_mu_64 = [-2.73],
  epsilon_minus_mu_65 = [-2.80],
  epsilon_minus_mu_66 = [-2.81],
  epsilon_minus_mu_67 = [-2.70],
  epsilon_minus_mu_68 = [-2.69],
  epsilon_minus_mu_69 = [-2.77],
  epsilon_minus_mu_610 = [-2.74],
  epsilon_minus_mu_71 = [-4.29],
  epsilon_minus_mu_72 = [-4.21],
  epsilon_minus_mu_73 = [-4.39],
  epsilon_minus_mu_74 = [-4.25],
  epsilon_minus_mu_75 = [-4.40],
  epsilon_minus_mu_76 = [-4.22],
  epsilon_minus_mu_77 = [-4.30],
  epsilon_minus_mu_78 = [-4.21],
  epsilon_minus_mu_79 = [-4.20],
  epsilon_minus_mu_710 = [-4.07],
  epsilon_minus_mu_81 = [-1.20],
  epsilon_minus_mu_82 = [-1.14],
  epsilon_minus_mu_83 = [-1.27],
  epsilon_minus_mu_84 = [-1.19],
  epsilon_minus_mu_85 = [-1.18],
  epsilon_minus_mu_86 = [-1.17],
  epsilon_minus_mu_87 = [-1.26],
  epsilon_minus_mu_88 = [-1.06],
  epsilon_minus_mu_89 = [-1.26],
  epsilon_minus_mu_810 = [-1.28],
  epsilon_minus_mu_91 = [-4.37],
  epsilon_minus_mu_92 = [-4.37],
  epsilon_minus_mu_93 = [-4.24],
  epsilon_minus_mu_94 = [-4.13],
  epsilon_minus_mu_95 = [-4.22],
  epsilon_minus_mu_96 = [-4.17],
  epsilon_minus_mu_97 = [-4.37],
  epsilon_minus_mu_98 = [-4.17],
  epsilon_minus_mu_99 = [-4.33],
  epsilon_minus_mu_910 = [-4.24],
  epsilon_minus_mu_101 = [-4.25],
  epsilon_minus_mu_102 = [-4.38],
  epsilon_minus_mu_103 = [-4.34],
  epsilon_minus_mu_104 = [-4.11],
  epsilon_minus_mu_105 = [-4.37],
  epsilon_minus_mu_106 = [-4.21],
  epsilon_minus_mu_107 = [-4.34],
  epsilon_minus_mu_108 = [-4.25],
  epsilon_minus_mu_109 = [-4.25],
  epsilon_minus_mu_1010 = [-4.40],
  epsilon_minus_mu_111 = [-2.74],
  epsilon_minus_mu_112 = [-2.63],
  epsilon_minus_mu_113 = [-2.70],
  epsilon_minus_mu_114 = [-2.75],
  epsilon_minus_mu_115 = [-2.64],
  epsilon_minus_mu_116 = [-2.80],
  epsilon_minus_mu_117 = [-2.67],
  epsilon_minus_mu_118 = [-2.74],
  epsilon_minus_mu_119 = [-2.73],
  epsilon_minus_mu_1110 = [-2.79],
  epsilon_minus_mu_121 = [-4.17],
  epsilon_minus_mu_122 = [-4.39],
  epsilon_minus_mu_123 = [-4.43],
  epsilon_minus_mu_124 = [-4.21],
  epsilon_minus_mu_125 = [-4.38],
  epsilon_minus_mu_126 = [-4.41],
  epsilon_minus_mu_127 = [-4.31],
  epsilon_minus_mu_128 = [-4.31],
  epsilon_minus_mu_129 = [-4.22],
  epsilon_minus_mu_1210 = [-4.24],
  epsilon_minus_mu_131 = [-4.41],
  epsilon_minus_mu_132 = [-4.25],
  epsilon_minus_mu_133 = [-4.21],
  epsilon_minus_mu_134 = [-4.28],
  epsilon_minus_mu_135 = [-4.31],
  epsilon_minus_mu_136 = [-4.40],
  epsilon_minus_mu_137 = [-4.22],
  epsilon_minus_mu_138 = [-4.37],
  epsilon_minus_mu_139 = [-4.45],
  epsilon_minus_mu_1310 = [-4.36],
  epsilon_minus_mu_141 = [-2.72],
  epsilon_minus_mu_142 = [-2.73],
  epsilon_minus_mu_143 = [-2.73],
  epsilon_minus_mu_144 = [-2.61],
  epsilon_minus_mu_145 = [-2.85],
  epsilon_minus_mu_146 = [-2.74],
  epsilon_minus_mu_147 = [-2.78],
  epsilon_minus_mu_148 = [-2.70],
  epsilon_minus_mu_149 = [-2.67],
  epsilon_minus_mu_1410 = [-2.71],
  epsilon_minus_mu_151 = [-2.75],
  epsilon_minus_mu_152 = [-2.83],
  epsilon_minus_mu_153 = [-2.76],
  epsilon_minus_mu_154 = [-2.74],
  epsilon_minus_mu_155 = [-2.85],
  epsilon_minus_mu_156 = [-2.69],
  epsilon_minus_mu_157 = [-2.76],
  epsilon_minus_mu_158 = [-2.82],
  epsilon_minus_mu_159 = [-2.79],
  epsilon_minus_mu_1510 = [-2.80],
  epsilon_minus_mu_161 = [-4.36],
  epsilon_minus_mu_162 = [-4.05],
  epsilon_minus_mu_163 = [-4.17],
  epsilon_minus_mu_164 = [-4.41],
  epsilon_minus_mu_165 = [-4.22],
  epsilon_minus_mu_166 = [-4.23],
  epsilon_minus_mu_167 = [-4.38],
  epsilon_minus_mu_168 = [-4.14],
  epsilon_minus_mu_169 = [-4.28],
  epsilon_minus_mu_1610 = [-4.14],
  epsilon_minus_mu_171 = [-4.26],
  epsilon_minus_mu_172 = [-4.37],
  epsilon_minus_mu_173 = [-4.18],
  epsilon_minus_mu_174 = [-4.06],
  epsilon_minus_mu_175 = [-4.29],
  epsilon_minus_mu_176 = [-4.17],
  epsilon_minus_mu_177 = [-4.22],
  epsilon_minus_mu_178 = [-4.16],
  epsilon_minus_mu_179 = [-4.42],
  epsilon_minus_mu_1710 = [-4.28],
  epsilon_minus_mu_181 = [-4.21],
  epsilon_minus_mu_182 = [-4.29],
  epsilon_minus_mu_183 = [-4.16],
  epsilon_minus_mu_184 = [-4.27],
  epsilon_minus_mu_185 = [-4.28],
  epsilon_minus_mu_186 = [-4.25],
  epsilon_minus_mu_187 = [-4.18],
  epsilon_minus_mu_188 = [-4.25],
  epsilon_minus_mu_189 = [-4.30],
  epsilon_minus_mu_1810 = [-4.25],
  epsilon_minus_mu_191 = [-2.92],
  epsilon_minus_mu_192 = [-2.57],
  epsilon_minus_mu_193 = [-2.75],
  epsilon_minus_mu_194 = [-2.81],
  epsilon_minus_mu_195 = [-2.57],
  epsilon_minus_mu_196 = [-2.75],
  epsilon_minus_mu_197 = [-2.70],
  epsilon_minus_mu_198 = [-2.80],
  epsilon_minus_mu_199 = [-2.85],
  epsilon_minus_mu_1910 = [-2.78],
  epsilon_minus_mu_201 = [-2.61],
  epsilon_minus_mu_202 = [-2.52],
  epsilon_minus_mu_203 = [-2.71],
  epsilon_minus_mu_204 = [-2.84],
  epsilon_minus_mu_205 = [-2.66],
  epsilon_minus_mu_206 = [-2.89],
  epsilon_minus_mu_207 = [-2.64],
  epsilon_minus_mu_208 = [-2.68],
  epsilon_minus_mu_209 = [-2.83],
  epsilon_minus_mu_2010 = [-2.85],
]

Sigma + ¦Ó_{jk} = [
  sigma_plus_tau_11 = [2.65],
  sigma_plus_tau_12 = [2.55],
  sigma_plus_tau_13 = [2.51],
  sigma_plus_tau_14 = [2.54],
  sigma_plus_tau_15 = [2.42],
  sigma_plus_tau_16 = [2.53],
  sigma_plus_tau_17 = [2.49],
  sigma_plus_tau_18 = [2.40],
  sigma_plus_tau_19 = [2.20],
  sigma_plus_tau_110 = [2.48],
  sigma_plus_tau_21 = [4.59],
  sigma_plus_tau_22 = [4.48],
  sigma_plus_tau_23 = [4.54],
  sigma_plus_tau_24 = [4.50],
  sigma_plus_tau_25 = [4.47],
  sigma_plus_tau_26 = [4.67],
  sigma_plus_tau_27 = [4.36],
  sigma_plus_tau_28 = [4.46],
  sigma_plus_tau_29 = [4.69],
  sigma_plus_tau_210 = [4.67],
  sigma_plus_tau_31 = [2.42],
  sigma_plus_tau_32 = [2.31],
  sigma_plus_tau_33 = [2.54],
  sigma_plus_tau_34 = [2.45],
  sigma_plus_tau_35 = [2.46],
  sigma_plus_tau_36 = [2.60],
  sigma_plus_tau_37 = [2.47],
  sigma_plus_tau_38 = [2.50],
  sigma_plus_tau_39 = [2.63],
  sigma_plus_tau_310 = [2.40],
  sigma_plus_tau_41 = [2.34],
  sigma_plus_tau_42 = [2.63],
  sigma_plus_tau_43 = [2.75],
  sigma_plus_tau_44 = [2.55],
  sigma_plus_tau_45 = [2.50],
  sigma_plus_tau_46 = [2.72],
  sigma_plus_tau_47 = [2.36],
  sigma_plus_tau_48 = [2.65],
  sigma_plus_tau_49 = [2.48],
  sigma_plus_tau_410 = [2.47],
  sigma_plus_tau_51 = [2.40],
  sigma_plus_tau_52 = [2.43],
  sigma_plus_tau_53 = [2.57],
  sigma_plus_tau_54 = [2.44],
  sigma_plus_tau_55 = [2.49],
  sigma_plus_tau_56 = [2.71],
  sigma_plus_tau_57 = [2.54],
  sigma_plus_tau_58 = [2.48],
  sigma_plus_tau_59 = [2.60],
  sigma_plus_tau_510 = [2.52],
  sigma_plus_tau_61 = [4.54],
  sigma_plus_tau_62 = [4.27],
  sigma_plus_tau_63 = [4.49],
  sigma_plus_tau_64 = [4.59],
  sigma_plus_tau_65 = [4.49],
  sigma_plus_tau_66 = [4.33],
  sigma_plus_tau_67 = [4.33],
  sigma_plus_tau_68 = [4.56],
  sigma_plus_tau_69 = [4.60],
  sigma_plus_tau_610 = [4.47],
  sigma_plus_tau_71 = [6.41],
  sigma_plus_tau_72 = [6.35],
  sigma_plus_tau_73 = [6.46],
  sigma_plus_tau_74 = [6.48],
  sigma_plus_tau_75 = [6.41],
  sigma_plus_tau_76 = [6.51],
  sigma_plus_tau_77 = [6.69],
  sigma_plus_tau_78 = [6.34],
  sigma_plus_tau_79 = [6.58],
  sigma_plus_tau_710 = [6.49],
  sigma_plus_tau_81 = [6.62],
  sigma_plus_tau_82 = [6.72],
  sigma_plus_tau_83 = [6.23],
  sigma_plus_tau_84 = [6.28],
  sigma_plus_tau_85 = [6.62],
  sigma_plus_tau_86 = [6.57],
  sigma_plus_tau_87 = [6.50],
  sigma_plus_tau_88 = [6.31],
  sigma_plus_tau_89 = [6.55],
  sigma_plus_tau_810 = [6.28],
  sigma_plus_tau_91 = [4.49],
  sigma_plus_tau_92 = [4.80],
  sigma_plus_tau_93 = [4.41],
  sigma_plus_tau_94 = [4.60],
  sigma_plus_tau_95 = [4.30],
  sigma_plus_tau_96 = [4.20],
  sigma_plus_tau_97 = [4.47],
  sigma_plus_tau_98 = [4.68],
  sigma_plus_tau_99 = [4.44],
  sigma_plus_tau_910 = [4.29],
  sigma_plus_tau_101 = [6.39],
  sigma_plus_tau_102 = [6.57],
  sigma_plus_tau_103 = [6.59],
  sigma_plus_tau_104 = [6.62],
  sigma_plus_tau_105 = [6.55],
  sigma_plus_tau_106 = [6.49],
  sigma_plus_tau_107 = [6.57],
  sigma_plus_tau_108 = [6.51],
  sigma_plus_tau_109 = [6.33],
  sigma_plus_tau_1010 = [6.45],
  sigma_plus_tau_111 = [6.45],
  sigma_plus_tau_112 = [6.34],
  sigma_plus_tau_113 = [6.69],
  sigma_plus_tau_114 = [6.49],
  sigma_plus_tau_115 = [6.42],
  sigma_plus_tau_116 = [6.46],
  sigma_plus_tau_117 = [6.35],
  sigma_plus_tau_118 = [6.26],
  sigma_plus_tau_119 = [6.47],
  sigma_plus_tau_1110 = [6.61],
  sigma_plus_tau_121 = [4.30],
  sigma_plus_tau_122 = [4.15],
  sigma_plus_tau_123 = [4.27],
  sigma_plus_tau_124 = [4.42],
  sigma_plus_tau_125 = [4.47],
  sigma_plus_tau_126 = [4.52],
  sigma_plus_tau_127 = [4.50],
  sigma_plus_tau_128 = [4.39],
  sigma_plus_tau_129 = [4.66],
  sigma_plus_tau_1210 = [4.44],
  sigma_plus_tau_131 = [2.40],
  sigma_plus_tau_132 = [2.36],
  sigma_plus_tau_133 = [2.60],
  sigma_plus_tau_134 = [2.36],
  sigma_plus_tau_135 = [2.43],
  sigma_plus_tau_136 = [2.41],
  sigma_plus_tau_137 = [2.58],
  sigma_plus_tau_138 = [2.51],
  sigma_plus_tau_139 = [2.37],
  sigma_plus_tau_1310 = [2.41],
  sigma_plus_tau_141 = [6.62],
  sigma_plus_tau_142 = [6.45],
  sigma_plus_tau_143 = [6.33],
  sigma_plus_tau_144 = [6.59],
  sigma_plus_tau_145 = [6.72],
  sigma_plus_tau_146 = [6.53],
  sigma_plus_tau_147 = [6.43],
  sigma_plus_tau_148 = [6.45],
  sigma_plus_tau_149 = [6.62],
  sigma_plus_tau_1410 = [6.65],
  sigma_plus_tau_151 = [6.22],
  sigma_plus_tau_152 = [6.30],
  sigma_plus_tau_153 = [6.66],
  sigma_plus_tau_154 = [6.46],
  sigma_plus_tau_155 = [6.46],
  sigma_plus_tau_156 = [6.76],
  sigma_plus_tau_157 = [6.40],
  sigma_plus_tau_158 = [6.42],
  sigma_plus_tau_159 = [6.41],
  sigma_plus_tau_1510 = [6.47],
  sigma_plus_tau_161 = [6.56],
  sigma_plus_tau_162 = [6.14],
  sigma_plus_tau_163 = [6.55],
  sigma_plus_tau_164 = [6.51],
  sigma_plus_tau_165 = [6.59],
  sigma_plus_tau_166 = [6.70],
  sigma_plus_tau_167 = [6.45],
  sigma_plus_tau_168 = [6.72],
  sigma_plus_tau_169 = [6.45],
  sigma_plus_tau_1610 = [6.51],
  sigma_plus_tau_171 = [2.59],
  sigma_plus_tau_172 = [2.50],
  sigma_plus_tau_173 = [2.38],
  sigma_plus_tau_174 = [2.54],
  sigma_plus_tau_175 = [2.64],
  sigma_plus_tau_176 = [2.49],
  sigma_plus_tau_177 = [2.61],
  sigma_plus_tau_178 = [2.39],
  sigma_plus_tau_179 = [2.66],
  sigma_plus_tau_1710 = [2.52],
  sigma_plus_tau_181 = [4.64],
  sigma_plus_tau_182 = [4.36],
  sigma_plus_tau_183 = [4.43],
  sigma_plus_tau_184 = [4.46],
  sigma_plus_tau_185 = [4.64],
  sigma_plus_tau_186 = [4.39],
  sigma_plus_tau_187 = [4.64],
  sigma_plus_tau_188 = [4.56],
  sigma_plus_tau_189 = [4.57],
  sigma_plus_tau_1810 = [4.71],
  sigma_plus_tau_191 = [2.51],
  sigma_plus_tau_192 = [2.35],
  sigma_plus_tau_193 = [2.25],
  sigma_plus_tau_194 = [2.19],
  sigma_plus_tau_195 = [2.51],
  sigma_plus_tau_196 = [2.30],
  sigma_plus_tau_197 = [2.52],
  sigma_plus_tau_198 = [2.54],
  sigma_plus_tau_199 = [2.56],
  sigma_plus_tau_1910 = [2.60],
  sigma_plus_tau_201 = [6.58],
  sigma_plus_tau_202 = [6.52],
  sigma_plus_tau_203 = [6.51],
  sigma_plus_tau_204 = [6.43],
  sigma_plus_tau_205 = [6.49],
  sigma_plus_tau_206 = [6.67],
  sigma_plus_tau_207 = [6.59],
  sigma_plus_tau_208 = [6.59],
  sigma_plus_tau_209 = [6.23],
  sigma_plus_tau_2010 = [6.56],
]

Sigma - ¦Ó_{jk} = [
  sigma_minus_tau_11 = [-0.88],
  sigma_minus_tau_12 = [-0.85],
  sigma_minus_tau_13 = [-0.84],
  sigma_minus_tau_14 = [-0.85],
  sigma_minus_tau_15 = [-0.81],
  sigma_minus_tau_16 = [-0.84],
  sigma_minus_tau_17 = [-0.83],
  sigma_minus_tau_18 = [-0.80],
  sigma_minus_tau_19 = [-0.73],
  sigma_minus_tau_110 = [-0.83],
  sigma_minus_tau_21 = [-1.53],
  sigma_minus_tau_22 = [-1.49],
  sigma_minus_tau_23 = [-1.51],
  sigma_minus_tau_24 = [-1.50],
  sigma_minus_tau_25 = [-1.49],
  sigma_minus_tau_26 = [-1.56],
  sigma_minus_tau_27 = [-1.45],
  sigma_minus_tau_28 = [-1.49],
  sigma_minus_tau_29 = [-1.56],
  sigma_minus_tau_210 = [-1.56],
  sigma_minus_tau_31 = [-0.81],
  sigma_minus_tau_32 = [-0.77],
  sigma_minus_tau_33 = [-0.85],
  sigma_minus_tau_34 = [-0.82],
  sigma_minus_tau_35 = [-0.82],
  sigma_minus_tau_36 = [-0.87],
  sigma_minus_tau_37 = [-0.82],
  sigma_minus_tau_38 = [-0.83],
  sigma_minus_tau_39 = [-0.88],
  sigma_minus_tau_310 = [-0.80],
  sigma_minus_tau_41 = [-0.78],
  sigma_minus_tau_42 = [-0.88],
  sigma_minus_tau_43 = [-0.92],
  sigma_minus_tau_44 = [-0.85],
  sigma_minus_tau_45 = [-0.83],
  sigma_minus_tau_46 = [-0.91],
  sigma_minus_tau_47 = [-0.79],
  sigma_minus_tau_48 = [-0.88],
  sigma_minus_tau_49 = [-0.83],
  sigma_minus_tau_410 = [-0.82],
  sigma_minus_tau_51 = [-0.80],
  sigma_minus_tau_52 = [-0.81],
  sigma_minus_tau_53 = [-0.86],
  sigma_minus_tau_54 = [-0.81],
  sigma_minus_tau_55 = [-0.83],
  sigma_minus_tau_56 = [-0.90],
  sigma_minus_tau_57 = [-0.85],
  sigma_minus_tau_58 = [-0.83],
  sigma_minus_tau_59 = [-0.87],
  sigma_minus_tau_510 = [-0.84],
  sigma_minus_tau_61 = [-1.51],
  sigma_minus_tau_62 = [-1.42],
  sigma_minus_tau_63 = [-1.50],
  sigma_minus_tau_64 = [-1.53],
  sigma_minus_tau_65 = [-1.50],
  sigma_minus_tau_66 = [-1.44],
  sigma_minus_tau_67 = [-1.44],
  sigma_minus_tau_68 = [-1.52],
  sigma_minus_tau_69 = [-1.53],
  sigma_minus_tau_610 = [-1.49],
  sigma_minus_tau_71 = [-2.14],
  sigma_minus_tau_72 = [-2.12],
  sigma_minus_tau_73 = [-2.15],
  sigma_minus_tau_74 = [-2.16],
  sigma_minus_tau_75 = [-2.14],
  sigma_minus_tau_76 = [-2.17],
  sigma_minus_tau_77 = [-2.23],
  sigma_minus_tau_78 = [-2.11],
  sigma_minus_tau_79 = [-2.19],
  sigma_minus_tau_710 = [-2.16],
  sigma_minus_tau_81 = [-2.21],
  sigma_minus_tau_82 = [-2.24],
  sigma_minus_tau_83 = [-2.08],
  sigma_minus_tau_84 = [-2.09],
  sigma_minus_tau_85 = [-2.21],
  sigma_minus_tau_86 = [-2.19],
  sigma_minus_tau_87 = [-2.17],
  sigma_minus_tau_88 = [-2.10],
  sigma_minus_tau_89 = [-2.18],
  sigma_minus_tau_810 = [-2.09],
  sigma_minus_tau_91 = [-1.50],
  sigma_minus_tau_92 = [-1.60],
  sigma_minus_tau_93 = [-1.47],
  sigma_minus_tau_94 = [-1.53],
  sigma_minus_tau_95 = [-1.43],
  sigma_minus_tau_96 = [-1.40],
  sigma_minus_tau_97 = [-1.49],
  sigma_minus_tau_98 = [-1.56],
  sigma_minus_tau_99 = [-1.48],
  sigma_minus_tau_910 = [-1.43],
  sigma_minus_tau_101 = [-2.13],
  sigma_minus_tau_102 = [-2.19],
  sigma_minus_tau_103 = [-2.20],
  sigma_minus_tau_104 = [-2.21],
  sigma_minus_tau_105 = [-2.18],
  sigma_minus_tau_106 = [-2.16],
  sigma_minus_tau_107 = [-2.19],
  sigma_minus_tau_108 = [-2.17],
  sigma_minus_tau_109 = [-2.11],
  sigma_minus_tau_1010 = [-2.15],
  sigma_minus_tau_111 = [-2.15],
  sigma_minus_tau_112 = [-2.11],
  sigma_minus_tau_113 = [-2.23],
  sigma_minus_tau_114 = [-2.16],
  sigma_minus_tau_115 = [-2.14],
  sigma_minus_tau_116 = [-2.15],
  sigma_minus_tau_117 = [-2.12],
  sigma_minus_tau_118 = [-2.09],
  sigma_minus_tau_119 = [-2.16],
  sigma_minus_tau_1110 = [-2.20],
  sigma_minus_tau_121 = [-1.43],
  sigma_minus_tau_122 = [-1.38],
  sigma_minus_tau_123 = [-1.42],
  sigma_minus_tau_124 = [-1.47],
  sigma_minus_tau_125 = [-1.49],
  sigma_minus_tau_126 = [-1.51],
  sigma_minus_tau_127 = [-1.50],
  sigma_minus_tau_128 = [-1.46],
  sigma_minus_tau_129 = [-1.55],
  sigma_minus_tau_1210 = [-1.48],
  sigma_minus_tau_131 = [-0.80],
  sigma_minus_tau_132 = [-0.79],
  sigma_minus_tau_133 = [-0.87],
  sigma_minus_tau_134 = [-0.79],
  sigma_minus_tau_135 = [-0.81],
  sigma_minus_tau_136 = [-0.80],
  sigma_minus_tau_137 = [-0.86],
  sigma_minus_tau_138 = [-0.84],
  sigma_minus_tau_139 = [-0.79],
  sigma_minus_tau_1310 = [-0.80],
  sigma_minus_tau_141 = [-2.21],
  sigma_minus_tau_142 = [-2.15],
  sigma_minus_tau_143 = [-2.11],
  sigma_minus_tau_144 = [-2.20],
  sigma_minus_tau_145 = [-2.24],
  sigma_minus_tau_146 = [-2.18],
  sigma_minus_tau_147 = [-2.14],
  sigma_minus_tau_148 = [-2.15],
  sigma_minus_tau_149 = [-2.21],
  sigma_minus_tau_1410 = [-2.22],
  sigma_minus_tau_151 = [-2.07],
  sigma_minus_tau_152 = [-2.10],
  sigma_minus_tau_153 = [-2.22],
  sigma_minus_tau_154 = [-2.15],
  sigma_minus_tau_155 = [-2.15],
  sigma_minus_tau_156 = [-2.25],
  sigma_minus_tau_157 = [-2.13],
  sigma_minus_tau_158 = [-2.14],
  sigma_minus_tau_159 = [-2.14],
  sigma_minus_tau_1510 = [-2.16],
  sigma_minus_tau_161 = [-2.19],
  sigma_minus_tau_162 = [-2.05],
  sigma_minus_tau_163 = [-2.18],
  sigma_minus_tau_164 = [-2.17],
  sigma_minus_tau_165 = [-2.20],
  sigma_minus_tau_166 = [-2.23],
  sigma_minus_tau_167 = [-2.15],
  sigma_minus_tau_168 = [-2.24],
  sigma_minus_tau_169 = [-2.15],
  sigma_minus_tau_1610 = [-2.17],
  sigma_minus_tau_171 = [-0.86],
  sigma_minus_tau_172 = [-0.83],
  sigma_minus_tau_173 = [-0.79],
  sigma_minus_tau_174 = [-0.85],
  sigma_minus_tau_175 = [-0.88],
  sigma_minus_tau_176 = [-0.83],
  sigma_minus_tau_177 = [-0.87],
  sigma_minus_tau_178 = [-0.80],
  sigma_minus_tau_179 = [-0.89],
  sigma_minus_tau_1710 = [-0.84],
  sigma_minus_tau_181 = [-1.55],
  sigma_minus_tau_182 = [-1.45],
  sigma_minus_tau_183 = [-1.48],
  sigma_minus_tau_184 = [-1.49],
  sigma_minus_tau_185 = [-1.55],
  sigma_minus_tau_186 = [-1.46],
  sigma_minus_tau_187 = [-1.55],
  sigma_minus_tau_188 = [-1.52],
  sigma_minus_tau_189 = [-1.52],
  sigma_minus_tau_1810 = [-1.57],
  sigma_minus_tau_191 = [-0.84],
  sigma_minus_tau_192 = [-0.78],
  sigma_minus_tau_193 = [-0.75],
  sigma_minus_tau_194 = [-0.73],
  sigma_minus_tau_195 = [-0.84],
  sigma_minus_tau_196 = [-0.77],
  sigma_minus_tau_197 = [-0.84],
  sigma_minus_tau_198 = [-0.85],
  sigma_minus_tau_199 = [-0.85],
  sigma_minus_tau_1910 = [-0.87],
  sigma_minus_tau_201 = [-2.19],
  sigma_minus_tau_202 = [-2.17],
  sigma_minus_tau_203 = [-2.17],
  sigma_minus_tau_204 = [-2.14],
  sigma_minus_tau_205 = [-2.16],
  sigma_minus_tau_206 = [-2.22],
  sigma_minus_tau_207 = [-2.20],
  sigma_minus_tau_208 = [-2.20],
  sigma_minus_tau_209 = [-2.08],
  sigma_minus_tau_2010 = [-2.19],
]

Probabilities (p_s) = [
0.05, 0.05, 0.05, 0.05, 0.05, 0.05, 0.05, 0.05, 0.05, 0.05, 0.05, 0.05, 0.05, 0.05, 0.05, 0.05, 0.05, 0.05, 0.05, 0.05
]

c_bar = 6.87
