Jobs = 20
Machines = 10
Scenarios = 20

Ready Times (rj) = [
0.00, 0.00, 0.00, 0.00, 0.00, 0.00, 0.00, 0.00, 0.00, 0.00, 0.00, 0.00, 0.00, 0.00, 0.00, 0.00, 0.00, 0.00, 0.00, 0.00
]

Transportation Times (tjk^s) = [
  tjk_11 = [1.66, 1.68, 1.65, 1.85, 1.81, 1.64, 1.74, 1.71, 1.57, 1.73, 1.68, 1.64, 1.75, 1.55, 1.73, 1.73, 1.65, 1.70, 1.60, 1.68],
  tjk_12 = [1.68, 1.49, 1.65, 1.59, 1.53, 1.61, 1.67, 1.63, 1.72, 1.83, 1.66, 1.51, 1.63, 1.65, 1.68, 1.73, 1.68, 1.79, 1.69, 1.62],
  tjk_13 = [1.74, 1.78, 1.67, 1.61, 1.58, 1.70, 1.67, 1.57, 1.82, 1.78, 1.57, 1.55, 1.84, 1.62, 1.61, 1.67, 1.78, 1.66, 1.71, 1.74],
  tjk_14 = [1.77, 1.62, 1.72, 1.48, 1.64, 1.78, 1.78, 1.56, 1.82, 1.69, 1.61, 1.74, 1.73, 1.47, 1.59, 1.60, 1.66, 1.73, 1.65, 1.57],
  tjk_15 = [1.67, 1.58, 1.74, 1.66, 1.70, 1.59, 1.70, 1.75, 1.63, 1.65, 1.64, 1.73, 1.72, 1.56, 1.71, 1.70, 1.58, 1.78, 1.70, 1.69],
  tjk_16 = [1.74, 1.63, 1.78, 1.63, 1.53, 1.52, 1.57, 1.63, 1.59, 1.70, 1.78, 1.81, 1.51, 1.67, 1.73, 1.79, 1.73, 1.65, 1.68, 1.70],
  tjk_17 = [1.70, 1.78, 1.72, 1.64, 1.69, 1.62, 1.57, 1.72, 1.65, 1.71, 1.76, 1.71, 1.60, 1.60, 1.56, 1.66, 1.78, 1.73, 1.70, 1.62],
  tjk_18 = [1.62, 1.75, 1.60, 1.79, 1.72, 1.73, 1.67, 1.67, 1.83, 1.71, 1.59, 1.55, 1.71, 1.61, 1.59, 1.70, 1.84, 1.72, 1.58, 1.59],
  tjk_19 = [1.66, 1.62, 1.55, 1.57, 1.68, 1.80, 1.65, 1.69, 1.76, 1.63, 1.73, 1.79, 1.73, 1.75, 1.64, 1.75, 1.67, 1.67, 1.76, 1.71],
  tjk_110 = [1.77, 1.67, 1.64, 1.69, 1.84, 1.75, 1.51, 1.61, 1.72, 1.65, 1.51, 1.70, 1.57, 1.56, 1.66, 1.65, 1.68, 1.66, 1.51, 1.59],
  tjk_21 = [1.68, 1.70, 1.56, 1.47, 1.74, 1.66, 1.65, 1.54, 1.72, 1.65, 1.77, 1.86, 1.66, 1.64, 1.72, 1.63, 1.67, 1.81, 1.66, 1.75],
  tjk_22 = [1.68, 1.77, 1.54, 1.79, 1.77, 1.70, 1.60, 1.59, 1.77, 1.62, 1.67, 1.62, 1.61, 1.51, 1.66, 1.74, 1.68, 1.76, 1.73, 1.63],
  tjk_23 = [1.65, 1.59, 1.64, 1.69, 1.74, 1.70, 1.60, 1.63, 1.78, 1.58, 1.60, 1.54, 1.55, 1.50, 1.63, 1.67, 1.65, 1.79, 1.66, 1.68],
  tjk_24 = [1.67, 1.55, 1.52, 1.65, 1.73, 1.55, 1.71, 1.62, 1.74, 1.63, 1.54, 1.66, 1.70, 1.52, 1.72, 1.72, 1.64, 1.58, 1.66, 1.63],
  tjk_25 = [1.65, 1.75, 1.76, 1.63, 1.69, 1.72, 1.62, 1.59, 1.50, 1.53, 1.57, 1.56, 1.50, 1.78, 1.81, 1.55, 1.65, 1.86, 1.81, 1.77],
  tjk_26 = [1.65, 1.75, 1.50, 1.75, 1.62, 1.66, 1.69, 1.72, 1.64, 1.59, 1.60, 1.74, 1.64, 1.56, 1.66, 1.57, 1.68, 1.68, 1.75, 1.58],
  tjk_27 = [1.60, 1.66, 1.70, 1.55, 1.56, 1.63, 1.77, 1.68, 1.57, 1.64, 1.73, 1.63, 1.72, 1.71, 1.67, 1.55, 1.66, 1.79, 1.80, 1.65],
  tjk_28 = [1.66, 1.61, 1.68, 1.51, 1.60, 1.76, 1.75, 1.88, 1.57, 1.68, 1.79, 1.63, 1.70, 1.60, 1.67, 1.83, 1.64, 1.70, 1.63, 1.57],
  tjk_29 = [1.56, 1.66, 1.71, 1.59, 1.70, 1.61, 1.81, 1.45, 1.74, 1.55, 1.68, 1.60, 1.63, 1.66, 1.70, 1.62, 1.66, 1.74, 1.55, 1.67],
  tjk_210 = [1.58, 1.68, 1.58, 1.78, 1.82, 1.71, 1.72, 1.67, 1.67, 1.76, 1.61, 1.83, 1.50, 1.55, 1.48, 1.68, 1.57, 1.86, 1.57, 1.72],
  tjk_31 = [1.80, 1.68, 1.61, 1.67, 1.52, 1.55, 1.66, 1.65, 1.63, 1.51, 1.73, 1.62, 1.65, 1.51, 1.70, 1.62, 1.64, 1.58, 1.59, 1.58],
  tjk_32 = [1.77, 1.72, 1.66, 1.58, 1.70, 1.68, 1.81, 1.81, 1.67, 1.60, 1.61, 1.70, 1.69, 1.69, 1.71, 1.58, 1.69, 1.77, 1.57, 1.66],
  tjk_33 = [1.71, 1.72, 1.53, 1.71, 1.76, 1.58, 1.62, 1.68, 1.83, 1.97, 1.63, 1.57, 1.76, 1.65, 1.65, 1.75, 1.62, 1.80, 1.70, 1.70],
  tjk_34 = [1.74, 1.71, 1.65, 1.55, 1.61, 1.62, 1.66, 1.58, 1.58, 1.68, 1.65, 1.81, 1.69, 1.57, 1.61, 1.75, 1.54, 1.80, 1.68, 1.68],
  tjk_35 = [1.55, 1.70, 1.76, 1.64, 1.59, 1.66, 1.73, 1.61, 1.54, 1.83, 1.70, 1.57, 1.65, 1.83, 1.69, 1.57, 1.68, 1.70, 1.70, 1.52],
  tjk_36 = [1.74, 1.67, 1.55, 1.79, 1.60, 1.69, 1.72, 1.60, 1.62, 1.70, 1.70, 1.57, 1.51, 1.58, 1.76, 1.69, 1.75, 1.87, 1.63, 1.57],
  tjk_37 = [1.65, 1.78, 1.69, 1.63, 1.59, 1.69, 1.63, 1.55, 1.74, 1.67, 1.64, 1.55, 1.42, 1.68, 1.65, 1.80, 1.72, 1.83, 1.70, 1.54],
  tjk_38 = [1.73, 1.75, 1.59, 1.64, 1.62, 1.67, 1.64, 1.54, 1.59, 1.70, 1.57, 1.64, 1.65, 1.63, 1.64, 1.72, 1.57, 1.60, 1.62, 1.62],
  tjk_39 = [1.71, 1.73, 1.66, 1.64, 1.70, 1.66, 1.84, 1.66, 1.77, 1.62, 1.65, 1.75, 1.76, 1.46, 1.66, 1.65, 1.71, 1.65, 1.59, 1.72],
  tjk_310 = [1.56, 1.72, 1.85, 1.64, 1.69, 1.86, 1.68, 1.71, 1.64, 1.56, 1.77, 1.70, 1.59, 1.58, 1.70, 1.58, 1.63, 1.66, 1.56, 1.75],
  tjk_41 = [3.15, 2.48, 3.02, 3.92, 2.72, 3.81, 3.57, 2.42, 3.11, 3.52, 3.13, 2.71, 2.98, 2.73, 3.19, 3.17, 3.47, 3.28, 2.75, 2.93],
  tjk_42 = [2.62, 3.37, 3.31, 2.80, 2.72, 2.89, 2.76, 3.24, 2.83, 3.29, 2.84, 3.66, 3.37, 2.75, 3.27, 2.72, 3.22, 3.42, 2.60, 3.73],
  tjk_43 = [2.49, 3.25, 2.58, 3.45, 3.16, 3.63, 2.99, 2.51, 2.12, 3.36, 2.39, 3.50, 2.72, 2.77, 2.46, 3.39, 2.69, 2.72, 3.05, 2.87],
  tjk_44 = [3.07, 2.76, 2.97, 3.51, 2.54, 2.78, 3.18, 3.07, 2.93, 2.68, 3.11, 2.83, 3.02, 3.23, 3.43, 3.54, 2.64, 3.12, 2.56, 2.74],
  tjk_45 = [2.60, 2.97, 2.83, 2.97, 3.02, 3.07, 2.90, 2.81, 3.20, 3.18, 3.56, 3.18, 3.10, 3.49, 2.88, 3.02, 2.80, 2.67, 2.99, 3.17],
  tjk_46 = [2.99, 2.53, 2.60, 2.68, 2.92, 2.69, 3.19, 2.55, 3.13, 3.15, 3.20, 2.96, 3.00, 3.37, 3.56, 3.45, 3.85, 2.87, 3.44, 3.05],
  tjk_47 = [3.22, 3.68, 2.53, 2.77, 2.48, 3.12, 2.61, 3.20, 3.00, 3.78, 3.62, 3.24, 3.37, 2.26, 3.34, 3.34, 3.44, 2.79, 2.87, 3.04],
  tjk_48 = [2.94, 2.50, 2.66, 3.91, 3.42, 2.77, 3.27, 2.63, 3.16, 2.55, 3.14, 2.93, 2.77, 3.38, 3.28, 3.30, 3.19, 2.71, 2.76, 2.83],
  tjk_49 = [2.93, 2.81, 3.06, 2.74, 2.86, 2.73, 3.09, 3.17, 3.19, 2.20, 3.24, 3.12, 3.13, 3.98, 3.30, 2.96, 3.39, 2.50, 3.03, 3.26],
  tjk_410 = [2.22, 3.03, 2.67, 3.73, 3.85, 2.77, 2.61, 2.99, 2.59, 3.03, 2.81, 3.17, 2.98, 3.10, 3.73, 3.08, 2.98, 2.47, 3.12, 3.58],
  tjk_51 = [3.43, 2.55, 3.38, 2.78, 3.50, 3.44, 3.21, 2.47, 3.14, 3.00, 2.72, 3.51, 3.25, 3.71, 3.25, 2.81, 2.81, 3.06, 3.03, 3.17],
  tjk_52 = [2.54, 2.85, 2.65, 2.80, 2.84, 2.92, 3.16, 2.94, 3.77, 3.20, 2.98, 2.86, 2.93, 2.71, 3.32, 2.75, 2.98, 3.28, 3.58, 2.59],
  tjk_53 = [2.90, 3.09, 3.05, 3.37, 3.00, 2.97, 3.43, 3.06, 2.76, 3.13, 2.50, 2.49, 3.07, 3.03, 2.43, 2.56, 2.79, 3.80, 3.30, 3.02],
  tjk_54 = [2.87, 2.91, 2.67, 3.13, 3.27, 2.71, 3.47, 3.39, 3.25, 3.12, 3.54, 3.48, 2.73, 3.39, 2.79, 2.53, 3.03, 3.04, 3.12, 3.05],
  tjk_55 = [2.54, 2.38, 3.51, 3.33, 3.20, 3.21, 2.71, 2.78, 2.77, 3.67, 3.50, 2.70, 3.04, 3.22, 2.59, 3.29, 3.02, 3.06, 2.92, 2.89],
  tjk_56 = [2.92, 3.07, 2.39, 3.29, 3.23, 3.04, 3.05, 2.60, 2.63, 3.54, 2.62, 3.46, 3.33, 2.58, 3.19, 2.96, 2.52, 3.21, 3.47, 3.03],
  tjk_57 = [2.63, 2.32, 2.66, 2.83, 3.20, 3.17, 2.69, 3.31, 3.23, 2.98, 3.03, 3.21, 3.51, 2.29, 3.22, 2.46, 3.43, 3.27, 2.94, 2.96],
  tjk_58 = [3.16, 2.95, 2.31, 2.76, 2.68, 3.32, 2.59, 2.90, 3.11, 3.08, 3.07, 3.19, 3.16, 3.41, 2.66, 2.99, 3.77, 2.80, 3.14, 3.49],
  tjk_59 = [3.75, 2.36, 2.75, 3.08, 2.89, 2.73, 3.44, 3.25, 2.99, 2.69, 3.09, 3.09, 2.50, 3.03, 3.28, 2.68, 3.15, 2.94, 3.67, 2.62],
  tjk_510 = [3.10, 3.21, 2.72, 3.23, 2.72, 3.38, 3.26, 3.11, 3.94, 2.65, 3.11, 3.12, 3.14, 3.60, 3.90, 3.48, 3.06, 2.97, 3.59, 2.90],
  tjk_61 = [1.73, 1.72, 1.71, 1.61, 1.44, 1.60, 1.56, 1.52, 1.53, 1.49, 1.65, 1.58, 1.69, 1.62, 1.85, 1.65, 1.78, 1.59, 1.81, 1.79],
  tjk_62 = [1.75, 1.70, 1.76, 1.63, 1.68, 1.55, 1.66, 1.60, 1.56, 1.59, 1.59, 1.84, 1.60, 1.60, 1.60, 1.70, 1.62, 1.57, 1.73, 1.71],
  tjk_63 = [1.65, 1.74, 1.76, 1.74, 1.68, 1.65, 1.81, 1.69, 1.61, 1.65, 1.56, 1.72, 1.79, 1.57, 1.74, 1.68, 1.74, 1.74, 1.59, 1.71],
  tjk_64 = [1.74, 1.60, 1.83, 1.64, 1.52, 1.71, 1.59, 1.67, 1.59, 1.75, 1.74, 1.67, 1.67, 1.59, 1.59, 1.68, 1.83, 1.72, 1.66, 1.75],
  tjk_65 = [1.87, 1.64, 1.84, 1.62, 1.53, 1.80, 1.70, 1.46, 1.78, 1.66, 1.72, 1.64, 1.68, 1.57, 1.56, 1.67, 1.63, 1.51, 1.61, 1.68],
  tjk_66 = [1.63, 1.62, 1.75, 1.69, 1.63, 1.55, 1.56, 1.60, 1.67, 1.62, 1.61, 1.51, 1.64, 1.60, 1.61, 1.85, 1.56, 1.71, 1.70, 1.61],
  tjk_67 = [1.78, 1.65, 1.40, 1.81, 1.66, 1.66, 1.70, 1.83, 1.68, 1.67, 1.58, 1.67, 1.61, 1.53, 1.55, 1.83, 1.65, 1.61, 1.67, 1.58],
  tjk_68 = [1.59, 1.62, 1.70, 1.61, 1.58, 1.66, 1.56, 1.80, 1.62, 1.49, 1.67, 1.78, 1.69, 1.71, 1.74, 1.71, 1.61, 1.80, 1.66, 1.59],
  tjk_69 = [1.81, 1.70, 1.64, 1.69, 1.71, 1.61, 1.62, 1.63, 1.64, 1.77, 1.70, 1.63, 1.62, 1.79, 1.63, 1.68, 1.61, 1.69, 1.59, 1.74],
  tjk_610 = [1.73, 1.53, 1.65, 1.64, 1.71, 1.62, 1.59, 1.61, 1.69, 1.72, 1.58, 1.65, 1.74, 1.63, 1.58, 1.65, 1.53, 1.64, 1.65, 1.68],
  tjk_71 = [1.78, 1.58, 1.62, 1.63, 1.69, 1.62, 1.76, 1.73, 1.70, 1.67, 1.61, 1.72, 1.77, 1.78, 1.60, 1.68, 1.53, 1.94, 1.61, 1.64],
  tjk_72 = [1.45, 1.73, 1.64, 1.68, 1.69, 1.72, 1.64, 1.68, 1.61, 1.74, 1.74, 1.75, 1.73, 1.82, 1.75, 1.68, 1.68, 1.79, 1.51, 1.71],
  tjk_73 = [1.56, 1.71, 1.71, 1.61, 1.68, 1.69, 1.79, 1.60, 1.58, 1.67, 1.65, 1.64, 1.69, 1.73, 1.59, 1.72, 1.54, 1.79, 1.71, 1.64],
  tjk_74 = [1.64, 1.74, 1.56, 1.67, 1.56, 1.76, 1.71, 1.58, 1.84, 1.57, 1.55, 1.54, 1.49, 1.63, 1.61, 1.66, 1.68, 1.62, 1.62, 1.77],
  tjk_75 = [1.53, 1.64, 1.67, 1.61, 1.73, 1.71, 1.71, 1.61, 1.62, 1.71, 1.83, 1.75, 1.71, 1.71, 1.69, 1.63, 1.59, 1.65, 1.66, 1.69],
  tjk_76 = [1.71, 1.62, 1.74, 1.61, 1.61, 1.76, 1.64, 1.63, 1.61, 1.63, 1.77, 1.74, 1.72, 1.65, 1.54, 1.52, 1.62, 1.62, 1.71, 1.65],
  tjk_77 = [1.65, 1.75, 1.70, 1.76, 1.64, 1.63, 1.59, 1.62, 1.76, 1.55, 1.79, 1.65, 1.51, 1.71, 1.67, 1.71, 1.74, 1.65, 1.75, 1.69],
  tjk_78 = [1.65, 1.54, 1.68, 1.52, 1.64, 1.52, 1.61, 1.68, 1.68, 1.78, 1.65, 1.71, 1.72, 1.77, 1.70, 1.64, 1.65, 1.72, 1.60, 1.53],
  tjk_79 = [1.74, 1.50, 1.62, 1.56, 1.64, 1.77, 1.62, 1.66, 1.59, 1.57, 1.65, 1.58, 1.59, 1.50, 1.68, 1.81, 1.65, 1.60, 1.66, 1.60],
  tjk_710 = [1.68, 1.67, 1.59, 1.58, 1.64, 1.80, 1.65, 1.60, 1.67, 1.70, 1.60, 1.66, 1.56, 1.59, 1.53, 1.56, 1.77, 1.69, 1.53, 1.71],
  tjk_81 = [3.10, 2.88, 3.16, 3.03, 2.79, 4.41, 2.83, 3.02, 2.87, 2.63, 3.24, 2.99, 3.32, 2.69, 3.06, 3.35, 2.84, 3.03, 2.48, 3.33],
  tjk_82 = [3.33, 2.55, 2.67, 3.23, 3.14, 3.47, 3.25, 3.02, 3.10, 2.84, 2.98, 2.68, 3.02, 2.48, 2.98, 2.62, 3.13, 3.59, 2.72, 2.88],
  tjk_83 = [3.14, 2.69, 2.98, 2.96, 2.55, 3.19, 3.29, 3.08, 2.71, 2.60, 3.19, 2.86, 3.23, 3.44, 2.58, 3.08, 3.24, 4.02, 2.95, 2.98],
  tjk_84 = [2.87, 2.92, 3.24, 2.80, 2.43, 2.89, 4.22, 2.58, 3.03, 3.10, 2.73, 2.91, 3.42, 3.10, 3.10, 2.98, 3.62, 3.22, 2.87, 2.94],
  tjk_85 = [2.79, 2.82, 2.78, 3.82, 2.89, 2.78, 3.16, 2.99, 3.04, 2.79, 2.99, 3.88, 3.82, 3.86, 2.72, 3.10, 3.18, 2.88, 3.09, 2.85],
  tjk_86 = [2.88, 2.71, 3.01, 2.68, 2.95, 3.35, 2.95, 2.80, 2.61, 2.55, 3.35, 3.15, 2.75, 2.99, 3.52, 3.17, 2.84, 3.00, 2.90, 3.02],
  tjk_87 = [2.88, 3.60, 2.70, 2.93, 2.81, 3.57, 3.46, 3.19, 2.49, 3.06, 3.62, 2.66, 2.55, 2.95, 2.75, 2.83, 3.03, 3.14, 3.12, 2.67],
  tjk_88 = [3.30, 3.50, 2.68, 2.72, 2.64, 2.60, 2.54, 3.14, 3.00, 2.94, 3.09, 2.86, 2.72, 2.88, 3.30, 3.26, 3.01, 2.70, 3.32, 2.74],
  tjk_89 = [3.32, 3.36, 3.04, 2.79, 3.22, 2.89, 2.56, 3.31, 2.76, 3.06, 2.48, 3.24, 2.90, 3.12, 2.45, 3.51, 3.69, 3.06, 2.93, 2.50],
  tjk_810 = [3.22, 3.15, 3.14, 2.72, 2.85, 3.21, 3.11, 3.03, 2.61, 3.13, 2.72, 3.02, 3.08, 3.34, 2.79, 3.19, 2.68, 3.04, 2.95, 3.10],
  tjk_91 = [1.56, 1.55, 1.65, 1.81, 1.68, 1.64, 1.64, 1.62, 1.72, 1.62, 1.55, 1.69, 1.54, 1.64, 1.84, 1.60, 1.62, 1.69, 1.63, 1.59],
  tjk_92 = [1.64, 1.58, 1.68, 1.70, 1.62, 1.79, 1.62, 1.72, 1.69, 1.62, 1.57, 1.75, 1.62, 1.60, 1.66, 1.61, 1.69, 1.51, 1.71, 1.60],
  tjk_93 = [1.52, 1.49, 1.56, 1.61, 1.64, 1.56, 1.59, 1.64, 1.77, 1.52, 1.74, 1.67, 1.68, 1.76, 1.65, 1.69, 1.66, 1.64, 1.64, 1.55],
  tjk_94 = [1.58, 1.58, 1.61, 1.64, 1.66, 1.74, 1.68, 1.70, 1.62, 1.63, 1.62, 1.70, 1.74, 1.87, 1.69, 1.62, 1.59, 1.70, 1.59, 1.67],
  tjk_95 = [1.64, 1.62, 1.59, 1.68, 1.70, 1.68, 1.76, 1.56, 1.68, 1.54, 1.64, 1.59, 1.58, 1.59, 1.62, 1.65, 1.94, 1.84, 1.71, 1.64],
  tjk_96 = [1.74, 1.56, 1.64, 1.73, 1.61, 1.53, 1.63, 1.60, 1.63, 1.59, 1.80, 1.63, 1.56, 1.72, 1.50, 1.77, 1.64, 1.68, 1.62, 1.80],
  tjk_97 = [1.66, 1.64, 1.52, 1.70, 1.60, 1.69, 1.71, 1.75, 1.59, 1.62, 1.65, 1.66, 1.77, 1.68, 1.52, 1.73, 1.70, 1.62, 1.65, 1.61],
  tjk_98 = [1.65, 1.62, 1.75, 1.51, 1.62, 1.60, 1.51, 1.60, 1.65, 1.57, 1.57, 1.63, 1.65, 1.52, 1.62, 1.65, 1.61, 1.64, 1.61, 1.82],
  tjk_99 = [1.52, 1.60, 1.70, 1.68, 1.63, 1.63, 1.46, 1.59, 1.71, 1.63, 1.70, 1.68, 1.67, 1.67, 1.71, 1.68, 1.86, 1.50, 1.69, 1.67],
  tjk_910 = [1.81, 1.75, 1.78, 1.60, 1.59, 1.67, 1.80, 1.70, 1.71, 1.63, 1.57, 1.69, 1.84, 1.59, 1.75, 1.76, 1.55, 1.60, 1.65, 1.65],
  tjk_101 = [1.58, 1.60, 1.66, 1.90, 1.65, 1.59, 1.58, 1.66, 1.60, 1.66, 1.74, 1.71, 1.58, 1.67, 1.72, 1.71, 1.67, 1.73, 1.64, 1.72],
  tjk_102 = [1.69, 1.67, 1.70, 1.72, 1.78, 1.59, 1.71, 1.60, 1.63, 1.82, 1.56, 1.60, 1.55, 1.67, 1.70, 1.78, 1.53, 1.63, 1.59, 1.76],
  tjk_103 = [1.55, 1.64, 1.72, 1.69, 1.75, 1.60, 1.50, 1.66, 1.62, 1.73, 1.66, 1.95, 1.73, 1.83, 1.58, 1.71, 1.51, 1.69, 1.76, 1.64],
  tjk_104 = [1.66, 1.53, 1.66, 1.73, 1.55, 1.78, 1.53, 1.78, 1.65, 1.49, 1.66, 1.67, 1.68, 1.80, 1.80, 1.69, 1.59, 1.54, 1.60, 1.70],
  tjk_105 = [1.75, 1.66, 1.76, 1.60, 1.65, 1.57, 1.64, 1.58, 1.71, 1.57, 1.64, 1.72, 1.77, 1.74, 1.62, 1.58, 1.71, 1.60, 1.64, 1.70],
  tjk_106 = [1.54, 1.93, 1.68, 1.59, 1.83, 1.71, 1.67, 1.56, 1.67, 1.64, 1.56, 1.71, 1.75, 1.62, 1.76, 1.72, 1.70, 1.66, 1.74, 1.64],
  tjk_107 = [1.62, 1.70, 1.67, 1.66, 1.61, 1.58, 1.70, 1.59, 1.81, 1.76, 1.70, 1.57, 1.63, 1.64, 1.62, 1.70, 1.59, 1.61, 1.63, 1.71],
  tjk_108 = [1.57, 1.53, 1.67, 1.72, 1.66, 1.71, 1.71, 1.63, 1.64, 1.63, 1.61, 1.62, 1.71, 1.65, 1.70, 1.53, 1.76, 1.70, 1.67, 1.60],
  tjk_109 = [1.46, 1.55, 1.60, 1.66, 1.63, 1.64, 1.68, 1.88, 1.50, 1.64, 1.69, 1.63, 1.72, 1.60, 1.56, 1.59, 1.69, 1.75, 1.67, 1.54],
  tjk_1010 = [1.63, 1.62, 1.71, 1.77, 1.63, 1.86, 1.66, 1.79, 1.67, 1.66, 1.78, 1.74, 1.68, 1.72, 1.65, 1.52, 1.80, 1.73, 1.74, 1.72],
  tjk_111 = [3.04, 2.91, 3.10, 2.75, 3.12, 2.89, 3.40, 3.06, 2.69, 3.03, 2.84, 3.34, 2.64, 2.73, 3.13, 3.21, 3.61, 2.82, 3.15, 2.75],
  tjk_112 = [3.24, 3.14, 2.71, 3.54, 2.90, 2.78, 2.52, 2.94, 2.97, 2.74, 2.93, 2.92, 3.61, 2.93, 3.30, 3.25, 3.24, 3.06, 3.26, 3.75],
  tjk_113 = [3.03, 2.63, 2.70, 2.79, 3.53, 3.32, 2.63, 3.39, 2.89, 3.22, 2.43, 3.42, 2.68, 2.62, 2.90, 2.80, 2.64, 2.92, 2.90, 2.88],
  tjk_114 = [3.10, 2.62, 3.23, 2.43, 2.97, 3.38, 2.76, 3.32, 3.04, 2.99, 3.28, 3.13, 3.19, 2.63, 3.04, 2.94, 3.41, 2.98, 2.77, 2.56],
  tjk_115 = [3.45, 2.83, 3.50, 3.15, 2.92, 2.38, 3.15, 4.21, 3.28, 3.97, 3.11, 2.52, 2.93, 3.51, 2.77, 2.99, 2.52, 2.65, 3.01, 3.89],
  tjk_116 = [2.55, 4.09, 2.62, 2.53, 2.88, 2.63, 3.18, 2.63, 3.11, 2.98, 3.17, 2.95, 2.62, 2.78, 3.19, 2.83, 3.00, 2.56, 3.22, 3.08],
  tjk_117 = [3.35, 2.93, 2.25, 2.53, 2.77, 3.31, 3.60, 3.20, 2.86, 2.57, 3.00, 2.72, 2.71, 2.78, 3.03, 2.90, 2.42, 3.10, 3.33, 2.98],
  tjk_118 = [2.90, 3.07, 3.38, 2.64, 3.45, 2.73, 3.14, 2.21, 2.87, 3.26, 3.38, 2.99, 2.68, 3.29, 2.95, 2.60, 2.61, 2.99, 2.46, 3.39],
  tjk_119 = [2.98, 2.99, 2.94, 2.82, 2.87, 2.57, 3.01, 2.67, 2.95, 2.59, 2.81, 3.27, 2.95, 3.40, 3.01, 3.36, 3.12, 2.89, 2.98, 3.82],
  tjk_1110 = [2.44, 3.40, 2.73, 2.86, 3.03, 2.84, 3.96, 2.84, 2.75, 2.94, 3.25, 2.99, 3.43, 2.47, 3.40, 2.54, 2.84, 2.87, 3.16, 3.26],
  tjk_121 = [1.69, 1.57, 1.86, 1.68, 1.68, 1.71, 1.63, 1.70, 1.61, 1.79, 1.59, 1.60, 1.84, 1.64, 1.65, 1.72, 1.54, 1.57, 1.73, 1.67],
  tjk_122 = [1.70, 1.67, 1.79, 1.85, 1.64, 1.63, 1.66, 1.71, 1.60, 1.46, 1.76, 1.61, 1.77, 1.64, 1.66, 1.62, 1.74, 1.89, 1.74, 1.76],
  tjk_123 = [1.78, 1.69, 1.62, 1.60, 1.74, 1.58, 1.68, 1.68, 1.62, 1.71, 1.65, 1.78, 1.69, 1.56, 1.78, 1.50, 1.68, 1.58, 1.79, 1.68],
  tjk_124 = [1.62, 1.58, 1.58, 1.68, 1.79, 1.62, 1.56, 1.59, 1.62, 1.80, 1.67, 1.77, 1.67, 1.52, 1.65, 1.74, 1.49, 1.72, 1.70, 1.62],
  tjk_125 = [1.69, 1.60, 1.65, 1.59, 1.67, 1.74, 1.59, 1.65, 1.77, 1.74, 1.68, 1.70, 1.65, 1.63, 1.68, 1.66, 1.69, 1.71, 1.61, 1.69],
  tjk_126 = [1.61, 1.64, 1.55, 1.55, 1.85, 1.65, 1.84, 1.61, 1.69, 1.69, 1.93, 1.69, 1.90, 1.49, 1.76, 1.52, 1.61, 1.59, 1.80, 1.78],
  tjk_127 = [1.69, 1.81, 1.64, 1.55, 1.65, 1.66, 1.63, 1.63, 1.57, 1.53, 1.70, 1.67, 1.60, 1.73, 1.66, 1.69, 1.58, 1.63, 1.57, 1.78],
  tjk_128 = [1.63, 1.64, 1.64, 1.63, 1.47, 1.59, 1.60, 1.72, 1.78, 1.44, 1.73, 1.68, 1.53, 1.60, 1.77, 1.56, 1.77, 1.81, 1.59, 1.63],
  tjk_129 = [1.63, 1.69, 1.80, 1.71, 1.60, 1.70, 1.65, 1.68, 1.67, 1.83, 1.72, 1.67, 1.62, 1.66, 1.76, 1.68, 1.78, 1.59, 1.65, 1.74],
  tjk_1210 = [1.71, 1.70, 1.68, 1.65, 1.64, 1.66, 1.54, 1.62, 1.59, 1.71, 1.62, 1.62, 1.83, 1.60, 1.61, 1.62, 1.65, 1.71, 1.66, 1.72],
  tjk_131 = [3.06, 2.89, 3.32, 3.09, 2.90, 2.92, 2.76, 3.17, 3.18, 2.83, 3.07, 3.40, 2.83, 3.00, 3.39, 2.92, 3.09, 3.07, 3.48, 3.06],
  tjk_132 = [2.91, 3.30, 2.52, 2.68, 3.63, 3.04, 2.97, 2.91, 2.65, 3.32, 2.57, 2.75, 2.51, 3.36, 2.83, 2.67, 2.88, 2.58, 3.54, 2.82],
  tjk_133 = [3.02, 2.67, 3.15, 3.01, 3.63, 2.90, 2.73, 2.84, 3.09, 3.13, 2.74, 2.99, 2.72, 3.55, 2.56, 3.03, 2.88, 3.17, 3.57, 2.56],
  tjk_134 = [2.87, 2.94, 2.86, 2.57, 3.43, 2.92, 3.15, 2.60, 2.84, 3.00, 2.78, 2.79, 2.81, 3.10, 3.18, 2.68, 2.62, 2.81, 2.98, 2.56],
  tjk_135 = [2.65, 3.79, 2.74, 2.93, 3.63, 3.24, 3.01, 3.02, 3.20, 2.65, 3.00, 2.75, 2.48, 3.34, 3.11, 3.38, 2.98, 2.96, 2.77, 2.85],
  tjk_136 = [3.37, 3.20, 2.53, 2.99, 3.08, 3.28, 2.64, 3.25, 2.83, 2.89, 2.79, 3.18, 3.30, 2.87, 2.81, 2.91, 3.71, 3.00, 3.27, 3.23],
  tjk_137 = [3.36, 2.86, 2.80, 3.52, 3.03, 3.23, 2.66, 3.23, 2.95, 3.15, 3.56, 2.47, 3.13, 2.56, 2.52, 2.70, 2.89, 3.05, 3.13, 3.42],
  tjk_138 = [2.92, 3.14, 2.95, 2.54, 2.77, 3.24, 2.94, 2.84, 3.20, 2.47, 3.11, 2.78, 3.47, 3.27, 2.96, 3.33, 2.63, 2.89, 2.73, 3.10],
  tjk_139 = [2.48, 3.07, 3.42, 3.10, 3.48, 2.77, 2.66, 2.60, 3.13, 2.98, 3.35, 2.98, 2.85, 2.87, 2.83, 3.39, 2.93, 2.94, 2.63, 2.81],
  tjk_1310 = [3.87, 2.89, 3.03, 3.24, 3.13, 2.90, 2.97, 2.47, 3.53, 2.77, 3.01, 3.41, 2.91, 2.54, 2.98, 2.78, 2.75, 2.80, 2.93, 3.27],
  tjk_141 = [2.71, 2.92, 3.07, 2.31, 3.04, 2.65, 3.21, 3.02, 3.28, 2.74, 3.52, 2.88, 3.37, 2.78, 3.12, 2.86, 3.20, 2.50, 3.27, 2.82],
  tjk_142 = [2.84, 2.89, 3.52, 2.33, 3.43, 2.86, 3.23, 3.28, 2.82, 3.24, 2.80, 3.04, 3.20, 3.26, 3.11, 3.42, 3.41, 3.03, 3.01, 3.33],
  tjk_143 = [2.68, 2.84, 3.37, 3.06, 3.29, 3.03, 2.41, 3.07, 3.46, 3.39, 2.57, 3.05, 2.96, 3.06, 2.67, 2.67, 2.80, 3.25, 2.85, 3.39],
  tjk_144 = [3.30, 3.15, 2.73, 2.89, 2.90, 3.07, 3.46, 3.06, 3.20, 2.95, 2.70, 3.38, 2.82, 2.98, 3.05, 2.83, 3.19, 2.59, 3.22, 2.77],
  tjk_145 = [2.82, 3.38, 2.92, 2.60, 2.52, 2.77, 3.09, 2.98, 2.99, 3.22, 2.85, 3.15, 2.60, 2.90, 2.60, 3.07, 3.84, 2.74, 2.96, 3.03],
  tjk_146 = [3.40, 2.83, 3.61, 3.06, 2.72, 2.43, 2.77, 3.55, 2.79, 2.95, 2.57, 3.38, 2.69, 2.61, 3.13, 3.21, 3.09, 3.36, 2.47, 3.48],
  tjk_147 = [3.12, 3.01, 3.03, 2.74, 2.89, 2.94, 2.26, 3.05, 3.07, 3.40, 3.60, 3.45, 2.56, 2.93, 2.80, 3.09, 2.86, 2.70, 3.34, 3.20],
  tjk_148 = [2.99, 2.97, 3.41, 2.95, 3.03, 2.92, 3.21, 3.15, 2.84, 2.53, 3.92, 2.62, 3.16, 3.07, 3.47, 3.53, 2.95, 2.99, 3.09, 3.81],
  tjk_149 = [2.79, 2.65, 2.82, 3.08, 2.89, 3.19, 3.19, 3.46, 3.27, 2.73, 3.23, 2.89, 3.46, 2.88, 3.65, 2.73, 2.69, 3.15, 2.82, 2.90],
  tjk_1410 = [3.13, 2.96, 3.03, 2.85, 2.57, 2.99, 2.84, 2.97, 2.58, 3.15, 3.17, 3.09, 2.53, 3.02, 3.31, 3.02, 3.34, 3.57, 3.03, 2.72],
  tjk_151 = [1.70, 1.43, 1.73, 1.66, 1.66, 1.60, 1.61, 1.78, 1.74, 1.64, 1.59, 1.59, 1.60, 1.61, 1.72, 1.60, 1.72, 1.65, 1.75, 1.58],
  tjk_152 = [1.72, 1.88, 1.80, 1.71, 1.61, 1.60, 1.67, 1.64, 1.66, 1.72, 1.88, 1.75, 1.45, 1.65, 1.57, 1.85, 1.66, 1.67, 1.63, 1.74],
  tjk_153 = [1.75, 1.58, 1.61, 1.73, 1.74, 1.63, 1.68, 1.69, 1.65, 1.60, 1.57, 1.74, 1.68, 1.69, 1.57, 1.66, 1.69, 1.73, 1.69, 1.87],
  tjk_154 = [1.54, 1.65, 1.59, 1.86, 1.63, 1.48, 1.72, 1.65, 1.74, 1.50, 1.62, 1.72, 1.62, 1.65, 1.71, 1.60, 1.74, 1.61, 1.73, 1.54],
  tjk_155 = [1.66, 1.65, 1.67, 1.82, 1.68, 1.63, 1.71, 1.68, 1.64, 1.49, 1.67, 1.60, 1.65, 1.64, 1.80, 1.58, 1.87, 1.57, 1.69, 1.78],
  tjk_156 = [1.69, 1.91, 1.60, 1.75, 1.59, 1.69, 1.77, 1.64, 1.67, 1.55, 1.77, 1.60, 1.65, 1.80, 1.66, 1.65, 1.75, 1.71, 1.81, 1.66],
  tjk_157 = [1.60, 1.77, 1.63, 1.58, 1.85, 1.80, 1.59, 1.74, 1.83, 1.66, 1.69, 1.71, 1.49, 1.74, 1.58, 1.62, 1.58, 1.71, 1.61, 1.62],
  tjk_158 = [1.53, 1.66, 1.66, 1.77, 1.64, 1.75, 1.81, 1.80, 1.76, 1.60, 1.64, 1.61, 1.65, 1.64, 1.69, 1.71, 1.75, 1.64, 1.59, 1.64],
  tjk_159 = [1.60, 1.75, 1.76, 1.67, 1.83, 1.60, 1.59, 1.86, 1.62, 1.51, 1.62, 2.02, 1.65, 1.66, 1.77, 1.65, 1.73, 1.72, 1.60, 1.66],
  tjk_1510 = [1.64, 1.65, 1.74, 1.76, 1.72, 1.60, 1.82, 1.66, 1.69, 1.75, 1.65, 1.65, 1.67, 1.70, 1.77, 1.68, 1.59, 1.54, 1.70, 1.68],
  tjk_161 = [2.75, 2.91, 3.27, 2.59, 2.97, 3.31, 2.68, 3.52, 2.59, 3.03, 3.18, 3.38, 3.08, 3.07, 2.47, 3.07, 2.45, 2.57, 2.62, 3.06],
  tjk_162 = [3.30, 3.35, 4.12, 2.97, 3.57, 2.96, 2.96, 2.96, 2.99, 3.13, 3.25, 3.55, 3.03, 2.46, 2.66, 3.59, 2.80, 2.88, 3.01, 2.74],
  tjk_163 = [3.46, 3.26, 3.51, 2.71, 3.47, 2.92, 3.51, 2.89, 3.38, 3.32, 3.72, 2.68, 2.74, 3.19, 3.73, 3.37, 2.94, 3.79, 2.68, 2.79],
  tjk_164 = [3.37, 2.82, 2.77, 3.46, 3.10, 3.62, 2.63, 3.53, 2.91, 2.93, 3.01, 3.29, 3.41, 2.69, 3.03, 3.34, 2.86, 2.68, 2.99, 2.91],
  tjk_165 = [2.75, 2.80, 2.38, 3.34, 3.09, 2.73, 3.34, 2.58, 3.11, 3.41, 2.69, 3.14, 3.01, 2.91, 3.21, 3.08, 3.09, 3.03, 2.74, 3.00],
  tjk_166 = [2.30, 3.92, 2.80, 3.20, 3.23, 2.63, 3.06, 2.85, 3.39, 3.38, 3.09, 2.75, 2.45, 3.21, 2.80, 2.56, 2.68, 4.06, 3.49, 3.22],
  tjk_167 = [3.12, 3.28, 2.99, 2.67, 2.38, 4.05, 2.95, 2.84, 3.34, 2.92, 3.00, 2.89, 3.52, 2.89, 3.36, 2.89, 2.63, 2.69, 3.53, 2.67],
  tjk_168 = [2.81, 2.89, 3.03, 2.72, 3.33, 2.74, 3.23, 3.56, 3.08, 2.85, 3.46, 2.83, 2.51, 3.02, 3.49, 3.11, 3.01, 2.77, 2.64, 2.82],
  tjk_169 = [3.16, 3.23, 2.76, 2.74, 3.39, 3.00, 2.55, 2.92, 2.36, 2.66, 2.96, 2.70, 3.30, 3.12, 2.95, 2.91, 3.81, 2.89, 3.31, 3.35],
  tjk_1610 = [3.34, 2.67, 2.68, 2.44, 3.52, 2.74, 2.74, 3.13, 2.51, 2.59, 3.34, 3.27, 3.21, 3.73, 3.27, 3.06, 3.52, 3.23, 2.89, 2.27],
  tjk_171 = [1.64, 1.58, 1.52, 1.54, 1.67, 1.61, 1.69, 1.64, 1.73, 1.58, 1.75, 1.59, 1.73, 1.64, 1.67, 1.94, 1.57, 1.71, 1.77, 1.70],
  tjk_172 = [1.73, 1.68, 1.67, 1.63, 1.63, 1.84, 1.68, 1.75, 1.71, 1.60, 1.65, 1.72, 1.57, 1.61, 1.65, 1.79, 1.61, 1.70, 1.53, 1.72],
  tjk_173 = [1.68, 1.59, 1.67, 1.66, 1.83, 1.64, 1.69, 1.73, 1.71, 1.64, 1.61, 1.68, 1.84, 1.59, 1.73, 1.74, 1.71, 1.66, 1.62, 1.73],
  tjk_174 = [1.68, 1.55, 1.57, 1.86, 1.71, 1.68, 1.55, 1.86, 1.66, 1.68, 1.76, 1.64, 1.88, 1.62, 1.64, 1.66, 1.49, 1.79, 1.66, 1.68],
  tjk_175 = [1.62, 1.71, 1.62, 1.74, 1.66, 1.89, 1.76, 1.68, 1.76, 1.81, 1.60, 1.61, 1.79, 1.67, 1.62, 1.78, 1.64, 1.66, 1.67, 1.86],
  tjk_176 = [1.54, 1.81, 1.80, 1.63, 1.72, 1.62, 1.73, 1.62, 1.61, 1.63, 1.70, 1.80, 1.66, 1.54, 1.61, 1.82, 1.62, 1.51, 1.55, 1.73],
  tjk_177 = [1.70, 1.69, 1.71, 1.62, 1.59, 1.77, 1.70, 1.51, 1.58, 1.71, 1.90, 1.50, 1.60, 1.50, 1.64, 1.54, 1.67, 1.73, 1.66, 1.58],
  tjk_178 = [1.82, 1.55, 1.68, 1.64, 1.62, 1.68, 1.65, 1.73, 1.81, 1.70, 1.68, 1.73, 1.59, 1.83, 1.57, 1.65, 1.59, 1.71, 1.68, 1.65],
  tjk_179 = [1.53, 1.59, 1.76, 1.74, 1.66, 1.82, 1.68, 1.86, 1.61, 1.71, 1.67, 1.58, 1.65, 1.59, 1.66, 1.73, 1.68, 1.65, 1.43, 1.68],
  tjk_1710 = [1.64, 1.65, 1.65, 1.62, 1.72, 1.77, 1.65, 1.74, 1.70, 1.68, 1.67, 1.77, 1.69, 1.76, 1.79, 1.65, 1.74, 1.45, 1.70, 1.76],
  tjk_181 = [3.83, 2.94, 3.11, 2.87, 2.86, 2.69, 3.04, 2.67, 2.78, 2.83, 2.81, 3.10, 3.14, 3.25, 3.05, 2.75, 2.93, 3.33, 2.78, 2.55],
  tjk_182 = [2.86, 3.05, 3.23, 2.97, 2.62, 3.20, 3.41, 2.70, 3.13, 2.84, 3.04, 3.06, 3.12, 3.36, 2.66, 2.74, 3.34, 3.00, 3.56, 3.00],
  tjk_183 = [3.21, 2.91, 2.71, 2.80, 2.75, 3.16, 3.22, 2.74, 2.99, 3.28, 3.04, 2.94, 3.46, 3.23, 2.96, 2.98, 3.23, 2.88, 3.16, 2.82],
  tjk_184 = [3.03, 3.09, 2.95, 2.88, 3.04, 3.25, 3.32, 2.96, 3.72, 3.08, 3.32, 3.06, 3.59, 3.23, 2.75, 3.16, 3.12, 2.72, 3.22, 2.81],
  tjk_185 = [2.82, 2.84, 3.67, 3.40, 3.45, 3.17, 2.94, 3.27, 3.43, 3.17, 3.17, 2.44, 2.56, 3.09, 2.84, 3.02, 3.41, 3.36, 2.92, 3.56],
  tjk_186 = [3.08, 2.48, 3.21, 3.14, 3.51, 2.42, 3.32, 2.69, 2.84, 3.01, 3.97, 3.04, 3.29, 3.67, 2.80, 2.75, 2.71, 2.78, 3.03, 2.57],
  tjk_187 = [3.11, 2.51, 3.17, 2.97, 2.72, 2.66, 2.75, 2.88, 2.79, 2.81, 3.37, 2.86, 2.96, 2.98, 3.25, 3.31, 3.30, 3.13, 2.70, 2.86],
  tjk_188 = [2.79, 2.89, 2.95, 2.79, 3.30, 2.78, 3.23, 2.88, 3.11, 2.63, 2.75, 3.28, 3.03, 3.01, 3.23, 3.03, 2.82, 3.12, 2.80, 3.17],
  tjk_189 = [3.00, 3.09, 3.20, 3.34, 2.84, 2.56, 3.09, 2.97, 3.18, 2.39, 2.94, 3.15, 2.70, 2.85, 2.80, 2.93, 3.80, 2.98, 3.02, 3.05],
  tjk_1810 = [2.60, 2.96, 2.79, 3.15, 2.79, 3.31, 3.71, 2.83, 3.42, 3.01, 2.88, 2.93, 2.68, 2.96, 3.14, 3.01, 2.70, 2.99, 2.67, 3.49],
  tjk_191 = [1.72, 1.76, 1.66, 1.80, 1.74, 1.73, 1.84, 1.58, 1.73, 1.71, 1.74, 1.54, 1.60, 1.71, 1.59, 1.71, 1.55, 1.61, 1.52, 1.56],
  tjk_192 = [1.67, 1.67, 1.55, 1.61, 1.69, 1.54, 1.71, 1.67, 1.79, 1.90, 1.58, 1.76, 1.51, 1.63, 1.63, 1.69, 1.59, 1.53, 1.67, 1.74],
  tjk_193 = [1.68, 1.77, 1.59, 1.51, 1.74, 1.67, 1.61, 1.63, 1.67, 1.76, 1.75, 1.75, 1.82, 1.67, 1.74, 1.63, 1.79, 1.74, 1.66, 1.74],
  tjk_194 = [1.68, 1.59, 1.65, 1.67, 1.74, 1.61, 1.83, 1.69, 1.68, 1.72, 1.50, 1.69, 1.67, 1.77, 1.76, 1.74, 1.76, 1.57, 1.83, 1.57],
  tjk_195 = [1.56, 1.70, 1.61, 1.72, 1.75, 1.67, 1.68, 1.70, 1.69, 1.71, 1.71, 1.60, 1.73, 1.63, 1.59, 1.67, 1.67, 1.53, 1.55, 1.54],
  tjk_196 = [1.56, 1.67, 1.72, 1.59, 1.56, 1.73, 1.76, 1.76, 1.55, 1.57, 1.56, 1.72, 1.61, 1.62, 1.64, 1.53, 1.74, 1.61, 1.79, 1.57],
  tjk_197 = [1.88, 1.57, 1.65, 1.66, 1.78, 1.66, 1.67, 1.69, 1.63, 1.70, 1.63, 1.62, 1.59, 1.61, 1.62, 1.61, 1.54, 1.77, 1.68, 1.49],
  tjk_198 = [1.58, 1.63, 1.61, 1.72, 1.74, 1.55, 1.75, 1.63, 1.54, 1.66, 1.79, 1.54, 1.64, 1.71, 1.76, 1.71, 1.67, 1.69, 1.62, 1.62],
  tjk_199 = [1.68, 1.48, 1.73, 1.70, 1.58, 1.71, 1.67, 1.67, 1.60, 1.63, 1.73, 1.66, 1.51, 1.62, 1.80, 1.58, 1.54, 1.61, 1.75, 1.62],
  tjk_1910 = [1.72, 1.54, 1.67, 1.68, 1.70, 1.76, 1.68, 1.75, 1.58, 1.69, 1.64, 1.59, 1.58, 1.71, 1.60, 1.66, 1.56, 1.75, 1.92, 1.71],
  tjk_201 = [1.66, 1.54, 1.73, 1.66, 1.69, 1.75, 1.51, 1.56, 1.72, 1.67, 1.49, 1.69, 1.65, 1.67, 1.57, 1.58, 1.59, 1.63, 1.48, 1.61],
  tjk_202 = [1.66, 1.65, 1.85, 1.62, 1.67, 1.64, 1.59, 1.60, 1.68, 1.73, 1.56, 1.71, 1.61, 1.73, 1.74, 1.65, 1.74, 1.72, 1.57, 1.73],
  tjk_203 = [1.63, 1.63, 1.72, 1.79, 1.62, 1.79, 1.67, 1.62, 1.55, 1.78, 1.68, 1.68, 1.76, 1.63, 1.59, 1.66, 1.72, 1.61, 1.73, 1.56],
  tjk_204 = [1.64, 1.66, 1.59, 1.76, 1.66, 1.68, 1.69, 1.92, 1.78, 1.59, 1.65, 1.68, 1.79, 1.51, 1.71, 1.73, 1.80, 1.78, 1.55, 1.72],
  tjk_205 = [1.73, 1.72, 1.76, 1.54, 1.66, 1.60, 1.65, 1.72, 1.73, 1.76, 1.71, 1.68, 1.58, 1.68, 1.44, 1.74, 1.61, 1.61, 1.76, 1.65],
  tjk_206 = [1.81, 1.66, 1.71, 1.70, 1.63, 1.67, 1.64, 1.60, 1.64, 1.60, 1.62, 1.67, 1.72, 1.74, 1.62, 1.60, 1.82, 1.74, 1.66, 1.72],
  tjk_207 = [1.68, 1.72, 1.72, 1.62, 1.86, 1.62, 1.73, 1.61, 1.76, 1.65, 1.72, 1.60, 1.59, 1.65, 1.72, 1.71, 1.78, 1.67, 1.56, 1.80],
  tjk_208 = [1.49, 1.60, 1.59, 1.71, 1.74, 1.69, 1.54, 1.68, 1.63, 1.71, 1.72, 1.69, 1.75, 1.69, 1.72, 1.57, 1.63, 1.66, 1.66, 1.83],
  tjk_209 = [1.66, 1.69, 1.68, 1.68, 1.63, 1.54, 1.58, 1.68, 1.62, 1.62, 1.56, 1.67, 1.62, 1.77, 1.64, 1.65, 1.67, 1.76, 1.70, 1.85],
  tjk_2010 = [1.64, 1.40, 1.77, 1.70, 1.63, 1.59, 1.58, 1.69, 1.69, 1.62, 1.70, 1.68, 1.68, 1.46, 1.66, 1.70, 1.65, 1.81, 1.87, 1.71],
]

Service Times (¦Î_{jk}^s) = [
  xi_11 = [10.00, 1.00, 10.00, 2.97, 10.00, 8.07, 10.00, 10.00, 10.00, 4.45, 9.57, 10.00, 2.85, 10.00, 10.00, 10.00, 10.00, 1.00, 10.00, 10.00],
  xi_12 = [1.00, 1.00, 1.00, 1.00, 3.34, 4.85, 8.17, 1.00, 1.00, 10.00, 10.00, 9.62, 10.00, 10.00, 10.00, 10.00, 1.04, 1.00, 1.00, 10.00],
  xi_13 = [1.00, 9.51, 10.00, 10.00, 10.00, 10.00, 7.08, 1.00, 10.00, 7.13, 1.00, 1.00, 1.00, 1.00, 1.00, 10.00, 10.00, 9.65, 10.00, 10.00],
  xi_14 = [10.00, 10.00, 10.00, 10.00, 3.46, 3.20, 1.00, 10.00, 10.00, 2.24, 1.00, 10.00, 1.00, 1.00, 10.00, 1.00, 1.00, 10.00, 10.00, 1.00],
  xi_15 = [10.00, 1.00, 10.00, 10.00, 1.00, 1.00, 1.37, 10.00, 1.00, 1.00, 10.00, 10.00, 10.00, 1.00, 10.00, 1.00, 10.00, 8.23, 1.70, 10.00],
  xi_16 = [10.00, 6.01, 1.00, 10.00, 10.00, 1.76, 10.00, 1.00, 10.00, 3.06, 1.00, 10.00, 10.00, 6.36, 7.63, 4.72, 1.52, 10.00, 5.39, 10.00],
  xi_17 = [2.03, 10.00, 10.00, 3.20, 10.00, 2.69, 10.00, 1.00, 1.00, 1.00, 1.00, 10.00, 10.00, 1.00, 10.00, 10.00, 1.95, 2.14, 1.00, 6.91],
  xi_18 = [1.62, 1.26, 1.00, 10.00, 10.00, 10.00, 10.00, 10.00, 1.00, 1.78, 3.05, 10.00, 10.00, 1.00, 10.00, 1.00, 1.00, 10.00, 10.00, 10.00],
  xi_19 = [10.00, 10.00, 10.00, 10.00, 10.00, 10.00, 10.00, 1.00, 10.00, 10.00, 1.00, 10.00, 1.23, 1.00, 1.00, 10.00, 3.57, 1.00, 6.05, 1.00],
  xi_110 = [10.00, 2.05, 10.00, 10.00, 1.00, 10.00, 10.00, 10.00, 10.00, 10.00, 10.00, 10.00, 1.00, 1.00, 1.00, 4.51, 10.00, 10.00, 10.00, 1.00],
  xi_21 = [3.69, 1.00, 1.00, 10.00, 10.00, 1.00, 7.06, 1.00, 1.00, 10.00, 8.05, 1.55, 8.53, 5.33, 10.00, 7.14, 10.00, 1.00, 1.00, 1.00],
  xi_22 = [1.00, 10.00, 2.83, 10.00, 5.50, 10.00, 1.41, 10.00, 5.24, 2.27, 1.00, 10.00, 1.00, 1.00, 10.00, 2.37, 2.17, 7.21, 10.00, 1.00],
  xi_23 = [1.95, 1.00, 2.41, 1.67, 2.28, 1.51, 10.00, 8.64, 10.00, 1.00, 1.00, 3.00, 1.00, 10.00, 10.00, 1.25, 1.00, 1.00, 10.00, 10.00],
  xi_24 = [10.00, 1.00, 1.00, 1.00, 10.00, 1.00, 1.24, 1.00, 10.00, 10.00, 5.17, 1.22, 1.55, 1.00, 1.27, 1.83, 4.14, 3.80, 1.00, 1.00],
  xi_25 = [10.00, 2.37, 1.23, 1.00, 7.63, 2.26, 2.94, 5.57, 1.99, 10.00, 6.09, 1.78, 1.00, 1.00, 1.00, 1.00, 3.63, 9.73, 2.07, 4.66],
  xi_26 = [1.00, 1.00, 1.51, 1.08, 1.00, 10.00, 1.62, 1.00, 10.00, 8.44, 2.33, 1.51, 4.71, 4.45, 1.00, 1.00, 1.00, 4.23, 1.00, 1.99],
  xi_27 = [2.49, 10.00, 5.80, 1.06, 2.62, 1.00, 1.00, 10.00, 10.00, 1.00, 2.92, 10.00, 1.00, 1.00, 10.00, 10.00, 2.06, 1.00, 10.00, 5.11],
  xi_28 = [2.29, 1.00, 1.00, 2.51, 4.28, 1.00, 1.64, 10.00, 10.00, 9.99, 1.92, 1.43, 2.56, 10.00, 1.00, 1.00, 5.11, 10.00, 1.73, 4.92],
  xi_29 = [1.87, 6.69, 10.00, 1.00, 1.20, 1.15, 10.00, 10.00, 1.00, 4.41, 1.52, 1.00, 1.00, 1.10, 1.87, 10.00, 1.00, 7.93, 10.00, 1.00],
  xi_210 = [1.48, 5.34, 10.00, 10.00, 3.03, 2.05, 10.00, 1.00, 2.04, 1.00, 1.00, 2.54, 10.00, 1.00, 6.11, 10.00, 3.96, 1.00, 8.68, 1.00],
  xi_31 = [1.22, 10.00, 1.00, 1.00, 10.00, 2.21, 4.95, 10.00, 1.00, 10.00, 1.00, 1.00, 10.00, 1.00, 10.00, 10.00, 1.00, 1.00, 1.00, 1.32],
  xi_32 = [10.00, 1.00, 10.00, 1.00, 1.00, 1.00, 10.00, 1.00, 1.00, 10.00, 10.00, 10.00, 1.00, 2.12, 7.76, 10.00, 10.00, 3.08, 4.59, 10.00],
  xi_33 = [10.00, 10.00, 1.00, 10.00, 1.00, 10.00, 1.00, 1.00, 10.00, 10.00, 10.00, 10.00, 1.00, 10.00, 10.00, 8.91, 10.00, 2.63, 10.00, 4.26],
  xi_34 = [4.87, 10.00, 2.55, 10.00, 1.00, 10.00, 1.00, 10.00, 10.00, 10.00, 10.00, 1.00, 10.00, 10.00, 10.00, 1.00, 10.00, 10.00, 1.00, 1.00],
  xi_35 = [10.00, 1.00, 1.00, 1.00, 10.00, 10.00, 2.43, 1.00, 1.00, 1.00, 7.78, 10.00, 10.00, 1.00, 1.00, 1.00, 10.00, 10.00, 10.00, 1.08],
  xi_36 = [2.14, 2.89, 1.00, 3.48, 1.41, 9.62, 6.75, 10.00, 1.00, 5.67, 1.00, 1.00, 5.92, 10.00, 1.08, 10.00, 10.00, 10.00, 3.77, 10.00],
  xi_37 = [1.67, 10.00, 10.00, 1.00, 10.00, 3.05, 1.00, 1.00, 10.00, 10.00, 10.00, 2.12, 10.00, 1.00, 10.00, 10.00, 1.00, 10.00, 10.00, 4.86],
  xi_38 = [10.00, 10.00, 1.00, 10.00, 1.00, 3.19, 1.00, 1.00, 5.33, 10.00, 1.00, 8.04, 10.00, 8.59, 1.00, 10.00, 9.61, 2.64, 8.25, 1.00],
  xi_39 = [1.00, 10.00, 10.00, 10.00, 1.00, 10.00, 10.00, 3.48, 5.97, 1.00, 10.00, 10.00, 10.00, 10.00, 3.31, 1.00, 1.00, 10.00, 5.08, 10.00],
  xi_310 = [10.00, 1.00, 6.23, 10.00, 10.00, 10.00, 10.00, 10.00, 10.00, 1.00, 10.00, 10.00, 6.76, 10.00, 8.87, 1.00, 10.00, 10.00, 10.00, 10.00],
  xi_41 = [1.00, 1.00, 10.00, 1.00, 1.00, 2.09, 10.00, 10.00, 10.00, 1.00, 10.00, 10.00, 10.00, 10.00, 1.00, 1.00, 10.00, 1.00, 10.00, 1.00],
  xi_42 = [5.87, 10.00, 10.00, 10.00, 10.00, 3.44, 1.12, 1.00, 1.72, 1.00, 10.00, 10.00, 10.00, 10.00, 1.00, 10.00, 1.00, 10.00, 1.00, 10.00],
  xi_43 = [1.00, 1.00, 1.00, 10.00, 10.00, 1.00, 10.00, 10.00, 1.00, 10.00, 1.00, 10.00, 1.00, 10.00, 1.00, 3.99, 1.00, 10.00, 1.00, 10.00],
  xi_44 = [10.00, 3.39, 1.00, 10.00, 10.00, 10.00, 1.00, 1.00, 1.00, 10.00, 10.00, 10.00, 9.00, 1.00, 10.00, 1.00, 3.98, 1.00, 10.00, 1.00],
  xi_45 = [5.68, 10.00, 10.00, 10.00, 1.00, 1.00, 10.00, 10.00, 1.00, 10.00, 1.00, 1.00, 1.00, 1.04, 10.00, 10.00, 1.00, 10.00, 10.00, 10.00],
  xi_46 = [4.15, 1.00, 10.00, 1.00, 1.00, 10.00, 1.00, 1.00, 10.00, 3.34, 1.00, 10.00, 10.00, 10.00, 1.00, 1.00, 10.00, 10.00, 10.00, 3.81],
  xi_47 = [10.00, 3.58, 1.00, 2.18, 10.00, 10.00, 10.00, 1.00, 1.00, 10.00, 1.00, 1.00, 10.00, 2.50, 2.06, 2.74, 10.00, 10.00, 10.00, 2.37],
  xi_48 = [10.00, 10.00, 1.83, 10.00, 1.00, 1.00, 10.00, 10.00, 10.00, 10.00, 1.94, 10.00, 1.00, 10.00, 3.23, 1.00, 10.00, 10.00, 1.00, 10.00],
  xi_49 = [1.50, 10.00, 10.00, 10.00, 10.00, 10.00, 10.00, 1.00, 10.00, 2.38, 10.00, 10.00, 10.00, 10.00, 10.00, 10.00, 10.00, 10.00, 10.00, 1.00],
  xi_410 = [2.20, 1.00, 2.15, 1.00, 1.00, 9.02, 10.00, 10.00, 10.00, 1.00, 1.82, 10.00, 8.28, 1.00, 9.61, 5.51, 10.00, 1.00, 1.00, 10.00],
  xi_51 = [1.00, 10.00, 1.73, 10.00, 2.48, 2.63, 1.00, 1.00, 1.00, 10.00, 4.65, 1.00, 10.00, 10.00, 10.00, 1.00, 10.00, 10.00, 10.00, 10.00],
  xi_52 = [10.00, 10.00, 1.00, 10.00, 1.00, 10.00, 1.00, 10.00, 10.00, 10.00, 10.00, 5.21, 10.00, 2.03, 3.93, 10.00, 10.00, 10.00, 1.00, 4.75],
  xi_53 = [1.01, 10.00, 1.00, 10.00, 1.03, 1.00, 1.00, 10.00, 10.00, 10.00, 10.00, 1.48, 1.10, 10.00, 1.00, 10.00, 10.00, 10.00, 10.00, 10.00],
  xi_54 = [10.00, 10.00, 10.00, 1.00, 10.00, 8.53, 1.00, 10.00, 10.00, 1.00, 2.23, 10.00, 1.00, 10.00, 1.00, 10.00, 10.00, 1.00, 10.00, 1.04],
  xi_55 = [10.00, 1.24, 1.00, 1.00, 2.60, 10.00, 10.00, 10.00, 10.00, 10.00, 10.00, 1.00, 2.96, 10.00, 10.00, 10.00, 10.00, 1.13, 1.36, 7.22],
  xi_56 = [9.63, 10.00, 1.00, 2.01, 10.00, 1.00, 2.74, 10.00, 10.00, 10.00, 10.00, 10.00, 1.00, 10.00, 1.03, 3.45, 1.00, 1.00, 1.00, 10.00],
  xi_57 = [1.00, 10.00, 2.70, 10.00, 10.00, 10.00, 1.00, 10.00, 7.10, 10.00, 10.00, 1.00, 1.00, 10.00, 10.00, 10.00, 10.00, 1.00, 1.00, 1.00],
  xi_58 = [10.00, 10.00, 1.00, 10.00, 1.00, 10.00, 1.00, 1.00, 10.00, 3.31, 1.00, 10.00, 10.00, 10.00, 10.00, 1.00, 1.00, 3.95, 1.00, 10.00],
  xi_59 = [10.00, 10.00, 10.00, 1.00, 6.79, 10.00, 10.00, 10.00, 10.00, 10.00, 10.00, 10.00, 3.61, 1.00, 10.00, 1.00, 1.00, 1.00, 2.91, 1.00],
  xi_510 = [3.38, 10.00, 10.00, 10.00, 10.00, 1.00, 1.00, 2.19, 1.00, 10.00, 1.98, 10.00, 10.00, 10.00, 1.00, 10.00, 1.00, 10.00, 6.95, 1.00],
  xi_61 = [1.00, 1.12, 10.00, 10.00, 1.00, 3.83, 1.00, 1.00, 8.16, 8.13, 1.00, 10.00, 10.00, 7.36, 10.00, 10.00, 1.00, 2.52, 2.47, 10.00],
  xi_62 = [1.00, 3.74, 1.24, 2.10, 3.62, 10.00, 6.17, 1.00, 1.00, 1.65, 1.00, 1.00, 6.44, 1.00, 1.00, 1.00, 1.00, 1.00, 1.05, 1.00],
  xi_63 = [1.00, 1.00, 1.77, 2.61, 5.06, 1.00, 8.58, 10.00, 10.00, 1.00, 1.00, 1.00, 1.00, 10.00, 1.00, 2.75, 1.00, 1.00, 10.00, 1.13],
  xi_64 = [10.00, 1.00, 10.00, 6.59, 10.00, 3.24, 4.34, 10.00, 1.00, 1.00, 10.00, 1.00, 1.17, 10.00, 1.00, 1.00, 3.68, 2.16, 5.19, 1.00],
  xi_65 = [9.98, 1.25, 1.00, 8.61, 10.00, 10.00, 1.25, 10.00, 10.00, 10.00, 3.56, 1.00, 1.00, 2.34, 10.00, 2.23, 1.00, 1.00, 10.00, 4.03],
  xi_66 = [1.00, 1.00, 5.17, 10.00, 1.00, 1.00, 10.00, 1.97, 10.00, 2.98, 1.33, 1.00, 10.00, 3.68, 10.00, 1.00, 1.33, 1.00, 10.00, 10.00],
  xi_67 = [6.05, 2.09, 1.66, 10.00, 1.00, 7.28, 1.00, 3.61, 1.00, 1.00, 1.00, 3.22, 10.00, 5.50, 1.00, 2.97, 10.00, 1.31, 2.52, 2.51],
  xi_68 = [1.00, 2.77, 10.00, 1.00, 3.73, 1.00, 1.00, 1.00, 1.00, 10.00, 6.55, 1.49, 4.77, 3.80, 1.00, 1.00, 5.67, 1.94, 1.22, 1.00],
  xi_69 = [10.00, 10.00, 1.00, 10.00, 1.00, 2.09, 10.00, 1.00, 6.21, 1.00, 1.00, 10.00, 10.00, 1.00, 1.00, 1.00, 10.00, 1.38, 1.00, 10.00],
  xi_610 = [1.00, 1.00, 6.85, 1.00, 3.21, 8.79, 1.40, 1.00, 10.00, 3.50, 10.00, 10.00, 5.95, 3.99, 1.44, 1.00, 10.00, 1.50, 4.78, 1.00],
  xi_71 = [5.05, 10.00, 1.00, 10.00, 1.00, 1.00, 1.69, 10.00, 1.00, 10.00, 10.00, 5.98, 10.00, 1.00, 1.00, 10.00, 10.00, 10.00, 1.00, 1.00],
  xi_72 = [10.00, 1.00, 10.00, 10.00, 2.43, 1.00, 10.00, 10.00, 1.87, 10.00, 8.57, 10.00, 1.00, 9.63, 10.00, 1.00, 10.00, 1.00, 1.00, 1.00],
  xi_73 = [2.13, 5.72, 1.00, 3.46, 1.00, 1.00, 1.00, 10.00, 10.00, 1.66, 1.00, 10.00, 7.68, 4.63, 10.00, 10.00, 10.00, 1.00, 8.46, 10.00],
  xi_74 = [10.00, 4.36, 1.00, 3.49, 10.00, 10.00, 10.00, 10.00, 10.00, 10.00, 1.00, 10.00, 10.00, 1.00, 1.00, 10.00, 10.00, 10.00, 10.00, 1.00],
  xi_75 = [10.00, 1.00, 10.00, 10.00, 1.00, 10.00, 6.12, 2.95, 1.00, 10.00, 6.19, 10.00, 1.00, 2.29, 5.80, 10.00, 1.00, 1.00, 10.00, 6.48],
  xi_76 = [1.00, 10.00, 10.00, 10.00, 10.00, 1.06, 10.00, 1.00, 1.00, 1.77, 10.00, 1.00, 1.00, 1.00, 5.59, 10.00, 10.00, 10.00, 1.44, 10.00],
  xi_77 = [1.00, 3.23, 1.00, 10.00, 1.00, 10.00, 1.00, 10.00, 1.00, 1.00, 6.46, 10.00, 1.59, 10.00, 10.00, 10.00, 10.00, 1.00, 1.55, 1.00],
  xi_78 = [1.00, 10.00, 1.00, 10.00, 2.42, 1.00, 1.00, 1.14, 1.00, 1.00, 8.44, 1.00, 10.00, 1.35, 1.00, 5.72, 10.00, 10.00, 10.00, 1.56],
  xi_79 = [10.00, 1.00, 1.00, 1.00, 10.00, 2.88, 10.00, 10.00, 1.00, 10.00, 5.13, 10.00, 6.12, 4.17, 1.00, 9.80, 10.00, 1.00, 1.78, 10.00],
  xi_710 = [1.00, 10.00, 1.00, 10.00, 1.32, 10.00, 10.00, 1.00, 1.00, 1.00, 10.00, 1.00, 2.66, 1.00, 5.26, 10.00, 10.00, 1.00, 10.00, 1.00],
  xi_81 = [10.00, 2.33, 10.00, 10.00, 10.00, 1.00, 2.45, 7.32, 1.00, 1.00, 10.00, 10.00, 10.00, 10.00, 10.00, 1.00, 10.00, 10.00, 5.84, 10.00],
  xi_82 = [1.00, 10.00, 10.00, 1.00, 10.00, 10.00, 10.00, 10.00, 1.00, 1.00, 10.00, 1.00, 6.54, 1.00, 10.00, 2.09, 10.00, 1.00, 1.31, 10.00],
  xi_83 = [1.00, 1.00, 10.00, 10.00, 10.00, 1.00, 10.00, 1.00, 10.00, 1.00, 10.00, 10.00, 10.00, 1.00, 1.00, 1.00, 1.00, 1.00, 10.00, 1.95],
  xi_84 = [10.00, 3.37, 10.00, 10.00, 1.00, 2.45, 1.62, 1.95, 10.00, 10.00, 10.00, 1.00, 2.21, 3.96, 1.00, 10.00, 1.00, 1.00, 10.00, 1.00],
  xi_85 = [2.92, 10.00, 10.00, 1.00, 1.00, 1.00, 9.54, 1.00, 6.23, 10.00, 1.00, 1.00, 10.00, 10.00, 1.00, 1.00, 9.12, 10.00, 10.00, 10.00],
  xi_86 = [1.00, 1.02, 1.00, 10.00, 1.00, 10.00, 1.00, 1.00, 7.42, 1.00, 1.77, 3.03, 10.00, 10.00, 10.00, 9.90, 10.00, 10.00, 10.00, 1.00],
  xi_87 = [10.00, 10.00, 10.00, 1.00, 10.00, 1.00, 10.00, 10.00, 10.00, 1.62, 4.88, 10.00, 10.00, 10.00, 10.00, 10.00, 10.00, 1.00, 6.87, 10.00],
  xi_88 = [10.00, 10.00, 10.00, 10.00, 10.00, 7.72, 10.00, 1.00, 1.00, 1.00, 10.00, 1.00, 10.00, 10.00, 1.00, 10.00, 1.06, 1.00, 10.00, 10.00],
  xi_89 = [1.00, 1.00, 1.00, 1.00, 6.70, 10.00, 1.00, 1.51, 10.00, 10.00, 10.00, 1.00, 10.00, 9.16, 1.00, 1.00, 1.00, 2.77, 10.00, 10.00],
  xi_810 = [10.00, 10.00, 10.00, 2.52, 10.00, 1.00, 10.00, 10.00, 1.00, 10.00, 1.00, 6.63, 1.70, 4.37, 1.00, 10.00, 10.00, 10.00, 1.00, 1.00],
  xi_91 = [10.00, 1.00, 1.00, 1.00, 10.00, 10.00, 3.32, 6.08, 1.03, 1.00, 2.90, 10.00, 5.17, 1.00, 1.21, 10.00, 1.00, 9.31, 2.29, 8.95],
  xi_92 = [10.00, 1.00, 10.00, 1.00, 4.33, 10.00, 10.00, 10.00, 1.00, 1.00, 1.00, 10.00, 10.00, 1.83, 1.00, 3.80, 1.00, 3.68, 1.00, 3.57],
  xi_93 = [10.00, 1.00, 1.00, 10.00, 1.00, 1.86, 10.00, 1.00, 10.00, 1.05, 10.00, 1.00, 5.91, 10.00, 10.00, 1.00, 7.17, 10.00, 5.31, 1.00],
  xi_94 = [10.00, 1.00, 10.00, 1.00, 10.00, 1.00, 1.00, 10.00, 10.00, 1.00, 2.90, 10.00, 1.00, 10.00, 10.00, 2.72, 10.00, 1.50, 1.00, 10.00],
  xi_95 = [6.56, 1.00, 10.00, 10.00, 10.00, 10.00, 10.00, 1.00, 10.00, 1.34, 10.00, 1.00, 10.00, 1.11, 1.00, 1.00, 1.86, 1.00, 10.00, 1.00],
  xi_96 = [10.00, 1.00, 10.00, 1.24, 10.00, 1.00, 3.16, 8.79, 1.00, 10.00, 10.00, 1.00, 10.00, 10.00, 10.00, 10.00, 10.00, 1.00, 3.81, 10.00],
  xi_97 = [1.00, 10.00, 1.00, 10.00, 10.00, 10.00, 10.00, 10.00, 7.11, 2.07, 1.00, 1.00, 1.00, 5.28, 9.07, 10.00, 10.00, 10.00, 1.00, 10.00],
  xi_98 = [10.00, 10.00, 1.00, 10.00, 10.00, 1.00, 10.00, 10.00, 10.00, 7.30, 10.00, 10.00, 10.00, 1.00, 10.00, 10.00, 2.46, 7.38, 10.00, 1.00],
  xi_99 = [1.00, 1.00, 1.00, 1.00, 10.00, 1.00, 1.00, 4.57, 10.00, 1.36, 10.00, 10.00, 10.00, 10.00, 1.17, 1.00, 10.00, 10.00, 10.00, 10.00],
  xi_910 = [4.57, 1.80, 10.00, 1.00, 10.00, 10.00, 10.00, 10.00, 10.00, 1.00, 1.00, 1.00, 10.00, 1.00, 1.00, 10.00, 10.00, 10.00, 1.00, 10.00],
  xi_101 = [1.00, 10.00, 10.00, 1.00, 3.61, 1.00, 10.00, 1.00, 10.00, 1.00, 1.00, 1.17, 10.00, 2.50, 1.00, 7.42, 10.00, 10.00, 1.00, 1.00],
  xi_102 = [1.00, 10.00, 3.26, 1.00, 1.00, 1.00, 1.00, 6.07, 10.00, 3.04, 10.00, 10.00, 10.00, 1.00, 6.89, 10.00, 1.00, 10.00, 10.00, 1.00],
  xi_103 = [10.00, 1.00, 10.00, 4.40, 5.07, 10.00, 10.00, 10.00, 7.04, 10.00, 10.00, 4.06, 10.00, 1.00, 1.00, 10.00, 10.00, 10.00, 8.71, 7.90],
  xi_104 = [10.00, 1.00, 1.00, 4.62, 10.00, 10.00, 8.80, 1.15, 10.00, 1.00, 10.00, 10.00, 1.00, 10.00, 6.21, 1.00, 1.00, 10.00, 10.00, 10.00],
  xi_105 = [10.00, 1.00, 6.79, 1.08, 10.00, 1.20, 4.13, 10.00, 1.37, 10.00, 1.00, 10.00, 10.00, 1.37, 7.79, 1.85, 1.45, 1.00, 1.64, 1.02],
  xi_106 = [10.00, 10.00, 10.00, 10.00, 1.00, 7.58, 10.00, 1.00, 1.00, 1.20, 9.92, 1.00, 1.00, 1.00, 10.00, 2.41, 10.00, 1.00, 1.00, 1.00],
  xi_107 = [1.00, 6.00, 1.00, 1.00, 10.00, 7.71, 3.20, 10.00, 1.56, 1.00, 1.00, 7.77, 5.42, 10.00, 10.00, 10.00, 10.00, 6.28, 9.73, 1.00],
  xi_108 = [1.00, 1.00, 10.00, 3.33, 1.00, 1.00, 8.97, 1.00, 10.00, 5.27, 3.39, 1.00, 1.00, 1.00, 2.87, 10.00, 1.00, 10.00, 10.00, 1.67],
  xi_109 = [7.03, 1.00, 1.00, 10.00, 1.37, 1.31, 1.00, 1.00, 10.00, 10.00, 1.00, 9.52, 1.00, 1.00, 1.05, 1.00, 1.00, 8.04, 8.06, 10.00],
  xi_1010 = [10.00, 1.41, 1.00, 1.57, 10.00, 1.00, 1.00, 1.00, 10.00, 10.00, 10.00, 9.78, 1.00, 1.49, 10.00, 1.41, 1.00, 1.02, 10.00, 10.00],
  xi_111 = [1.00, 5.04, 10.00, 1.00, 1.00, 10.00, 10.00, 1.00, 1.00, 10.00, 10.00, 7.17, 10.00, 1.00, 1.00, 10.00, 1.00, 1.00, 10.00, 1.08],
  xi_112 = [10.00, 1.00, 1.02, 1.00, 1.00, 10.00, 10.00, 10.00, 2.46, 1.00, 1.00, 1.94, 1.00, 8.45, 10.00, 3.21, 10.00, 1.00, 1.00, 1.80],
  xi_113 = [10.00, 10.00, 10.00, 5.02, 10.00, 1.00, 10.00, 10.00, 10.00, 1.00, 10.00, 1.00, 1.00, 10.00, 1.00, 1.00, 10.00, 1.00, 10.00, 10.00],
  xi_114 = [10.00, 10.00, 10.00, 10.00, 10.00, 1.00, 10.00, 10.00, 10.00, 10.00, 1.00, 1.00, 1.00, 10.00, 1.00, 10.00, 10.00, 10.00, 1.00, 1.00],
  xi_115 = [2.15, 2.42, 10.00, 1.00, 1.00, 10.00, 1.00, 10.00, 10.00, 1.00, 10.00, 1.00, 1.00, 1.00, 1.00, 1.00, 1.00, 1.00, 10.00, 1.00],
  xi_116 = [1.00, 10.00, 10.00, 10.00, 1.00, 10.00, 10.00, 10.00, 10.00, 1.18, 1.00, 1.00, 10.00, 1.00, 1.00, 1.66, 10.00, 10.00, 10.00, 1.00],
  xi_117 = [10.00, 1.15, 1.00, 10.00, 10.00, 10.00, 1.00, 1.00, 10.00, 1.85, 4.66, 1.00, 10.00, 10.00, 10.00, 1.00, 1.00, 1.00, 10.00, 1.00],
  xi_118 = [1.00, 10.00, 10.00, 1.00, 1.00, 10.00, 10.00, 10.00, 10.00, 10.00, 10.00, 5.04, 1.00, 1.00, 2.81, 1.00, 10.00, 10.00, 9.12, 10.00],
  xi_119 = [3.87, 10.00, 2.80, 1.00, 10.00, 3.16, 1.00, 1.00, 3.94, 6.54, 1.15, 1.00, 1.00, 10.00, 10.00, 10.00, 10.00, 10.00, 10.00, 10.00],
  xi_1110 = [10.00, 1.00, 1.00, 10.00, 10.00, 1.00, 10.00, 10.00, 1.00, 10.00, 10.00, 10.00, 10.00, 1.60, 1.00, 5.28, 1.00, 10.00, 10.00, 10.00],
  xi_121 = [10.00, 10.00, 1.03, 10.00, 1.87, 10.00, 1.00, 10.00, 10.00, 1.00, 10.00, 1.00, 10.00, 8.96, 10.00, 10.00, 10.00, 1.00, 10.00, 1.74],
  xi_122 = [10.00, 10.00, 10.00, 1.00, 10.00, 4.72, 1.00, 5.76, 10.00, 8.50, 1.00, 1.00, 1.00, 10.00, 2.32, 4.95, 10.00, 10.00, 1.00, 3.07],
  xi_123 = [10.00, 1.00, 1.82, 10.00, 10.00, 1.13, 10.00, 10.00, 1.00, 1.00, 1.00, 8.08, 10.00, 5.06, 1.00, 10.00, 7.42, 2.08, 10.00, 10.00],
  xi_124 = [1.00, 1.00, 10.00, 1.78, 10.00, 10.00, 2.48, 10.00, 1.00, 1.00, 10.00, 1.27, 1.00, 10.00, 10.00, 10.00, 10.00, 4.94, 10.00, 5.22],
  xi_125 = [10.00, 10.00, 2.94, 10.00, 1.00, 1.00, 1.00, 10.00, 1.00, 10.00, 5.18, 1.00, 1.00, 1.00, 10.00, 10.00, 1.32, 1.00, 10.00, 7.00],
  xi_126 = [4.98, 10.00, 10.00, 1.77, 10.00, 10.00, 10.00, 10.00, 10.00, 10.00, 1.67, 10.00, 1.00, 9.05, 10.00, 3.17, 10.00, 10.00, 1.00, 6.68],
  xi_127 = [10.00, 5.84, 1.00, 10.00, 2.03, 10.00, 10.00, 10.00, 7.06, 1.00, 1.00, 5.49, 3.37, 10.00, 10.00, 10.00, 10.00, 10.00, 10.00, 2.09],
  xi_128 = [10.00, 3.85, 1.00, 10.00, 2.32, 1.00, 10.00, 1.00, 1.10, 1.00, 1.00, 10.00, 1.00, 10.00, 3.49, 1.00, 10.00, 2.02, 1.00, 10.00],
  xi_129 = [1.05, 10.00, 10.00, 2.08, 2.57, 1.00, 1.00, 1.15, 10.00, 10.00, 5.59, 1.00, 1.00, 10.00, 10.00, 4.26, 5.30, 10.00, 10.00, 2.77],
  xi_1210 = [10.00, 10.00, 10.00, 10.00, 10.00, 10.00, 3.90, 10.00, 9.39, 1.00, 10.00, 1.00, 10.00, 1.00, 10.00, 10.00, 4.43, 10.00, 10.00, 1.00],
  xi_131 = [1.00, 10.00, 10.00, 1.00, 1.00, 1.00, 10.00, 10.00, 10.00, 1.00, 1.00, 1.00, 1.75, 9.52, 10.00, 1.00, 1.00, 2.88, 1.49, 4.12],
  xi_132 = [4.03, 10.00, 10.00, 10.00, 1.83, 10.00, 10.00, 1.00, 10.00, 10.00, 1.00, 2.25, 10.00, 1.00, 1.00, 10.00, 1.00, 10.00, 1.00, 10.00],
  xi_133 = [1.00, 10.00, 1.00, 10.00, 10.00, 10.00, 7.17, 10.00, 10.00, 1.08, 1.00, 7.73, 1.00, 10.00, 10.00, 3.41, 10.00, 10.00, 1.00, 10.00],
  xi_134 = [10.00, 10.00, 10.00, 1.00, 10.00, 1.00, 10.00, 10.00, 6.28, 10.00, 1.00, 10.00, 1.00, 10.00, 10.00, 1.00, 10.00, 1.00, 6.52, 3.64],
  xi_135 = [10.00, 1.00, 1.00, 10.00, 1.00, 10.00, 10.00, 1.00, 10.00, 10.00, 1.00, 10.00, 10.00, 8.64, 1.00, 10.00, 1.00, 10.00, 10.00, 10.00],
  xi_136 = [1.00, 10.00, 10.00, 1.00, 10.00, 1.00, 10.00, 10.00, 1.00, 1.96, 10.00, 1.00, 1.00, 10.00, 1.00, 10.00, 10.00, 7.38, 1.00, 10.00],
  xi_137 = [10.00, 2.44, 1.00, 10.00, 1.00, 10.00, 6.36, 1.76, 8.83, 7.44, 1.00, 1.00, 10.00, 10.00, 5.27, 1.00, 1.00, 10.00, 1.00, 10.00],
  xi_138 = [10.00, 1.00, 10.00, 1.00, 10.00, 1.00, 10.00, 7.26, 1.00, 10.00, 1.00, 1.00, 10.00, 7.85, 1.00, 5.25, 1.00, 1.00, 10.00, 10.00],
  xi_139 = [10.00, 7.52, 10.00, 2.59, 1.00, 10.00, 1.00, 1.00, 1.00, 10.00, 1.78, 10.00, 10.00, 1.00, 1.00, 10.00, 10.00, 10.00, 10.00, 9.17],
  xi_1310 = [1.00, 10.00, 10.00, 1.00, 1.00, 1.00, 2.14, 2.81, 10.00, 10.00, 10.00, 1.00, 10.00, 10.00, 10.00, 1.00, 10.00, 1.24, 1.13, 10.00],
  xi_141 = [4.93, 10.00, 10.00, 5.46, 1.00, 2.76, 1.00, 10.00, 10.00, 10.00, 10.00, 1.00, 10.00, 1.04, 4.30, 1.00, 10.00, 10.00, 10.00, 1.07],
  xi_142 = [3.07, 3.68, 10.00, 10.00, 10.00, 10.00, 1.15, 1.68, 10.00, 10.00, 5.38, 10.00, 1.00, 1.00, 7.51, 10.00, 1.00, 6.48, 10.00, 1.00],
  xi_143 = [10.00, 10.00, 10.00, 6.16, 1.00, 6.30, 1.00, 10.00, 1.30, 10.00, 1.00, 1.00, 1.00, 10.00, 1.00, 1.74, 9.67, 3.84, 3.42, 2.90],
  xi_144 = [10.00, 3.33, 10.00, 10.00, 1.00, 2.82, 1.00, 10.00, 1.14, 3.94, 10.00, 8.49, 10.00, 1.00, 1.77, 10.00, 3.47, 10.00, 4.33, 1.75],
  xi_145 = [1.00, 10.00, 10.00, 10.00, 5.23, 1.00, 6.34, 10.00, 10.00, 10.00, 1.00, 10.00, 1.08, 10.00, 1.00, 10.00, 1.00, 10.00, 10.00, 10.00],
  xi_146 = [10.00, 10.00, 10.00, 1.00, 1.00, 10.00, 10.00, 1.01, 10.00, 10.00, 1.00, 1.00, 10.00, 3.19, 10.00, 3.87, 1.00, 10.00, 1.00, 10.00],
  xi_147 = [1.00, 3.52, 10.00, 5.17, 10.00, 4.43, 10.00, 10.00, 10.00, 1.12, 10.00, 1.00, 10.00, 10.00, 10.00, 1.00, 8.08, 10.00, 1.00, 1.00],
  xi_148 = [1.00, 1.80, 10.00, 10.00, 7.12, 10.00, 10.00, 2.45, 10.00, 7.98, 1.00, 8.22, 4.78, 10.00, 10.00, 9.03, 1.00, 1.00, 1.00, 1.00],
  xi_149 = [6.53, 10.00, 1.00, 1.00, 10.00, 1.00, 10.00, 1.05, 10.00, 1.00, 1.00, 10.00, 10.00, 10.00, 10.00, 5.00, 1.00, 10.00, 1.66, 10.00],
  xi_1410 = [10.00, 1.00, 10.00, 1.00, 10.00, 2.40, 9.28, 10.00, 10.00, 10.00, 10.00, 2.74, 10.00, 10.00, 10.00, 10.00, 7.47, 1.00, 10.00, 1.00],
  xi_151 = [1.00, 2.32, 2.37, 1.00, 10.00, 2.51, 6.37, 10.00, 1.00, 10.00, 1.00, 10.00, 9.20, 10.00, 1.00, 10.00, 1.23, 2.10, 1.00, 1.00],
  xi_152 = [1.00, 1.00, 2.26, 1.00, 1.00, 1.45, 1.93, 1.76, 1.00, 1.00, 1.28, 7.85, 1.00, 7.50, 10.00, 1.00, 10.00, 3.26, 1.00, 4.91],
  xi_153 = [1.00, 8.23, 4.56, 10.00, 2.28, 1.00, 2.91, 6.31, 4.95, 10.00, 1.00, 1.04, 1.00, 10.00, 1.00, 1.00, 5.55, 2.62, 9.45, 10.00],
  xi_154 = [1.00, 10.00, 1.00, 3.38, 10.00, 1.00, 10.00, 1.00, 10.00, 1.79, 1.00, 3.20, 4.10, 5.49, 2.94, 1.00, 1.00, 1.17, 10.00, 10.00],
  xi_155 = [3.29, 1.00, 10.00, 1.00, 1.11, 10.00, 4.98, 1.00, 1.06, 1.00, 10.00, 10.00, 1.00, 10.00, 3.81, 1.00, 3.87, 10.00, 2.03, 1.00],
  xi_156 = [1.00, 1.00, 10.00, 1.20, 3.13, 1.00, 1.00, 1.00, 10.00, 1.00, 1.00, 6.32, 1.00, 1.00, 10.00, 6.02, 10.00, 6.09, 10.00, 2.63],
  xi_157 = [1.00, 10.00, 10.00, 1.50, 1.00, 10.00, 1.00, 10.00, 3.69, 1.97, 1.00, 10.00, 9.77, 10.00, 1.00, 1.00, 1.00, 1.00, 10.00, 10.00],
  xi_158 = [1.00, 1.00, 2.42, 8.29, 1.04, 1.00, 1.17, 8.34, 10.00, 1.00, 1.00, 1.65, 1.75, 4.17, 1.00, 10.00, 5.36, 1.00, 4.65, 1.00],
  xi_159 = [1.75, 1.00, 10.00, 10.00, 10.00, 6.23, 2.23, 1.00, 1.62, 9.16, 1.00, 10.00, 1.00, 3.90, 10.00, 2.81, 10.00, 10.00, 8.37, 2.91],
  xi_1510 = [10.00, 1.00, 2.37, 1.26, 1.07, 10.00, 6.63, 2.97, 1.00, 1.00, 1.00, 1.77, 1.00, 10.00, 1.00, 5.06, 1.00, 1.00, 1.22, 1.54],
  xi_161 = [1.00, 1.00, 1.16, 4.39, 10.00, 7.01, 1.00, 1.00, 10.00, 1.00, 5.03, 1.00, 4.01, 1.00, 1.00, 1.00, 10.00, 1.00, 1.67, 10.00],
  xi_162 = [2.75, 10.00, 1.36, 9.76, 3.58, 10.00, 1.00, 10.00, 1.00, 1.58, 2.24, 5.21, 1.00, 1.00, 5.20, 8.67, 1.29, 1.28, 3.28, 3.03],
  xi_163 = [1.35, 10.00, 10.00, 1.00, 1.00, 1.23, 1.00, 1.00, 2.32, 10.00, 10.00, 10.00, 1.01, 10.00, 3.76, 2.46, 6.61, 1.00, 1.00, 10.00],
  xi_164 = [10.00, 10.00, 10.00, 10.00, 7.68, 1.14, 10.00, 4.13, 10.00, 1.26, 10.00, 1.00, 10.00, 10.00, 4.92, 8.11, 10.00, 1.00, 10.00, 1.00],
  xi_165 = [1.26, 10.00, 4.51, 1.54, 9.72, 1.27, 1.00, 10.00, 1.00, 1.90, 1.17, 9.95, 1.00, 1.12, 9.17, 1.00, 1.00, 7.40, 2.92, 2.92],
  xi_166 = [1.14, 2.39, 2.56, 10.00, 10.00, 1.00, 5.85, 2.14, 1.59, 1.00, 1.00, 1.00, 10.00, 4.81, 10.00, 1.00, 1.00, 1.43, 4.02, 4.29],
  xi_167 = [1.00, 1.51, 10.00, 10.00, 10.00, 10.00, 1.00, 1.45, 10.00, 1.80, 1.00, 10.00, 1.00, 10.00, 3.28, 10.00, 1.30, 3.60, 1.00, 10.00],
  xi_168 = [5.51, 7.82, 1.00, 1.00, 1.32, 5.19, 1.00, 5.76, 1.00, 1.00, 1.00, 10.00, 2.84, 10.00, 2.51, 10.00, 1.00, 10.00, 1.33, 1.06],
  xi_169 = [10.00, 1.00, 10.00, 10.00, 3.96, 10.00, 1.20, 10.00, 1.00, 2.03, 4.88, 10.00, 3.92, 1.08, 2.04, 8.97, 10.00, 2.85, 1.00, 8.94],
  xi_1610 = [1.50, 10.00, 1.00, 10.00, 1.00, 8.57, 5.71, 1.00, 1.53, 1.00, 1.14, 2.64, 10.00, 7.89, 10.00, 1.00, 10.00, 10.00, 10.00, 10.00],
  xi_171 = [10.00, 1.00, 10.00, 10.00, 10.00, 1.00, 10.00, 10.00, 10.00, 10.00, 1.00, 7.30, 10.00, 10.00, 10.00, 3.29, 10.00, 10.00, 10.00, 10.00],
  xi_172 = [10.00, 1.50, 1.00, 1.00, 10.00, 1.00, 10.00, 10.00, 1.00, 3.72, 10.00, 1.00, 10.00, 1.00, 8.88, 10.00, 1.00, 1.00, 1.00, 1.00],
  xi_173 = [2.25, 10.00, 1.00, 10.00, 10.00, 10.00, 2.21, 10.00, 1.00, 10.00, 7.52, 10.00, 7.79, 10.00, 1.00, 10.00, 10.00, 1.00, 1.00, 10.00],
  xi_174 = [10.00, 1.00, 10.00, 10.00, 10.00, 1.00, 1.00, 5.99, 10.00, 6.29, 2.07, 10.00, 10.00, 2.69, 2.67, 10.00, 10.00, 1.00, 10.00, 1.00],
  xi_175 = [10.00, 5.94, 1.00, 10.00, 1.00, 5.82, 10.00, 10.00, 5.43, 1.15, 1.00, 1.18, 1.88, 1.00, 10.00, 10.00, 8.69, 1.00, 10.00, 7.93],
  xi_176 = [2.91, 1.00, 1.00, 10.00, 10.00, 4.80, 1.00, 10.00, 1.00, 1.00, 10.00, 10.00, 10.00, 10.00, 10.00, 1.00, 1.00, 3.22, 9.15, 5.93],
  xi_177 = [3.03, 10.00, 1.00, 2.57, 1.00, 10.00, 10.00, 6.18, 1.00, 10.00, 1.76, 1.00, 1.00, 10.00, 1.00, 9.21, 10.00, 10.00, 4.32, 3.93],
  xi_178 = [10.00, 4.30, 10.00, 1.00, 10.00, 1.61, 1.00, 10.00, 2.07, 10.00, 10.00, 10.00, 4.65, 10.00, 10.00, 10.00, 1.00, 4.40, 1.00, 10.00],
  xi_179 = [10.00, 1.71, 1.00, 10.00, 2.39, 10.00, 1.00, 10.00, 1.00, 10.00, 1.00, 10.00, 10.00, 1.00, 6.79, 10.00, 10.00, 1.00, 10.00, 2.19],
  xi_1710 = [10.00, 10.00, 10.00, 9.51, 10.00, 10.00, 10.00, 1.00, 1.00, 1.00, 1.00, 3.20, 10.00, 1.00, 10.00, 1.00, 1.00, 8.42, 1.00, 4.71],
  xi_181 = [4.41, 1.00, 10.00, 10.00, 1.14, 10.00, 10.00, 10.00, 10.00, 10.00, 1.00, 1.00, 1.00, 1.00, 10.00, 1.00, 10.00, 10.00, 1.73, 1.30],
  xi_182 = [2.36, 10.00, 10.00, 1.00, 1.00, 10.00, 10.00, 10.00, 10.00, 10.00, 10.00, 10.00, 10.00, 1.00, 10.00, 10.00, 9.68, 10.00, 10.00, 1.00],
  xi_183 = [10.00, 1.02, 10.00, 10.00, 6.45, 1.00, 1.00, 10.00, 10.00, 1.00, 10.00, 1.00, 1.00, 10.00, 1.00, 8.66, 10.00, 1.00, 1.00, 10.00],
  xi_184 = [10.00, 1.41, 1.00, 1.00, 10.00, 1.00, 1.00, 10.00, 10.00, 10.00, 10.00, 8.54, 3.91, 10.00, 1.00, 10.00, 2.87, 1.09, 10.00, 10.00],
  xi_185 = [1.00, 10.00, 1.00, 10.00, 1.00, 1.00, 10.00, 1.00, 10.00, 10.00, 10.00, 1.00, 1.00, 10.00, 1.27, 5.88, 1.00, 2.56, 1.50, 10.00],
  xi_186 = [10.00, 1.00, 1.00, 1.00, 10.00, 10.00, 3.26, 10.00, 1.00, 10.00, 9.16, 1.00, 2.14, 10.00, 10.00, 10.00, 2.13, 1.91, 10.00, 1.00],
  xi_187 = [1.00, 10.00, 1.06, 1.00, 1.00, 10.00, 10.00, 10.00, 5.06, 5.71, 3.99, 10.00, 1.00, 10.00, 1.00, 10.00, 1.00, 1.00, 10.00, 9.47],
  xi_188 = [5.72, 10.00, 2.66, 10.00, 1.63, 5.14, 1.00, 10.00, 4.16, 2.71, 1.00, 1.00, 3.52, 4.28, 1.00, 1.00, 10.00, 10.00, 10.00, 10.00],
  xi_189 = [3.87, 8.40, 10.00, 8.09, 1.00, 10.00, 10.00, 10.00, 10.00, 1.00, 1.00, 1.00, 10.00, 10.00, 8.57, 2.30, 5.68, 6.33, 10.00, 2.24],
  xi_1810 = [1.00, 10.00, 7.58, 10.00, 4.59, 4.54, 1.00, 10.00, 10.00, 10.00, 10.00, 2.28, 1.00, 4.90, 10.00, 1.00, 10.00, 10.00, 4.08, 10.00],
  xi_191 = [1.00, 9.08, 5.49, 1.25, 10.00, 1.00, 10.00, 1.00, 1.00, 10.00, 1.49, 10.00, 1.00, 1.00, 10.00, 1.00, 9.97, 10.00, 3.19, 1.00],
  xi_192 = [1.00, 10.00, 7.08, 10.00, 1.00, 10.00, 1.97, 10.00, 3.88, 10.00, 10.00, 10.00, 5.05, 1.30, 10.00, 10.00, 1.00, 1.00, 10.00, 10.00],
  xi_193 = [1.00, 6.26, 10.00, 1.00, 1.75, 10.00, 10.00, 1.00, 3.97, 1.00, 10.00, 4.12, 1.00, 7.13, 2.06, 10.00, 4.09, 10.00, 10.00, 1.00],
  xi_194 = [10.00, 1.00, 1.06, 1.76, 10.00, 3.47, 10.00, 1.00, 2.08, 10.00, 10.00, 10.00, 10.00, 10.00, 6.50, 1.00, 10.00, 1.59, 1.23, 1.00],
  xi_195 = [1.00, 1.00, 10.00, 1.00, 1.00, 1.00, 1.00, 10.00, 1.48, 10.00, 7.35, 10.00, 3.71, 1.00, 10.00, 10.00, 10.00, 10.00, 1.00, 10.00],
  xi_196 = [10.00, 1.00, 10.00, 1.00, 1.18, 5.99, 3.19, 10.00, 10.00, 8.33, 1.00, 10.00, 10.00, 1.00, 1.00, 1.00, 4.11, 1.00, 3.07, 10.00],
  xi_197 = [10.00, 1.00, 2.59, 10.00, 10.00, 10.00, 5.81, 1.00, 10.00, 10.00, 10.00, 10.00, 10.00, 10.00, 10.00, 6.36, 3.05, 1.00, 3.91, 10.00],
  xi_198 = [1.00, 10.00, 1.00, 10.00, 1.00, 10.00, 1.00, 5.25, 1.00, 5.22, 10.00, 1.00, 1.00, 1.00, 1.00, 6.83, 10.00, 2.39, 1.00, 10.00],
  xi_199 = [1.46, 1.00, 10.00, 10.00, 10.00, 1.00, 10.00, 10.00, 1.22, 10.00, 10.00, 1.00, 10.00, 10.00, 10.00, 10.00, 10.00, 1.00, 10.00, 10.00],
  xi_1910 = [1.73, 10.00, 10.00, 9.70, 10.00, 10.00, 1.00, 1.00, 10.00, 1.88, 1.00, 1.00, 10.00, 4.07, 1.00, 10.00, 1.60, 1.00, 1.00, 1.00],
  xi_201 = [3.40, 3.17, 10.00, 10.00, 10.00, 1.00, 1.00, 8.04, 2.98, 4.17, 10.00, 3.35, 1.00, 10.00, 10.00, 1.00, 10.00, 10.00, 10.00, 1.00],
  xi_202 = [10.00, 1.00, 1.00, 1.00, 1.00, 1.00, 10.00, 6.48, 1.00, 10.00, 1.00, 10.00, 1.00, 10.00, 2.88, 10.00, 10.00, 10.00, 1.00, 1.18],
  xi_203 = [4.50, 1.09, 1.00, 1.00, 10.00, 10.00, 10.00, 10.00, 10.00, 1.00, 10.00, 10.00, 10.00, 1.00, 9.01, 10.00, 10.00, 10.00, 1.00, 10.00],
  xi_204 = [10.00, 1.00, 10.00, 1.00, 10.00, 1.00, 10.00, 10.00, 10.00, 2.42, 10.00, 10.00, 1.00, 3.72, 10.00, 1.00, 2.30, 10.00, 10.00, 5.53],
  xi_205 = [1.00, 1.00, 10.00, 9.93, 1.00, 1.78, 10.00, 1.00, 1.00, 4.95, 6.37, 1.00, 10.00, 1.61, 10.00, 1.00, 1.00, 10.00, 6.31, 10.00],
  xi_206 = [1.98, 1.00, 10.00, 1.00, 10.00, 2.89, 10.00, 10.00, 10.00, 1.00, 10.00, 10.00, 2.30, 2.13, 10.00, 8.40, 1.00, 1.00, 1.00, 1.00],
  xi_207 = [1.00, 2.64, 10.00, 10.00, 10.00, 10.00, 1.00, 1.00, 10.00, 1.00, 10.00, 3.24, 10.00, 1.49, 10.00, 10.00, 1.29, 10.00, 10.00, 1.00],
  xi_208 = [10.00, 10.00, 1.00, 10.00, 2.79, 1.00, 10.00, 10.00, 1.00, 2.54, 1.37, 6.87, 10.00, 10.00, 1.00, 1.00, 10.00, 6.59, 1.68, 1.00],
  xi_209 = [10.00, 10.00, 1.00, 1.00, 1.00, 10.00, 4.35, 1.00, 10.00, 1.00, 10.00, 3.41, 1.00, 5.59, 1.00, 1.00, 10.00, 10.00, 1.00, 10.00],
  xi_2010 = [10.00, 10.00, 1.00, 10.00, 1.00, 1.00, 1.00, 10.00, 1.00, 1.00, 10.00, 1.00, 10.00, 3.72, 6.93, 3.25, 1.00, 1.00, 1.00, 10.00],
]

Transportation Costs (cjk) = [
  [1.00, 0.10, 2.44, 4.71, 1.92, 4.87, 1.63, 0.10, 19.59, 4.09],
  [8.62, 0.10, 0.10, 14.22, 0.60, 28.96, 0.10, 18.81, 0.10, 0.10],
  [0.10, 12.10, 11.91, 0.10, 0.10, 24.28, 5.94, 0.10, 34.73, 0.10],
  [4.21, 20.64, 5.41, 0.10, 16.09, 1.08, 3.60, 0.10, 17.92, 18.04],
  [0.10, 0.10, 7.11, 22.00, 4.78, 0.10, 3.50, 0.10, 9.03, 5.50],
  [0.10, 16.99, 0.10, 4.46, 0.10, 41.76, 1.59, 1.68, 2.05, 0.10],
  [4.01, 11.42, 4.39, 0.10, 0.34, 8.49, 0.89, 0.10, 9.63, 6.42],
  [22.50, 0.10, 0.10, 0.10, 16.03, 0.10, 0.10, 0.10, 2.31, 5.03],
  [2.26, 0.10, 1.68, 12.72, 0.10, 0.10, 1.83, 43.78, 3.12, 0.10],
  [26.86, 0.10, 0.91, 3.78, 2.04, 0.27, 16.20, 0.13, 0.10, 0.10],
  [8.03, 2.35, 6.92, 4.39, 8.81, 7.49, 7.02, 2.07, 1.71, 7.11],
  [0.10, 0.10, 0.10, 0.10, 8.47, 2.12, 15.00, 1.22, 13.41, 3.85],
  [8.39, 0.10, 0.10, 18.04, 0.15, 0.76, 31.72, 0.24, 4.74, 0.10],
  [10.83, 5.99, 7.74, 2.53, 22.55, 31.79, 3.76, 0.10, 3.64, 1.35],
  [4.03, 5.14, 3.33, 5.53, 0.10, 2.54, 12.65, 12.39, 22.35, 0.10],
  [8.71, 12.23, 0.10, 32.75, 11.28, 32.12, 0.10, 2.63, 0.87, 27.86],
  [7.15, 0.10, 18.19, 3.91, 3.32, 6.11, 3.33, 0.10, 5.20, 23.41],
  [1.97, 32.41, 0.10, 13.77, 3.04, 19.82, 0.96, 0.58, 3.46, 0.10],
  [12.48, 0.10, 8.14, 2.25, 0.10, 11.44, 0.10, 0.10, 9.18, 11.19],
  [1.00, 11.16, 3.35, 0.10, 0.10, 23.89, 5.67, 6.90, 14.71, 2.37],
]

Mean Service Times (¦Ì_{jk}) = [
  mu_11 = [8.00],
  mu_12 = [5.25],
  mu_13 = [6.52],
  mu_14 = [5.80],
  mu_15 = [5.91],
  mu_16 = [6.47],
  mu_17 = [5.25],
  mu_18 = [6.14],
  mu_19 = [6.34],
  mu_110 = [7.08],
  mu_21 = [4.97],
  mu_22 = [5.20],
  mu_23 = [4.43],
  mu_24 = [3.41],
  mu_25 = [3.85],
  mu_26 = [2.99],
  mu_27 = [4.90],
  mu_28 = [4.17],
  mu_29 = [4.19],
  mu_210 = [4.56],
  mu_31 = [4.44],
  mu_32 = [5.73],
  mu_33 = [7.04],
  mu_34 = [6.67],
  mu_35 = [5.01],
  mu_36 = [5.34],
  mu_37 = [6.34],
  mu_38 = [5.63],
  mu_39 = [6.64],
  mu_310 = [8.24],
  mu_41 = [5.55],
  mu_42 = [6.36],
  mu_43 = [5.20],
  mu_44 = [5.72],
  mu_45 = [6.19],
  mu_46 = [5.47],
  mu_47 = [5.52],
  mu_48 = [6.60],
  mu_49 = [8.29],
  mu_410 = [5.28],
  mu_51 = [5.87],
  mu_52 = [7.00],
  mu_53 = [6.43],
  mu_54 = [6.39],
  mu_55 = [6.48],
  mu_56 = [5.74],
  mu_57 = [6.34],
  mu_58 = [5.76],
  mu_59 = [6.47],
  mu_510 = [6.03],
  mu_61 = [5.48],
  mu_62 = [2.35],
  mu_63 = [3.59],
  mu_64 = [4.67],
  mu_65 = [5.41],
  mu_66 = [4.67],
  mu_67 = [3.73],
  mu_68 = [3.05],
  mu_69 = [4.93],
  mu_610 = [4.37],
  mu_71 = [5.54],
  mu_72 = [5.97],
  mu_73 = [5.49],
  mu_74 = [7.14],
  mu_75 = [5.79],
  mu_76 = [5.79],
  mu_77 = [5.04],
  mu_78 = [4.43],
  mu_79 = [5.79],
  mu_710 = [4.91],
  mu_81 = [7.10],
  mu_82 = [5.85],
  mu_83 = [5.10],
  mu_84 = [5.08],
  mu_85 = [5.79],
  mu_86 = [5.51],
  mu_87 = [7.82],
  mu_88 = [6.74],
  mu_89 = [4.96],
  mu_810 = [6.06],
  mu_91 = [4.81],
  mu_92 = [4.76],
  mu_93 = [5.42],
  mu_94 = [5.71],
  mu_95 = [5.39],
  mu_96 = [6.60],
  mu_97 = [6.48],
  mu_98 = [7.56],
  mu_99 = [5.70],
  mu_910 = [6.17],
  mu_101 = [4.69],
  mu_102 = [5.36],
  mu_103 = [7.51],
  mu_104 = [6.34],
  mu_105 = [4.63],
  mu_106 = [5.01],
  mu_107 = [5.68],
  mu_108 = [4.22],
  mu_109 = [4.27],
  mu_1010 = [5.13],
  mu_111 = [5.11],
  mu_112 = [4.34],
  mu_113 = [6.60],
  mu_114 = [6.85],
  mu_115 = [3.83],
  mu_116 = [5.99],
  mu_117 = [5.28],
  mu_118 = [6.65],
  mu_119 = [5.82],
  mu_1110 = [6.64],
  mu_121 = [6.88],
  mu_122 = [5.77],
  mu_123 = [6.03],
  mu_124 = [6.03],
  mu_125 = [5.22],
  mu_126 = [7.47],
  mu_127 = [6.94],
  mu_128 = [4.54],
  mu_129 = [5.44],
  mu_1210 = [7.59],
  mu_131 = [4.44],
  mu_132 = [6.21],
  mu_133 = [6.72],
  mu_134 = [6.62],
  mu_135 = [6.78],
  mu_136 = [5.87],
  mu_137 = [5.45],
  mu_138 = [5.47],
  mu_139 = [6.35],
  mu_1310 = [5.67],
  mu_141 = [6.18],
  mu_142 = [6.15],
  mu_143 = [5.07],
  mu_144 = [5.70],
  mu_145 = [6.88],
  mu_146 = [6.20],
  mu_147 = [6.37],
  mu_148 = [5.87],
  mu_149 = [6.01],
  mu_1410 = [7.29],
  mu_151 = [4.66],
  mu_152 = [3.06],
  mu_153 = [4.70],
  mu_154 = [4.45],
  mu_155 = [4.36],
  mu_156 = [4.22],
  mu_157 = [5.25],
  mu_158 = [3.34],
  mu_159 = [5.65],
  mu_1510 = [3.09],
  mu_161 = [3.66],
  mu_162 = [4.16],
  mu_163 = [4.74],
  mu_164 = [7.01],
  mu_165 = [3.99],
  mu_166 = [3.81],
  mu_167 = [5.40],
  mu_168 = [4.02],
  mu_169 = [5.64],
  mu_1610 = [5.70],
  mu_171 = [8.18],
  mu_172 = [4.70],
  mu_173 = [6.74],
  mu_174 = [6.24],
  mu_175 = [5.65],
  mu_176 = [5.65],
  mu_177 = [5.35],
  mu_178 = [6.55],
  mu_179 = [5.95],
  mu_1710 = [5.69],
  mu_181 = [5.73],
  mu_182 = [7.80],
  mu_183 = [5.71],
  mu_184 = [6.14],
  mu_185 = [4.96],
  mu_186 = [5.73],
  mu_187 = [5.61],
  mu_188 = [5.24],
  mu_189 = [6.47],
  mu_1810 = [6.60],
  mu_191 = [4.92],
  mu_192 = [6.66],
  mu_193 = [5.27],
  mu_194 = [5.58],
  mu_195 = [5.53],
  mu_196 = [5.14],
  mu_197 = [7.24],
  mu_198 = [4.48],
  mu_199 = [7.33],
  mu_1910 = [4.85],
  mu_201 = [6.01],
  mu_202 = [4.98],
  mu_203 = [6.98],
  mu_204 = [6.45],
  mu_205 = [4.95],
  mu_206 = [5.23],
  mu_207 = [6.18],
  mu_208 = [5.39],
  mu_209 = [5.12],
  mu_2010 = [4.69],
]

Mean Transportation Times (¦Ó_{jk}) = [
  tau_11 = [1.69],
  tau_12 = [1.65],
  tau_13 = [1.68],
  tau_14 = [1.66],
  tau_15 = [1.67],
  tau_16 = [1.67],
  tau_17 = [1.68],
  tau_18 = [1.68],
  tau_19 = [1.69],
  tau_110 = [1.65],
  tau_21 = [1.68],
  tau_22 = [1.67],
  tau_23 = [1.64],
  tau_24 = [1.64],
  tau_25 = [1.67],
  tau_26 = [1.65],
  tau_27 = [1.66],
  tau_28 = [1.67],
  tau_29 = [1.64],
  tau_210 = [1.67],
  tau_31 = [1.63],
  tau_32 = [1.68],
  tau_33 = [1.70],
  tau_34 = [1.66],
  tau_35 = [1.66],
  tau_36 = [1.67],
  tau_37 = [1.66],
  tau_38 = [1.64],
  tau_39 = [1.68],
  tau_310 = [1.67],
  tau_41 = [3.10],
  tau_42 = [3.07],
  tau_43 = [2.91],
  tau_44 = [2.99],
  tau_45 = [3.02],
  tau_46 = [3.06],
  tau_47 = [3.08],
  tau_48 = [3.00],
  tau_49 = [3.04],
  tau_410 = [3.03],
  tau_51 = [3.11],
  tau_52 = [2.98],
  tau_53 = [2.99],
  tau_54 = [3.08],
  tau_55 = [3.02],
  tau_56 = [3.01],
  tau_57 = [2.97],
  tau_58 = [3.03],
  tau_59 = [3.00],
  tau_510 = [3.21],
  tau_61 = [1.65],
  tau_62 = [1.65],
  tau_63 = [1.69],
  tau_64 = [1.68],
  tau_65 = [1.66],
  tau_66 = [1.64],
  tau_67 = [1.66],
  tau_68 = [1.66],
  tau_69 = [1.68],
  tau_610 = [1.64],
  tau_71 = [1.68],
  tau_72 = [1.69],
  tau_73 = [1.67],
  tau_74 = [1.64],
  tau_75 = [1.67],
  tau_76 = [1.65],
  tau_77 = [1.68],
  tau_78 = [1.65],
  tau_79 = [1.63],
  tau_710 = [1.64],
  tau_81 = [3.05],
  tau_82 = [2.98],
  tau_83 = [3.04],
  tau_84 = [3.05],
  tau_85 = [3.11],
  tau_86 = [2.96],
  tau_87 = [3.00],
  tau_88 = [2.95],
  tau_89 = [3.01],
  tau_810 = [3.00],
  tau_91 = [1.64],
  tau_92 = [1.65],
  tau_93 = [1.63],
  tau_94 = [1.66],
  tau_95 = [1.66],
  tau_96 = [1.65],
  tau_97 = [1.65],
  tau_98 = [1.62],
  tau_99 = [1.65],
  tau_910 = [1.69],
  tau_101 = [1.67],
  tau_102 = [1.66],
  tau_103 = [1.68],
  tau_104 = [1.66],
  tau_105 = [1.66],
  tau_106 = [1.68],
  tau_107 = [1.66],
  tau_108 = [1.65],
  tau_109 = [1.63],
  tau_1010 = [1.70],
  tau_111 = [3.01],
  tau_112 = [3.09],
  tau_113 = [2.92],
  tau_114 = [2.99],
  tau_115 = [3.14],
  tau_116 = [2.93],
  tau_117 = [2.92],
  tau_118 = [2.95],
  tau_119 = [3.00],
  tau_1110 = [3.00],
  tau_121 = [1.67],
  tau_122 = [1.69],
  tau_123 = [1.67],
  tau_124 = [1.65],
  tau_125 = [1.67],
  tau_126 = [1.69],
  tau_127 = [1.65],
  tau_128 = [1.64],
  tau_129 = [1.69],
  tau_1210 = [1.66],
  tau_131 = [3.07],
  tau_132 = [2.92],
  tau_133 = [3.00],
  tau_134 = [2.87],
  tau_135 = [3.02],
  tau_136 = [3.06],
  tau_137 = [3.01],
  tau_138 = [2.97],
  tau_139 = [2.96],
  tau_1310 = [3.01],
  tau_141 = [2.96],
  tau_142 = [3.10],
  tau_143 = [2.99],
  tau_144 = [3.01],
  tau_145 = [2.95],
  tau_146 = [3.01],
  tau_147 = [3.00],
  tau_148 = [3.13],
  tau_149 = [3.02],
  tau_1410 = [2.99],
  tau_151 = [1.65],
  tau_152 = [1.69],
  tau_153 = [1.68],
  tau_154 = [1.64],
  tau_155 = [1.67],
  tau_156 = [1.70],
  tau_157 = [1.67],
  tau_158 = [1.68],
  tau_159 = [1.69],
  tau_1510 = [1.68],
  tau_161 = [2.93],
  tau_162 = [3.11],
  tau_163 = [3.20],
  tau_164 = [3.07],
  tau_165 = [2.97],
  tau_166 = [3.05],
  tau_167 = [3.03],
  tau_168 = [2.99],
  tau_169 = [3.00],
  tau_1610 = [3.01],
  tau_171 = [1.66],
  tau_172 = [1.67],
  tau_173 = [1.69],
  tau_174 = [1.68],
  tau_175 = [1.71],
  tau_176 = [1.66],
  tau_177 = [1.65],
  tau_178 = [1.68],
  tau_179 = [1.66],
  tau_1710 = [1.69],
  tau_181 = [2.97],
  tau_182 = [3.05],
  tau_183 = [3.02],
  tau_184 = [3.12],
  tau_185 = [3.13],
  tau_186 = [3.02],
  tau_187 = [2.96],
  tau_188 = [2.98],
  tau_189 = [3.00],
  tau_1810 = [3.00],
  tau_191 = [1.67],
  tau_192 = [1.66],
  tau_193 = [1.70],
  tau_194 = [1.69],
  tau_195 = [1.65],
  tau_196 = [1.64],
  tau_197 = [1.65],
  tau_198 = [1.66],
  tau_199 = [1.64],
  tau_1910 = [1.68],
  tau_201 = [1.62],
  tau_202 = [1.67],
  tau_203 = [1.67],
  tau_204 = [1.69],
  tau_205 = [1.67],
  tau_206 = [1.68],
  tau_207 = [1.69],
  tau_208 = [1.66],
  tau_209 = [1.66],
  tau_2010 = [1.66],
]

Epsilon + ¦Ì_{jk} = [
  epsilon_plus_mu_11 = [11.99],
  epsilon_plus_mu_12 = [7.88],
  epsilon_plus_mu_13 = [9.78],
  epsilon_plus_mu_14 = [8.69],
  epsilon_plus_mu_15 = [8.87],
  epsilon_plus_mu_16 = [9.71],
  epsilon_plus_mu_17 = [7.87],
  epsilon_plus_mu_18 = [9.20],
  epsilon_plus_mu_19 = [9.51],
  epsilon_plus_mu_110 = [10.62],
  epsilon_plus_mu_21 = [7.45],
  epsilon_plus_mu_22 = [7.80],
  epsilon_plus_mu_23 = [6.65],
  epsilon_plus_mu_24 = [5.12],
  epsilon_plus_mu_25 = [5.77],
  epsilon_plus_mu_26 = [4.49],
  epsilon_plus_mu_27 = [7.35],
  epsilon_plus_mu_28 = [6.25],
  epsilon_plus_mu_29 = [6.28],
  epsilon_plus_mu_210 = [6.84],
  epsilon_plus_mu_31 = [6.65],
  epsilon_plus_mu_32 = [8.59],
  epsilon_plus_mu_33 = [10.56],
  epsilon_plus_mu_34 = [10.01],
  epsilon_plus_mu_35 = [7.52],
  epsilon_plus_mu_36 = [8.01],
  epsilon_plus_mu_37 = [9.50],
  epsilon_plus_mu_38 = [8.45],
  epsilon_plus_mu_39 = [9.96],
  epsilon_plus_mu_310 = [12.36],
  epsilon_plus_mu_41 = [8.33],
  epsilon_plus_mu_42 = [9.54],
  epsilon_plus_mu_43 = [7.80],
  epsilon_plus_mu_44 = [8.58],
  epsilon_plus_mu_45 = [9.28],
  epsilon_plus_mu_46 = [8.20],
  epsilon_plus_mu_47 = [8.28],
  epsilon_plus_mu_48 = [9.90],
  epsilon_plus_mu_49 = [12.44],
  epsilon_plus_mu_410 = [7.92],
  epsilon_plus_mu_51 = [8.81],
  epsilon_plus_mu_52 = [10.49],
  epsilon_plus_mu_53 = [9.65],
  epsilon_plus_mu_54 = [9.58],
  epsilon_plus_mu_55 = [9.71],
  epsilon_plus_mu_56 = [8.61],
  epsilon_plus_mu_57 = [9.51],
  epsilon_plus_mu_58 = [8.64],
  epsilon_plus_mu_59 = [9.70],
  epsilon_plus_mu_510 = [9.04],
  epsilon_plus_mu_61 = [8.22],
  epsilon_plus_mu_62 = [3.53],
  epsilon_plus_mu_63 = [5.39],
  epsilon_plus_mu_64 = [7.00],
  epsilon_plus_mu_65 = [8.12],
  epsilon_plus_mu_66 = [7.01],
  epsilon_plus_mu_67 = [5.60],
  epsilon_plus_mu_68 = [4.57],
  epsilon_plus_mu_69 = [7.40],
  epsilon_plus_mu_610 = [6.56],
  epsilon_plus_mu_71 = [8.30],
  epsilon_plus_mu_72 = [8.96],
  epsilon_plus_mu_73 = [8.23],
  epsilon_plus_mu_74 = [10.71],
  epsilon_plus_mu_75 = [8.69],
  epsilon_plus_mu_76 = [8.69],
  epsilon_plus_mu_77 = [7.56],
  epsilon_plus_mu_78 = [6.65],
  epsilon_plus_mu_79 = [8.69],
  epsilon_plus_mu_710 = [7.37],
  epsilon_plus_mu_81 = [10.65],
  epsilon_plus_mu_82 = [8.77],
  epsilon_plus_mu_83 = [7.65],
  epsilon_plus_mu_84 = [7.62],
  epsilon_plus_mu_85 = [8.69],
  epsilon_plus_mu_86 = [8.26],
  epsilon_plus_mu_87 = [11.73],
  epsilon_plus_mu_88 = [10.11],
  epsilon_plus_mu_89 = [7.44],
  epsilon_plus_mu_810 = [9.09],
  epsilon_plus_mu_91 = [7.22],
  epsilon_plus_mu_92 = [7.14],
  epsilon_plus_mu_93 = [8.12],
  epsilon_plus_mu_94 = [8.56],
  epsilon_plus_mu_95 = [8.09],
  epsilon_plus_mu_96 = [9.90],
  epsilon_plus_mu_97 = [9.71],
  epsilon_plus_mu_98 = [11.34],
  epsilon_plus_mu_99 = [8.56],
  epsilon_plus_mu_910 = [9.25],
  epsilon_plus_mu_101 = [7.03],
  epsilon_plus_mu_102 = [8.05],
  epsilon_plus_mu_103 = [11.26],
  epsilon_plus_mu_104 = [9.51],
  epsilon_plus_mu_105 = [6.95],
  epsilon_plus_mu_106 = [7.51],
  epsilon_plus_mu_107 = [8.53],
  epsilon_plus_mu_108 = [6.34],
  epsilon_plus_mu_109 = [6.40],
  epsilon_plus_mu_1010 = [7.70],
  epsilon_plus_mu_111 = [7.67],
  epsilon_plus_mu_112 = [6.52],
  epsilon_plus_mu_113 = [9.90],
  epsilon_plus_mu_114 = [10.27],
  epsilon_plus_mu_115 = [5.74],
  epsilon_plus_mu_116 = [8.99],
  epsilon_plus_mu_117 = [7.92],
  epsilon_plus_mu_118 = [9.97],
  epsilon_plus_mu_119 = [8.73],
  epsilon_plus_mu_1110 = [9.97],
  epsilon_plus_mu_121 = [10.32],
  epsilon_plus_mu_122 = [8.65],
  epsilon_plus_mu_123 = [9.04],
  epsilon_plus_mu_124 = [9.05],
  epsilon_plus_mu_125 = [7.83],
  epsilon_plus_mu_126 = [11.20],
  epsilon_plus_mu_127 = [10.42],
  epsilon_plus_mu_128 = [6.81],
  epsilon_plus_mu_129 = [8.16],
  epsilon_plus_mu_1210 = [11.38],
  epsilon_plus_mu_131 = [6.66],
  epsilon_plus_mu_132 = [9.31],
  epsilon_plus_mu_133 = [10.08],
  epsilon_plus_mu_134 = [9.93],
  epsilon_plus_mu_135 = [10.17],
  epsilon_plus_mu_136 = [8.80],
  epsilon_plus_mu_137 = [8.18],
  epsilon_plus_mu_138 = [8.20],
  epsilon_plus_mu_139 = [9.53],
  epsilon_plus_mu_1310 = [8.50],
  epsilon_plus_mu_141 = [9.27],
  epsilon_plus_mu_142 = [9.22],
  epsilon_plus_mu_143 = [7.60],
  epsilon_plus_mu_144 = [8.55],
  epsilon_plus_mu_145 = [10.32],
  epsilon_plus_mu_146 = [9.31],
  epsilon_plus_mu_147 = [9.55],
  epsilon_plus_mu_148 = [8.80],
  epsilon_plus_mu_149 = [9.02],
  epsilon_plus_mu_1410 = [10.94],
  epsilon_plus_mu_151 = [6.98],
  epsilon_plus_mu_152 = [4.59],
  epsilon_plus_mu_153 = [7.04],
  epsilon_plus_mu_154 = [6.68],
  epsilon_plus_mu_155 = [6.54],
  epsilon_plus_mu_156 = [6.33],
  epsilon_plus_mu_157 = [7.87],
  epsilon_plus_mu_158 = [5.01],
  epsilon_plus_mu_159 = [8.47],
  epsilon_plus_mu_1510 = [4.64],
  epsilon_plus_mu_161 = [5.50],
  epsilon_plus_mu_162 = [6.24],
  epsilon_plus_mu_163 = [7.11],
  epsilon_plus_mu_164 = [10.52],
  epsilon_plus_mu_165 = [5.99],
  epsilon_plus_mu_166 = [5.72],
  epsilon_plus_mu_167 = [8.10],
  epsilon_plus_mu_168 = [6.03],
  epsilon_plus_mu_169 = [8.46],
  epsilon_plus_mu_1610 = [8.55],
  epsilon_plus_mu_171 = [12.27],
  epsilon_plus_mu_172 = [7.06],
  epsilon_plus_mu_173 = [10.11],
  epsilon_plus_mu_174 = [9.35],
  epsilon_plus_mu_175 = [8.47],
  epsilon_plus_mu_176 = [8.48],
  epsilon_plus_mu_177 = [8.02],
  epsilon_plus_mu_178 = [9.83],
  epsilon_plus_mu_179 = [8.93],
  epsilon_plus_mu_1710 = [8.54],
  epsilon_plus_mu_181 = [8.59],
  epsilon_plus_mu_182 = [11.70],
  epsilon_plus_mu_183 = [8.56],
  epsilon_plus_mu_184 = [9.21],
  epsilon_plus_mu_185 = [7.44],
  epsilon_plus_mu_186 = [8.59],
  epsilon_plus_mu_187 = [8.42],
  epsilon_plus_mu_188 = [7.86],
  epsilon_plus_mu_189 = [9.71],
  epsilon_plus_mu_1810 = [9.90],
  epsilon_plus_mu_191 = [7.38],
  epsilon_plus_mu_192 = [10.00],
  epsilon_plus_mu_193 = [7.90],
  epsilon_plus_mu_194 = [8.38],
  epsilon_plus_mu_195 = [8.29],
  epsilon_plus_mu_196 = [7.72],
  epsilon_plus_mu_197 = [10.85],
  epsilon_plus_mu_198 = [6.73],
  epsilon_plus_mu_199 = [11.00],
  epsilon_plus_mu_1910 = [7.27],
  epsilon_plus_mu_201 = [9.01],
  epsilon_plus_mu_202 = [7.47],
  epsilon_plus_mu_203 = [10.47],
  epsilon_plus_mu_204 = [9.67],
  epsilon_plus_mu_205 = [7.42],
  epsilon_plus_mu_206 = [7.85],
  epsilon_plus_mu_207 = [9.27],
  epsilon_plus_mu_208 = [8.09],
  epsilon_plus_mu_209 = [7.68],
  epsilon_plus_mu_2010 = [7.04],
]

Epsilon - ¦Ì_{jk} = [
  epsilon_minus_mu_11 = [-4.00],
  epsilon_minus_mu_12 = [-2.63],
  epsilon_minus_mu_13 = [-3.26],
  epsilon_minus_mu_14 = [-2.90],
  epsilon_minus_mu_15 = [-2.96],
  epsilon_minus_mu_16 = [-3.24],
  epsilon_minus_mu_17 = [-2.62],
  epsilon_minus_mu_18 = [-3.07],
  epsilon_minus_mu_19 = [-3.17],
  epsilon_minus_mu_110 = [-3.54],
  epsilon_minus_mu_21 = [-2.48],
  epsilon_minus_mu_22 = [-2.60],
  epsilon_minus_mu_23 = [-2.22],
  epsilon_minus_mu_24 = [-1.71],
  epsilon_minus_mu_25 = [-1.92],
  epsilon_minus_mu_26 = [-1.50],
  epsilon_minus_mu_27 = [-2.45],
  epsilon_minus_mu_28 = [-2.08],
  epsilon_minus_mu_29 = [-2.09],
  epsilon_minus_mu_210 = [-2.28],
  epsilon_minus_mu_31 = [-2.22],
  epsilon_minus_mu_32 = [-2.86],
  epsilon_minus_mu_33 = [-3.52],
  epsilon_minus_mu_34 = [-3.34],
  epsilon_minus_mu_35 = [-2.51],
  epsilon_minus_mu_36 = [-2.67],
  epsilon_minus_mu_37 = [-3.17],
  epsilon_minus_mu_38 = [-2.82],
  epsilon_minus_mu_39 = [-3.32],
  epsilon_minus_mu_310 = [-4.12],
  epsilon_minus_mu_41 = [-2.78],
  epsilon_minus_mu_42 = [-3.18],
  epsilon_minus_mu_43 = [-2.60],
  epsilon_minus_mu_44 = [-2.86],
  epsilon_minus_mu_45 = [-3.09],
  epsilon_minus_mu_46 = [-2.73],
  epsilon_minus_mu_47 = [-2.76],
  epsilon_minus_mu_48 = [-3.30],
  epsilon_minus_mu_49 = [-4.15],
  epsilon_minus_mu_410 = [-2.64],
  epsilon_minus_mu_51 = [-2.94],
  epsilon_minus_mu_52 = [-3.50],
  epsilon_minus_mu_53 = [-3.22],
  epsilon_minus_mu_54 = [-3.19],
  epsilon_minus_mu_55 = [-3.24],
  epsilon_minus_mu_56 = [-2.87],
  epsilon_minus_mu_57 = [-3.17],
  epsilon_minus_mu_58 = [-2.88],
  epsilon_minus_mu_59 = [-3.23],
  epsilon_minus_mu_510 = [-3.01],
  epsilon_minus_mu_61 = [-2.74],
  epsilon_minus_mu_62 = [-1.18],
  epsilon_minus_mu_63 = [-1.80],
  epsilon_minus_mu_64 = [-2.33],
  epsilon_minus_mu_65 = [-2.71],
  epsilon_minus_mu_66 = [-2.34],
  epsilon_minus_mu_67 = [-1.87],
  epsilon_minus_mu_68 = [-1.52],
  epsilon_minus_mu_69 = [-2.47],
  epsilon_minus_mu_610 = [-2.19],
  epsilon_minus_mu_71 = [-2.77],
  epsilon_minus_mu_72 = [-2.99],
  epsilon_minus_mu_73 = [-2.74],
  epsilon_minus_mu_74 = [-3.57],
  epsilon_minus_mu_75 = [-2.90],
  epsilon_minus_mu_76 = [-2.90],
  epsilon_minus_mu_77 = [-2.52],
  epsilon_minus_mu_78 = [-2.22],
  epsilon_minus_mu_79 = [-2.90],
  epsilon_minus_mu_710 = [-2.46],
  epsilon_minus_mu_81 = [-3.55],
  epsilon_minus_mu_82 = [-2.92],
  epsilon_minus_mu_83 = [-2.55],
  epsilon_minus_mu_84 = [-2.54],
  epsilon_minus_mu_85 = [-2.90],
  epsilon_minus_mu_86 = [-2.75],
  epsilon_minus_mu_87 = [-3.91],
  epsilon_minus_mu_88 = [-3.37],
  epsilon_minus_mu_89 = [-2.48],
  epsilon_minus_mu_810 = [-3.03],
  epsilon_minus_mu_91 = [-2.41],
  epsilon_minus_mu_92 = [-2.38],
  epsilon_minus_mu_93 = [-2.71],
  epsilon_minus_mu_94 = [-2.85],
  epsilon_minus_mu_95 = [-2.70],
  epsilon_minus_mu_96 = [-3.30],
  epsilon_minus_mu_97 = [-3.24],
  epsilon_minus_mu_98 = [-3.78],
  epsilon_minus_mu_99 = [-2.85],
  epsilon_minus_mu_910 = [-3.08],
  epsilon_minus_mu_101 = [-2.34],
  epsilon_minus_mu_102 = [-2.68],
  epsilon_minus_mu_103 = [-3.75],
  epsilon_minus_mu_104 = [-3.17],
  epsilon_minus_mu_105 = [-2.32],
  epsilon_minus_mu_106 = [-2.50],
  epsilon_minus_mu_107 = [-2.84],
  epsilon_minus_mu_108 = [-2.11],
  epsilon_minus_mu_109 = [-2.13],
  epsilon_minus_mu_1010 = [-2.57],
  epsilon_minus_mu_111 = [-2.56],
  epsilon_minus_mu_112 = [-2.17],
  epsilon_minus_mu_113 = [-3.30],
  epsilon_minus_mu_114 = [-3.42],
  epsilon_minus_mu_115 = [-1.91],
  epsilon_minus_mu_116 = [-3.00],
  epsilon_minus_mu_117 = [-2.64],
  epsilon_minus_mu_118 = [-3.32],
  epsilon_minus_mu_119 = [-2.91],
  epsilon_minus_mu_1110 = [-3.32],
  epsilon_minus_mu_121 = [-3.44],
  epsilon_minus_mu_122 = [-2.88],
  epsilon_minus_mu_123 = [-3.01],
  epsilon_minus_mu_124 = [-3.02],
  epsilon_minus_mu_125 = [-2.61],
  epsilon_minus_mu_126 = [-3.73],
  epsilon_minus_mu_127 = [-3.47],
  epsilon_minus_mu_128 = [-2.27],
  epsilon_minus_mu_129 = [-2.72],
  epsilon_minus_mu_1210 = [-3.79],
  epsilon_minus_mu_131 = [-2.22],
  epsilon_minus_mu_132 = [-3.10],
  epsilon_minus_mu_133 = [-3.36],
  epsilon_minus_mu_134 = [-3.31],
  epsilon_minus_mu_135 = [-3.39],
  epsilon_minus_mu_136 = [-2.93],
  epsilon_minus_mu_137 = [-2.73],
  epsilon_minus_mu_138 = [-2.73],
  epsilon_minus_mu_139 = [-3.18],
  epsilon_minus_mu_1310 = [-2.83],
  epsilon_minus_mu_141 = [-3.09],
  epsilon_minus_mu_142 = [-3.07],
  epsilon_minus_mu_143 = [-2.53],
  epsilon_minus_mu_144 = [-2.85],
  epsilon_minus_mu_145 = [-3.44],
  epsilon_minus_mu_146 = [-3.10],
  epsilon_minus_mu_147 = [-3.18],
  epsilon_minus_mu_148 = [-2.93],
  epsilon_minus_mu_149 = [-3.01],
  epsilon_minus_mu_1410 = [-3.65],
  epsilon_minus_mu_151 = [-2.33],
  epsilon_minus_mu_152 = [-1.53],
  epsilon_minus_mu_153 = [-2.35],
  epsilon_minus_mu_154 = [-2.23],
  epsilon_minus_mu_155 = [-2.18],
  epsilon_minus_mu_156 = [-2.11],
  epsilon_minus_mu_157 = [-2.62],
  epsilon_minus_mu_158 = [-1.67],
  epsilon_minus_mu_159 = [-2.82],
  epsilon_minus_mu_1510 = [-1.55],
  epsilon_minus_mu_161 = [-1.83],
  epsilon_minus_mu_162 = [-2.08],
  epsilon_minus_mu_163 = [-2.37],
  epsilon_minus_mu_164 = [-3.51],
  epsilon_minus_mu_165 = [-2.00],
  epsilon_minus_mu_166 = [-1.91],
  epsilon_minus_mu_167 = [-2.70],
  epsilon_minus_mu_168 = [-2.01],
  epsilon_minus_mu_169 = [-2.82],
  epsilon_minus_mu_1610 = [-2.85],
  epsilon_minus_mu_171 = [-4.09],
  epsilon_minus_mu_172 = [-2.35],
  epsilon_minus_mu_173 = [-3.37],
  epsilon_minus_mu_174 = [-3.12],
  epsilon_minus_mu_175 = [-2.82],
  epsilon_minus_mu_176 = [-2.83],
  epsilon_minus_mu_177 = [-2.67],
  epsilon_minus_mu_178 = [-3.28],
  epsilon_minus_mu_179 = [-2.98],
  epsilon_minus_mu_1710 = [-2.85],
  epsilon_minus_mu_181 = [-2.86],
  epsilon_minus_mu_182 = [-3.90],
  epsilon_minus_mu_183 = [-2.85],
  epsilon_minus_mu_184 = [-3.07],
  epsilon_minus_mu_185 = [-2.48],
  epsilon_minus_mu_186 = [-2.86],
  epsilon_minus_mu_187 = [-2.81],
  epsilon_minus_mu_188 = [-2.62],
  epsilon_minus_mu_189 = [-3.24],
  epsilon_minus_mu_1810 = [-3.30],
  epsilon_minus_mu_191 = [-2.46],
  epsilon_minus_mu_192 = [-3.33],
  epsilon_minus_mu_193 = [-2.63],
  epsilon_minus_mu_194 = [-2.79],
  epsilon_minus_mu_195 = [-2.76],
  epsilon_minus_mu_196 = [-2.57],
  epsilon_minus_mu_197 = [-3.62],
  epsilon_minus_mu_198 = [-2.24],
  epsilon_minus_mu_199 = [-3.67],
  epsilon_minus_mu_1910 = [-2.42],
  epsilon_minus_mu_201 = [-3.00],
  epsilon_minus_mu_202 = [-2.49],
  epsilon_minus_mu_203 = [-3.49],
  epsilon_minus_mu_204 = [-3.22],
  epsilon_minus_mu_205 = [-2.47],
  epsilon_minus_mu_206 = [-2.62],
  epsilon_minus_mu_207 = [-3.09],
  epsilon_minus_mu_208 = [-2.70],
  epsilon_minus_mu_209 = [-2.56],
  epsilon_minus_mu_2010 = [-2.35],
]

Sigma + ¦Ó_{jk} = [
  sigma_plus_tau_11 = [2.53],
  sigma_plus_tau_12 = [2.48],
  sigma_plus_tau_13 = [2.53],
  sigma_plus_tau_14 = [2.49],
  sigma_plus_tau_15 = [2.51],
  sigma_plus_tau_16 = [2.50],
  sigma_plus_tau_17 = [2.51],
  sigma_plus_tau_18 = [2.52],
  sigma_plus_tau_19 = [2.54],
  sigma_plus_tau_110 = [2.47],
  sigma_plus_tau_21 = [2.51],
  sigma_plus_tau_22 = [2.51],
  sigma_plus_tau_23 = [2.46],
  sigma_plus_tau_24 = [2.46],
  sigma_plus_tau_25 = [2.50],
  sigma_plus_tau_26 = [2.48],
  sigma_plus_tau_27 = [2.49],
  sigma_plus_tau_28 = [2.51],
  sigma_plus_tau_29 = [2.47],
  sigma_plus_tau_210 = [2.50],
  sigma_plus_tau_31 = [2.44],
  sigma_plus_tau_32 = [2.53],
  sigma_plus_tau_33 = [2.55],
  sigma_plus_tau_34 = [2.49],
  sigma_plus_tau_35 = [2.49],
  sigma_plus_tau_36 = [2.50],
  sigma_plus_tau_37 = [2.49],
  sigma_plus_tau_38 = [2.46],
  sigma_plus_tau_39 = [2.52],
  sigma_plus_tau_310 = [2.51],
  sigma_plus_tau_41 = [4.65],
  sigma_plus_tau_42 = [4.61],
  sigma_plus_tau_43 = [4.36],
  sigma_plus_tau_44 = [4.48],
  sigma_plus_tau_45 = [4.53],
  sigma_plus_tau_46 = [4.59],
  sigma_plus_tau_47 = [4.63],
  sigma_plus_tau_48 = [4.51],
  sigma_plus_tau_49 = [4.55],
  sigma_plus_tau_410 = [4.54],
  sigma_plus_tau_51 = [4.67],
  sigma_plus_tau_52 = [4.47],
  sigma_plus_tau_53 = [4.48],
  sigma_plus_tau_54 = [4.61],
  sigma_plus_tau_55 = [4.53],
  sigma_plus_tau_56 = [4.51],
  sigma_plus_tau_57 = [4.45],
  sigma_plus_tau_58 = [4.54],
  sigma_plus_tau_59 = [4.50],
  sigma_plus_tau_510 = [4.81],
  sigma_plus_tau_61 = [2.47],
  sigma_plus_tau_62 = [2.48],
  sigma_plus_tau_63 = [2.54],
  sigma_plus_tau_64 = [2.52],
  sigma_plus_tau_65 = [2.49],
  sigma_plus_tau_66 = [2.45],
  sigma_plus_tau_67 = [2.48],
  sigma_plus_tau_68 = [2.49],
  sigma_plus_tau_69 = [2.51],
  sigma_plus_tau_610 = [2.46],
  sigma_plus_tau_71 = [2.52],
  sigma_plus_tau_72 = [2.53],
  sigma_plus_tau_73 = [2.50],
  sigma_plus_tau_74 = [2.46],
  sigma_plus_tau_75 = [2.51],
  sigma_plus_tau_76 = [2.48],
  sigma_plus_tau_77 = [2.51],
  sigma_plus_tau_78 = [2.48],
  sigma_plus_tau_79 = [2.44],
  sigma_plus_tau_710 = [2.46],
  sigma_plus_tau_81 = [4.58],
  sigma_plus_tau_82 = [4.47],
  sigma_plus_tau_83 = [4.56],
  sigma_plus_tau_84 = [4.57],
  sigma_plus_tau_85 = [4.67],
  sigma_plus_tau_86 = [4.44],
  sigma_plus_tau_87 = [4.50],
  sigma_plus_tau_88 = [4.42],
  sigma_plus_tau_89 = [4.52],
  sigma_plus_tau_810 = [4.51],
  sigma_plus_tau_91 = [2.47],
  sigma_plus_tau_92 = [2.47],
  sigma_plus_tau_93 = [2.44],
  sigma_plus_tau_94 = [2.49],
  sigma_plus_tau_95 = [2.49],
  sigma_plus_tau_96 = [2.47],
  sigma_plus_tau_97 = [2.48],
  sigma_plus_tau_98 = [2.43],
  sigma_plus_tau_99 = [2.47],
  sigma_plus_tau_910 = [2.53],
  sigma_plus_tau_101 = [2.50],
  sigma_plus_tau_102 = [2.50],
  sigma_plus_tau_103 = [2.51],
  sigma_plus_tau_104 = [2.48],
  sigma_plus_tau_105 = [2.49],
  sigma_plus_tau_106 = [2.53],
  sigma_plus_tau_107 = [2.48],
  sigma_plus_tau_108 = [2.48],
  sigma_plus_tau_109 = [2.45],
  sigma_plus_tau_1010 = [2.55],
  sigma_plus_tau_111 = [4.52],
  sigma_plus_tau_112 = [4.63],
  sigma_plus_tau_113 = [4.37],
  sigma_plus_tau_114 = [4.48],
  sigma_plus_tau_115 = [4.71],
  sigma_plus_tau_116 = [4.39],
  sigma_plus_tau_117 = [4.38],
  sigma_plus_tau_118 = [4.42],
  sigma_plus_tau_119 = [4.50],
  sigma_plus_tau_1110 = [4.50],
  sigma_plus_tau_121 = [2.51],
  sigma_plus_tau_122 = [2.54],
  sigma_plus_tau_123 = [2.50],
  sigma_plus_tau_124 = [2.48],
  sigma_plus_tau_125 = [2.50],
  sigma_plus_tau_126 = [2.53],
  sigma_plus_tau_127 = [2.47],
  sigma_plus_tau_128 = [2.46],
  sigma_plus_tau_129 = [2.54],
  sigma_plus_tau_1210 = [2.49],
  sigma_plus_tau_131 = [4.61],
  sigma_plus_tau_132 = [4.38],
  sigma_plus_tau_133 = [4.49],
  sigma_plus_tau_134 = [4.31],
  sigma_plus_tau_135 = [4.54],
  sigma_plus_tau_136 = [4.58],
  sigma_plus_tau_137 = [4.52],
  sigma_plus_tau_138 = [4.45],
  sigma_plus_tau_139 = [4.44],
  sigma_plus_tau_1310 = [4.51],
  sigma_plus_tau_141 = [4.44],
  sigma_plus_tau_142 = [4.65],
  sigma_plus_tau_143 = [4.49],
  sigma_plus_tau_144 = [4.52],
  sigma_plus_tau_145 = [4.43],
  sigma_plus_tau_146 = [4.51],
  sigma_plus_tau_147 = [4.50],
  sigma_plus_tau_148 = [4.70],
  sigma_plus_tau_149 = [4.53],
  sigma_plus_tau_1410 = [4.49],
  sigma_plus_tau_151 = [2.47],
  sigma_plus_tau_152 = [2.54],
  sigma_plus_tau_153 = [2.52],
  sigma_plus_tau_154 = [2.47],
  sigma_plus_tau_155 = [2.51],
  sigma_plus_tau_156 = [2.54],
  sigma_plus_tau_157 = [2.50],
  sigma_plus_tau_158 = [2.52],
  sigma_plus_tau_159 = [2.54],
  sigma_plus_tau_1510 = [2.52],
  sigma_plus_tau_161 = [4.39],
  sigma_plus_tau_162 = [4.67],
  sigma_plus_tau_163 = [4.80],
  sigma_plus_tau_164 = [4.60],
  sigma_plus_tau_165 = [4.46],
  sigma_plus_tau_166 = [4.58],
  sigma_plus_tau_167 = [4.55],
  sigma_plus_tau_168 = [4.49],
  sigma_plus_tau_169 = [4.50],
  sigma_plus_tau_1610 = [4.51],
  sigma_plus_tau_171 = [2.49],
  sigma_plus_tau_172 = [2.51],
  sigma_plus_tau_173 = [2.53],
  sigma_plus_tau_174 = [2.52],
  sigma_plus_tau_175 = [2.56],
  sigma_plus_tau_176 = [2.49],
  sigma_plus_tau_177 = [2.47],
  sigma_plus_tau_178 = [2.52],
  sigma_plus_tau_179 = [2.50],
  sigma_plus_tau_1710 = [2.54],
  sigma_plus_tau_181 = [4.45],
  sigma_plus_tau_182 = [4.57],
  sigma_plus_tau_183 = [4.54],
  sigma_plus_tau_184 = [4.67],
  sigma_plus_tau_185 = [4.69],
  sigma_plus_tau_186 = [4.52],
  sigma_plus_tau_187 = [4.43],
  sigma_plus_tau_188 = [4.47],
  sigma_plus_tau_189 = [4.49],
  sigma_plus_tau_1810 = [4.50],
  sigma_plus_tau_191 = [2.51],
  sigma_plus_tau_192 = [2.49],
  sigma_plus_tau_193 = [2.54],
  sigma_plus_tau_194 = [2.53],
  sigma_plus_tau_195 = [2.47],
  sigma_plus_tau_196 = [2.46],
  sigma_plus_tau_197 = [2.48],
  sigma_plus_tau_198 = [2.49],
  sigma_plus_tau_199 = [2.46],
  sigma_plus_tau_1910 = [2.51],
  sigma_plus_tau_201 = [2.43],
  sigma_plus_tau_202 = [2.51],
  sigma_plus_tau_203 = [2.51],
  sigma_plus_tau_204 = [2.54],
  sigma_plus_tau_205 = [2.50],
  sigma_plus_tau_206 = [2.52],
  sigma_plus_tau_207 = [2.53],
  sigma_plus_tau_208 = [2.50],
  sigma_plus_tau_209 = [2.49],
  sigma_plus_tau_2010 = [2.49],
]

Sigma - ¦Ó_{jk} = [
  sigma_minus_tau_11 = [-0.84],
  sigma_minus_tau_12 = [-0.83],
  sigma_minus_tau_13 = [-0.84],
  sigma_minus_tau_14 = [-0.83],
  sigma_minus_tau_15 = [-0.84],
  sigma_minus_tau_16 = [-0.83],
  sigma_minus_tau_17 = [-0.84],
  sigma_minus_tau_18 = [-0.84],
  sigma_minus_tau_19 = [-0.85],
  sigma_minus_tau_110 = [-0.82],
  sigma_minus_tau_21 = [-0.84],
  sigma_minus_tau_22 = [-0.84],
  sigma_minus_tau_23 = [-0.82],
  sigma_minus_tau_24 = [-0.82],
  sigma_minus_tau_25 = [-0.83],
  sigma_minus_tau_26 = [-0.83],
  sigma_minus_tau_27 = [-0.83],
  sigma_minus_tau_28 = [-0.84],
  sigma_minus_tau_29 = [-0.82],
  sigma_minus_tau_210 = [-0.83],
  sigma_minus_tau_31 = [-0.81],
  sigma_minus_tau_32 = [-0.84],
  sigma_minus_tau_33 = [-0.85],
  sigma_minus_tau_34 = [-0.83],
  sigma_minus_tau_35 = [-0.83],
  sigma_minus_tau_36 = [-0.83],
  sigma_minus_tau_37 = [-0.83],
  sigma_minus_tau_38 = [-0.82],
  sigma_minus_tau_39 = [-0.84],
  sigma_minus_tau_310 = [-0.84],
  sigma_minus_tau_41 = [-1.55],
  sigma_minus_tau_42 = [-1.54],
  sigma_minus_tau_43 = [-1.45],
  sigma_minus_tau_44 = [-1.49],
  sigma_minus_tau_45 = [-1.51],
  sigma_minus_tau_46 = [-1.53],
  sigma_minus_tau_47 = [-1.54],
  sigma_minus_tau_48 = [-1.50],
  sigma_minus_tau_49 = [-1.52],
  sigma_minus_tau_410 = [-1.51],
  sigma_minus_tau_51 = [-1.56],
  sigma_minus_tau_52 = [-1.49],
  sigma_minus_tau_53 = [-1.49],
  sigma_minus_tau_54 = [-1.54],
  sigma_minus_tau_55 = [-1.51],
  sigma_minus_tau_56 = [-1.50],
  sigma_minus_tau_57 = [-1.48],
  sigma_minus_tau_58 = [-1.51],
  sigma_minus_tau_59 = [-1.50],
  sigma_minus_tau_510 = [-1.60],
  sigma_minus_tau_61 = [-0.82],
  sigma_minus_tau_62 = [-0.83],
  sigma_minus_tau_63 = [-0.85],
  sigma_minus_tau_64 = [-0.84],
  sigma_minus_tau_65 = [-0.83],
  sigma_minus_tau_66 = [-0.82],
  sigma_minus_tau_67 = [-0.83],
  sigma_minus_tau_68 = [-0.83],
  sigma_minus_tau_69 = [-0.84],
  sigma_minus_tau_610 = [-0.82],
  sigma_minus_tau_71 = [-0.84],
  sigma_minus_tau_72 = [-0.84],
  sigma_minus_tau_73 = [-0.83],
  sigma_minus_tau_74 = [-0.82],
  sigma_minus_tau_75 = [-0.84],
  sigma_minus_tau_76 = [-0.83],
  sigma_minus_tau_77 = [-0.84],
  sigma_minus_tau_78 = [-0.83],
  sigma_minus_tau_79 = [-0.81],
  sigma_minus_tau_710 = [-0.82],
  sigma_minus_tau_81 = [-1.53],
  sigma_minus_tau_82 = [-1.49],
  sigma_minus_tau_83 = [-1.52],
  sigma_minus_tau_84 = [-1.52],
  sigma_minus_tau_85 = [-1.56],
  sigma_minus_tau_86 = [-1.48],
  sigma_minus_tau_87 = [-1.50],
  sigma_minus_tau_88 = [-1.47],
  sigma_minus_tau_89 = [-1.51],
  sigma_minus_tau_810 = [-1.50],
  sigma_minus_tau_91 = [-0.82],
  sigma_minus_tau_92 = [-0.82],
  sigma_minus_tau_93 = [-0.81],
  sigma_minus_tau_94 = [-0.83],
  sigma_minus_tau_95 = [-0.83],
  sigma_minus_tau_96 = [-0.82],
  sigma_minus_tau_97 = [-0.83],
  sigma_minus_tau_98 = [-0.81],
  sigma_minus_tau_99 = [-0.82],
  sigma_minus_tau_910 = [-0.84],
  sigma_minus_tau_101 = [-0.83],
  sigma_minus_tau_102 = [-0.83],
  sigma_minus_tau_103 = [-0.84],
  sigma_minus_tau_104 = [-0.83],
  sigma_minus_tau_105 = [-0.83],
  sigma_minus_tau_106 = [-0.84],
  sigma_minus_tau_107 = [-0.83],
  sigma_minus_tau_108 = [-0.83],
  sigma_minus_tau_109 = [-0.82],
  sigma_minus_tau_1010 = [-0.85],
  sigma_minus_tau_111 = [-1.51],
  sigma_minus_tau_112 = [-1.54],
  sigma_minus_tau_113 = [-1.46],
  sigma_minus_tau_114 = [-1.49],
  sigma_minus_tau_115 = [-1.57],
  sigma_minus_tau_116 = [-1.46],
  sigma_minus_tau_117 = [-1.46],
  sigma_minus_tau_118 = [-1.47],
  sigma_minus_tau_119 = [-1.50],
  sigma_minus_tau_1110 = [-1.50],
  sigma_minus_tau_121 = [-0.84],
  sigma_minus_tau_122 = [-0.85],
  sigma_minus_tau_123 = [-0.83],
  sigma_minus_tau_124 = [-0.83],
  sigma_minus_tau_125 = [-0.83],
  sigma_minus_tau_126 = [-0.84],
  sigma_minus_tau_127 = [-0.82],
  sigma_minus_tau_128 = [-0.82],
  sigma_minus_tau_129 = [-0.85],
  sigma_minus_tau_1210 = [-0.83],
  sigma_minus_tau_131 = [-1.54],
  sigma_minus_tau_132 = [-1.46],
  sigma_minus_tau_133 = [-1.50],
  sigma_minus_tau_134 = [-1.44],
  sigma_minus_tau_135 = [-1.51],
  sigma_minus_tau_136 = [-1.53],
  sigma_minus_tau_137 = [-1.51],
  sigma_minus_tau_138 = [-1.48],
  sigma_minus_tau_139 = [-1.48],
  sigma_minus_tau_1310 = [-1.50],
  sigma_minus_tau_141 = [-1.48],
  sigma_minus_tau_142 = [-1.55],
  sigma_minus_tau_143 = [-1.50],
  sigma_minus_tau_144 = [-1.51],
  sigma_minus_tau_145 = [-1.48],
  sigma_minus_tau_146 = [-1.50],
  sigma_minus_tau_147 = [-1.50],
  sigma_minus_tau_148 = [-1.57],
  sigma_minus_tau_149 = [-1.51],
  sigma_minus_tau_1410 = [-1.50],
  sigma_minus_tau_151 = [-0.82],
  sigma_minus_tau_152 = [-0.85],
  sigma_minus_tau_153 = [-0.84],
  sigma_minus_tau_154 = [-0.82],
  sigma_minus_tau_155 = [-0.84],
  sigma_minus_tau_156 = [-0.85],
  sigma_minus_tau_157 = [-0.83],
  sigma_minus_tau_158 = [-0.84],
  sigma_minus_tau_159 = [-0.85],
  sigma_minus_tau_1510 = [-0.84],
  sigma_minus_tau_161 = [-1.46],
  sigma_minus_tau_162 = [-1.56],
  sigma_minus_tau_163 = [-1.60],
  sigma_minus_tau_164 = [-1.53],
  sigma_minus_tau_165 = [-1.49],
  sigma_minus_tau_166 = [-1.53],
  sigma_minus_tau_167 = [-1.52],
  sigma_minus_tau_168 = [-1.50],
  sigma_minus_tau_169 = [-1.50],
  sigma_minus_tau_1610 = [-1.50],
  sigma_minus_tau_171 = [-0.83],
  sigma_minus_tau_172 = [-0.84],
  sigma_minus_tau_173 = [-0.84],
  sigma_minus_tau_174 = [-0.84],
  sigma_minus_tau_175 = [-0.85],
  sigma_minus_tau_176 = [-0.83],
  sigma_minus_tau_177 = [-0.82],
  sigma_minus_tau_178 = [-0.84],
  sigma_minus_tau_179 = [-0.83],
  sigma_minus_tau_1710 = [-0.85],
  sigma_minus_tau_181 = [-1.48],
  sigma_minus_tau_182 = [-1.52],
  sigma_minus_tau_183 = [-1.51],
  sigma_minus_tau_184 = [-1.56],
  sigma_minus_tau_185 = [-1.56],
  sigma_minus_tau_186 = [-1.51],
  sigma_minus_tau_187 = [-1.48],
  sigma_minus_tau_188 = [-1.49],
  sigma_minus_tau_189 = [-1.50],
  sigma_minus_tau_1810 = [-1.50],
  sigma_minus_tau_191 = [-0.84],
  sigma_minus_tau_192 = [-0.83],
  sigma_minus_tau_193 = [-0.85],
  sigma_minus_tau_194 = [-0.84],
  sigma_minus_tau_195 = [-0.82],
  sigma_minus_tau_196 = [-0.82],
  sigma_minus_tau_197 = [-0.83],
  sigma_minus_tau_198 = [-0.83],
  sigma_minus_tau_199 = [-0.82],
  sigma_minus_tau_1910 = [-0.84],
  sigma_minus_tau_201 = [-0.81],
  sigma_minus_tau_202 = [-0.84],
  sigma_minus_tau_203 = [-0.84],
  sigma_minus_tau_204 = [-0.85],
  sigma_minus_tau_205 = [-0.83],
  sigma_minus_tau_206 = [-0.84],
  sigma_minus_tau_207 = [-0.84],
  sigma_minus_tau_208 = [-0.83],
  sigma_minus_tau_209 = [-0.83],
  sigma_minus_tau_2010 = [-0.83],
]

Probabilities (p_s) = [
0.05, 0.05, 0.05, 0.05, 0.05, 0.05, 0.05, 0.05, 0.05, 0.05, 0.05, 0.05, 0.05, 0.05, 0.05, 0.05, 0.05, 0.05, 0.05, 0.05
]

c_bar = 5.62
