Jobs = 20
Machines = 5
Scenarios = 20

Ready Times (rj) = [
0.00, 0.00, 0.00, 0.00, 0.00, 0.00, 0.00, 0.00, 0.00, 0.00, 0.00, 0.00, 0.00, 0.00, 0.00, 0.00, 0.00, 0.00, 0.00, 0.00
]

Transportation Times (tjk^s) = [
  tjk_11 = [4.09, 1.00, 5.00, 1.00, 2.72, 5.00, 1.00, 4.27, 1.00, 4.71, 5.00, 1.00, 1.00, 5.00, 5.00, 5.00, 5.00, 1.00, 1.00, 5.00],
  tjk_12 = [3.74, 5.00, 5.00, 1.00, 5.00, 5.00, 2.95, 1.00, 1.00, 5.00, 1.00, 1.00, 5.00, 5.00, 2.68, 4.36, 1.00, 4.61, 1.00, 1.00],
  tjk_13 = [1.00, 1.00, 5.00, 3.26, 5.00, 5.00, 1.59, 5.00, 1.00, 1.00, 5.00, 5.00, 1.00, 1.00, 5.00, 1.00, 3.94, 5.00, 5.00, 1.00],
  tjk_14 = [1.00, 5.00, 4.85, 5.00, 5.00, 2.21, 1.00, 5.00, 5.00, 5.00, 1.67, 1.00, 1.00, 5.00, 1.00, 5.00, 5.00, 2.14, 1.00, 1.70],
  tjk_15 = [5.00, 3.88, 1.00, 2.67, 2.06, 4.61, 5.00, 3.37, 1.00, 5.00, 5.00, 3.78, 5.00, 5.00, 1.34, 5.00, 5.00, 1.00, 5.00, 1.00],
  tjk_21 = [1.00, 1.00, 2.84, 5.00, 1.00, 4.51, 5.00, 1.00, 5.00, 1.00, 5.00, 5.00, 2.15, 1.00, 1.00, 5.00, 2.91, 5.00, 5.00, 5.00],
  tjk_22 = [5.00, 1.00, 1.00, 4.01, 2.89, 5.00, 1.00, 1.00, 5.00, 1.00, 3.02, 4.92, 1.00, 1.00, 5.00, 4.43, 5.00, 1.51, 1.00, 5.00],
  tjk_23 = [1.00, 1.00, 1.10, 2.45, 5.00, 1.00, 5.00, 5.00, 1.00, 1.00, 5.00, 1.00, 5.00, 1.00, 2.93, 1.00, 5.00, 1.00, 4.22, 5.00],
  tjk_24 = [1.00, 5.00, 1.00, 1.00, 5.00, 1.00, 5.00, 3.02, 1.00, 1.00, 1.00, 1.00, 1.47, 1.00, 5.00, 5.00, 4.67, 5.00, 1.00, 1.00],
  tjk_25 = [1.05, 2.59, 5.00, 1.00, 1.00, 5.00, 2.38, 5.00, 2.57, 5.00, 3.33, 5.00, 5.00, 1.00, 1.00, 1.00, 1.00, 4.82, 4.74, 5.00],
  tjk_31 = [5.00, 1.00, 5.00, 1.00, 1.00, 5.00, 3.96, 1.00, 1.00, 1.00, 5.00, 5.00, 5.00, 5.00, 5.00, 1.00, 5.00, 5.00, 5.00, 1.00],
  tjk_32 = [5.00, 5.00, 5.00, 1.00, 1.00, 5.00, 1.00, 1.00, 1.00, 1.00, 1.00, 1.00, 3.43, 1.00, 5.00, 5.00, 5.00, 1.00, 5.00, 5.00],
  tjk_33 = [5.00, 4.70, 1.00, 5.00, 2.93, 5.00, 1.00, 5.00, 3.93, 1.00, 5.00, 1.00, 1.00, 5.00, 5.00, 1.00, 5.00, 4.94, 5.00, 5.00],
  tjk_34 = [1.62, 1.00, 5.00, 5.00, 5.00, 3.31, 1.00, 1.00, 5.00, 1.00, 5.00, 1.00, 1.00, 4.87, 2.25, 5.00, 5.00, 5.00, 5.00, 5.00],
  tjk_35 = [5.00, 5.00, 1.82, 2.20, 5.00, 5.00, 1.00, 1.00, 5.00, 5.00, 1.00, 4.78, 1.00, 2.83, 1.00, 1.00, 3.23, 1.00, 1.00, 1.00],
  tjk_41 = [3.32, 1.00, 4.20, 1.00, 1.00, 1.00, 1.23, 1.53, 1.00, 1.00, 3.25, 1.00, 5.00, 5.00, 1.00, 1.00, 2.10, 1.00, 3.32, 2.34],
  tjk_42 = [1.00, 1.89, 1.00, 1.00, 1.00, 1.00, 1.00, 5.00, 1.00, 3.53, 1.00, 1.00, 1.85, 1.00, 1.00, 1.00, 1.00, 1.58, 1.00, 1.00],
  tjk_43 = [1.00, 4.29, 1.00, 3.17, 1.00, 5.00, 1.42, 1.15, 1.00, 1.00, 5.00, 1.75, 4.34, 1.00, 3.10, 3.91, 2.09, 1.00, 1.00, 3.63],
  tjk_44 = [1.00, 1.73, 5.00, 3.97, 3.07, 1.00, 1.03, 3.07, 5.00, 1.52, 1.00, 1.20, 2.28, 5.00, 1.00, 5.00, 4.48, 1.00, 2.51, 5.00],
  tjk_45 = [3.09, 4.71, 1.00, 1.00, 3.29, 5.00, 1.00, 1.00, 2.22, 2.68, 5.00, 4.51, 5.00, 1.41, 1.00, 1.00, 1.00, 1.00, 5.00, 1.91],
  tjk_51 = [1.00, 1.79, 5.00, 5.00, 1.27, 5.00, 1.56, 5.00, 5.00, 5.00, 1.19, 1.00, 5.00, 5.00, 1.00, 1.00, 5.00, 5.00, 1.00, 1.00],
  tjk_52 = [1.00, 5.00, 1.00, 1.00, 1.00, 2.24, 5.00, 5.00, 5.00, 1.00, 1.00, 5.00, 1.00, 5.00, 5.00, 5.00, 1.00, 4.69, 5.00, 5.00],
  tjk_53 = [1.00, 1.00, 3.33, 1.00, 1.42, 5.00, 4.21, 1.00, 5.00, 1.00, 1.00, 1.00, 5.00, 1.00, 5.00, 5.00, 5.00, 5.00, 2.98, 1.00],
  tjk_54 = [2.39, 1.00, 5.00, 5.00, 5.00, 2.85, 5.00, 5.00, 5.00, 1.00, 5.00, 5.00, 1.00, 5.00, 5.00, 5.00, 5.00, 1.23, 5.00, 1.00],
  tjk_55 = [1.00, 1.00, 1.00, 3.39, 5.00, 5.00, 4.43, 5.00, 5.00, 1.00, 1.00, 1.00, 5.00, 1.00, 4.96, 1.00, 2.53, 5.00, 5.00, 1.00],
  tjk_61 = [1.64, 5.00, 1.82, 5.00, 1.00, 3.88, 3.40, 5.00, 5.00, 2.39, 5.00, 1.00, 5.00, 4.33, 1.00, 3.72, 2.92, 5.00, 1.00, 1.29],
  tjk_62 = [3.78, 2.96, 2.66, 1.65, 4.10, 5.00, 1.00, 5.00, 4.15, 1.00, 4.89, 1.00, 2.67, 3.68, 1.20, 1.00, 2.70, 1.00, 5.00, 1.00],
  tjk_63 = [5.00, 3.65, 1.00, 1.00, 1.00, 5.00, 1.00, 2.37, 1.00, 1.00, 1.61, 5.00, 1.00, 1.12, 5.00, 5.00, 1.00, 1.00, 1.00, 1.00],
  tjk_64 = [1.00, 1.00, 1.00, 2.13, 5.00, 1.00, 2.19, 4.43, 1.00, 1.56, 1.00, 4.10, 1.00, 1.00, 1.00, 1.00, 5.00, 5.00, 3.46, 1.00],
  tjk_65 = [1.83, 5.00, 5.00, 1.00, 2.96, 5.00, 1.00, 1.00, 4.76, 5.00, 3.10, 5.00, 1.32, 1.00, 3.50, 1.00, 2.62, 3.23, 3.64, 1.50],
  tjk_71 = [1.00, 5.00, 3.20, 5.00, 5.00, 1.00, 1.92, 1.00, 3.53, 1.00, 5.00, 1.00, 1.00, 1.00, 1.00, 1.00, 1.00, 5.00, 2.35, 5.00],
  tjk_72 = [5.00, 5.00, 5.00, 3.02, 5.00, 5.00, 5.00, 5.00, 2.01, 4.58, 1.86, 1.00, 5.00, 5.00, 5.00, 5.00, 1.00, 5.00, 1.00, 5.00],
  tjk_73 = [5.00, 5.00, 5.00, 5.00, 1.34, 5.00, 5.00, 1.00, 3.51, 1.00, 5.00, 5.00, 1.00, 5.00, 1.00, 5.00, 5.00, 5.00, 5.00, 1.58],
  tjk_74 = [5.00, 5.00, 2.12, 3.70, 5.00, 5.00, 5.00, 5.00, 1.00, 1.00, 3.02, 1.00, 1.00, 5.00, 1.22, 5.00, 1.00, 5.00, 1.00, 3.68],
  tjk_75 = [5.00, 5.00, 1.00, 5.00, 5.00, 5.00, 5.00, 5.00, 5.00, 5.00, 4.48, 4.49, 5.00, 5.00, 1.00, 5.00, 5.00, 1.00, 5.00, 5.00],
  tjk_81 = [5.00, 5.00, 3.03, 5.00, 5.00, 1.00, 5.00, 1.51, 1.00, 1.00, 1.41, 1.00, 1.17, 1.00, 3.06, 5.00, 5.00, 3.73, 1.00, 1.00],
  tjk_82 = [1.00, 4.86, 1.80, 3.47, 4.48, 1.00, 1.00, 3.98, 1.64, 1.00, 1.00, 1.00, 5.00, 4.72, 5.00, 1.00, 1.00, 1.77, 5.00, 1.00],
  tjk_83 = [5.00, 1.00, 5.00, 4.66, 4.11, 1.00, 5.00, 5.00, 4.91, 1.26, 1.25, 4.43, 1.53, 4.66, 5.00, 5.00, 5.00, 5.00, 1.76, 5.00],
  tjk_84 = [1.00, 1.06, 1.00, 4.89, 1.00, 1.00, 5.00, 1.00, 2.24, 1.00, 5.00, 4.96, 5.00, 1.00, 1.50, 5.00, 5.00, 1.00, 4.74, 2.00],
  tjk_85 = [4.80, 1.00, 4.18, 5.00, 3.03, 1.00, 5.00, 1.00, 5.00, 4.95, 1.00, 3.16, 1.00, 5.00, 5.00, 5.00, 5.00, 3.91, 4.86, 3.22],
  tjk_91 = [1.00, 1.15, 5.00, 3.63, 1.06, 5.00, 3.85, 5.00, 5.00, 5.00, 1.35, 1.00, 1.00, 4.06, 2.90, 1.00, 3.21, 2.27, 5.00, 1.00],
  tjk_92 = [5.00, 1.00, 1.00, 1.00, 4.93, 1.00, 5.00, 5.00, 3.28, 1.00, 1.00, 5.00, 5.00, 2.10, 1.00, 1.45, 1.00, 1.57, 2.31, 1.00],
  tjk_93 = [1.00, 5.00, 1.00, 1.00, 1.00, 1.00, 2.20, 1.14, 1.23, 5.00, 1.00, 2.38, 3.47, 1.00, 1.17, 4.94, 2.80, 5.00, 5.00, 1.00],
  tjk_94 = [1.00, 1.00, 2.12, 1.00, 1.00, 1.00, 1.00, 5.00, 5.00, 1.00, 1.00, 1.00, 5.00, 1.00, 1.00, 1.00, 1.62, 1.58, 1.00, 5.00],
  tjk_95 = [3.15, 3.50, 1.00, 4.14, 4.82, 1.00, 1.00, 1.00, 1.00, 1.00, 5.00, 5.00, 4.91, 4.45, 2.44, 5.00, 1.00, 1.89, 5.00, 5.00],
  tjk_101 = [4.54, 1.00, 5.00, 1.00, 4.21, 2.31, 4.67, 5.00, 1.76, 1.00, 1.00, 2.51, 5.00, 4.29, 3.26, 1.27, 4.02, 1.00, 1.00, 3.90],
  tjk_102 = [1.00, 1.00, 5.00, 1.77, 1.00, 3.66, 5.00, 1.00, 4.13, 5.00, 3.01, 1.00, 1.01, 2.42, 1.00, 4.12, 2.28, 5.00, 1.00, 1.00],
  tjk_103 = [1.00, 1.00, 1.00, 4.89, 1.00, 1.21, 1.00, 1.00, 4.38, 1.00, 5.00, 2.95, 2.44, 5.00, 1.00, 1.00, 4.59, 5.00, 2.52, 5.00],
  tjk_104 = [5.00, 4.17, 1.00, 1.00, 1.00, 1.00, 1.00, 1.00, 1.00, 1.00, 3.85, 1.00, 5.00, 1.00, 1.00, 5.00, 1.00, 1.00, 1.00, 1.00],
  tjk_105 = [2.48, 5.00, 2.26, 5.00, 1.00, 1.78, 1.00, 1.00, 2.43, 3.75, 1.00, 5.00, 3.60, 1.00, 5.00, 1.00, 1.00, 2.11, 5.00, 1.00],
  tjk_111 = [1.00, 1.00, 1.00, 1.00, 5.00, 5.00, 3.92, 5.00, 5.00, 5.00, 5.00, 5.00, 5.00, 5.00, 1.00, 4.11, 1.00, 5.00, 5.00, 5.00],
  tjk_112 = [5.00, 2.98, 5.00, 1.00, 5.00, 5.00, 1.00, 1.00, 1.56, 1.53, 5.00, 5.00, 5.00, 3.76, 5.00, 5.00, 5.00, 5.00, 4.26, 5.00],
  tjk_113 = [1.00, 5.00, 5.00, 5.00, 1.00, 5.00, 1.00, 5.00, 4.05, 5.00, 1.00, 1.77, 5.00, 2.90, 1.00, 1.00, 5.00, 1.00, 5.00, 1.00],
  tjk_114 = [5.00, 1.00, 3.44, 1.00, 1.00, 1.00, 5.00, 1.00, 5.00, 5.00, 1.56, 1.00, 1.00, 1.00, 2.49, 5.00, 1.00, 5.00, 4.12, 1.00],
  tjk_115 = [5.00, 1.00, 4.75, 1.00, 5.00, 1.00, 1.00, 1.00, 1.00, 2.05, 4.77, 1.00, 5.00, 5.00, 1.00, 1.00, 5.00, 5.00, 5.00, 3.48],
  tjk_121 = [1.00, 4.85, 1.00, 5.00, 3.96, 4.82, 3.11, 1.00, 1.00, 5.00, 1.00, 1.00, 3.47, 5.00, 2.80, 1.00, 5.00, 3.93, 1.00, 1.00],
  tjk_122 = [1.00, 2.10, 1.00, 1.00, 4.74, 4.14, 1.00, 1.00, 1.00, 1.00, 1.00, 2.31, 5.00, 1.00, 2.03, 1.00, 1.00, 1.00, 1.00, 1.70],
  tjk_123 = [1.92, 5.00, 1.00, 3.57, 1.45, 2.36, 1.00, 1.00, 1.57, 3.82, 4.21, 5.00, 3.29, 3.11, 1.00, 1.00, 3.73, 1.00, 1.06, 1.00],
  tjk_124 = [1.00, 1.00, 1.00, 2.72, 1.00, 1.00, 2.63, 1.00, 1.00, 5.00, 5.00, 3.24, 4.86, 1.55, 1.00, 3.17, 1.80, 5.00, 5.00, 1.00],
  tjk_125 = [1.56, 1.80, 1.01, 1.54, 1.00, 5.00, 4.66, 1.00, 1.71, 5.00, 1.00, 1.00, 1.00, 1.00, 1.00, 4.37, 3.33, 1.00, 1.00, 1.00],
  tjk_131 = [5.00, 1.00, 5.00, 5.00, 5.00, 5.00, 5.00, 5.00, 2.91, 1.00, 1.63, 5.00, 5.00, 5.00, 4.29, 1.00, 5.00, 1.00, 1.00, 1.00],
  tjk_132 = [5.00, 5.00, 3.71, 1.00, 1.00, 1.00, 1.00, 1.00, 1.86, 5.00, 5.00, 1.00, 2.15, 1.00, 5.00, 1.00, 5.00, 1.00, 1.00, 5.00],
  tjk_133 = [5.00, 5.00, 2.65, 5.00, 5.00, 5.00, 1.00, 5.00, 5.00, 1.00, 1.00, 1.00, 1.00, 1.00, 1.80, 5.00, 5.00, 5.00, 5.00, 3.36],
  tjk_134 = [5.00, 2.06, 1.00, 5.00, 2.32, 1.00, 5.00, 1.00, 5.00, 3.11, 5.00, 5.00, 1.00, 1.00, 5.00, 5.00, 5.00, 5.00, 1.00, 5.00],
  tjk_135 = [1.00, 3.85, 5.00, 5.00, 1.00, 1.00, 3.03, 5.00, 5.00, 5.00, 1.00, 5.00, 1.00, 1.00, 3.00, 5.00, 1.00, 1.00, 5.00, 5.00],
  tjk_141 = [1.00, 1.00, 3.85, 4.11, 5.00, 1.00, 1.00, 1.00, 1.00, 1.00, 5.00, 1.00, 5.00, 3.26, 1.00, 5.00, 5.00, 5.00, 2.35, 1.00],
  tjk_142 = [5.00, 1.00, 5.00, 5.00, 2.62, 1.00, 1.00, 5.00, 5.00, 5.00, 5.00, 5.00, 5.00, 5.00, 5.00, 1.00, 1.00, 1.00, 5.00, 2.27],
  tjk_143 = [1.00, 5.00, 1.00, 1.00, 1.00, 5.00, 1.00, 1.00, 5.00, 4.15, 2.70, 5.00, 5.00, 1.00, 5.00, 5.00, 1.00, 1.00, 4.09, 1.00],
  tjk_144 = [3.30, 1.00, 5.00, 1.00, 5.00, 1.91, 2.78, 3.20, 1.00, 5.00, 1.00, 1.00, 1.00, 2.99, 1.00, 1.00, 5.00, 2.36, 5.00, 3.67],
  tjk_145 = [5.00, 1.00, 5.00, 1.00, 5.00, 5.00, 5.00, 2.27, 5.00, 5.00, 1.33, 5.00, 5.00, 1.00, 2.63, 1.00, 1.00, 1.00, 5.00, 5.00],
  tjk_151 = [1.00, 5.00, 5.00, 2.50, 5.00, 1.00, 5.00, 1.12, 1.00, 1.00, 2.11, 5.00, 1.00, 1.00, 1.00, 1.00, 5.00, 1.01, 5.00, 2.06],
  tjk_152 = [1.00, 5.00, 5.00, 5.00, 5.00, 5.00, 5.00, 1.00, 1.00, 1.00, 5.00, 5.00, 1.21, 5.00, 3.01, 2.68, 1.00, 5.00, 5.00, 4.88],
  tjk_153 = [5.00, 2.70, 1.70, 5.00, 1.00, 4.70, 1.00, 3.34, 1.25, 1.67, 1.00, 2.98, 1.00, 5.00, 5.00, 2.11, 5.00, 1.00, 1.00, 5.00],
  tjk_154 = [3.41, 1.00, 1.47, 5.00, 2.52, 1.00, 5.00, 1.00, 5.00, 5.00, 3.54, 5.00, 1.00, 1.68, 5.00, 1.00, 1.00, 5.00, 5.00, 5.00],
  tjk_155 = [1.00, 5.00, 1.00, 5.00, 1.00, 1.00, 5.00, 1.00, 2.10, 1.00, 5.00, 5.00, 5.00, 1.00, 1.47, 5.00, 5.00, 1.62, 2.40, 1.00],
  tjk_161 = [5.00, 1.00, 5.00, 5.00, 1.00, 1.00, 1.00, 5.00, 1.00, 5.00, 1.00, 1.00, 1.00, 5.00, 5.00, 5.00, 2.38, 5.00, 5.00, 1.00],
  tjk_162 = [1.00, 1.28, 1.00, 5.00, 1.00, 1.00, 5.00, 5.00, 5.00, 5.00, 5.00, 1.00, 2.04, 4.40, 3.78, 5.00, 5.00, 5.00, 5.00, 1.62],
  tjk_163 = [3.76, 5.00, 2.81, 2.75, 5.00, 5.00, 5.00, 1.00, 1.00, 1.00, 5.00, 1.00, 1.00, 1.00, 2.37, 1.00, 5.00, 1.00, 1.00, 3.49],
  tjk_164 = [1.00, 1.00, 1.00, 3.59, 3.12, 2.82, 5.00, 1.00, 3.48, 1.00, 1.00, 4.45, 5.00, 1.00, 5.00, 1.00, 5.00, 1.00, 1.00, 1.61],
  tjk_165 = [4.36, 3.33, 3.96, 4.11, 1.24, 5.00, 2.12, 3.36, 1.00, 5.00, 2.02, 5.00, 1.00, 3.63, 5.00, 1.00, 5.00, 4.83, 5.00, 5.00],
  tjk_171 = [1.00, 5.00, 1.35, 1.00, 1.00, 1.00, 3.02, 1.00, 1.00, 5.00, 3.57, 1.00, 1.44, 3.29, 3.84, 1.38, 2.88, 2.17, 1.00, 2.77],
  tjk_172 = [1.26, 1.00, 5.00, 2.83, 1.00, 4.87, 1.13, 1.00, 5.00, 5.00, 1.00, 2.94, 3.13, 2.75, 2.83, 1.00, 1.00, 5.00, 1.82, 1.00],
  tjk_173 = [3.10, 2.85, 1.00, 3.25, 1.97, 3.87, 1.00, 1.50, 5.00, 5.00, 3.51, 1.00, 5.00, 1.00, 5.00, 4.57, 1.00, 1.00, 4.40, 5.00],
  tjk_174 = [2.78, 1.00, 4.05, 1.00, 5.00, 5.00, 2.08, 1.00, 1.00, 3.16, 1.00, 1.00, 5.00, 1.00, 1.00, 1.00, 3.07, 1.00, 3.70, 1.00],
  tjk_175 = [2.42, 2.45, 1.00, 1.00, 3.29, 1.00, 5.00, 5.00, 1.00, 1.00, 2.16, 4.26, 3.70, 2.32, 5.00, 1.00, 2.86, 5.00, 5.00, 1.00],
  tjk_181 = [1.00, 1.00, 1.00, 5.00, 5.00, 3.15, 2.21, 1.75, 5.00, 1.00, 2.53, 5.00, 4.20, 1.00, 3.16, 5.00, 1.00, 4.05, 5.00, 1.62],
  tjk_182 = [5.00, 1.79, 1.00, 1.00, 2.58, 3.85, 1.32, 5.00, 1.83, 3.35, 1.00, 1.00, 2.73, 1.00, 1.00, 5.00, 1.91, 5.00, 4.27, 1.00],
  tjk_183 = [1.00, 5.00, 1.00, 5.00, 1.61, 4.94, 1.80, 2.26, 1.00, 1.00, 4.20, 1.00, 3.12, 1.38, 1.00, 1.00, 1.90, 1.71, 5.00, 3.79],
  tjk_184 = [1.00, 1.97, 1.00, 1.89, 2.92, 5.00, 5.00, 2.38, 4.37, 5.00, 5.00, 1.00, 1.00, 5.00, 1.00, 2.83, 5.00, 4.80, 4.17, 1.00],
  tjk_185 = [2.51, 5.00, 5.00, 3.72, 1.30, 1.00, 2.98, 2.05, 1.32, 4.85, 3.59, 1.00, 1.00, 1.00, 1.00, 5.00, 1.00, 5.00, 3.72, 1.00],
  tjk_191 = [1.00, 1.00, 5.00, 4.82, 5.00, 5.00, 1.00, 5.00, 1.80, 1.00, 1.86, 5.00, 1.00, 5.00, 4.71, 1.00, 2.59, 1.76, 2.58, 3.79],
  tjk_192 = [1.24, 5.00, 5.00, 1.00, 1.00, 3.69, 1.00, 1.00, 2.75, 4.18, 4.14, 1.00, 4.08, 5.00, 1.00, 1.00, 4.03, 1.00, 1.00, 5.00],
  tjk_193 = [3.70, 1.00, 2.27, 3.33, 3.23, 1.72, 5.00, 1.21, 2.03, 5.00, 5.00, 3.05, 3.70, 3.70, 1.00, 4.01, 1.00, 5.00, 1.00, 1.40],
  tjk_194 = [3.55, 5.00, 1.00, 1.00, 1.59, 1.00, 5.00, 3.89, 1.00, 3.09, 3.27, 1.06, 2.49, 1.00, 5.00, 4.67, 3.12, 2.35, 3.06, 4.24],
  tjk_195 = [2.17, 3.33, 5.00, 4.08, 5.00, 2.09, 2.21, 1.00, 1.07, 1.00, 3.30, 1.00, 1.00, 3.30, 3.24, 1.00, 5.00, 5.00, 1.00, 5.00],
  tjk_201 = [1.00, 3.80, 1.91, 1.00, 1.00, 1.00, 1.00, 3.17, 4.22, 1.75, 1.43, 1.48, 1.00, 3.34, 1.00, 1.00, 1.00, 1.00, 2.07, 2.13],
  tjk_202 = [2.51, 1.00, 1.00, 1.10, 1.00, 3.38, 1.00, 2.62, 1.00, 2.99, 1.00, 2.52, 1.00, 1.28, 1.33, 2.79, 2.29, 1.00, 1.73, 2.23],
  tjk_203 = [1.00, 5.00, 1.00, 2.71, 5.00, 1.00, 1.00, 4.35, 1.77, 1.90, 1.00, 3.98, 1.90, 1.31, 1.00, 5.00, 5.00, 5.00, 5.00, 5.00],
  tjk_204 = [5.00, 1.20, 2.32, 5.00, 1.00, 1.00, 3.98, 1.00, 3.65, 3.75, 3.05, 4.44, 1.00, 3.22, 1.00, 1.00, 1.00, 1.00, 3.68, 4.74],
  tjk_205 = [1.61, 5.00, 1.00, 2.38, 1.00, 3.74, 5.00, 5.00, 3.62, 1.74, 1.00, 5.00, 2.97, 3.71, 5.00, 1.00, 1.00, 1.00, 3.41, 5.00],
]

Service Times (¦Î_{jk}^s) = [
  xi_11 = [10.00, 10.00, 10.00, 10.00, 5.14, 7.06, 10.00, 10.00, 4.11, 1.00, 10.00, 10.00, 1.00, 10.00, 8.39, 2.43, 1.00, 10.00, 1.00, 1.00],
  xi_12 = [1.00, 8.44, 10.00, 10.00, 3.18, 1.00, 10.00, 1.00, 10.00, 1.00, 1.00, 6.07, 10.00, 3.61, 1.00, 1.00, 1.00, 1.77, 1.00, 2.18],
  xi_13 = [1.00, 1.77, 1.01, 1.00, 10.00, 3.87, 2.71, 1.00, 1.00, 4.55, 10.00, 10.00, 10.00, 10.00, 10.00, 1.00, 7.97, 10.00, 1.00, 10.00],
  xi_14 = [4.33, 1.00, 1.36, 1.00, 1.00, 5.39, 1.00, 10.00, 10.00, 5.07, 2.06, 1.05, 1.00, 10.00, 1.00, 1.00, 1.00, 9.45, 1.00, 1.00],
  xi_15 = [10.00, 10.00, 10.00, 10.00, 8.16, 1.00, 10.00, 10.00, 1.00, 8.05, 1.00, 10.00, 1.00, 3.58, 1.00, 1.00, 10.00, 10.00, 10.00, 1.00],
  xi_21 = [5.12, 1.00, 5.63, 1.00, 5.86, 10.00, 6.21, 3.42, 1.00, 10.00, 5.12, 1.73, 1.00, 6.99, 10.00, 1.00, 1.00, 1.00, 3.67, 9.22],
  xi_22 = [5.75, 1.00, 7.09, 1.00, 1.10, 5.24, 1.00, 7.20, 1.00, 1.00, 1.00, 1.00, 2.38, 2.16, 1.00, 1.00, 2.14, 5.32, 1.00, 1.00],
  xi_23 = [1.23, 1.27, 6.63, 1.20, 10.00, 2.51, 2.39, 10.00, 1.00, 5.40, 8.99, 1.00, 4.97, 7.27, 1.00, 3.25, 1.00, 9.58, 1.00, 1.00],
  xi_24 = [4.40, 1.00, 8.00, 5.13, 7.23, 2.50, 4.90, 1.00, 2.85, 3.37, 1.00, 1.00, 1.00, 10.00, 1.00, 1.00, 4.92, 1.00, 6.70, 1.00],
  xi_25 = [1.00, 1.00, 6.43, 1.71, 1.04, 7.39, 1.00, 3.64, 4.69, 5.11, 4.63, 1.00, 6.33, 1.00, 6.24, 4.06, 1.98, 2.42, 10.00, 10.00],
  xi_31 = [1.05, 5.61, 10.00, 1.00, 1.00, 10.00, 5.20, 10.00, 10.00, 4.80, 7.77, 1.00, 10.00, 3.73, 1.13, 10.00, 4.96, 4.83, 3.22, 1.00],
  xi_32 = [10.00, 1.00, 2.68, 1.00, 9.58, 5.29, 1.00, 1.00, 9.40, 10.00, 1.00, 4.40, 9.58, 9.72, 6.19, 10.00, 5.44, 4.15, 1.29, 10.00],
  xi_33 = [1.00, 1.00, 10.00, 1.00, 8.12, 1.00, 10.00, 1.00, 10.00, 1.00, 1.00, 2.23, 5.82, 5.51, 1.00, 7.84, 10.00, 10.00, 6.27, 2.52],
  xi_34 = [9.65, 9.88, 10.00, 1.00, 9.25, 5.81, 1.00, 10.00, 1.00, 4.50, 10.00, 1.00, 1.00, 10.00, 1.00, 10.00, 10.00, 10.00, 1.00, 6.90],
  xi_35 = [6.56, 10.00, 5.17, 1.00, 1.00, 5.04, 8.88, 10.00, 10.00, 10.00, 5.39, 6.33, 10.00, 1.00, 1.00, 10.00, 1.00, 1.00, 10.00, 1.00],
  xi_41 = [1.00, 6.68, 1.00, 1.00, 1.00, 1.00, 1.00, 10.00, 1.00, 9.65, 1.00, 5.49, 3.70, 2.74, 2.04, 5.69, 1.00, 1.00, 2.93, 1.00],
  xi_42 = [9.51, 3.58, 1.00, 1.00, 5.69, 10.00, 1.00, 1.00, 10.00, 1.47, 10.00, 10.00, 10.00, 2.54, 5.36, 10.00, 9.71, 1.00, 1.00, 3.68],
  xi_43 = [1.00, 1.00, 1.00, 1.00, 10.00, 10.00, 1.00, 10.00, 1.00, 10.00, 10.00, 10.00, 1.72, 1.00, 10.00, 10.00, 10.00, 1.00, 1.00, 5.29],
  xi_44 = [1.00, 10.00, 5.13, 1.00, 1.00, 1.00, 1.00, 1.00, 10.00, 10.00, 6.01, 1.00, 1.00, 1.00, 10.00, 2.17, 7.20, 1.00, 1.00, 6.37],
  xi_45 = [1.00, 10.00, 9.78, 10.00, 1.00, 2.49, 1.49, 1.00, 1.00, 1.00, 9.62, 4.33, 1.00, 10.00, 5.82, 9.41, 8.91, 10.00, 7.75, 1.00],
  xi_51 = [10.00, 4.73, 10.00, 1.00, 10.00, 10.00, 10.00, 1.00, 1.00, 1.00, 1.00, 1.00, 1.00, 10.00, 10.00, 1.00, 10.00, 10.00, 1.00, 1.49],
  xi_52 = [10.00, 10.00, 10.00, 1.00, 1.68, 10.00, 1.00, 1.00, 1.00, 10.00, 10.00, 10.00, 7.70, 9.65, 1.00, 10.00, 10.00, 8.45, 1.00, 10.00],
  xi_53 = [10.00, 10.00, 8.45, 10.00, 1.81, 1.00, 1.52, 1.00, 1.00, 10.00, 4.94, 1.00, 10.00, 10.00, 10.00, 10.00, 10.00, 1.00, 10.00, 10.00],
  xi_54 = [1.00, 1.00, 10.00, 1.00, 3.91, 1.00, 1.00, 10.00, 10.00, 10.00, 1.00, 1.00, 3.38, 3.38, 10.00, 1.00, 10.00, 10.00, 10.00, 10.00],
  xi_55 = [1.00, 4.34, 1.00, 1.00, 1.00, 10.00, 10.00, 1.00, 10.00, 1.00, 1.00, 10.00, 10.00, 10.00, 1.00, 1.00, 10.00, 10.00, 10.00, 1.13],
  xi_61 = [4.47, 8.11, 1.00, 1.00, 1.00, 3.16, 1.00, 4.40, 5.44, 8.08, 9.26, 3.34, 2.06, 1.00, 1.00, 6.39, 5.48, 1.21, 8.83, 2.83],
  xi_62 = [2.61, 2.98, 6.27, 1.00, 1.00, 1.00, 1.00, 3.64, 1.00, 1.00, 3.72, 1.00, 6.24, 1.75, 1.00, 1.00, 1.26, 5.20, 2.73, 3.25],
  xi_63 = [3.71, 1.00, 7.36, 1.29, 9.48, 8.24, 1.00, 3.39, 1.00, 10.00, 7.26, 10.00, 1.00, 1.00, 6.99, 1.00, 1.51, 1.00, 7.75, 3.31],
  xi_64 = [1.00, 1.00, 1.00, 8.41, 1.00, 1.00, 1.00, 5.77, 1.00, 1.71, 1.00, 4.33, 8.68, 1.00, 1.00, 1.00, 1.00, 7.33, 1.00, 1.00],
  xi_65 = [1.00, 3.81, 4.03, 1.00, 1.00, 7.54, 7.60, 8.68, 10.00, 6.20, 1.00, 1.00, 1.00, 9.09, 7.68, 1.00, 3.35, 4.74, 1.00, 3.25],
  xi_71 = [1.24, 1.00, 2.55, 1.00, 8.04, 1.36, 1.70, 8.09, 4.87, 2.36, 4.07, 1.00, 1.00, 1.00, 1.00, 6.99, 4.72, 5.91, 2.28, 8.95],
  xi_72 = [5.00, 1.79, 1.00, 1.00, 1.39, 1.00, 1.33, 7.41, 1.57, 2.35, 4.21, 6.98, 1.00, 5.37, 5.86, 1.00, 1.00, 1.41, 1.00, 1.00],
  xi_73 = [1.00, 6.89, 1.12, 1.00, 3.51, 10.00, 1.00, 7.81, 10.00, 7.05, 1.00, 4.61, 3.70, 3.10, 10.00, 1.00, 2.78, 1.00, 7.25, 1.50],
  xi_74 = [1.00, 1.00, 3.17, 1.95, 1.33, 4.34, 1.63, 4.65, 1.00, 4.62, 1.00, 10.00, 2.65, 6.39, 4.29, 1.00, 1.56, 1.00, 7.00, 1.00],
  xi_75 = [3.20, 3.58, 1.25, 1.62, 1.00, 1.00, 2.27, 1.00, 1.00, 1.00, 2.10, 10.00, 7.76, 3.27, 1.00, 1.72, 7.85, 1.00, 1.00, 1.00],
  xi_81 = [1.00, 10.00, 1.00, 10.00, 10.00, 10.00, 3.10, 10.00, 7.61, 1.00, 1.00, 1.00, 1.00, 1.00, 10.00, 10.00, 10.00, 1.00, 7.98, 10.00],
  xi_82 = [10.00, 10.00, 1.00, 10.00, 10.00, 6.62, 10.00, 10.00, 10.00, 1.00, 1.00, 10.00, 10.00, 1.00, 1.00, 10.00, 4.44, 6.44, 10.00, 7.31],
  xi_83 = [1.00, 10.00, 1.00, 10.00, 10.00, 10.00, 10.00, 1.00, 10.00, 10.00, 10.00, 10.00, 10.00, 1.00, 1.00, 1.00, 10.00, 8.21, 10.00, 10.00],
  xi_84 = [10.00, 10.00, 10.00, 10.00, 7.39, 7.22, 1.00, 10.00, 1.00, 10.00, 10.00, 5.26, 10.00, 10.00, 6.62, 5.15, 1.00, 6.12, 1.00, 1.00],
  xi_85 = [10.00, 3.33, 8.88, 1.00, 3.08, 10.00, 10.00, 1.00, 10.00, 10.00, 10.00, 10.00, 9.75, 10.00, 10.00, 10.00, 1.00, 7.80, 1.00, 1.00],
  xi_91 = [1.00, 10.00, 10.00, 1.00, 10.00, 1.00, 6.52, 10.00, 10.00, 3.28, 1.00, 10.00, 1.00, 10.00, 10.00, 10.00, 1.00, 2.94, 10.00, 10.00],
  xi_92 = [1.00, 5.59, 10.00, 7.81, 10.00, 4.91, 10.00, 1.00, 10.00, 1.00, 10.00, 10.00, 1.00, 1.00, 4.91, 10.00, 10.00, 1.00, 10.00, 2.55],
  xi_93 = [1.00, 7.86, 10.00, 5.45, 10.00, 1.00, 4.66, 1.00, 6.47, 2.39, 4.89, 1.00, 1.00, 10.00, 8.66, 9.77, 1.00, 10.00, 10.00, 10.00],
  xi_94 = [1.00, 10.00, 5.45, 10.00, 6.57, 10.00, 10.00, 10.00, 10.00, 1.00, 1.00, 1.00, 10.00, 10.00, 1.00, 10.00, 1.00, 10.00, 6.26, 1.00],
  xi_95 = [10.00, 3.13, 1.00, 1.00, 1.00, 10.00, 10.00, 1.00, 10.00, 10.00, 1.00, 1.00, 10.00, 1.00, 10.00, 1.00, 10.00, 8.40, 10.00, 1.17],
  xi_101 = [2.56, 1.68, 2.34, 5.85, 6.21, 10.00, 9.43, 1.00, 1.00, 1.00, 4.03, 7.57, 1.00, 10.00, 1.00, 1.00, 10.00, 6.67, 3.40, 1.00],
  xi_102 = [10.00, 1.00, 10.00, 10.00, 10.00, 1.00, 1.00, 10.00, 3.77, 1.00, 1.00, 10.00, 1.00, 5.82, 5.59, 1.00, 10.00, 2.15, 1.74, 10.00],
  xi_103 = [10.00, 1.00, 10.00, 10.00, 1.00, 4.25, 4.03, 10.00, 1.00, 1.00, 5.19, 1.02, 10.00, 1.00, 8.74, 1.00, 10.00, 1.78, 1.00, 3.09],
  xi_104 = [1.00, 1.08, 10.00, 1.00, 10.00, 10.00, 7.83, 10.00, 10.00, 7.25, 1.00, 1.00, 1.00, 1.80, 10.00, 1.00, 10.00, 10.00, 9.35, 10.00],
  xi_105 = [8.12, 3.71, 1.00, 1.76, 8.82, 10.00, 10.00, 8.27, 10.00, 8.79, 1.00, 1.00, 3.49, 1.00, 10.00, 1.00, 5.27, 10.00, 10.00, 3.13],
  xi_111 = [1.00, 2.12, 1.00, 1.39, 1.00, 1.37, 1.32, 1.00, 1.00, 1.00, 2.41, 1.00, 1.71, 4.17, 2.78, 7.20, 1.00, 4.86, 7.05, 7.60],
  xi_112 = [1.00, 6.28, 8.50, 1.00, 1.00, 7.53, 6.76, 1.00, 1.00, 4.37, 6.41, 1.37, 9.01, 1.00, 5.30, 7.10, 2.00, 6.48, 6.78, 1.00],
  xi_113 = [8.85, 1.00, 6.54, 1.00, 2.34, 2.44, 1.00, 6.90, 2.37, 7.30, 3.17, 2.85, 2.67, 2.15, 1.00, 1.91, 4.48, 2.85, 1.00, 1.68],
  xi_114 = [1.00, 1.00, 4.33, 2.21, 8.39, 1.00, 1.00, 5.62, 1.83, 1.00, 3.57, 10.00, 1.00, 7.84, 7.68, 10.00, 1.00, 1.00, 1.00, 6.99],
  xi_115 = [3.20, 1.00, 1.00, 7.36, 9.89, 1.00, 10.00, 1.00, 8.94, 10.00, 1.00, 7.40, 1.23, 1.00, 2.21, 1.00, 4.34, 4.82, 1.00, 1.00],
  xi_121 = [4.48, 1.00, 10.00, 4.55, 10.00, 1.00, 1.00, 8.93, 9.81, 1.00, 1.00, 1.00, 10.00, 10.00, 10.00, 10.00, 6.83, 1.00, 1.00, 7.58],
  xi_122 = [1.00, 1.00, 1.00, 10.00, 2.63, 1.86, 10.00, 10.00, 10.00, 10.00, 10.00, 1.00, 1.00, 10.00, 8.04, 1.00, 1.00, 9.00, 1.00, 10.00],
  xi_123 = [10.00, 10.00, 10.00, 1.00, 10.00, 5.60, 10.00, 10.00, 10.00, 1.00, 10.00, 4.91, 1.00, 1.95, 10.00, 1.00, 10.00, 1.00, 1.00, 10.00],
  xi_124 = [10.00, 1.00, 1.00, 10.00, 9.29, 1.00, 10.00, 1.00, 10.00, 1.00, 1.00, 1.00, 1.90, 10.00, 10.00, 10.00, 1.00, 10.00, 1.00, 1.00],
  xi_125 = [5.43, 10.00, 4.16, 10.00, 10.00, 10.00, 10.00, 10.00, 1.00, 10.00, 10.00, 9.14, 10.00, 1.00, 10.00, 1.00, 10.00, 10.00, 10.00, 10.00],
  xi_131 = [9.09, 1.00, 1.00, 4.87, 9.83, 1.00, 5.14, 4.82, 8.65, 2.33, 1.00, 1.00, 3.15, 1.00, 1.00, 6.60, 5.26, 1.00, 1.00, 9.60],
  xi_132 = [4.68, 1.00, 1.00, 1.52, 10.00, 10.00, 8.00, 6.76, 1.00, 8.39, 2.55, 9.40, 10.00, 1.00, 1.00, 1.00, 4.20, 10.00, 1.00, 10.00],
  xi_133 = [8.00, 1.00, 9.89, 2.46, 1.00, 1.00, 1.00, 5.22, 1.95, 1.00, 4.31, 5.94, 6.80, 1.00, 1.00, 4.82, 1.28, 1.00, 2.02, 1.00],
  xi_134 = [8.54, 1.00, 6.04, 4.81, 4.30, 2.45, 1.00, 1.40, 5.96, 6.55, 10.00, 5.65, 8.87, 1.00, 1.00, 1.30, 1.00, 1.00, 1.00, 7.63],
  xi_135 = [1.00, 9.20, 6.77, 1.60, 9.31, 4.53, 5.85, 2.00, 1.00, 4.35, 3.95, 2.16, 10.00, 5.59, 1.00, 2.73, 1.00, 1.00, 1.00, 4.76],
  xi_141 = [9.48, 1.00, 7.73, 9.13, 1.09, 6.31, 1.00, 1.66, 1.00, 8.68, 4.41, 4.33, 7.74, 1.00, 1.00, 3.60, 2.68, 10.00, 1.00, 10.00],
  xi_142 = [1.00, 1.00, 2.32, 1.00, 1.00, 1.68, 1.00, 1.73, 9.28, 1.00, 1.00, 1.00, 1.00, 2.01, 1.00, 6.03, 1.00, 1.00, 5.12, 1.38],
  xi_143 = [5.86, 7.08, 8.45, 1.00, 1.00, 1.00, 7.03, 1.62, 1.00, 10.00, 6.47, 1.00, 1.15, 4.96, 1.00, 1.00, 1.65, 4.06, 1.00, 2.52],
  xi_144 = [1.00, 1.00, 8.89, 9.43, 1.00, 1.00, 10.00, 2.35, 1.01, 3.26, 1.00, 4.41, 1.00, 1.00, 10.00, 1.00, 6.70, 4.66, 4.84, 9.05],
  xi_145 = [1.00, 1.00, 1.00, 6.01, 5.93, 1.00, 6.32, 10.00, 1.00, 6.60, 6.31, 1.00, 1.00, 1.00, 1.27, 1.00, 1.00, 10.00, 10.00, 1.00],
  xi_151 = [1.00, 1.99, 9.85, 4.44, 10.00, 10.00, 4.90, 10.00, 10.00, 2.67, 1.70, 1.00, 10.00, 10.00, 10.00, 6.20, 1.00, 10.00, 1.49, 10.00],
  xi_152 = [1.00, 1.00, 1.00, 10.00, 10.00, 10.00, 9.72, 3.64, 8.38, 10.00, 5.95, 1.00, 10.00, 1.00, 10.00, 3.64, 10.00, 1.00, 10.00, 2.40],
  xi_153 = [3.60, 8.56, 2.08, 1.00, 1.00, 10.00, 8.89, 10.00, 10.00, 1.00, 10.00, 10.00, 10.00, 5.98, 10.00, 1.14, 1.00, 7.20, 10.00, 5.53],
  xi_154 = [1.00, 5.43, 1.00, 1.00, 10.00, 6.33, 1.00, 10.00, 10.00, 1.00, 1.68, 6.71, 1.00, 10.00, 8.25, 1.00, 1.00, 7.00, 3.56, 1.00],
  xi_155 = [1.00, 1.92, 1.00, 10.00, 6.11, 1.00, 5.52, 10.00, 4.14, 10.00, 2.55, 5.23, 1.00, 1.00, 8.84, 1.00, 1.00, 1.00, 6.20, 1.00],
  xi_161 = [3.52, 1.00, 2.71, 10.00, 1.51, 3.78, 2.67, 3.69, 5.61, 9.47, 1.77, 1.87, 2.09, 3.25, 1.00, 4.26, 4.46, 1.00, 6.91, 4.88],
  xi_162 = [7.55, 3.65, 5.54, 2.84, 1.00, 1.36, 3.12, 1.00, 1.00, 1.01, 9.40, 1.00, 2.48, 6.46, 9.15, 9.15, 1.00, 1.00, 1.00, 4.89],
  xi_163 = [2.42, 1.00, 3.20, 1.00, 1.00, 5.43, 5.50, 5.65, 1.33, 4.50, 6.76, 8.81, 2.38, 10.00, 6.73, 2.16, 7.59, 6.15, 4.40, 1.00],
  xi_164 = [2.61, 1.00, 4.73, 1.00, 9.62, 1.00, 1.00, 1.00, 1.00, 2.27, 4.83, 1.66, 10.00, 1.00, 1.00, 5.83, 3.58, 1.95, 1.00, 4.81],
  xi_165 = [4.21, 1.00, 1.00, 5.09, 1.00, 1.00, 3.91, 1.00, 5.73, 1.00, 1.00, 6.53, 1.00, 2.31, 1.00, 1.00, 5.48, 1.92, 7.85, 1.00],
  xi_171 = [6.06, 9.83, 10.00, 1.00, 1.00, 1.00, 1.00, 1.00, 8.88, 1.00, 8.95, 9.70, 1.00, 7.09, 5.09, 5.74, 1.00, 1.00, 10.00, 1.00],
  xi_172 = [10.00, 1.00, 1.00, 1.33, 10.00, 10.00, 10.00, 7.68, 1.00, 1.00, 10.00, 10.00, 10.00, 2.35, 2.70, 10.00, 10.00, 9.46, 10.00, 1.00],
  xi_173 = [7.59, 10.00, 10.00, 10.00, 6.66, 4.05, 9.23, 1.50, 7.73, 1.00, 2.13, 1.00, 1.78, 10.00, 5.61, 1.00, 1.00, 1.00, 10.00, 10.00],
  xi_174 = [1.00, 10.00, 10.00, 10.00, 5.51, 10.00, 1.00, 1.00, 9.66, 1.00, 10.00, 10.00, 10.00, 7.27, 10.00, 10.00, 10.00, 6.00, 1.00, 1.00],
  xi_175 = [10.00, 10.00, 7.74, 1.00, 10.00, 1.00, 10.00, 7.78, 2.92, 6.05, 1.00, 1.00, 10.00, 10.00, 10.00, 10.00, 10.00, 1.00, 6.95, 1.00],
  xi_181 = [9.74, 1.00, 1.00, 1.00, 1.00, 10.00, 1.00, 10.00, 1.00, 6.13, 1.00, 10.00, 6.44, 10.00, 10.00, 1.00, 1.00, 8.06, 3.78, 8.03],
  xi_182 = [10.00, 1.00, 1.00, 1.00, 10.00, 1.00, 1.00, 1.00, 9.22, 4.44, 10.00, 4.79, 10.00, 1.00, 1.00, 1.00, 1.00, 4.56, 10.00, 1.00],
  xi_183 = [1.00, 8.29, 10.00, 1.00, 1.76, 1.00, 1.00, 1.00, 1.00, 1.00, 10.00, 1.00, 10.00, 1.00, 1.00, 10.00, 7.79, 1.00, 10.00, 10.00],
  xi_184 = [10.00, 10.00, 10.00, 4.57, 5.43, 10.00, 7.58, 1.93, 8.77, 1.00, 2.53, 1.00, 10.00, 1.00, 1.00, 10.00, 10.00, 1.00, 10.00, 3.79],
  xi_185 = [1.00, 1.00, 1.90, 1.00, 1.00, 10.00, 1.00, 1.00, 1.00, 1.00, 2.68, 10.00, 10.00, 1.00, 5.31, 1.00, 10.00, 1.00, 1.00, 8.62],
  xi_191 = [10.00, 1.11, 7.00, 6.60, 10.00, 10.00, 8.93, 1.00, 1.00, 10.00, 1.00, 1.00, 1.00, 4.75, 1.03, 1.00, 1.00, 6.25, 1.00, 10.00],
  xi_192 = [2.37, 10.00, 10.00, 9.19, 1.00, 1.00, 7.53, 10.00, 10.00, 1.00, 1.00, 1.00, 1.00, 10.00, 5.86, 7.46, 1.00, 10.00, 10.00, 1.00],
  xi_193 = [3.63, 10.00, 5.67, 10.00, 1.00, 1.00, 10.00, 1.00, 1.00, 10.00, 1.00, 1.00, 1.00, 10.00, 1.00, 10.00, 1.00, 7.07, 10.00, 4.00],
  xi_194 = [1.00, 4.15, 10.00, 9.93, 1.00, 10.00, 1.00, 10.00, 10.00, 2.28, 1.89, 10.00, 10.00, 3.69, 1.00, 10.00, 1.00, 1.00, 1.57, 10.00],
  xi_195 = [10.00, 4.67, 1.00, 2.06, 1.00, 7.53, 10.00, 1.00, 1.00, 1.00, 10.00, 1.00, 10.00, 1.00, 10.00, 10.00, 6.63, 10.00, 9.04, 1.00],
  xi_201 = [1.00, 3.03, 1.00, 6.73, 1.00, 3.40, 1.63, 1.00, 1.00, 5.48, 4.43, 10.00, 5.07, 1.43, 1.00, 3.00, 1.00, 4.79, 1.00, 8.50],
  xi_202 = [1.00, 1.41, 6.26, 1.00, 3.23, 8.57, 8.06, 7.06, 1.00, 5.70, 6.24, 1.00, 1.00, 10.00, 5.08, 2.73, 10.00, 1.00, 1.84, 3.93],
  xi_203 = [4.00, 1.00, 1.00, 1.00, 1.00, 4.36, 1.00, 1.00, 8.15, 1.00, 2.38, 3.19, 1.68, 9.11, 1.74, 1.00, 10.00, 7.68, 3.57, 1.00],
  xi_204 = [2.52, 10.00, 4.72, 4.07, 1.00, 2.46, 1.00, 1.00, 1.00, 5.16, 8.31, 5.18, 1.07, 1.38, 1.39, 3.61, 6.36, 2.39, 7.17, 3.46],
  xi_205 = [10.00, 1.00, 1.00, 1.15, 1.00, 7.43, 7.03, 5.55, 7.80, 1.00, 10.00, 7.40, 1.00, 10.00, 1.24, 5.86, 1.00, 3.46, 1.00, 1.00],
]

Transportation Costs (cjk) = [
  [0.10, 0.10, 8.63, 1.16, 12.83],
  [11.60, 28.40, 0.10, 0.10, 0.10],
  [2.80, 3.74, 4.13, 4.64, 25.20],
  [3.87, 31.90, 13.45, 4.37, 5.30],
  [0.10, 0.10, 0.10, 0.10, 3.45],
  [0.15, 15.74, 0.10, 0.82, 0.10],
  [0.72, 0.10, 0.33, 11.15, 4.51],
  [4.27, 44.72, 0.10, 16.60, 0.10],
  [3.49, 0.10, 1.23, 13.47, 11.04],
  [4.02, 15.04, 13.48, 12.84, 0.10],
  [10.14, 0.10, 0.10, 18.59, 21.17],
  [1.17, 14.22, 17.89, 30.45, 2.60],
  [3.10, 0.10, 13.77, 0.10, 7.62],
  [2.82, 11.45, 4.50, 0.20, 19.28],
  [9.68, 7.02, 0.50, 0.10, 48.27],
  [12.78, 6.22, 0.10, 1.30, 0.10],
  [6.72, 17.28, 0.10, 10.36, 0.10],
  [29.19, 7.73, 18.83, 12.10, 0.10],
  [13.68, 11.04, 0.10, 26.32, 2.89],
  [16.46, 3.12, 11.44, 1.97, 0.10],
]

Mean Service Times (¦Ì_{jk}) = [
  mu_11 = [6.61],
  mu_12 = [4.21],
  mu_13 = [5.39],
  mu_14 = [3.44],
  mu_15 = [6.34],
  mu_21 = [4.50],
  mu_22 = [2.47],
  mu_23 = [4.03],
  mu_24 = [3.45],
  mu_25 = [4.03],
  mu_31 = [5.32],
  mu_32 = [5.64],
  mu_33 = [4.81],
  mu_34 = [6.15],
  mu_35 = [5.72],
  mu_41 = [3.00],
  mu_42 = [5.38],
  mu_43 = [5.30],
  mu_44 = [3.89],
  mu_45 = [5.33],
  mu_51 = [5.26],
  mu_52 = [6.67],
  mu_53 = [6.59],
  mu_54 = [5.43],
  mu_55 = [5.22],
  mu_61 = [3.95],
  mu_62 = [2.43],
  mu_63 = [4.36],
  mu_64 = [2.51],
  mu_65 = [4.20],
  mu_71 = [3.46],
  mu_72 = [2.63],
  mu_73 = [4.27],
  mu_74 = [3.03],
  mu_75 = [2.68],
  mu_81 = [5.83],
  mu_82 = [6.99],
  mu_83 = [7.21],
  mu_84 = [6.64],
  mu_85 = [6.89],
  mu_91 = [6.44],
  mu_92 = [6.09],
  mu_93 = [5.81],
  mu_94 = [6.26],
  mu_95 = [5.54],
  mu_101 = [4.34],
  mu_102 = [5.30],
  mu_103 = [4.75],
  mu_104 = [6.17],
  mu_105 = [5.82],
  mu_111 = [2.60],
  mu_112 = [4.25],
  mu_113 = [3.17],
  mu_114 = [3.87],
  mu_115 = [3.92],
  mu_121 = [5.51],
  mu_122 = [5.48],
  mu_123 = [6.42],
  mu_124 = [5.06],
  mu_125 = [8.09],
  mu_131 = [3.92],
  mu_132 = [5.12],
  mu_133 = [3.08],
  mu_134 = [4.02],
  mu_135 = [3.94],
  mu_141 = [4.64],
  mu_142 = [2.08],
  mu_143 = [3.44],
  mu_144 = [4.13],
  mu_145 = [3.67],
  mu_151 = [6.31],
  mu_152 = [5.99],
  mu_153 = [6.35],
  mu_154 = [4.40],
  mu_155 = [3.98],
  mu_161 = [3.77],
  mu_162 = [3.68],
  mu_163 = [4.35],
  mu_164 = [3.04],
  mu_165 = [2.70],
  mu_171 = [4.57],
  mu_172 = [6.43],
  mu_173 = [5.56],
  mu_174 = [6.72],
  mu_175 = [6.37],
  mu_181 = [5.06],
  mu_182 = [4.20],
  mu_183 = [4.44],
  mu_184 = [5.98],
  mu_185 = [3.53],
  mu_191 = [4.68],
  mu_192 = [5.52],
  mu_193 = [4.97],
  mu_194 = [5.48],
  mu_195 = [5.40],
  mu_201 = [3.27],
  mu_202 = [4.31],
  mu_203 = [3.24],
  mu_204 = [3.66],
  mu_205 = [4.25],
]

Mean Transportation Times (¦Ó_{jk}) = [
  tau_11 = [3.19],
  tau_12 = [3.07],
  tau_13 = [3.09],
  tau_14 = [3.18],
  tau_15 = [3.54],
  tau_21 = [3.22],
  tau_22 = [2.94],
  tau_23 = [2.74],
  tau_24 = [2.51],
  tau_25 = [3.12],
  tau_31 = [3.35],
  tau_32 = [2.92],
  tau_33 = [3.62],
  tau_34 = [3.40],
  tau_35 = [2.69],
  tau_41 = [2.06],
  tau_42 = [1.44],
  tau_43 = [2.34],
  tau_44 = [2.74],
  tau_45 = [2.59],
  tau_51 = [3.09],
  tau_52 = [3.25],
  tau_53 = [2.80],
  tau_54 = [3.77],
  tau_55 = [2.97],
  tau_61 = [3.22],
  tau_62 = [2.77],
  tau_63 = [2.24],
  tau_64 = [2.19],
  tau_65 = [2.92],
  tau_71 = [2.55],
  tau_72 = [3.97],
  tau_73 = [3.77],
  tau_74 = [3.24],
  tau_75 = [4.35],
  tau_81 = [2.80],
  tau_82 = [2.54],
  tau_83 = [3.78],
  tau_84 = [2.72],
  tau_85 = [3.61],
  tau_91 = [2.92],
  tau_92 = [2.48],
  tau_93 = [2.37],
  tau_94 = [1.92],
  tau_95 = [3.06],
  tau_101 = [2.89],
  tau_102 = [2.52],
  tau_103 = [2.60],
  tau_104 = [1.90],
  tau_105 = [2.57],
  tau_111 = [3.70],
  tau_112 = [3.85],
  tau_113 = [3.09],
  tau_114 = [2.58],
  tau_115 = [2.95],
  tau_121 = [2.80],
  tau_122 = [1.75],
  tau_123 = [2.35],
  tau_124 = [2.45],
  tau_125 = [2.00],
  tau_131 = [3.49],
  tau_132 = [2.64],
  tau_133 = [3.44],
  tau_134 = [3.42],
  tau_135 = [3.14],
  tau_141 = [2.68],
  tau_142 = [3.54],
  tau_143 = [2.80],
  tau_144 = [2.66],
  tau_145 = [3.36],
  tau_151 = [2.59],
  tau_152 = [3.59],
  tau_153 = [2.82],
  tau_154 = [3.18],
  tau_155 = [2.78],
  tau_161 = [3.07],
  tau_162 = [3.41],
  tau_163 = [2.71],
  tau_164 = [2.45],
  tau_165 = [3.55],
  tau_171 = [2.19],
  tau_172 = [2.53],
  tau_173 = [3.00],
  tau_174 = [2.24],
  tau_175 = [2.77],
  tau_181 = [2.93],
  tau_182 = [2.53],
  tau_183 = [2.44],
  tau_184 = [3.07],
  tau_185 = [2.65],
  tau_191 = [3.00],
  tau_192 = [2.66],
  tau_193 = [2.87],
  tau_194 = [2.82],
  tau_195 = [2.79],
  tau_201 = [1.77],
  tau_202 = [1.74],
  tau_203 = [2.95],
  tau_204 = [2.60],
  tau_205 = [2.96],
]

Epsilon + ¦Ì_{jk} = [
  epsilon_plus_mu_11 = [9.91],
  epsilon_plus_mu_12 = [6.32],
  epsilon_plus_mu_13 = [8.09],
  epsilon_plus_mu_14 = [5.15],
  epsilon_plus_mu_15 = [9.51],
  epsilon_plus_mu_21 = [6.75],
  epsilon_plus_mu_22 = [3.70],
  epsilon_plus_mu_23 = [6.05],
  epsilon_plus_mu_24 = [5.18],
  epsilon_plus_mu_25 = [6.05],
  epsilon_plus_mu_31 = [7.97],
  epsilon_plus_mu_32 = [8.45],
  epsilon_plus_mu_33 = [7.22],
  epsilon_plus_mu_34 = [9.22],
  epsilon_plus_mu_35 = [8.58],
  epsilon_plus_mu_41 = [4.49],
  epsilon_plus_mu_42 = [8.07],
  epsilon_plus_mu_43 = [7.95],
  epsilon_plus_mu_44 = [5.84],
  epsilon_plus_mu_45 = [8.00],
  epsilon_plus_mu_51 = [7.89],
  epsilon_plus_mu_52 = [10.01],
  epsilon_plus_mu_53 = [9.88],
  epsilon_plus_mu_54 = [8.15],
  epsilon_plus_mu_55 = [7.84],
  epsilon_plus_mu_61 = [5.93],
  epsilon_plus_mu_62 = [3.65],
  epsilon_plus_mu_63 = [6.55],
  epsilon_plus_mu_64 = [3.77],
  epsilon_plus_mu_65 = [6.30],
  epsilon_plus_mu_71 = [5.18],
  epsilon_plus_mu_72 = [3.95],
  epsilon_plus_mu_73 = [6.40],
  epsilon_plus_mu_74 = [4.54],
  epsilon_plus_mu_75 = [4.02],
  epsilon_plus_mu_81 = [8.75],
  epsilon_plus_mu_82 = [10.49],
  epsilon_plus_mu_83 = [10.82],
  epsilon_plus_mu_84 = [9.96],
  epsilon_plus_mu_85 = [10.34],
  epsilon_plus_mu_91 = [9.66],
  epsilon_plus_mu_92 = [9.13],
  epsilon_plus_mu_93 = [8.71],
  epsilon_plus_mu_94 = [9.40],
  epsilon_plus_mu_95 = [8.30],
  epsilon_plus_mu_101 = [6.51],
  epsilon_plus_mu_102 = [7.95],
  epsilon_plus_mu_103 = [7.13],
  epsilon_plus_mu_104 = [9.25],
  epsilon_plus_mu_105 = [8.73],
  epsilon_plus_mu_111 = [3.90],
  epsilon_plus_mu_112 = [6.37],
  epsilon_plus_mu_113 = [4.76],
  epsilon_plus_mu_114 = [5.81],
  epsilon_plus_mu_115 = [5.88],
  epsilon_plus_mu_121 = [8.26],
  epsilon_plus_mu_122 = [8.22],
  epsilon_plus_mu_123 = [9.63],
  epsilon_plus_mu_124 = [7.59],
  epsilon_plus_mu_125 = [12.13],
  epsilon_plus_mu_131 = [5.87],
  epsilon_plus_mu_132 = [7.69],
  epsilon_plus_mu_133 = [4.63],
  epsilon_plus_mu_134 = [6.04],
  epsilon_plus_mu_135 = [5.91],
  epsilon_plus_mu_141 = [6.96],
  epsilon_plus_mu_142 = [3.12],
  epsilon_plus_mu_143 = [5.16],
  epsilon_plus_mu_144 = [6.19],
  epsilon_plus_mu_145 = [5.51],
  epsilon_plus_mu_151 = [9.47],
  epsilon_plus_mu_152 = [8.98],
  epsilon_plus_mu_153 = [9.52],
  epsilon_plus_mu_154 = [6.60],
  epsilon_plus_mu_155 = [5.96],
  epsilon_plus_mu_161 = [5.66],
  epsilon_plus_mu_162 = [5.52],
  epsilon_plus_mu_163 = [6.52],
  epsilon_plus_mu_164 = [4.57],
  epsilon_plus_mu_165 = [4.05],
  epsilon_plus_mu_171 = [6.85],
  epsilon_plus_mu_172 = [9.64],
  epsilon_plus_mu_173 = [8.35],
  epsilon_plus_mu_174 = [10.08],
  epsilon_plus_mu_175 = [9.56],
  epsilon_plus_mu_181 = [7.59],
  epsilon_plus_mu_182 = [6.30],
  epsilon_plus_mu_183 = [6.66],
  epsilon_plus_mu_184 = [8.97],
  epsilon_plus_mu_185 = [5.29],
  epsilon_plus_mu_191 = [7.03],
  epsilon_plus_mu_192 = [8.28],
  epsilon_plus_mu_193 = [7.45],
  epsilon_plus_mu_194 = [8.21],
  epsilon_plus_mu_195 = [8.10],
  epsilon_plus_mu_201 = [4.91],
  epsilon_plus_mu_202 = [6.46],
  epsilon_plus_mu_203 = [4.86],
  epsilon_plus_mu_204 = [5.49],
  epsilon_plus_mu_205 = [6.37],
]

Epsilon - ¦Ì_{jk} = [
  epsilon_minus_mu_11 = [-3.30],
  epsilon_minus_mu_12 = [-2.11],
  epsilon_minus_mu_13 = [-2.70],
  epsilon_minus_mu_14 = [-1.72],
  epsilon_minus_mu_15 = [-3.17],
  epsilon_minus_mu_21 = [-2.25],
  epsilon_minus_mu_22 = [-1.23],
  epsilon_minus_mu_23 = [-2.02],
  epsilon_minus_mu_24 = [-1.73],
  epsilon_minus_mu_25 = [-2.02],
  epsilon_minus_mu_31 = [-2.66],
  epsilon_minus_mu_32 = [-2.82],
  epsilon_minus_mu_33 = [-2.41],
  epsilon_minus_mu_34 = [-3.07],
  epsilon_minus_mu_35 = [-2.86],
  epsilon_minus_mu_41 = [-1.50],
  epsilon_minus_mu_42 = [-2.69],
  epsilon_minus_mu_43 = [-2.65],
  epsilon_minus_mu_44 = [-1.95],
  epsilon_minus_mu_45 = [-2.67],
  epsilon_minus_mu_51 = [-2.63],
  epsilon_minus_mu_52 = [-3.34],
  epsilon_minus_mu_53 = [-3.29],
  epsilon_minus_mu_54 = [-2.72],
  epsilon_minus_mu_55 = [-2.61],
  epsilon_minus_mu_61 = [-1.98],
  epsilon_minus_mu_62 = [-1.22],
  epsilon_minus_mu_63 = [-2.18],
  epsilon_minus_mu_64 = [-1.26],
  epsilon_minus_mu_65 = [-2.10],
  epsilon_minus_mu_71 = [-1.73],
  epsilon_minus_mu_72 = [-1.32],
  epsilon_minus_mu_73 = [-2.13],
  epsilon_minus_mu_74 = [-1.51],
  epsilon_minus_mu_75 = [-1.34],
  epsilon_minus_mu_81 = [-2.92],
  epsilon_minus_mu_82 = [-3.50],
  epsilon_minus_mu_83 = [-3.61],
  epsilon_minus_mu_84 = [-3.32],
  epsilon_minus_mu_85 = [-3.45],
  epsilon_minus_mu_91 = [-3.22],
  epsilon_minus_mu_92 = [-3.04],
  epsilon_minus_mu_93 = [-2.90],
  epsilon_minus_mu_94 = [-3.13],
  epsilon_minus_mu_95 = [-2.77],
  epsilon_minus_mu_101 = [-2.17],
  epsilon_minus_mu_102 = [-2.65],
  epsilon_minus_mu_103 = [-2.38],
  epsilon_minus_mu_104 = [-3.08],
  epsilon_minus_mu_105 = [-2.91],
  epsilon_minus_mu_111 = [-1.30],
  epsilon_minus_mu_112 = [-2.12],
  epsilon_minus_mu_113 = [-1.59],
  epsilon_minus_mu_114 = [-1.94],
  epsilon_minus_mu_115 = [-1.96],
  epsilon_minus_mu_121 = [-2.75],
  epsilon_minus_mu_122 = [-2.74],
  epsilon_minus_mu_123 = [-3.21],
  epsilon_minus_mu_124 = [-2.53],
  epsilon_minus_mu_125 = [-4.04],
  epsilon_minus_mu_131 = [-1.96],
  epsilon_minus_mu_132 = [-2.56],
  epsilon_minus_mu_133 = [-1.54],
  epsilon_minus_mu_134 = [-2.01],
  epsilon_minus_mu_135 = [-1.97],
  epsilon_minus_mu_141 = [-2.32],
  epsilon_minus_mu_142 = [-1.04],
  epsilon_minus_mu_143 = [-1.72],
  epsilon_minus_mu_144 = [-2.06],
  epsilon_minus_mu_145 = [-1.84],
  epsilon_minus_mu_151 = [-3.16],
  epsilon_minus_mu_152 = [-2.99],
  epsilon_minus_mu_153 = [-3.17],
  epsilon_minus_mu_154 = [-2.20],
  epsilon_minus_mu_155 = [-1.99],
  epsilon_minus_mu_161 = [-1.89],
  epsilon_minus_mu_162 = [-1.84],
  epsilon_minus_mu_163 = [-2.17],
  epsilon_minus_mu_164 = [-1.52],
  epsilon_minus_mu_165 = [-1.35],
  epsilon_minus_mu_171 = [-2.28],
  epsilon_minus_mu_172 = [-3.21],
  epsilon_minus_mu_173 = [-2.78],
  epsilon_minus_mu_174 = [-3.36],
  epsilon_minus_mu_175 = [-3.19],
  epsilon_minus_mu_181 = [-2.53],
  epsilon_minus_mu_182 = [-2.10],
  epsilon_minus_mu_183 = [-2.22],
  epsilon_minus_mu_184 = [-2.99],
  epsilon_minus_mu_185 = [-1.76],
  epsilon_minus_mu_191 = [-2.34],
  epsilon_minus_mu_192 = [-2.76],
  epsilon_minus_mu_193 = [-2.48],
  epsilon_minus_mu_194 = [-2.74],
  epsilon_minus_mu_195 = [-2.70],
  epsilon_minus_mu_201 = [-1.64],
  epsilon_minus_mu_202 = [-2.15],
  epsilon_minus_mu_203 = [-1.62],
  epsilon_minus_mu_204 = [-1.83],
  epsilon_minus_mu_205 = [-2.12],
]

Sigma + ¦Ó_{jk} = [
  sigma_plus_tau_11 = [4.78],
  sigma_plus_tau_12 = [4.60],
  sigma_plus_tau_13 = [4.63],
  sigma_plus_tau_14 = [4.77],
  sigma_plus_tau_15 = [5.30],
  sigma_plus_tau_21 = [4.83],
  sigma_plus_tau_22 = [4.41],
  sigma_plus_tau_23 = [4.10],
  sigma_plus_tau_24 = [3.76],
  sigma_plus_tau_25 = [4.69],
  sigma_plus_tau_31 = [5.02],
  sigma_plus_tau_32 = [4.38],
  sigma_plus_tau_33 = [5.44],
  sigma_plus_tau_34 = [5.10],
  sigma_plus_tau_35 = [4.04],
  sigma_plus_tau_41 = [3.10],
  sigma_plus_tau_42 = [2.16],
  sigma_plus_tau_43 = [3.51],
  sigma_plus_tau_44 = [4.12],
  sigma_plus_tau_45 = [3.89],
  sigma_plus_tau_51 = [4.64],
  sigma_plus_tau_52 = [4.87],
  sigma_plus_tau_53 = [4.20],
  sigma_plus_tau_54 = [5.66],
  sigma_plus_tau_55 = [4.45],
  sigma_plus_tau_61 = [4.83],
  sigma_plus_tau_62 = [4.16],
  sigma_plus_tau_63 = [3.36],
  sigma_plus_tau_64 = [3.29],
  sigma_plus_tau_65 = [4.39],
  sigma_plus_tau_71 = [3.82],
  sigma_plus_tau_72 = [5.96],
  sigma_plus_tau_73 = [5.66],
  sigma_plus_tau_74 = [4.86],
  sigma_plus_tau_75 = [6.52],
  sigma_plus_tau_81 = [4.19],
  sigma_plus_tau_82 = [3.81],
  sigma_plus_tau_83 = [5.67],
  sigma_plus_tau_84 = [4.08],
  sigma_plus_tau_85 = [5.41],
  sigma_plus_tau_91 = [4.39],
  sigma_plus_tau_92 = [3.72],
  sigma_plus_tau_93 = [3.55],
  sigma_plus_tau_94 = [2.87],
  sigma_plus_tau_95 = [4.60],
  sigma_plus_tau_101 = [4.33],
  sigma_plus_tau_102 = [3.78],
  sigma_plus_tau_103 = [3.90],
  sigma_plus_tau_104 = [2.85],
  sigma_plus_tau_105 = [3.86],
  sigma_plus_tau_111 = [5.55],
  sigma_plus_tau_112 = [5.78],
  sigma_plus_tau_113 = [4.63],
  sigma_plus_tau_114 = [3.87],
  sigma_plus_tau_115 = [4.43],
  sigma_plus_tau_121 = [4.20],
  sigma_plus_tau_122 = [2.63],
  sigma_plus_tau_123 = [3.53],
  sigma_plus_tau_124 = [3.67],
  sigma_plus_tau_125 = [3.00],
  sigma_plus_tau_131 = [5.24],
  sigma_plus_tau_132 = [3.95],
  sigma_plus_tau_133 = [5.16],
  sigma_plus_tau_134 = [5.14],
  sigma_plus_tau_135 = [4.72],
  sigma_plus_tau_141 = [4.02],
  sigma_plus_tau_142 = [5.32],
  sigma_plus_tau_143 = [4.20],
  sigma_plus_tau_144 = [3.99],
  sigma_plus_tau_145 = [5.04],
  sigma_plus_tau_151 = [3.88],
  sigma_plus_tau_152 = [5.38],
  sigma_plus_tau_153 = [4.23],
  sigma_plus_tau_154 = [4.77],
  sigma_plus_tau_155 = [4.17],
  sigma_plus_tau_161 = [4.60],
  sigma_plus_tau_162 = [5.11],
  sigma_plus_tau_163 = [4.06],
  sigma_plus_tau_164 = [3.68],
  sigma_plus_tau_165 = [5.32],
  sigma_plus_tau_171 = [3.28],
  sigma_plus_tau_172 = [3.79],
  sigma_plus_tau_173 = [4.50],
  sigma_plus_tau_174 = [3.36],
  sigma_plus_tau_175 = [4.16],
  sigma_plus_tau_181 = [4.40],
  sigma_plus_tau_182 = [3.80],
  sigma_plus_tau_183 = [3.65],
  sigma_plus_tau_184 = [4.60],
  sigma_plus_tau_185 = [3.98],
  sigma_plus_tau_191 = [4.49],
  sigma_plus_tau_192 = [3.98],
  sigma_plus_tau_193 = [4.30],
  sigma_plus_tau_194 = [4.23],
  sigma_plus_tau_195 = [4.18],
  sigma_plus_tau_201 = [2.65],
  sigma_plus_tau_202 = [2.61],
  sigma_plus_tau_203 = [4.42],
  sigma_plus_tau_204 = [3.90],
  sigma_plus_tau_205 = [4.44],
]

Sigma - ¦Ó_{jk} = [
  sigma_minus_tau_11 = [-1.59],
  sigma_minus_tau_12 = [-1.53],
  sigma_minus_tau_13 = [-1.54],
  sigma_minus_tau_14 = [-1.59],
  sigma_minus_tau_15 = [-1.77],
  sigma_minus_tau_21 = [-1.61],
  sigma_minus_tau_22 = [-1.47],
  sigma_minus_tau_23 = [-1.37],
  sigma_minus_tau_24 = [-1.25],
  sigma_minus_tau_25 = [-1.56],
  sigma_minus_tau_31 = [-1.67],
  sigma_minus_tau_32 = [-1.46],
  sigma_minus_tau_33 = [-1.81],
  sigma_minus_tau_34 = [-1.70],
  sigma_minus_tau_35 = [-1.35],
  sigma_minus_tau_41 = [-1.03],
  sigma_minus_tau_42 = [-0.72],
  sigma_minus_tau_43 = [-1.17],
  sigma_minus_tau_44 = [-1.37],
  sigma_minus_tau_45 = [-1.30],
  sigma_minus_tau_51 = [-1.55],
  sigma_minus_tau_52 = [-1.62],
  sigma_minus_tau_53 = [-1.40],
  sigma_minus_tau_54 = [-1.89],
  sigma_minus_tau_55 = [-1.48],
  sigma_minus_tau_61 = [-1.61],
  sigma_minus_tau_62 = [-1.39],
  sigma_minus_tau_63 = [-1.12],
  sigma_minus_tau_64 = [-1.10],
  sigma_minus_tau_65 = [-1.46],
  sigma_minus_tau_71 = [-1.27],
  sigma_minus_tau_72 = [-1.99],
  sigma_minus_tau_73 = [-1.89],
  sigma_minus_tau_74 = [-1.62],
  sigma_minus_tau_75 = [-2.17],
  sigma_minus_tau_81 = [-1.40],
  sigma_minus_tau_82 = [-1.27],
  sigma_minus_tau_83 = [-1.89],
  sigma_minus_tau_84 = [-1.36],
  sigma_minus_tau_85 = [-1.80],
  sigma_minus_tau_91 = [-1.46],
  sigma_minus_tau_92 = [-1.24],
  sigma_minus_tau_93 = [-1.18],
  sigma_minus_tau_94 = [-0.96],
  sigma_minus_tau_95 = [-1.53],
  sigma_minus_tau_101 = [-1.44],
  sigma_minus_tau_102 = [-1.26],
  sigma_minus_tau_103 = [-1.30],
  sigma_minus_tau_104 = [-0.95],
  sigma_minus_tau_105 = [-1.29],
  sigma_minus_tau_111 = [-1.85],
  sigma_minus_tau_112 = [-1.93],
  sigma_minus_tau_113 = [-1.54],
  sigma_minus_tau_114 = [-1.29],
  sigma_minus_tau_115 = [-1.48],
  sigma_minus_tau_121 = [-1.40],
  sigma_minus_tau_122 = [-0.88],
  sigma_minus_tau_123 = [-1.18],
  sigma_minus_tau_124 = [-1.22],
  sigma_minus_tau_125 = [-1.00],
  sigma_minus_tau_131 = [-1.75],
  sigma_minus_tau_132 = [-1.32],
  sigma_minus_tau_133 = [-1.72],
  sigma_minus_tau_134 = [-1.71],
  sigma_minus_tau_135 = [-1.57],
  sigma_minus_tau_141 = [-1.34],
  sigma_minus_tau_142 = [-1.77],
  sigma_minus_tau_143 = [-1.40],
  sigma_minus_tau_144 = [-1.33],
  sigma_minus_tau_145 = [-1.68],
  sigma_minus_tau_151 = [-1.29],
  sigma_minus_tau_152 = [-1.79],
  sigma_minus_tau_153 = [-1.41],
  sigma_minus_tau_154 = [-1.59],
  sigma_minus_tau_155 = [-1.39],
  sigma_minus_tau_161 = [-1.53],
  sigma_minus_tau_162 = [-1.70],
  sigma_minus_tau_163 = [-1.35],
  sigma_minus_tau_164 = [-1.23],
  sigma_minus_tau_165 = [-1.77],
  sigma_minus_tau_171 = [-1.09],
  sigma_minus_tau_172 = [-1.26],
  sigma_minus_tau_173 = [-1.50],
  sigma_minus_tau_174 = [-1.12],
  sigma_minus_tau_175 = [-1.39],
  sigma_minus_tau_181 = [-1.47],
  sigma_minus_tau_182 = [-1.27],
  sigma_minus_tau_183 = [-1.22],
  sigma_minus_tau_184 = [-1.53],
  sigma_minus_tau_185 = [-1.33],
  sigma_minus_tau_191 = [-1.50],
  sigma_minus_tau_192 = [-1.33],
  sigma_minus_tau_193 = [-1.43],
  sigma_minus_tau_194 = [-1.41],
  sigma_minus_tau_195 = [-1.39],
  sigma_minus_tau_201 = [-0.88],
  sigma_minus_tau_202 = [-0.87],
  sigma_minus_tau_203 = [-1.47],
  sigma_minus_tau_204 = [-1.30],
  sigma_minus_tau_205 = [-1.48],
]

Probabilities (p_s) = [
0.05, 0.05, 0.05, 0.05, 0.05, 0.05, 0.05, 0.05, 0.05, 0.05, 0.05, 0.05, 0.05, 0.05, 0.05, 0.05, 0.05, 0.05, 0.05, 0.05
]

c_bar = 4.76
