Jobs = 20
Machines = 5
Scenarios = 20

Ready Times (rj) = [
0.00, 0.00, 0.00, 0.00, 0.00, 0.00, 0.00, 0.00, 0.00, 0.00, 0.00, 0.00, 0.00, 0.00, 0.00, 0.00, 0.00, 0.00, 0.00, 0.00
]

Transportation Times (tjk^s) = [
  tjk_11 = [2.53, 2.59, 3.58, 2.45, 2.49, 2.69, 2.34, 3.39, 2.55, 3.22, 3.12, 3.14, 2.97, 2.96, 2.79, 2.88, 3.07, 2.25, 2.76, 2.52],
  tjk_12 = [2.72, 2.70, 2.97, 2.43, 2.46, 3.59, 2.74, 2.64, 3.26, 3.37, 2.89, 3.41, 2.96, 3.53, 2.88, 3.40, 2.79, 3.78, 2.90, 3.25],
  tjk_13 = [3.84, 3.35, 3.02, 2.74, 3.33, 2.89, 3.10, 3.08, 2.76, 3.41, 2.94, 3.13, 3.27, 3.03, 2.57, 3.30, 3.02, 3.08, 3.29, 3.06],
  tjk_14 = [2.69, 3.47, 3.19, 2.81, 3.29, 2.65, 3.08, 3.83, 3.04, 3.56, 2.94, 2.98, 2.62, 2.81, 3.46, 2.73, 3.18, 3.24, 2.90, 3.54],
  tjk_15 = [3.47, 3.09, 2.56, 3.37, 2.77, 2.73, 4.10, 2.37, 3.30, 3.09, 3.17, 3.03, 2.96, 3.07, 3.24, 2.67, 2.61, 2.66, 3.24, 3.30],
  tjk_21 = [1.65, 1.55, 1.53, 1.65, 1.54, 1.58, 1.74, 1.67, 1.73, 1.70, 1.80, 1.67, 1.59, 1.63, 1.71, 1.62, 1.64, 1.59, 1.66, 1.75],
  tjk_22 = [1.68, 1.70, 1.60, 1.71, 1.67, 1.64, 1.69, 1.55, 1.55, 1.55, 1.63, 1.63, 1.68, 1.77, 1.69, 1.58, 1.52, 1.65, 1.65, 1.61],
  tjk_23 = [1.67, 1.73, 1.75, 1.67, 1.57, 1.68, 1.65, 1.65, 1.55, 1.67, 1.67, 1.62, 1.46, 1.73, 1.79, 1.70, 1.60, 1.66, 1.64, 1.69],
  tjk_24 = [1.73, 1.70, 1.57, 1.70, 1.71, 1.74, 1.69, 1.67, 1.59, 1.69, 1.61, 1.69, 1.56, 1.60, 1.75, 1.54, 1.69, 1.81, 1.69, 1.65],
  tjk_25 = [1.58, 1.45, 1.73, 1.65, 1.64, 1.88, 1.71, 1.62, 1.65, 1.71, 1.56, 1.65, 1.66, 1.76, 1.60, 1.72, 1.82, 1.60, 1.64, 1.65],
  tjk_31 = [1.68, 1.57, 1.86, 1.75, 1.73, 1.64, 1.74, 1.51, 1.67, 1.69, 1.76, 1.71, 1.60, 1.69, 1.56, 1.59, 1.52, 1.63, 1.65, 1.60],
  tjk_32 = [1.73, 1.73, 1.68, 1.64, 1.77, 1.79, 1.61, 1.66, 1.54, 1.66, 1.48, 1.62, 1.57, 1.67, 1.67, 1.71, 1.59, 1.76, 1.60, 1.55],
  tjk_33 = [1.66, 1.68, 1.74, 1.65, 1.72, 1.69, 1.68, 1.60, 1.74, 1.57, 1.71, 1.73, 1.59, 1.64, 1.66, 1.63, 1.56, 1.62, 1.54, 1.63],
  tjk_34 = [1.58, 1.78, 1.55, 1.50, 1.63, 1.92, 1.70, 1.62, 1.74, 1.55, 1.65, 1.57, 1.72, 1.63, 1.55, 1.78, 1.55, 1.76, 1.73, 1.88],
  tjk_35 = [1.74, 1.83, 1.52, 1.67, 1.64, 1.77, 1.71, 1.74, 1.67, 1.58, 1.71, 1.68, 1.67, 1.67, 1.63, 1.56, 1.53, 1.51, 1.75, 1.70],
  tjk_41 = [1.80, 1.61, 1.56, 1.45, 1.53, 1.50, 1.61, 1.73, 1.61, 1.69, 1.55, 1.68, 1.62, 1.79, 1.62, 1.80, 1.64, 1.65, 1.64, 1.83],
  tjk_42 = [1.66, 1.82, 1.74, 1.90, 1.66, 1.82, 1.61, 1.56, 1.64, 1.72, 1.73, 1.72, 1.64, 1.58, 1.69, 1.66, 1.63, 1.83, 1.73, 1.76],
  tjk_43 = [1.56, 1.52, 1.63, 1.61, 1.80, 1.69, 1.53, 1.58, 1.58, 1.57, 1.67, 1.61, 1.59, 1.67, 1.73, 1.72, 1.70, 1.61, 1.86, 1.63],
  tjk_44 = [1.55, 1.78, 1.60, 1.66, 1.63, 1.68, 1.73, 1.66, 1.68, 1.61, 1.75, 1.59, 1.74, 1.68, 1.57, 1.71, 1.65, 1.55, 1.59, 1.64],
  tjk_45 = [1.55, 1.72, 1.69, 1.74, 1.71, 1.81, 1.71, 1.60, 1.74, 1.65, 1.74, 1.56, 1.66, 1.62, 1.70, 1.69, 1.66, 1.65, 1.70, 1.74],
  tjk_51 = [1.54, 1.56, 1.68, 1.64, 1.69, 1.67, 1.64, 1.63, 1.75, 1.92, 1.76, 1.66, 1.65, 1.64, 1.54, 1.67, 1.56, 1.52, 1.69, 1.57],
  tjk_52 = [1.71, 1.71, 1.72, 1.70, 1.71, 1.55, 1.71, 1.67, 1.80, 1.68, 1.56, 1.62, 1.78, 1.66, 1.66, 1.64, 1.63, 1.79, 1.56, 1.71],
  tjk_53 = [1.68, 1.62, 1.58, 1.64, 1.52, 1.58, 1.64, 1.82, 1.73, 1.72, 1.65, 1.67, 1.66, 1.67, 1.75, 1.80, 1.73, 1.70, 1.58, 1.74],
  tjk_54 = [1.67, 1.71, 1.62, 1.61, 1.73, 1.73, 1.77, 1.80, 1.78, 1.56, 1.76, 1.65, 1.67, 1.66, 1.69, 1.61, 1.72, 1.53, 1.88, 1.64],
  tjk_55 = [1.71, 1.62, 1.76, 1.57, 1.66, 1.56, 1.76, 1.67, 1.68, 1.59, 1.68, 1.69, 1.80, 1.71, 1.71, 1.59, 1.54, 1.84, 1.59, 1.61],
  tjk_61 = [2.54, 3.56, 2.78, 2.99, 2.97, 2.84, 2.84, 3.00, 3.00, 3.23, 2.73, 2.79, 2.93, 2.97, 2.62, 3.30, 3.83, 2.47, 3.10, 3.11],
  tjk_62 = [3.01, 3.27, 3.10, 2.77, 3.01, 2.78, 3.35, 2.98, 3.30, 2.85, 3.07, 3.11, 2.90, 2.48, 3.08, 2.79, 2.85, 3.04, 3.71, 2.74],
  tjk_63 = [2.78, 2.95, 2.83, 3.24, 2.69, 2.53, 3.23, 3.57, 2.38, 2.93, 3.29, 3.30, 3.58, 2.67, 2.52, 2.79, 2.84, 3.26, 3.84, 2.38],
  tjk_64 = [3.64, 3.19, 2.74, 3.11, 3.17, 3.37, 3.99, 2.52, 3.38, 2.89, 2.75, 3.03, 3.23, 2.66, 3.07, 2.73, 3.13, 2.63, 3.21, 2.66],
  tjk_65 = [3.13, 3.19, 2.83, 2.97, 2.81, 3.15, 2.38, 2.59, 3.04, 2.63, 3.08, 3.01, 2.61, 3.22, 3.00, 2.50, 3.04, 3.10, 2.60, 3.47],
  tjk_71 = [2.68, 3.18, 3.44, 2.80, 3.16, 2.73, 3.59, 3.83, 2.87, 3.00, 2.94, 2.93, 3.25, 2.94, 3.41, 2.87, 3.28, 2.89, 3.46, 3.82],
  tjk_72 = [2.95, 3.07, 3.29, 3.20, 2.94, 3.19, 3.66, 3.29, 3.15, 3.43, 3.03, 2.48, 3.45, 2.87, 3.25, 3.09, 2.96, 2.76, 3.23, 3.13],
  tjk_73 = [2.60, 2.70, 2.81, 3.72, 3.01, 2.99, 3.07, 3.02, 2.56, 2.85, 3.16, 2.68, 2.43, 2.65, 3.38, 2.89, 2.56, 3.34, 2.88, 2.82],
  tjk_74 = [3.29, 2.67, 3.32, 3.44, 3.61, 3.25, 2.76, 2.98, 4.36, 2.82, 2.99, 3.13, 3.38, 3.11, 3.34, 3.12, 2.75, 2.82, 2.75, 2.64],
  tjk_75 = [3.14, 2.74, 3.47, 2.79, 3.11, 3.00, 3.68, 3.00, 2.75, 3.45, 2.92, 2.86, 2.99, 3.73, 3.60, 2.78, 3.11, 3.31, 2.80, 2.71],
  tjk_81 = [1.70, 1.82, 1.67, 1.69, 1.91, 1.66, 1.63, 1.67, 1.70, 1.96, 1.74, 1.62, 1.50, 1.69, 1.59, 1.64, 1.67, 1.66, 1.59, 1.56],
  tjk_82 = [1.73, 1.73, 1.66, 1.59, 1.67, 1.69, 1.61, 1.77, 1.80, 1.75, 1.88, 1.75, 1.54, 1.63, 1.85, 1.70, 1.62, 1.74, 1.60, 1.63],
  tjk_83 = [1.59, 1.56, 1.63, 1.71, 1.70, 1.69, 1.64, 1.75, 1.58, 1.53, 1.70, 1.58, 1.74, 1.67, 1.62, 1.68, 1.67, 1.75, 1.63, 1.67],
  tjk_84 = [1.69, 1.73, 1.67, 1.65, 1.87, 1.59, 1.63, 1.65, 1.57, 1.63, 1.65, 1.84, 1.79, 1.50, 1.55, 1.64, 1.65, 1.70, 1.87, 1.87],
  tjk_85 = [1.86, 1.71, 1.54, 1.65, 1.79, 1.60, 1.69, 1.67, 1.61, 1.70, 1.55, 1.69, 1.56, 1.57, 1.62, 1.73, 1.65, 1.62, 1.62, 1.83],
  tjk_91 = [1.66, 1.84, 1.74, 1.62, 1.60, 1.61, 1.68, 1.57, 1.74, 1.72, 1.61, 1.69, 1.61, 1.55, 1.60, 1.60, 1.62, 1.65, 1.50, 1.66],
  tjk_92 = [1.65, 1.67, 1.74, 1.62, 1.63, 1.61, 1.69, 1.64, 1.62, 1.51, 1.62, 1.78, 1.65, 1.57, 1.73, 1.72, 1.63, 1.73, 1.62, 1.64],
  tjk_93 = [1.88, 1.83, 1.71, 1.63, 1.70, 1.63, 1.66, 1.77, 1.77, 1.64, 1.65, 1.79, 1.81, 1.62, 1.77, 1.62, 1.71, 1.51, 1.66, 1.66],
  tjk_94 = [1.50, 1.54, 1.74, 1.97, 1.88, 1.66, 1.80, 1.66, 1.59, 1.71, 1.60, 1.65, 1.79, 1.73, 1.64, 1.65, 1.69, 1.81, 1.66, 1.70],
  tjk_95 = [1.80, 1.71, 1.60, 1.78, 1.64, 1.63, 1.67, 1.60, 1.50, 1.66, 1.63, 1.66, 1.56, 1.60, 1.67, 1.52, 1.54, 1.66, 1.87, 1.73],
  tjk_101 = [1.67, 1.76, 1.65, 1.89, 1.56, 1.79, 1.43, 1.85, 1.73, 1.61, 1.69, 1.70, 1.57, 1.63, 1.63, 1.76, 1.63, 1.60, 1.73, 1.63],
  tjk_102 = [1.71, 1.76, 1.43, 1.89, 1.62, 1.58, 1.55, 1.62, 1.57, 1.54, 1.66, 1.78, 1.66, 1.69, 1.70, 1.78, 1.74, 1.71, 1.66, 1.73],
  tjk_103 = [1.72, 1.70, 1.77, 1.66, 1.62, 1.77, 1.78, 1.66, 1.63, 1.66, 1.83, 1.73, 1.56, 1.80, 1.65, 1.64, 1.66, 1.62, 1.58, 1.64],
  tjk_104 = [1.69, 1.80, 1.76, 1.56, 1.48, 1.58, 1.58, 1.72, 1.59, 1.80, 1.68, 1.60, 1.63, 1.55, 1.82, 1.53, 1.72, 1.69, 1.71, 1.60],
  tjk_105 = [1.64, 1.42, 1.84, 1.64, 1.70, 1.62, 1.54, 1.74, 1.67, 1.70, 1.49, 1.60, 1.69, 1.64, 1.57, 1.56, 1.66, 1.79, 1.54, 1.74],
  tjk_111 = [1.64, 1.66, 1.78, 1.66, 1.70, 1.60, 1.74, 1.58, 1.71, 1.68, 1.71, 1.63, 1.61, 1.69, 1.55, 1.60, 1.71, 1.74, 1.65, 1.74],
  tjk_112 = [1.68, 1.63, 1.87, 1.70, 1.68, 1.79, 1.50, 1.69, 1.55, 1.76, 1.67, 1.70, 1.65, 1.68, 1.79, 1.68, 1.72, 1.74, 1.68, 1.67],
  tjk_113 = [1.66, 1.74, 1.74, 1.63, 1.62, 1.64, 1.75, 1.72, 1.67, 1.74, 1.75, 1.60, 1.58, 1.68, 1.63, 1.73, 1.63, 1.74, 1.67, 1.64],
  tjk_114 = [1.66, 1.63, 1.60, 1.57, 1.59, 1.70, 1.78, 1.52, 1.51, 1.68, 1.72, 1.60, 1.70, 1.65, 1.73, 1.60, 1.60, 1.73, 1.60, 1.74],
  tjk_115 = [1.71, 1.76, 1.78, 1.58, 1.52, 1.69, 1.71, 1.54, 1.64, 1.83, 1.62, 1.62, 1.72, 1.81, 1.74, 1.64, 1.75, 1.65, 1.58, 1.68],
  tjk_121 = [1.49, 1.63, 1.58, 1.56, 1.79, 1.62, 1.70, 1.69, 1.68, 1.66, 1.72, 1.58, 1.73, 1.67, 1.70, 1.78, 1.68, 1.49, 1.82, 1.86],
  tjk_122 = [1.66, 1.60, 1.63, 1.85, 1.67, 1.68, 1.69, 1.65, 1.65, 1.64, 1.60, 1.67, 1.69, 1.78, 1.59, 1.54, 1.64, 1.59, 1.59, 1.71],
  tjk_123 = [1.69, 1.83, 1.67, 1.83, 1.65, 1.63, 1.80, 1.55, 1.75, 1.75, 1.69, 1.56, 1.74, 1.73, 1.59, 1.75, 1.74, 1.73, 1.77, 1.72],
  tjk_124 = [1.72, 1.72, 1.76, 1.64, 1.76, 1.72, 1.60, 1.60, 1.56, 1.70, 1.78, 1.80, 1.64, 1.58, 1.66, 1.61, 1.82, 1.69, 1.77, 1.64],
  tjk_125 = [1.64, 1.74, 1.62, 1.69, 1.75, 1.78, 1.62, 1.81, 1.60, 1.80, 1.71, 1.71, 1.64, 1.65, 1.72, 1.56, 1.81, 1.61, 1.61, 1.76],
  tjk_131 = [2.94, 2.59, 2.65, 3.25, 3.00, 2.92, 2.74, 2.87, 2.66, 2.72, 3.54, 3.42, 2.30, 3.03, 2.60, 3.35, 2.95, 2.59, 2.88, 3.09],
  tjk_132 = [3.34, 3.22, 2.79, 2.90, 2.88, 3.36, 2.73, 3.49, 3.11, 3.06, 2.92, 3.30, 2.88, 3.03, 3.33, 3.04, 3.15, 3.13, 3.31, 2.91],
  tjk_133 = [3.15, 2.95, 3.26, 2.48, 2.83, 2.77, 3.43, 3.04, 3.24, 3.19, 2.83, 3.25, 3.43, 2.52, 3.11, 3.07, 3.08, 3.33, 3.11, 2.86],
  tjk_134 = [3.07, 2.93, 3.14, 2.44, 3.26, 2.91, 2.35, 3.13, 3.30, 3.14, 3.97, 2.98, 2.91, 2.84, 2.78, 3.11, 3.00, 3.14, 3.18, 3.05],
  tjk_135 = [3.47, 2.82, 2.93, 3.37, 3.17, 2.90, 3.61, 3.06, 3.24, 2.96, 2.95, 3.11, 2.87, 3.66, 3.21, 2.57, 3.25, 3.10, 2.93, 3.68],
  tjk_141 = [2.73, 2.83, 2.82, 2.81, 3.35, 2.97, 3.12, 2.56, 2.86, 2.41, 3.42, 2.97, 2.55, 3.10, 2.80, 2.96, 3.46, 2.49, 2.65, 3.21],
  tjk_142 = [3.45, 2.97, 3.66, 3.23, 3.03, 3.03, 3.58, 2.79, 2.74, 3.39, 2.96, 3.01, 2.81, 3.11, 2.88, 3.16, 3.60, 3.22, 2.88, 2.51],
  tjk_143 = [3.18, 3.01, 3.01, 2.94, 3.08, 2.75, 3.69, 2.67, 2.71, 2.51, 4.00, 3.17, 2.63, 3.64, 3.48, 3.17, 2.82, 2.63, 2.73, 2.98],
  tjk_144 = [2.44, 3.53, 3.17, 2.64, 3.32, 2.85, 2.70, 3.26, 2.53, 2.70, 2.72, 3.17, 3.29, 2.95, 3.61, 3.40, 3.30, 2.49, 2.86, 2.65],
  tjk_145 = [2.89, 2.92, 2.89, 3.30, 2.87, 2.89, 3.72, 3.12, 2.85, 3.10, 2.57, 2.81, 3.00, 3.00, 3.53, 3.11, 2.87, 3.17, 2.69, 2.96],
  tjk_151 = [2.35, 3.01, 3.43, 3.30, 3.51, 2.76, 3.37, 3.31, 2.94, 2.98, 3.09, 2.53, 3.19, 2.88, 3.51, 2.91, 2.85, 3.17, 2.71, 2.86],
  tjk_152 = [3.04, 3.20, 2.76, 2.92, 2.70, 2.90, 2.88, 3.08, 2.82, 2.60, 3.16, 2.98, 2.81, 3.24, 3.13, 3.26, 2.91, 3.02, 2.81, 2.76],
  tjk_153 = [3.18, 3.06, 3.65, 2.86, 3.14, 2.72, 4.13, 2.95, 3.50, 3.34, 2.85, 2.66, 3.00, 3.07, 3.05, 3.06, 3.00, 2.78, 3.13, 3.17],
  tjk_154 = [3.58, 2.88, 2.28, 2.40, 2.88, 3.51, 2.74, 3.29, 3.63, 3.56, 2.96, 2.58, 3.22, 2.82, 2.96, 3.13, 3.06, 3.31, 3.24, 2.57],
  tjk_155 = [2.58, 2.54, 3.04, 3.22, 3.25, 3.18, 2.94, 3.22, 2.84, 2.73, 2.81, 2.94, 2.75, 3.04, 3.22, 3.21, 2.46, 2.86, 3.48, 3.30],
  tjk_161 = [1.68, 1.73, 1.69, 1.58, 1.61, 1.76, 1.68, 1.69, 1.58, 1.65, 1.73, 1.58, 1.68, 1.65, 1.54, 1.53, 1.68, 1.74, 1.75, 1.82],
  tjk_162 = [1.62, 1.73, 1.63, 1.86, 1.84, 1.61, 1.59, 1.63, 1.58, 1.70, 1.73, 1.78, 1.76, 1.54, 1.66, 1.62, 1.62, 1.91, 1.68, 1.64],
  tjk_163 = [1.70, 1.50, 1.74, 1.63, 1.67, 1.69, 1.65, 1.63, 1.56, 1.66, 1.74, 1.63, 1.67, 1.60, 1.66, 1.80, 1.56, 1.88, 1.65, 1.58],
  tjk_164 = [1.54, 1.65, 1.78, 1.64, 1.64, 1.73, 1.79, 1.61, 1.74, 1.62, 1.65, 1.62, 1.58, 1.71, 1.72, 1.71, 1.66, 1.59, 1.49, 1.70],
  tjk_165 = [1.49, 1.82, 1.48, 1.75, 1.71, 1.68, 1.56, 1.63, 1.51, 1.63, 1.66, 1.67, 1.56, 1.69, 1.67, 1.65, 1.78, 1.58, 1.61, 1.74],
  tjk_171 = [3.16, 2.59, 2.95, 2.72, 3.36, 3.07, 3.72, 3.04, 3.08, 3.19, 2.65, 2.51, 3.13, 3.24, 2.84, 2.99, 3.83, 2.69, 2.91, 3.22],
  tjk_172 = [2.56, 3.24, 2.93, 2.98, 2.53, 3.55, 3.50, 2.81, 2.74, 3.24, 3.00, 3.16, 3.09, 2.67, 2.71, 3.87, 2.73, 2.85, 2.99, 3.52],
  tjk_173 = [2.93, 3.39, 2.62, 2.93, 2.56, 2.94, 2.90, 3.73, 2.81, 2.98, 2.82, 2.80, 2.48, 2.82, 2.93, 2.93, 3.46, 3.20, 2.88, 3.36],
  tjk_174 = [2.97, 2.76, 2.61, 3.06, 3.09, 3.32, 2.63, 2.51, 3.73, 2.94, 3.21, 3.35, 2.84, 2.91, 2.74, 3.43, 2.69, 2.76, 2.78, 2.95],
  tjk_175 = [3.08, 2.49, 3.05, 3.26, 3.62, 2.52, 2.69, 3.17, 2.94, 2.57, 2.45, 2.72, 3.18, 3.02, 2.91, 4.03, 2.52, 2.71, 2.94, 3.04],
  tjk_181 = [1.67, 1.87, 1.65, 1.72, 1.77, 1.58, 1.64, 1.82, 1.61, 1.62, 1.70, 1.66, 1.51, 1.66, 1.78, 1.59, 1.67, 1.70, 1.66, 1.80],
  tjk_182 = [1.64, 1.68, 1.79, 1.59, 1.68, 1.65, 1.61, 1.64, 1.67, 1.57, 1.62, 1.67, 1.78, 1.78, 1.67, 1.81, 1.61, 1.60, 1.72, 1.66],
  tjk_183 = [1.58, 1.96, 1.73, 1.61, 1.66, 1.68, 1.64, 1.69, 1.57, 1.66, 1.59, 1.67, 1.55, 1.66, 1.61, 1.80, 1.61, 1.69, 1.64, 1.70],
  tjk_184 = [1.70, 1.77, 1.71, 1.65, 1.68, 1.64, 1.62, 1.58, 1.66, 1.76, 1.64, 1.62, 1.53, 1.58, 1.62, 1.67, 1.65, 1.61, 1.70, 1.74],
  tjk_185 = [1.59, 1.66, 1.66, 1.64, 1.45, 1.65, 1.57, 1.54, 1.71, 1.62, 1.66, 1.72, 1.91, 1.77, 1.59, 1.68, 1.63, 1.61, 1.56, 1.71],
  tjk_191 = [3.47, 3.18, 2.90, 3.02, 3.02, 2.44, 2.61, 2.99, 2.75, 3.12, 3.47, 3.18, 3.01, 3.00, 3.29, 2.69, 2.55, 3.16, 2.97, 3.23],
  tjk_192 = [2.54, 2.70, 2.79, 2.73, 2.48, 2.33, 2.81, 3.04, 3.73, 2.98, 2.64, 3.29, 2.95, 3.02, 2.84, 3.85, 2.69, 2.96, 3.05, 2.74],
  tjk_193 = [3.28, 2.80, 2.79, 2.78, 3.81, 3.03, 2.76, 2.78, 3.04, 2.88, 3.18, 3.00, 2.70, 3.04, 2.85, 2.60, 2.78, 3.37, 2.84, 2.39],
  tjk_194 = [3.52, 2.89, 2.94, 3.07, 3.03, 3.13, 2.65, 2.58, 2.85, 3.04, 3.46, 2.88, 2.83, 2.75, 3.49, 2.46, 3.15, 3.08, 3.14, 2.71],
  tjk_195 = [2.76, 2.82, 3.19, 3.93, 3.69, 2.76, 2.49, 3.07, 3.11, 2.66, 2.48, 2.82, 2.91, 3.37, 2.30, 3.51, 2.53, 3.11, 2.80, 3.13],
  tjk_201 = [3.78, 4.29, 4.92, 4.21, 3.50, 5.00, 5.00, 4.02, 4.73, 4.84, 4.28, 3.95, 4.31, 4.91, 4.84, 4.00, 3.50, 4.60, 4.45, 4.30],
  tjk_202 = [5.00, 4.29, 5.00, 4.93, 3.97, 4.02, 4.79, 5.00, 3.55, 4.08, 4.11, 5.00, 3.76, 4.04, 3.85, 4.49, 3.77, 4.51, 4.25, 4.63],
  tjk_203 = [4.78, 4.51, 4.78, 4.87, 4.95, 4.11, 4.42, 4.87, 3.44, 5.00, 3.89, 4.45, 4.68, 4.88, 4.52, 4.01, 4.75, 5.00, 3.88, 4.86],
  tjk_204 = [4.03, 4.15, 4.70, 4.58, 4.15, 4.57, 4.10, 4.11, 3.40, 4.40, 5.00, 3.73, 4.84, 4.56, 4.63, 3.13, 4.62, 3.81, 4.14, 4.38],
  tjk_205 = [5.00, 3.69, 3.67, 4.15, 5.00, 4.27, 3.89, 3.90, 5.00, 3.41, 4.59, 5.00, 4.53, 4.29, 4.95, 4.16, 5.00, 4.29, 4.68, 4.59],
]

Service Times (¦Î_{jk}^s) = [
  xi_11 = [2.01, 1.00, 10.00, 1.00, 2.64, 1.00, 7.38, 4.52, 1.00, 10.00, 5.86, 1.29, 10.00, 10.00, 10.00, 3.18, 4.01, 5.17, 10.00, 10.00],
  xi_12 = [1.00, 1.24, 3.70, 2.18, 4.75, 10.00, 1.41, 6.17, 1.00, 9.93, 1.00, 1.00, 1.00, 1.00, 1.94, 1.00, 1.99, 10.00, 1.00, 1.00],
  xi_13 = [1.93, 1.00, 2.69, 7.00, 4.43, 1.44, 8.27, 1.51, 6.70, 6.92, 3.46, 1.00, 10.00, 1.00, 2.22, 10.00, 1.79, 1.36, 2.61, 1.94],
  xi_14 = [1.00, 2.17, 3.12, 1.47, 3.78, 3.46, 1.47, 10.00, 9.65, 1.00, 1.00, 1.00, 10.00, 7.47, 1.00, 1.00, 1.00, 6.09, 3.23, 1.00],
  xi_15 = [6.29, 10.00, 1.15, 1.00, 8.29, 3.97, 1.00, 1.00, 1.00, 1.25, 6.29, 2.43, 7.36, 1.00, 10.00, 1.09, 1.00, 10.00, 7.72, 2.73],
  xi_21 = [10.00, 1.97, 2.04, 2.31, 3.15, 10.00, 10.00, 1.99, 1.00, 1.77, 6.23, 10.00, 1.00, 10.00, 1.78, 4.23, 1.00, 6.27, 1.00, 10.00],
  xi_22 = [1.35, 1.00, 8.96, 10.00, 10.00, 1.22, 1.09, 5.34, 1.00, 1.00, 1.00, 1.00, 10.00, 2.29, 4.96, 6.50, 1.00, 1.20, 1.00, 2.44],
  xi_23 = [10.00, 10.00, 10.00, 10.00, 5.56, 1.16, 1.00, 1.00, 10.00, 10.00, 1.09, 1.00, 10.00, 1.00, 10.00, 10.00, 3.67, 10.00, 1.00, 6.13],
  xi_24 = [1.00, 1.00, 2.76, 1.00, 2.89, 8.08, 1.37, 1.14, 6.47, 1.00, 3.28, 6.61, 1.00, 1.93, 1.78, 1.05, 9.78, 4.28, 2.54, 1.23],
  xi_25 = [1.18, 1.00, 1.00, 1.46, 2.18, 2.80, 4.58, 3.85, 10.00, 8.69, 1.00, 7.79, 1.00, 1.00, 6.10, 9.85, 6.23, 2.23, 3.33, 1.09],
  xi_31 = [1.04, 1.00, 5.26, 1.09, 1.00, 2.03, 1.00, 10.00, 9.09, 4.91, 2.74, 8.45, 4.99, 10.00, 1.63, 1.57, 10.00, 1.00, 2.84, 1.00],
  xi_32 = [1.00, 1.00, 1.00, 1.00, 1.60, 2.74, 8.68, 10.00, 1.27, 10.00, 10.00, 1.00, 1.08, 1.00, 10.00, 9.79, 10.00, 1.26, 1.00, 1.00],
  xi_33 = [10.00, 2.45, 2.74, 1.00, 1.80, 1.37, 1.00, 1.00, 3.80, 1.99, 1.00, 1.00, 10.00, 1.69, 2.18, 9.09, 1.00, 1.00, 10.00, 1.00],
  xi_34 = [3.19, 1.00, 10.00, 10.00, 4.26, 4.20, 6.20, 3.87, 5.12, 3.66, 1.48, 7.46, 2.80, 1.96, 2.66, 1.00, 4.66, 2.82, 2.46, 1.00],
  xi_35 = [2.02, 1.00, 1.00, 5.87, 10.00, 10.00, 10.00, 1.83, 1.00, 2.12, 1.21, 1.31, 1.22, 10.00, 1.00, 2.75, 9.87, 3.60, 10.00, 10.00],
  xi_41 = [6.80, 1.00, 10.00, 10.00, 1.00, 9.17, 10.00, 10.00, 5.00, 9.87, 10.00, 10.00, 1.00, 4.90, 1.00, 1.00, 1.00, 1.00, 10.00, 1.00],
  xi_42 = [1.00, 1.07, 10.00, 10.00, 10.00, 1.00, 1.00, 1.00, 10.00, 1.99, 10.00, 4.66, 10.00, 1.00, 7.18, 1.00, 10.00, 10.00, 1.00, 10.00],
  xi_43 = [10.00, 3.94, 2.46, 1.00, 10.00, 10.00, 10.00, 1.59, 1.00, 10.00, 10.00, 1.00, 10.00, 9.57, 10.00, 8.20, 4.86, 1.00, 5.03, 6.32],
  xi_44 = [1.00, 10.00, 1.00, 1.00, 3.25, 10.00, 1.00, 1.79, 1.00, 10.00, 1.25, 10.00, 1.00, 3.82, 10.00, 10.00, 10.00, 1.00, 10.00, 10.00],
  xi_45 = [10.00, 8.25, 1.00, 10.00, 1.00, 2.25, 10.00, 1.00, 3.22, 1.00, 7.80, 10.00, 1.51, 4.51, 1.00, 10.00, 1.00, 10.00, 1.01, 1.00],
  xi_51 = [2.53, 10.00, 2.14, 1.00, 3.61, 1.00, 10.00, 2.69, 10.00, 1.00, 10.00, 1.44, 5.72, 1.47, 4.24, 1.00, 1.00, 10.00, 1.00, 8.81],
  xi_52 = [1.24, 2.49, 1.00, 10.00, 10.00, 1.71, 3.11, 10.00, 2.91, 1.00, 4.05, 10.00, 1.00, 7.75, 1.00, 1.00, 3.75, 2.42, 1.04, 7.65],
  xi_53 = [1.36, 1.51, 1.23, 10.00, 1.00, 10.00, 10.00, 1.87, 9.99, 3.79, 4.69, 1.00, 4.83, 1.00, 9.68, 6.27, 1.00, 1.00, 1.00, 1.44],
  xi_54 = [1.00, 2.78, 1.00, 1.89, 2.43, 1.00, 2.35, 1.00, 10.00, 5.18, 1.73, 9.96, 10.00, 10.00, 1.00, 10.00, 1.00, 10.00, 10.00, 3.84],
  xi_55 = [1.00, 1.00, 3.29, 7.26, 10.00, 1.00, 10.00, 1.00, 1.00, 10.00, 4.54, 1.00, 2.25, 4.16, 1.00, 1.00, 1.58, 10.00, 1.09, 1.00],
  xi_61 = [1.00, 6.15, 10.00, 1.00, 1.00, 2.24, 10.00, 2.98, 10.00, 1.00, 8.99, 10.00, 10.00, 1.00, 10.00, 10.00, 10.00, 10.00, 10.00, 1.00],
  xi_62 = [10.00, 1.00, 1.40, 10.00, 2.36, 1.00, 10.00, 1.00, 10.00, 10.00, 10.00, 10.00, 1.00, 10.00, 1.00, 1.00, 10.00, 10.00, 10.00, 2.85],
  xi_63 = [1.00, 10.00, 10.00, 10.00, 10.00, 1.00, 1.00, 1.00, 1.00, 1.00, 6.99, 1.00, 10.00, 5.19, 10.00, 1.00, 1.00, 10.00, 1.00, 10.00],
  xi_64 = [10.00, 1.27, 10.00, 10.00, 10.00, 4.86, 2.34, 10.00, 10.00, 1.00, 1.00, 10.00, 5.70, 10.00, 10.00, 10.00, 2.81, 5.28, 10.00, 1.00],
  xi_65 = [10.00, 10.00, 1.00, 5.02, 1.00, 10.00, 10.00, 1.00, 10.00, 10.00, 10.00, 1.00, 1.00, 10.00, 7.28, 10.00, 1.00, 10.00, 10.00, 10.00],
  xi_71 = [1.76, 10.00, 10.00, 10.00, 1.00, 2.81, 3.01, 1.00, 1.00, 10.00, 4.11, 10.00, 1.78, 10.00, 10.00, 1.00, 1.00, 10.00, 1.00, 1.00],
  xi_72 = [10.00, 1.00, 1.00, 10.00, 1.00, 10.00, 10.00, 9.62, 10.00, 6.74, 5.72, 10.00, 10.00, 1.00, 10.00, 1.00, 10.00, 8.11, 7.09, 1.00],
  xi_73 = [1.34, 10.00, 1.00, 10.00, 1.00, 10.00, 10.00, 10.00, 1.00, 9.43, 7.08, 1.00, 10.00, 3.92, 3.64, 1.00, 10.00, 7.72, 10.00, 10.00],
  xi_74 = [10.00, 4.25, 10.00, 1.00, 10.00, 10.00, 10.00, 1.00, 1.00, 1.93, 1.00, 10.00, 1.00, 10.00, 1.25, 1.00, 1.00, 1.78, 1.00, 10.00],
  xi_75 = [10.00, 1.00, 10.00, 8.99, 10.00, 1.00, 1.15, 10.00, 1.00, 1.00, 10.00, 1.17, 10.00, 1.98, 10.00, 10.00, 10.00, 10.00, 10.00, 7.47],
  xi_81 = [2.41, 2.98, 10.00, 1.00, 1.32, 1.03, 10.00, 1.00, 10.00, 6.05, 1.00, 1.03, 5.17, 10.00, 10.00, 5.47, 4.34, 10.00, 2.34, 1.00],
  xi_82 = [1.00, 1.14, 10.00, 1.00, 1.00, 8.01, 1.62, 4.54, 1.00, 10.00, 5.24, 1.47, 10.00, 1.00, 10.00, 2.24, 1.00, 1.00, 10.00, 1.00],
  xi_83 = [1.00, 1.00, 1.00, 1.26, 10.00, 10.00, 6.13, 10.00, 1.00, 1.31, 1.98, 4.52, 1.00, 10.00, 8.01, 10.00, 2.26, 2.22, 1.00, 10.00],
  xi_84 = [10.00, 10.00, 9.38, 1.00, 1.00, 1.58, 10.00, 10.00, 10.00, 4.16, 1.79, 1.00, 10.00, 10.00, 3.45, 2.01, 10.00, 3.85, 1.00, 1.00],
  xi_85 = [5.66, 10.00, 5.76, 10.00, 10.00, 2.91, 1.00, 10.00, 3.22, 1.00, 10.00, 10.00, 1.00, 10.00, 10.00, 1.41, 10.00, 5.80, 1.00, 10.00],
  xi_91 = [10.00, 10.00, 1.00, 3.28, 1.00, 10.00, 1.00, 1.01, 10.00, 10.00, 10.00, 6.70, 10.00, 1.00, 9.14, 6.88, 10.00, 10.00, 1.59, 6.34],
  xi_92 = [2.38, 4.13, 1.00, 10.00, 8.19, 1.00, 1.00, 1.00, 10.00, 5.44, 4.74, 3.34, 1.46, 4.34, 1.00, 10.00, 10.00, 1.00, 1.42, 10.00],
  xi_93 = [10.00, 1.00, 1.04, 10.00, 10.00, 1.00, 1.00, 2.45, 1.00, 10.00, 1.00, 1.00, 10.00, 10.00, 10.00, 2.22, 10.00, 5.90, 1.00, 10.00],
  xi_94 = [10.00, 2.69, 10.00, 3.52, 1.00, 1.00, 10.00, 5.73, 10.00, 10.00, 5.20, 1.00, 10.00, 10.00, 10.00, 10.00, 9.09, 10.00, 10.00, 1.00],
  xi_95 = [1.00, 10.00, 1.00, 1.00, 1.00, 1.00, 1.00, 10.00, 1.00, 1.00, 1.00, 10.00, 10.00, 1.50, 7.72, 9.55, 1.00, 2.14, 10.00, 1.00],
  xi_101 = [1.00, 10.00, 1.00, 1.00, 2.94, 10.00, 1.00, 10.00, 2.60, 10.00, 10.00, 10.00, 1.97, 10.00, 1.00, 6.35, 10.00, 1.00, 1.00, 1.00],
  xi_102 = [10.00, 10.00, 1.00, 10.00, 10.00, 10.00, 6.23, 7.39, 10.00, 1.00, 10.00, 1.00, 1.00, 10.00, 10.00, 10.00, 10.00, 10.00, 10.00, 1.00],
  xi_103 = [10.00, 1.00, 1.00, 10.00, 10.00, 2.18, 1.00, 10.00, 10.00, 8.40, 10.00, 10.00, 1.00, 10.00, 10.00, 10.00, 10.00, 1.00, 10.00, 1.00],
  xi_104 = [10.00, 1.00, 3.65, 10.00, 1.41, 10.00, 1.00, 10.00, 10.00, 1.00, 10.00, 2.79, 10.00, 4.64, 1.00, 1.00, 10.00, 10.00, 1.00, 1.00],
  xi_105 = [7.25, 8.29, 2.94, 1.00, 5.28, 1.00, 4.83, 10.00, 1.45, 1.00, 6.89, 2.71, 9.84, 7.14, 9.21, 10.00, 10.00, 10.00, 1.00, 10.00],
  xi_111 = [4.66, 4.11, 10.00, 1.00, 2.00, 1.00, 10.00, 3.27, 9.30, 1.00, 1.20, 1.00, 1.00, 10.00, 1.00, 9.10, 1.75, 1.00, 1.23, 3.53],
  xi_112 = [3.65, 4.37, 1.00, 5.40, 1.00, 1.00, 2.88, 3.49, 1.00, 2.75, 1.00, 7.04, 2.41, 3.15, 10.00, 1.00, 2.86, 1.00, 10.00, 1.00],
  xi_113 = [1.02, 10.00, 2.18, 3.68, 1.00, 10.00, 1.40, 4.64, 5.99, 6.89, 10.00, 1.33, 1.00, 4.52, 3.58, 9.69, 1.00, 1.00, 10.00, 3.36],
  xi_114 = [2.22, 1.58, 10.00, 1.00, 4.97, 10.00, 10.00, 1.38, 10.00, 1.00, 10.00, 6.58, 1.37, 9.86, 1.00, 1.00, 4.65, 1.00, 1.79, 2.69],
  xi_115 = [1.33, 1.27, 1.00, 1.00, 1.00, 1.98, 10.00, 1.00, 1.00, 2.57, 8.03, 5.27, 1.00, 1.37, 1.00, 1.00, 1.00, 1.00, 1.00, 1.00],
  xi_121 = [10.00, 1.00, 1.88, 10.00, 10.00, 10.00, 4.91, 3.28, 3.26, 10.00, 2.80, 10.00, 2.89, 1.97, 3.55, 10.00, 1.00, 7.19, 7.56, 1.19],
  xi_122 = [10.00, 1.00, 10.00, 2.31, 8.87, 1.00, 1.00, 5.11, 2.13, 1.00, 4.68, 9.04, 1.00, 3.07, 3.96, 1.00, 10.00, 10.00, 1.00, 1.00],
  xi_123 = [6.26, 3.62, 6.46, 10.00, 1.64, 1.00, 10.00, 6.06, 10.00, 7.34, 1.47, 10.00, 8.06, 1.00, 3.00, 10.00, 10.00, 2.84, 1.00, 10.00],
  xi_124 = [1.36, 2.67, 1.00, 10.00, 2.17, 10.00, 10.00, 10.00, 10.00, 1.00, 3.92, 10.00, 10.00, 1.00, 3.01, 10.00, 1.00, 10.00, 10.00, 10.00],
  xi_125 = [2.66, 3.60, 1.00, 1.00, 3.36, 6.08, 1.46, 10.00, 1.00, 10.00, 1.87, 1.00, 2.16, 8.15, 1.27, 10.00, 1.43, 10.00, 1.21, 1.00],
  xi_131 = [5.82, 10.00, 7.39, 1.00, 6.46, 10.00, 1.00, 1.29, 10.00, 2.19, 9.77, 1.00, 10.00, 9.75, 1.21, 1.00, 10.00, 10.00, 10.00, 1.00],
  xi_132 = [10.00, 1.00, 1.14, 1.00, 10.00, 1.00, 1.00, 10.00, 1.00, 2.67, 1.00, 5.07, 1.00, 10.00, 10.00, 10.00, 1.00, 10.00, 2.64, 6.23],
  xi_133 = [10.00, 1.00, 1.00, 2.19, 1.00, 1.30, 1.00, 10.00, 1.00, 1.00, 7.96, 10.00, 10.00, 1.00, 1.40, 5.19, 1.00, 10.00, 1.00, 10.00],
  xi_134 = [10.00, 10.00, 8.48, 1.38, 1.00, 10.00, 1.00, 9.91, 9.11, 10.00, 10.00, 1.00, 1.18, 5.90, 10.00, 1.43, 10.00, 10.00, 1.00, 10.00],
  xi_135 = [1.00, 10.00, 10.00, 7.43, 1.00, 2.58, 1.89, 10.00, 2.41, 1.00, 10.00, 1.00, 10.00, 1.00, 1.00, 10.00, 10.00, 10.00, 2.74, 4.34],
  xi_141 = [3.43, 10.00, 1.00, 10.00, 1.07, 10.00, 10.00, 1.00, 1.00, 1.00, 1.00, 1.54, 1.00, 4.34, 9.88, 10.00, 10.00, 10.00, 5.20, 10.00],
  xi_142 = [1.00, 4.92, 10.00, 4.72, 1.86, 1.00, 1.00, 2.15, 10.00, 10.00, 1.00, 10.00, 3.50, 10.00, 1.00, 1.00, 10.00, 1.00, 2.14, 10.00],
  xi_143 = [10.00, 6.95, 10.00, 3.82, 10.00, 1.00, 10.00, 8.70, 3.85, 3.66, 1.00, 3.72, 10.00, 1.00, 10.00, 10.00, 1.00, 10.00, 1.00, 1.00],
  xi_144 = [1.00, 1.00, 10.00, 1.00, 10.00, 10.00, 10.00, 10.00, 10.00, 10.00, 10.00, 1.00, 1.68, 2.09, 2.57, 1.67, 1.00, 1.00, 10.00, 1.00],
  xi_145 = [1.00, 10.00, 10.00, 10.00, 1.00, 10.00, 10.00, 10.00, 1.00, 1.00, 6.09, 1.58, 1.00, 1.00, 1.55, 1.00, 10.00, 1.06, 1.00, 1.00],
  xi_151 = [10.00, 10.00, 10.00, 10.00, 10.00, 1.00, 10.00, 10.00, 10.00, 1.00, 1.00, 10.00, 10.00, 8.76, 10.00, 10.00, 1.00, 10.00, 2.43, 1.00],
  xi_152 = [10.00, 10.00, 1.00, 10.00, 10.00, 10.00, 10.00, 10.00, 1.00, 1.00, 1.00, 10.00, 1.00, 10.00, 10.00, 10.00, 10.00, 10.00, 10.00, 10.00],
  xi_153 = [10.00, 1.00, 10.00, 10.00, 1.00, 10.00, 10.00, 10.00, 1.00, 10.00, 1.00, 10.00, 1.00, 8.04, 10.00, 2.07, 3.06, 1.95, 10.00, 1.00],
  xi_154 = [1.00, 10.00, 7.20, 10.00, 10.00, 10.00, 1.45, 10.00, 10.00, 1.00, 10.00, 3.24, 9.29, 10.00, 10.00, 1.00, 10.00, 2.85, 10.00, 10.00],
  xi_155 = [1.00, 1.00, 10.00, 10.00, 7.09, 1.00, 1.15, 1.00, 1.00, 1.00, 10.00, 10.00, 10.00, 1.00, 10.00, 1.00, 10.00, 1.00, 1.00, 1.00],
  xi_161 = [1.00, 1.00, 1.00, 4.90, 10.00, 1.00, 10.00, 4.89, 1.00, 10.00, 2.14, 1.00, 10.00, 1.00, 1.00, 1.00, 10.00, 1.04, 10.00, 10.00],
  xi_162 = [1.00, 1.00, 1.70, 1.00, 1.00, 10.00, 1.00, 10.00, 1.00, 1.00, 4.88, 1.00, 1.00, 10.00, 1.00, 10.00, 1.00, 10.00, 10.00, 1.00],
  xi_163 = [1.00, 10.00, 10.00, 2.59, 10.00, 1.00, 1.00, 10.00, 1.00, 1.00, 1.24, 10.00, 10.00, 10.00, 10.00, 1.00, 1.33, 10.00, 10.00, 1.00],
  xi_164 = [10.00, 4.47, 10.00, 10.00, 10.00, 1.00, 1.00, 1.00, 10.00, 10.00, 10.00, 1.00, 1.00, 5.14, 10.00, 10.00, 10.00, 10.00, 1.00, 10.00],
  xi_165 = [10.00, 6.97, 10.00, 1.00, 10.00, 10.00, 1.00, 1.00, 1.00, 2.25, 10.00, 5.11, 10.00, 1.00, 1.00, 10.00, 10.00, 1.00, 10.00, 1.00],
  xi_171 = [1.00, 2.70, 10.00, 10.00, 6.18, 1.00, 10.00, 10.00, 10.00, 1.00, 1.00, 6.82, 1.00, 10.00, 5.61, 3.76, 10.00, 1.00, 1.36, 10.00],
  xi_172 = [1.00, 5.66, 10.00, 1.00, 3.96, 10.00, 2.03, 4.53, 10.00, 2.87, 4.88, 10.00, 1.00, 10.00, 10.00, 1.00, 1.00, 10.00, 1.00, 10.00],
  xi_173 = [1.00, 1.00, 1.00, 10.00, 1.00, 10.00, 10.00, 10.00, 10.00, 6.23, 1.00, 1.06, 1.14, 1.00, 10.00, 1.00, 3.75, 10.00, 10.00, 10.00],
  xi_174 = [10.00, 10.00, 1.00, 10.00, 1.00, 10.00, 1.00, 10.00, 10.00, 1.00, 3.39, 10.00, 2.72, 3.27, 10.00, 10.00, 1.42, 10.00, 10.00, 10.00],
  xi_175 = [10.00, 10.00, 10.00, 10.00, 10.00, 5.62, 10.00, 10.00, 3.41, 10.00, 10.00, 3.08, 1.68, 3.65, 1.00, 3.85, 10.00, 10.00, 10.00, 1.00],
  xi_181 = [2.79, 1.00, 10.00, 10.00, 10.00, 1.00, 10.00, 1.00, 1.00, 1.00, 10.00, 10.00, 10.00, 10.00, 1.00, 1.00, 10.00, 1.00, 1.00, 10.00],
  xi_182 = [10.00, 1.00, 5.12, 2.05, 10.00, 10.00, 1.29, 1.00, 5.44, 1.00, 10.00, 1.00, 10.00, 10.00, 1.00, 10.00, 3.22, 10.00, 1.00, 5.48],
  xi_183 = [1.68, 10.00, 2.39, 10.00, 1.00, 1.00, 1.00, 10.00, 10.00, 5.71, 1.00, 1.00, 1.00, 2.88, 2.96, 10.00, 1.00, 1.00, 10.00, 10.00],
  xi_184 = [1.94, 10.00, 1.00, 5.80, 10.00, 1.00, 8.80, 10.00, 10.00, 10.00, 10.00, 1.00, 1.73, 10.00, 10.00, 10.00, 1.00, 10.00, 1.00, 2.16],
  xi_185 = [1.00, 1.00, 1.00, 10.00, 10.00, 10.00, 10.00, 1.94, 1.00, 1.00, 10.00, 10.00, 2.52, 10.00, 10.00, 10.00, 1.00, 10.00, 1.00, 10.00],
  xi_191 = [10.00, 3.77, 10.00, 10.00, 1.00, 10.00, 1.00, 1.00, 10.00, 1.00, 3.93, 10.00, 10.00, 1.00, 1.00, 10.00, 10.00, 10.00, 2.47, 10.00],
  xi_192 = [10.00, 10.00, 9.88, 10.00, 10.00, 1.57, 1.00, 7.67, 10.00, 1.00, 10.00, 10.00, 1.00, 10.00, 10.00, 1.00, 9.24, 1.00, 10.00, 2.75],
  xi_193 = [1.00, 10.00, 1.00, 10.00, 10.00, 10.00, 10.00, 3.17, 10.00, 1.00, 3.61, 1.00, 10.00, 1.00, 1.00, 1.00, 8.42, 10.00, 1.00, 10.00],
  xi_194 = [1.00, 10.00, 1.82, 1.00, 1.00, 1.00, 2.36, 1.00, 1.00, 1.00, 1.00, 2.64, 1.00, 1.00, 10.00, 10.00, 10.00, 7.00, 10.00, 1.13],
  xi_195 = [10.00, 7.25, 1.00, 10.00, 1.00, 10.00, 10.00, 1.00, 10.00, 6.95, 10.00, 1.42, 4.02, 10.00, 10.00, 10.00, 10.00, 10.00, 1.00, 1.00],
  xi_201 = [4.47, 1.56, 10.00, 10.00, 3.97, 10.00, 7.04, 1.00, 5.38, 1.00, 10.00, 1.97, 1.00, 10.00, 10.00, 1.00, 1.00, 1.00, 1.00, 4.07],
  xi_202 = [8.29, 10.00, 9.18, 1.00, 1.00, 3.02, 10.00, 2.99, 1.87, 1.00, 1.00, 1.00, 10.00, 3.22, 1.39, 3.81, 6.15, 10.00, 2.72, 1.51],
  xi_203 = [10.00, 10.00, 4.93, 1.00, 1.00, 10.00, 6.05, 1.00, 2.12, 1.92, 10.00, 1.00, 1.20, 2.25, 1.00, 7.72, 2.53, 5.50, 7.86, 1.00],
  xi_204 = [1.00, 1.00, 10.00, 6.79, 1.00, 6.45, 1.00, 1.00, 1.96, 10.00, 1.00, 1.00, 2.19, 8.22, 1.00, 3.28, 1.00, 7.69, 7.19, 10.00],
  xi_205 = [2.27, 6.14, 3.78, 1.00, 2.78, 2.58, 10.00, 6.49, 10.00, 4.89, 1.40, 8.57, 1.32, 1.00, 1.00, 10.00, 1.00, 2.17, 1.00, 1.00],
]

Transportation Costs (cjk) = [
  [0.10, 6.13, 0.10, 4.08, 12.52],
  [17.19, 0.10, 13.45, 1.91, 16.95],
  [10.45, 0.10, 5.69, 0.10, 13.25],
  [2.05, 0.95, 1.61, 0.10, 0.10],
  [7.45, 3.86, 0.10, 0.10, 4.28],
  [23.56, 0.10, 0.40, 23.26, 0.10],
  [3.88, 7.11, 0.10, 9.66, 0.92],
  [5.98, 0.10, 5.60, 14.69, 0.10],
  [2.28, 10.19, 8.54, 13.04, 13.12],
  [19.30, 0.34, 0.10, 26.38, 1.62],
  [4.47, 0.10, 0.56, 13.62, 0.10],
  [9.90, 9.72, 1.72, 0.10, 20.34],
  [0.10, 3.98, 4.19, 5.93, 5.70],
  [2.72, 18.71, 0.10, 35.60, 12.26],
  [13.07, 0.10, 0.10, 0.10, 0.10],
  [0.10, 0.10, 0.10, 0.10, 4.66],
  [21.61, 0.10, 4.97, 7.74, 0.10],
  [2.93, 15.30, 3.04, 9.60, 0.10],
  [7.57, 12.31, 11.25, 2.49, 0.10],
  [1.12, 0.10, 0.10, 0.10, 5.31],
]

Mean Service Times (¦Ì_{jk}) = [
  mu_11 = [5.50],
  mu_12 = [3.12],
  mu_13 = [3.86],
  mu_14 = [3.50],
  mu_15 = [4.23],
  mu_21 = [4.79],
  mu_22 = [3.62],
  mu_23 = [6.13],
  mu_24 = [3.01],
  mu_25 = [3.82],
  mu_31 = [4.03],
  mu_32 = [4.22],
  mu_33 = [3.25],
  mu_34 = [3.99],
  mu_35 = [4.79],
  mu_41 = [5.69],
  mu_42 = [5.60],
  mu_43 = [6.30],
  mu_44 = [5.36],
  mu_45 = [4.78],
  mu_51 = [4.43],
  mu_52 = [4.16],
  mu_53 = [4.13],
  mu_54 = [4.81],
  mu_55 = [3.66],
  mu_61 = [6.32],
  mu_62 = [6.13],
  mu_63 = [5.11],
  mu_64 = [6.76],
  mu_65 = [6.92],
  mu_71 = [5.02],
  mu_72 = [6.66],
  mu_73 = [6.41],
  mu_74 = [4.86],
  mu_75 = [6.74],
  mu_81 = [4.81],
  mu_82 = [4.11],
  mu_83 = [4.68],
  mu_84 = [5.56],
  mu_85 = [6.44],
  mu_91 = [6.45],
  mu_92 = [4.57],
  mu_93 = [5.43],
  mu_94 = [7.01],
  mu_95 = [4.10],
  mu_101 = [5.09],
  mu_102 = [7.43],
  mu_103 = [6.83],
  mu_104 = [5.47],
  mu_105 = [5.99],
  mu_111 = [3.86],
  mu_112 = [3.30],
  mu_113 = [4.61],
  mu_114 = [4.60],
  mu_115 = [2.19],
  mu_121 = [5.62],
  mu_122 = [4.36],
  mu_123 = [5.99],
  mu_124 = [6.36],
  mu_125 = [3.91],
  mu_131 = [5.94],
  mu_132 = [4.79],
  mu_133 = [4.35],
  mu_134 = [6.57],
  mu_135 = [5.37],
  mu_141 = [5.57],
  mu_142 = [4.82],
  mu_143 = [5.84],
  mu_144 = [5.25],
  mu_145 = [4.46],
  mu_151 = [7.31],
  mu_152 = [7.75],
  mu_153 = [6.06],
  mu_154 = [7.35],
  mu_155 = [4.46],
  mu_161 = [4.60],
  mu_162 = [3.93],
  mu_163 = [5.61],
  mu_164 = [6.78],
  mu_165 = [5.62],
  mu_171 = [5.62],
  mu_172 = [5.50],
  mu_173 = [5.46],
  mu_174 = [6.74],
  mu_175 = [7.16],
  mu_181 = [5.59],
  mu_182 = [5.43],
  mu_183 = [4.68],
  mu_184 = [6.27],
  mu_185 = [6.07],
  mu_191 = [6.31],
  mu_192 = [6.81],
  mu_193 = [5.66],
  mu_194 = [3.75],
  mu_195 = [6.73],
  mu_201 = [4.77],
  mu_202 = [4.46],
  mu_203 = [4.40],
  mu_204 = [4.14],
  mu_205 = [3.92],
]

Mean Transportation Times (¦Ó_{jk}) = [
  tau_11 = [2.82],
  tau_12 = [3.03],
  tau_13 = [3.11],
  tau_14 = [3.10],
  tau_15 = [3.04],
  tau_21 = [1.65],
  tau_22 = [1.64],
  tau_23 = [1.66],
  tau_24 = [1.67],
  tau_25 = [1.66],
  tau_31 = [1.66],
  tau_32 = [1.65],
  tau_33 = [1.65],
  tau_34 = [1.67],
  tau_35 = [1.66],
  tau_41 = [1.65],
  tau_42 = [1.71],
  tau_43 = [1.64],
  tau_44 = [1.65],
  tau_45 = [1.68],
  tau_51 = [1.65],
  tau_52 = [1.68],
  tau_53 = [1.67],
  tau_54 = [1.69],
  tau_55 = [1.67],
  tau_61 = [2.98],
  tau_62 = [3.01],
  tau_63 = [2.98],
  tau_64 = [3.06],
  tau_65 = [2.92],
  tau_71 = [3.15],
  tau_72 = [3.12],
  tau_73 = [2.91],
  tau_74 = [3.13],
  tau_75 = [3.10],
  tau_81 = [1.68],
  tau_82 = [1.70],
  tau_83 = [1.65],
  tau_84 = [1.69],
  tau_85 = [1.66],
  tau_91 = [1.64],
  tau_92 = [1.65],
  tau_93 = [1.70],
  tau_94 = [1.70],
  tau_95 = [1.65],
  tau_101 = [1.68],
  tau_102 = [1.67],
  tau_103 = [1.68],
  tau_104 = [1.66],
  tau_105 = [1.64],
  tau_111 = [1.67],
  tau_112 = [1.69],
  tau_113 = [1.68],
  tau_114 = [1.65],
  tau_115 = [1.68],
  tau_121 = [1.67],
  tau_122 = [1.66],
  tau_123 = [1.71],
  tau_124 = [1.69],
  tau_125 = [1.69],
  tau_131 = [2.90],
  tau_132 = [3.09],
  tau_133 = [3.05],
  tau_134 = [3.03],
  tau_135 = [3.14],
  tau_141 = [2.90],
  tau_142 = [3.10],
  tau_143 = [3.04],
  tau_144 = [2.98],
  tau_145 = [3.01],
  tau_151 = [3.03],
  tau_152 = [2.95],
  tau_153 = [3.11],
  tau_154 = [3.03],
  tau_155 = [2.98],
  tau_161 = [1.67],
  tau_162 = [1.69],
  tau_163 = [1.66],
  tau_164 = [1.66],
  tau_165 = [1.64],
  tau_171 = [3.04],
  tau_172 = [3.03],
  tau_173 = [2.97],
  tau_174 = [2.97],
  tau_175 = [2.95],
  tau_181 = [1.68],
  tau_182 = [1.67],
  tau_183 = [1.66],
  tau_184 = [1.66],
  tau_185 = [1.65],
  tau_191 = [3.00],
  tau_192 = [2.91],
  tau_193 = [2.93],
  tau_194 = [2.98],
  tau_195 = [2.97],
  tau_201 = [4.37],
  tau_202 = [4.35],
  tau_203 = [4.53],
  tau_204 = [4.25],
  tau_205 = [4.40],
]

Epsilon + ¦Ì_{jk} = [
  epsilon_plus_mu_11 = [8.25],
  epsilon_plus_mu_12 = [4.67],
  epsilon_plus_mu_13 = [5.80],
  epsilon_plus_mu_14 = [5.24],
  epsilon_plus_mu_15 = [6.34],
  epsilon_plus_mu_21 = [7.18],
  epsilon_plus_mu_22 = [5.43],
  epsilon_plus_mu_23 = [9.20],
  epsilon_plus_mu_24 = [4.51],
  epsilon_plus_mu_25 = [5.73],
  epsilon_plus_mu_31 = [6.05],
  epsilon_plus_mu_32 = [6.33],
  epsilon_plus_mu_33 = [4.88],
  epsilon_plus_mu_34 = [5.99],
  epsilon_plus_mu_35 = [7.19],
  epsilon_plus_mu_41 = [8.53],
  epsilon_plus_mu_42 = [8.39],
  epsilon_plus_mu_43 = [9.45],
  epsilon_plus_mu_44 = [8.03],
  epsilon_plus_mu_45 = [7.17],
  epsilon_plus_mu_51 = [6.65],
  epsilon_plus_mu_52 = [6.23],
  epsilon_plus_mu_53 = [6.20],
  epsilon_plus_mu_54 = [7.21],
  epsilon_plus_mu_55 = [5.49],
  epsilon_plus_mu_61 = [9.48],
  epsilon_plus_mu_62 = [9.20],
  epsilon_plus_mu_63 = [7.66],
  epsilon_plus_mu_64 = [10.14],
  epsilon_plus_mu_65 = [10.37],
  epsilon_plus_mu_71 = [7.54],
  epsilon_plus_mu_72 = [10.00],
  epsilon_plus_mu_73 = [9.61],
  epsilon_plus_mu_74 = [7.29],
  epsilon_plus_mu_75 = [10.11],
  epsilon_plus_mu_81 = [7.21],
  epsilon_plus_mu_82 = [6.17],
  epsilon_plus_mu_83 = [7.03],
  epsilon_plus_mu_84 = [8.34],
  epsilon_plus_mu_85 = [9.66],
  epsilon_plus_mu_91 = [9.67],
  epsilon_plus_mu_92 = [6.86],
  epsilon_plus_mu_93 = [8.14],
  epsilon_plus_mu_94 = [10.52],
  epsilon_plus_mu_95 = [6.14],
  epsilon_plus_mu_101 = [7.64],
  epsilon_plus_mu_102 = [11.15],
  epsilon_plus_mu_103 = [10.24],
  epsilon_plus_mu_104 = [8.21],
  epsilon_plus_mu_105 = [8.99],
  epsilon_plus_mu_111 = [5.79],
  epsilon_plus_mu_112 = [4.95],
  epsilon_plus_mu_113 = [6.92],
  epsilon_plus_mu_114 = [6.91],
  epsilon_plus_mu_115 = [3.29],
  epsilon_plus_mu_121 = [8.44],
  epsilon_plus_mu_122 = [6.54],
  epsilon_plus_mu_123 = [8.98],
  epsilon_plus_mu_124 = [9.53],
  epsilon_plus_mu_125 = [5.87],
  epsilon_plus_mu_131 = [8.92],
  epsilon_plus_mu_132 = [7.18],
  epsilon_plus_mu_133 = [6.53],
  epsilon_plus_mu_134 = [9.85],
  epsilon_plus_mu_135 = [8.05],
  epsilon_plus_mu_141 = [8.36],
  epsilon_plus_mu_142 = [7.22],
  epsilon_plus_mu_143 = [8.75],
  epsilon_plus_mu_144 = [7.88],
  epsilon_plus_mu_145 = [6.70],
  epsilon_plus_mu_151 = [10.96],
  epsilon_plus_mu_152 = [11.62],
  epsilon_plus_mu_153 = [9.08],
  epsilon_plus_mu_154 = [11.03],
  epsilon_plus_mu_155 = [6.69],
  epsilon_plus_mu_161 = [6.90],
  epsilon_plus_mu_162 = [5.89],
  epsilon_plus_mu_163 = [8.41],
  epsilon_plus_mu_164 = [10.17],
  epsilon_plus_mu_165 = [8.42],
  epsilon_plus_mu_171 = [8.43],
  epsilon_plus_mu_172 = [8.24],
  epsilon_plus_mu_173 = [8.19],
  epsilon_plus_mu_174 = [10.11],
  epsilon_plus_mu_175 = [10.75],
  epsilon_plus_mu_181 = [8.38],
  epsilon_plus_mu_182 = [8.15],
  epsilon_plus_mu_183 = [7.02],
  epsilon_plus_mu_184 = [9.41],
  epsilon_plus_mu_185 = [9.11],
  epsilon_plus_mu_191 = [9.46],
  epsilon_plus_mu_192 = [10.21],
  epsilon_plus_mu_193 = [8.49],
  epsilon_plus_mu_194 = [5.62],
  epsilon_plus_mu_195 = [10.10],
  epsilon_plus_mu_201 = [7.16],
  epsilon_plus_mu_202 = [6.69],
  epsilon_plus_mu_203 = [6.61],
  epsilon_plus_mu_204 = [6.21],
  epsilon_plus_mu_205 = [5.88],
]

Epsilon - ¦Ì_{jk} = [
  epsilon_minus_mu_11 = [-2.75],
  epsilon_minus_mu_12 = [-1.56],
  epsilon_minus_mu_13 = [-1.93],
  epsilon_minus_mu_14 = [-1.75],
  epsilon_minus_mu_15 = [-2.11],
  epsilon_minus_mu_21 = [-2.39],
  epsilon_minus_mu_22 = [-1.81],
  epsilon_minus_mu_23 = [-3.07],
  epsilon_minus_mu_24 = [-1.50],
  epsilon_minus_mu_25 = [-1.91],
  epsilon_minus_mu_31 = [-2.02],
  epsilon_minus_mu_32 = [-2.11],
  epsilon_minus_mu_33 = [-1.63],
  epsilon_minus_mu_34 = [-2.00],
  epsilon_minus_mu_35 = [-2.40],
  epsilon_minus_mu_41 = [-2.84],
  epsilon_minus_mu_42 = [-2.80],
  epsilon_minus_mu_43 = [-3.15],
  epsilon_minus_mu_44 = [-2.68],
  epsilon_minus_mu_45 = [-2.39],
  epsilon_minus_mu_51 = [-2.22],
  epsilon_minus_mu_52 = [-2.08],
  epsilon_minus_mu_53 = [-2.07],
  epsilon_minus_mu_54 = [-2.40],
  epsilon_minus_mu_55 = [-1.83],
  epsilon_minus_mu_61 = [-3.16],
  epsilon_minus_mu_62 = [-3.07],
  epsilon_minus_mu_63 = [-2.55],
  epsilon_minus_mu_64 = [-3.38],
  epsilon_minus_mu_65 = [-3.46],
  epsilon_minus_mu_71 = [-2.51],
  epsilon_minus_mu_72 = [-3.33],
  epsilon_minus_mu_73 = [-3.20],
  epsilon_minus_mu_74 = [-2.43],
  epsilon_minus_mu_75 = [-3.37],
  epsilon_minus_mu_81 = [-2.40],
  epsilon_minus_mu_82 = [-2.06],
  epsilon_minus_mu_83 = [-2.34],
  epsilon_minus_mu_84 = [-2.78],
  epsilon_minus_mu_85 = [-3.22],
  epsilon_minus_mu_91 = [-3.22],
  epsilon_minus_mu_92 = [-2.29],
  epsilon_minus_mu_93 = [-2.71],
  epsilon_minus_mu_94 = [-3.51],
  epsilon_minus_mu_95 = [-2.05],
  epsilon_minus_mu_101 = [-2.55],
  epsilon_minus_mu_102 = [-3.72],
  epsilon_minus_mu_103 = [-3.41],
  epsilon_minus_mu_104 = [-2.74],
  epsilon_minus_mu_105 = [-3.00],
  epsilon_minus_mu_111 = [-1.93],
  epsilon_minus_mu_112 = [-1.65],
  epsilon_minus_mu_113 = [-2.31],
  epsilon_minus_mu_114 = [-2.30],
  epsilon_minus_mu_115 = [-1.10],
  epsilon_minus_mu_121 = [-2.81],
  epsilon_minus_mu_122 = [-2.18],
  epsilon_minus_mu_123 = [-2.99],
  epsilon_minus_mu_124 = [-3.18],
  epsilon_minus_mu_125 = [-1.96],
  epsilon_minus_mu_131 = [-2.97],
  epsilon_minus_mu_132 = [-2.39],
  epsilon_minus_mu_133 = [-2.18],
  epsilon_minus_mu_134 = [-3.28],
  epsilon_minus_mu_135 = [-2.68],
  epsilon_minus_mu_141 = [-2.79],
  epsilon_minus_mu_142 = [-2.41],
  epsilon_minus_mu_143 = [-2.92],
  epsilon_minus_mu_144 = [-2.63],
  epsilon_minus_mu_145 = [-2.23],
  epsilon_minus_mu_151 = [-3.65],
  epsilon_minus_mu_152 = [-3.88],
  epsilon_minus_mu_153 = [-3.03],
  epsilon_minus_mu_154 = [-3.68],
  epsilon_minus_mu_155 = [-2.23],
  epsilon_minus_mu_161 = [-2.30],
  epsilon_minus_mu_162 = [-1.96],
  epsilon_minus_mu_163 = [-2.80],
  epsilon_minus_mu_164 = [-3.39],
  epsilon_minus_mu_165 = [-2.81],
  epsilon_minus_mu_171 = [-2.81],
  epsilon_minus_mu_172 = [-2.75],
  epsilon_minus_mu_173 = [-2.73],
  epsilon_minus_mu_174 = [-3.37],
  epsilon_minus_mu_175 = [-3.58],
  epsilon_minus_mu_181 = [-2.79],
  epsilon_minus_mu_182 = [-2.72],
  epsilon_minus_mu_183 = [-2.34],
  epsilon_minus_mu_184 = [-3.14],
  epsilon_minus_mu_185 = [-3.04],
  epsilon_minus_mu_191 = [-3.15],
  epsilon_minus_mu_192 = [-3.40],
  epsilon_minus_mu_193 = [-2.83],
  epsilon_minus_mu_194 = [-1.87],
  epsilon_minus_mu_195 = [-3.37],
  epsilon_minus_mu_201 = [-2.39],
  epsilon_minus_mu_202 = [-2.23],
  epsilon_minus_mu_203 = [-2.20],
  epsilon_minus_mu_204 = [-2.07],
  epsilon_minus_mu_205 = [-1.96],
]

Sigma + ¦Ó_{jk} = [
  sigma_plus_tau_11 = [4.22],
  sigma_plus_tau_12 = [4.55],
  sigma_plus_tau_13 = [4.67],
  sigma_plus_tau_14 = [4.65],
  sigma_plus_tau_15 = [4.56],
  sigma_plus_tau_21 = [2.47],
  sigma_plus_tau_22 = [2.45],
  sigma_plus_tau_23 = [2.48],
  sigma_plus_tau_24 = [2.50],
  sigma_plus_tau_25 = [2.50],
  sigma_plus_tau_31 = [2.49],
  sigma_plus_tau_32 = [2.48],
  sigma_plus_tau_33 = [2.48],
  sigma_plus_tau_34 = [2.50],
  sigma_plus_tau_35 = [2.49],
  sigma_plus_tau_41 = [2.47],
  sigma_plus_tau_42 = [2.56],
  sigma_plus_tau_43 = [2.46],
  sigma_plus_tau_44 = [2.48],
  sigma_plus_tau_45 = [2.52],
  sigma_plus_tau_51 = [2.47],
  sigma_plus_tau_52 = [2.52],
  sigma_plus_tau_53 = [2.51],
  sigma_plus_tau_54 = [2.53],
  sigma_plus_tau_55 = [2.50],
  sigma_plus_tau_61 = [4.47],
  sigma_plus_tau_62 = [4.51],
  sigma_plus_tau_63 = [4.47],
  sigma_plus_tau_64 = [4.58],
  sigma_plus_tau_65 = [4.38],
  sigma_plus_tau_71 = [4.73],
  sigma_plus_tau_72 = [4.68],
  sigma_plus_tau_73 = [4.36],
  sigma_plus_tau_74 = [4.69],
  sigma_plus_tau_75 = [4.64],
  sigma_plus_tau_81 = [2.53],
  sigma_plus_tau_82 = [2.55],
  sigma_plus_tau_83 = [2.48],
  sigma_plus_tau_84 = [2.53],
  sigma_plus_tau_85 = [2.49],
  sigma_plus_tau_91 = [2.47],
  sigma_plus_tau_92 = [2.48],
  sigma_plus_tau_93 = [2.55],
  sigma_plus_tau_94 = [2.55],
  sigma_plus_tau_95 = [2.48],
  sigma_plus_tau_101 = [2.51],
  sigma_plus_tau_102 = [2.50],
  sigma_plus_tau_103 = [2.53],
  sigma_plus_tau_104 = [2.48],
  sigma_plus_tau_105 = [2.46],
  sigma_plus_tau_111 = [2.51],
  sigma_plus_tau_112 = [2.54],
  sigma_plus_tau_113 = [2.51],
  sigma_plus_tau_114 = [2.47],
  sigma_plus_tau_115 = [2.52],
  sigma_plus_tau_121 = [2.51],
  sigma_plus_tau_122 = [2.48],
  sigma_plus_tau_123 = [2.56],
  sigma_plus_tau_124 = [2.53],
  sigma_plus_tau_125 = [2.54],
  sigma_plus_tau_131 = [4.36],
  sigma_plus_tau_132 = [4.64],
  sigma_plus_tau_133 = [4.57],
  sigma_plus_tau_134 = [4.55],
  sigma_plus_tau_135 = [4.71],
  sigma_plus_tau_141 = [4.35],
  sigma_plus_tau_142 = [4.65],
  sigma_plus_tau_143 = [4.56],
  sigma_plus_tau_144 = [4.47],
  sigma_plus_tau_145 = [4.52],
  sigma_plus_tau_151 = [4.55],
  sigma_plus_tau_152 = [4.42],
  sigma_plus_tau_153 = [4.67],
  sigma_plus_tau_154 = [4.55],
  sigma_plus_tau_155 = [4.47],
  sigma_plus_tau_161 = [2.50],
  sigma_plus_tau_162 = [2.53],
  sigma_plus_tau_163 = [2.49],
  sigma_plus_tau_164 = [2.49],
  sigma_plus_tau_165 = [2.47],
  sigma_plus_tau_171 = [4.57],
  sigma_plus_tau_172 = [4.55],
  sigma_plus_tau_173 = [4.46],
  sigma_plus_tau_174 = [4.45],
  sigma_plus_tau_175 = [4.42],
  sigma_plus_tau_181 = [2.53],
  sigma_plus_tau_182 = [2.51],
  sigma_plus_tau_183 = [2.50],
  sigma_plus_tau_184 = [2.49],
  sigma_plus_tau_185 = [2.47],
  sigma_plus_tau_191 = [4.50],
  sigma_plus_tau_192 = [4.36],
  sigma_plus_tau_193 = [4.40],
  sigma_plus_tau_194 = [4.47],
  sigma_plus_tau_195 = [4.46],
  sigma_plus_tau_201 = [6.56],
  sigma_plus_tau_202 = [6.53],
  sigma_plus_tau_203 = [6.80],
  sigma_plus_tau_204 = [6.38],
  sigma_plus_tau_205 = [6.60],
]

Sigma - ¦Ó_{jk} = [
  sigma_minus_tau_11 = [-1.41],
  sigma_minus_tau_12 = [-1.52],
  sigma_minus_tau_13 = [-1.56],
  sigma_minus_tau_14 = [-1.55],
  sigma_minus_tau_15 = [-1.52],
  sigma_minus_tau_21 = [-0.82],
  sigma_minus_tau_22 = [-0.82],
  sigma_minus_tau_23 = [-0.83],
  sigma_minus_tau_24 = [-0.83],
  sigma_minus_tau_25 = [-0.83],
  sigma_minus_tau_31 = [-0.83],
  sigma_minus_tau_32 = [-0.83],
  sigma_minus_tau_33 = [-0.83],
  sigma_minus_tau_34 = [-0.83],
  sigma_minus_tau_35 = [-0.83],
  sigma_minus_tau_41 = [-0.82],
  sigma_minus_tau_42 = [-0.85],
  sigma_minus_tau_43 = [-0.82],
  sigma_minus_tau_44 = [-0.83],
  sigma_minus_tau_45 = [-0.84],
  sigma_minus_tau_51 = [-0.82],
  sigma_minus_tau_52 = [-0.84],
  sigma_minus_tau_53 = [-0.84],
  sigma_minus_tau_54 = [-0.84],
  sigma_minus_tau_55 = [-0.83],
  sigma_minus_tau_61 = [-1.49],
  sigma_minus_tau_62 = [-1.50],
  sigma_minus_tau_63 = [-1.49],
  sigma_minus_tau_64 = [-1.53],
  sigma_minus_tau_65 = [-1.46],
  sigma_minus_tau_71 = [-1.58],
  sigma_minus_tau_72 = [-1.56],
  sigma_minus_tau_73 = [-1.45],
  sigma_minus_tau_74 = [-1.56],
  sigma_minus_tau_75 = [-1.55],
  sigma_minus_tau_81 = [-0.84],
  sigma_minus_tau_82 = [-0.85],
  sigma_minus_tau_83 = [-0.83],
  sigma_minus_tau_84 = [-0.84],
  sigma_minus_tau_85 = [-0.83],
  sigma_minus_tau_91 = [-0.82],
  sigma_minus_tau_92 = [-0.83],
  sigma_minus_tau_93 = [-0.85],
  sigma_minus_tau_94 = [-0.85],
  sigma_minus_tau_95 = [-0.83],
  sigma_minus_tau_101 = [-0.84],
  sigma_minus_tau_102 = [-0.83],
  sigma_minus_tau_103 = [-0.84],
  sigma_minus_tau_104 = [-0.83],
  sigma_minus_tau_105 = [-0.82],
  sigma_minus_tau_111 = [-0.84],
  sigma_minus_tau_112 = [-0.85],
  sigma_minus_tau_113 = [-0.84],
  sigma_minus_tau_114 = [-0.82],
  sigma_minus_tau_115 = [-0.84],
  sigma_minus_tau_121 = [-0.84],
  sigma_minus_tau_122 = [-0.83],
  sigma_minus_tau_123 = [-0.85],
  sigma_minus_tau_124 = [-0.84],
  sigma_minus_tau_125 = [-0.85],
  sigma_minus_tau_131 = [-1.45],
  sigma_minus_tau_132 = [-1.55],
  sigma_minus_tau_133 = [-1.52],
  sigma_minus_tau_134 = [-1.52],
  sigma_minus_tau_135 = [-1.57],
  sigma_minus_tau_141 = [-1.45],
  sigma_minus_tau_142 = [-1.55],
  sigma_minus_tau_143 = [-1.52],
  sigma_minus_tau_144 = [-1.49],
  sigma_minus_tau_145 = [-1.51],
  sigma_minus_tau_151 = [-1.52],
  sigma_minus_tau_152 = [-1.47],
  sigma_minus_tau_153 = [-1.56],
  sigma_minus_tau_154 = [-1.52],
  sigma_minus_tau_155 = [-1.49],
  sigma_minus_tau_161 = [-0.83],
  sigma_minus_tau_162 = [-0.84],
  sigma_minus_tau_163 = [-0.83],
  sigma_minus_tau_164 = [-0.83],
  sigma_minus_tau_165 = [-0.82],
  sigma_minus_tau_171 = [-1.52],
  sigma_minus_tau_172 = [-1.52],
  sigma_minus_tau_173 = [-1.49],
  sigma_minus_tau_174 = [-1.48],
  sigma_minus_tau_175 = [-1.47],
  sigma_minus_tau_181 = [-0.84],
  sigma_minus_tau_182 = [-0.84],
  sigma_minus_tau_183 = [-0.83],
  sigma_minus_tau_184 = [-0.83],
  sigma_minus_tau_185 = [-0.82],
  sigma_minus_tau_191 = [-1.50],
  sigma_minus_tau_192 = [-1.45],
  sigma_minus_tau_193 = [-1.47],
  sigma_minus_tau_194 = [-1.49],
  sigma_minus_tau_195 = [-1.49],
  sigma_minus_tau_201 = [-2.19],
  sigma_minus_tau_202 = [-2.18],
  sigma_minus_tau_203 = [-2.27],
  sigma_minus_tau_204 = [-2.13],
  sigma_minus_tau_205 = [-2.20],
]

Probabilities (p_s) = [
0.05, 0.05, 0.05, 0.05, 0.05, 0.05, 0.05, 0.05, 0.05, 0.05, 0.05, 0.05, 0.05, 0.05, 0.05, 0.05, 0.05, 0.05, 0.05, 0.05
]

c_bar = 5.22
