Jobs = 30
Machines = 5
Scenarios = 20

Ready Times (rj) = [
0.00, 0.00, 0.00, 0.00, 0.00, 0.00, 0.00, 0.00, 0.00, 0.00, 0.00, 0.00, 0.00, 0.00, 0.00, 0.00, 0.00, 0.00, 0.00, 0.00, 0.00, 0.00, 0.00, 0.00, 0.00, 0.00, 0.00, 0.00, 0.00, 0.00
]

Transportation Times (tjk^s) = [
  tjk_11 = [1.43, 2.03, 1.74, 1.08, 1.52, 2.04, 1.60, 2.10, 1.38, 1.02, 1.92, 1.29, 1.58, 1.27, 1.82, 1.88, 2.06, 1.91, 1.87, 1.96],
  tjk_12 = [2.06, 2.17, 1.80, 1.74, 1.99, 1.39, 2.04, 2.29, 1.82, 2.10, 1.72, 1.96, 1.90, 1.18, 1.35, 1.67, 2.03, 2.13, 2.24, 2.24],
  tjk_13 = [1.73, 1.96, 1.13, 1.73, 1.74, 1.12, 2.05, 1.83, 2.25, 2.18, 1.25, 1.01, 1.65, 1.29, 1.09, 1.82, 2.29, 2.07, 2.07, 1.92],
  tjk_14 = [1.27, 2.13, 1.55, 1.19, 2.23, 1.28, 1.57, 1.59, 1.46, 1.22, 2.28, 2.22, 1.98, 1.06, 1.26, 2.13, 2.27, 1.97, 1.48, 2.25],
  tjk_15 = [1.56, 1.60, 1.69, 1.10, 2.03, 1.64, 1.14, 1.55, 1.76, 1.71, 1.67, 1.53, 2.07, 1.97, 2.17, 2.29, 1.80, 1.01, 2.20, 2.08],
  tjk_21 = [1.01, 1.89, 2.16, 1.89, 1.85, 1.82, 1.82, 2.22, 1.71, 1.06, 2.13, 1.69, 1.45, 1.45, 1.57, 1.92, 1.42, 1.54, 1.92, 1.86],
  tjk_22 = [1.11, 1.86, 1.77, 1.08, 2.31, 1.15, 1.83, 1.93, 2.32, 2.04, 1.00, 1.71, 1.18, 1.53, 2.24, 1.27, 1.45, 2.12, 1.72, 2.22],
  tjk_23 = [1.04, 2.19, 1.72, 1.07, 2.12, 2.28, 1.03, 1.31, 2.27, 2.12, 1.98, 1.16, 1.44, 1.98, 1.08, 1.21, 1.23, 1.46, 1.24, 1.88],
  tjk_24 = [1.84, 1.69, 2.30, 1.60, 1.26, 1.28, 1.11, 2.02, 2.12, 1.24, 1.75, 1.43, 2.05, 2.29, 1.46, 2.15, 1.97, 1.73, 1.95, 2.15],
  tjk_25 = [2.32, 1.68, 1.50, 2.16, 2.03, 2.22, 1.44, 2.09, 2.25, 1.22, 1.54, 1.01, 1.07, 1.29, 2.15, 2.29, 1.81, 1.62, 2.13, 1.45],
  tjk_31 = [4.08, 4.96, 3.85, 4.94, 4.54, 4.17, 4.38, 4.62, 4.71, 4.21, 4.24, 4.39, 4.61, 3.96, 3.81, 4.09, 4.64, 4.25, 4.78, 4.10],
  tjk_32 = [4.94, 4.71, 4.24, 4.21, 3.94, 4.91, 4.56, 4.84, 4.83, 4.60, 4.17, 4.26, 4.82, 4.67, 4.93, 4.42, 4.48, 4.71, 3.71, 4.38],
  tjk_33 = [4.70, 4.01, 4.02, 4.17, 4.30, 4.41, 3.72, 3.87, 4.45, 4.21, 4.80, 3.87, 4.68, 4.35, 4.30, 4.64, 3.75, 4.75, 3.70, 3.87],
  tjk_34 = [3.87, 3.73, 4.90, 4.28, 4.02, 4.90, 4.30, 4.61, 3.93, 4.75, 3.81, 3.68, 4.64, 4.70, 4.10, 4.47, 3.82, 4.90, 4.02, 4.07],
  tjk_35 = [3.82, 4.30, 4.00, 3.78, 4.21, 4.21, 4.36, 4.48, 4.63, 3.95, 4.77, 4.39, 4.40, 4.49, 4.99, 4.50, 4.14, 3.89, 4.52, 3.92],
  tjk_41 = [2.04, 1.58, 1.62, 1.59, 2.19, 2.27, 1.77, 1.69, 1.08, 2.11, 2.07, 1.65, 1.67, 1.88, 2.12, 1.62, 2.02, 2.33, 1.51, 2.28],
  tjk_42 = [1.80, 1.40, 1.72, 1.42, 2.23, 1.58, 2.11, 1.84, 1.35, 1.51, 1.47, 1.31, 2.11, 2.27, 1.89, 1.29, 1.95, 2.33, 1.63, 2.08],
  tjk_43 = [1.51, 1.83, 2.24, 2.20, 1.74, 1.80, 2.29, 1.20, 1.86, 1.56, 1.88, 1.66, 1.66, 1.21, 1.41, 1.15, 2.09, 2.01, 2.09, 1.90],
  tjk_44 = [1.53, 1.80, 1.66, 2.19, 1.05, 1.61, 1.29, 1.07, 2.32, 2.29, 1.15, 2.23, 1.61, 1.63, 2.04, 1.62, 1.42, 1.62, 1.04, 1.36],
  tjk_45 = [1.07, 1.26, 1.92, 2.24, 1.03, 2.15, 2.16, 1.98, 1.92, 2.20, 2.28, 1.91, 1.73, 1.53, 1.06, 1.41, 2.05, 1.82, 1.86, 1.17],
  tjk_51 = [1.52, 2.03, 1.31, 1.75, 1.84, 1.04, 1.44, 2.01, 1.60, 1.12, 1.70, 1.31, 1.68, 2.24, 1.90, 1.74, 2.14, 1.18, 1.57, 1.63],
  tjk_52 = [1.26, 1.04, 2.26, 1.95, 2.24, 1.80, 1.98, 1.04, 2.12, 1.11, 1.66, 1.00, 1.04, 1.95, 1.47, 1.35, 1.41, 2.17, 1.46, 1.69],
  tjk_53 = [1.97, 1.64, 1.94, 1.86, 1.23, 1.53, 2.13, 1.90, 2.14, 1.85, 1.40, 1.53, 1.85, 2.19, 1.18, 1.25, 1.30, 1.91, 2.00, 2.08],
  tjk_54 = [1.70, 1.77, 2.01, 2.21, 1.75, 1.79, 2.06, 2.25, 1.74, 2.01, 2.21, 1.14, 2.03, 2.16, 1.80, 1.97, 2.14, 1.70, 2.27, 1.13],
  tjk_55 = [1.40, 1.19, 1.28, 1.94, 1.33, 1.03, 1.87, 1.41, 1.15, 1.29, 1.60, 1.34, 1.74, 2.14, 2.08, 1.76, 1.25, 1.69, 1.77, 2.20],
  tjk_61 = [1.43, 1.03, 1.59, 1.18, 1.26, 1.87, 1.08, 1.30, 1.01, 1.78, 1.55, 2.31, 1.67, 2.24, 1.11, 1.77, 1.47, 2.32, 2.26, 2.32],
  tjk_62 = [1.55, 1.97, 2.05, 1.56, 1.39, 2.08, 1.75, 2.24, 1.93, 1.06, 2.23, 1.21, 2.32, 1.62, 2.01, 2.29, 1.85, 1.58, 1.63, 1.33],
  tjk_63 = [2.27, 1.75, 1.59, 2.07, 1.60, 1.12, 2.09, 1.44, 1.12, 1.23, 1.91, 2.15, 2.28, 1.49, 1.33, 1.29, 1.85, 1.89, 2.05, 1.40],
  tjk_64 = [1.96, 1.08, 1.09, 2.26, 1.63, 1.73, 1.31, 1.13, 2.27, 1.00, 1.62, 1.90, 1.53, 1.95, 2.13, 1.51, 1.48, 1.73, 1.89, 1.27],
  tjk_65 = [2.08, 2.21, 2.06, 1.87, 1.89, 1.64, 2.32, 1.52, 1.51, 1.10, 1.25, 1.19, 2.21, 2.00, 1.95, 1.11, 1.17, 1.30, 1.96, 1.02],
  tjk_71 = [2.80, 2.81, 2.64, 2.84, 3.17, 3.46, 3.47, 3.64, 3.12, 3.34, 3.46, 2.89, 2.67, 3.46, 2.63, 2.59, 2.42, 2.37, 2.65, 3.34],
  tjk_72 = [3.59, 3.51, 3.26, 2.59, 3.14, 2.85, 3.21, 3.30, 3.38, 2.94, 2.51, 3.16, 2.86, 2.62, 2.42, 3.49, 3.15, 2.36, 3.11, 2.53],
  tjk_73 = [2.44, 3.18, 3.34, 2.67, 2.64, 2.61, 3.17, 2.46, 2.93, 2.73, 3.53, 3.56, 3.67, 2.80, 3.62, 2.72, 3.24, 3.48, 2.43, 2.38],
  tjk_74 = [3.46, 3.44, 2.54, 2.72, 3.42, 3.39, 3.05, 3.29, 3.07, 3.57, 2.95, 2.50, 2.73, 3.51, 3.42, 3.15, 2.47, 2.88, 2.97, 2.99],
  tjk_75 = [2.84, 2.59, 3.67, 3.45, 2.88, 2.35, 3.59, 2.53, 2.75, 3.46, 3.01, 3.36, 2.54, 2.81, 2.70, 3.59, 2.81, 3.49, 3.47, 3.50],
  tjk_81 = [2.72, 3.27, 2.35, 2.59, 2.52, 2.53, 2.62, 3.47, 3.17, 3.14, 3.33, 2.56, 3.25, 2.76, 2.71, 3.28, 2.88, 3.32, 3.62, 3.32],
  tjk_82 = [2.91, 3.27, 3.36, 2.81, 2.89, 3.15, 2.73, 3.08, 3.06, 3.16, 3.40, 2.51, 3.34, 3.47, 3.66, 2.59, 3.37, 2.37, 3.65, 3.58],
  tjk_83 = [3.15, 3.60, 3.46, 2.43, 2.89, 3.30, 2.92, 2.81, 2.54, 2.78, 2.94, 3.07, 3.07, 2.65, 2.51, 3.62, 3.39, 2.69, 2.39, 2.43],
  tjk_84 = [2.87, 3.03, 3.28, 3.33, 3.02, 3.41, 3.33, 3.62, 2.49, 3.17, 2.71, 2.43, 2.60, 3.41, 3.15, 2.38, 2.86, 2.66, 3.51, 3.54],
  tjk_85 = [3.65, 2.89, 3.63, 2.80, 3.53, 3.59, 3.30, 3.02, 3.41, 3.57, 3.45, 3.01, 3.57, 2.94, 2.59, 3.35, 3.55, 2.53, 2.94, 3.13],
  tjk_91 = [1.39, 2.04, 2.13, 1.40, 2.31, 2.05, 2.31, 1.03, 1.98, 1.99, 2.07, 1.35, 2.25, 2.14, 1.82, 2.12, 2.10, 1.92, 2.03, 2.00],
  tjk_92 = [1.28, 1.42, 2.11, 1.79, 1.21, 1.06, 1.55, 1.20, 1.36, 2.24, 1.29, 1.53, 2.00, 1.68, 2.10, 1.74, 1.95, 1.39, 2.25, 2.06],
  tjk_93 = [1.02, 1.34, 1.58, 1.08, 1.74, 2.26, 1.08, 1.46, 1.91, 1.68, 1.78, 1.89, 1.11, 2.25, 2.23, 1.36, 1.05, 1.80, 1.49, 1.21],
  tjk_94 = [2.06, 1.76, 1.27, 1.10, 2.24, 2.28, 1.71, 2.31, 1.48, 1.52, 2.12, 1.82, 1.93, 1.53, 2.16, 2.22, 1.32, 1.09, 1.94, 1.39],
  tjk_95 = [1.72, 1.53, 1.36, 2.01, 1.37, 2.17, 1.31, 2.10, 1.95, 1.53, 1.93, 1.58, 1.99, 1.39, 1.84, 1.33, 1.64, 1.47, 1.28, 2.01],
  tjk_101 = [2.65, 3.53, 3.36, 3.55, 3.57, 3.63, 2.49, 2.78, 2.34, 2.75, 2.60, 2.54, 3.31, 3.22, 3.35, 3.52, 2.83, 2.95, 2.86, 2.45],
  tjk_102 = [2.99, 3.63, 3.12, 2.85, 2.71, 2.38, 3.00, 3.28, 3.65, 2.55, 3.36, 3.12, 2.82, 3.41, 2.97, 3.37, 2.61, 3.12, 3.65, 2.56],
  tjk_103 = [2.50, 3.27, 2.51, 3.66, 3.66, 2.42, 2.76, 2.41, 3.59, 2.96, 3.62, 2.98, 2.70, 3.21, 2.39, 2.90, 2.94, 2.71, 3.06, 2.66],
  tjk_104 = [2.47, 2.39, 3.29, 2.69, 2.68, 2.58, 2.53, 2.65, 2.72, 3.26, 3.45, 3.62, 3.00, 2.67, 3.31, 2.35, 3.59, 2.75, 3.17, 3.08],
  tjk_105 = [2.96, 3.40, 3.54, 2.94, 3.65, 2.50, 3.13, 3.48, 2.64, 2.65, 3.34, 3.07, 3.02, 2.97, 3.35, 2.64, 3.40, 3.04, 2.34, 2.55],
  tjk_111 = [4.17, 4.17, 3.72, 3.72, 3.75, 4.56, 4.69, 4.30, 4.05, 4.36, 4.28, 4.07, 4.50, 3.87, 3.93, 3.97, 4.12, 4.37, 4.10, 3.69],
  tjk_112 = [3.74, 4.26, 4.18, 4.26, 3.99, 4.43, 4.04, 4.36, 4.88, 3.93, 4.87, 4.19, 4.92, 4.17, 4.78, 4.55, 4.29, 3.96, 4.58, 4.94],
  tjk_113 = [4.71, 3.75, 4.08, 3.99, 3.80, 4.30, 4.60, 3.89, 4.08, 4.93, 4.35, 4.25, 4.19, 4.82, 4.09, 4.69, 4.94, 4.06, 4.28, 4.09],
  tjk_114 = [4.26, 3.92, 3.70, 3.70, 4.66, 4.81, 4.97, 4.65, 4.81, 4.85, 4.08, 4.93, 4.88, 4.28, 4.85, 4.89, 4.02, 4.37, 3.98, 3.95],
  tjk_115 = [4.20, 4.22, 3.99, 3.92, 4.24, 3.95, 4.97, 4.97, 4.40, 4.25, 4.62, 3.73, 4.94, 4.55, 4.37, 4.40, 4.00, 3.80, 4.46, 4.94],
  tjk_121 = [4.18, 4.00, 3.68, 4.22, 4.93, 4.30, 3.81, 4.73, 4.00, 4.28, 3.68, 4.83, 4.98, 3.91, 3.93, 4.50, 4.21, 4.23, 4.68, 4.07],
  tjk_122 = [4.37, 3.98, 4.36, 4.93, 4.22, 4.36, 4.27, 4.02, 3.79, 4.93, 4.36, 4.61, 4.34, 4.42, 4.93, 3.83, 4.09, 3.96, 4.41, 4.36],
  tjk_123 = [4.67, 4.34, 4.84, 4.97, 4.25, 3.92, 4.17, 4.34, 4.27, 4.18, 4.03, 4.69, 4.81, 3.98, 4.27, 4.88, 4.80, 4.63, 4.75, 3.82],
  tjk_124 = [3.68, 3.83, 3.71, 3.68, 4.77, 4.17, 4.66, 4.18, 4.29, 4.19, 4.48, 4.40, 3.97, 4.52, 4.33, 3.96, 4.46, 4.60, 4.10, 4.44],
  tjk_125 = [4.95, 4.97, 4.26, 4.64, 3.99, 4.93, 4.56, 4.82, 4.17, 4.68, 4.74, 3.74, 4.79, 4.28, 4.36, 4.20, 4.04, 4.94, 4.16, 4.39],
  tjk_131 = [4.16, 3.80, 4.41, 3.88, 4.23, 4.65, 3.90, 3.99, 4.91, 4.19, 4.40, 3.81, 4.99, 3.88, 4.98, 3.74, 4.36, 4.22, 4.82, 4.95],
  tjk_132 = [4.10, 3.98, 4.15, 3.97, 3.96, 3.94, 4.41, 4.05, 4.41, 4.04, 4.13, 4.25, 4.00, 4.40, 3.81, 4.20, 3.75, 3.87, 4.15, 4.70],
  tjk_133 = [3.97, 4.68, 4.10, 3.84, 4.03, 3.83, 4.05, 4.66, 4.07, 4.93, 3.81, 4.80, 3.84, 4.44, 4.06, 4.49, 4.70, 3.94, 4.82, 4.16],
  tjk_134 = [4.36, 3.71, 3.79, 4.54, 4.08, 4.02, 3.81, 4.70, 4.28, 4.13, 4.60, 4.42, 4.34, 4.20, 4.67, 4.29, 3.70, 4.91, 3.82, 4.81],
  tjk_135 = [4.97, 4.22, 3.83, 3.96, 4.18, 4.72, 4.13, 4.94, 4.98, 4.92, 4.08, 4.14, 4.88, 4.48, 4.10, 4.86, 3.89, 3.69, 4.56, 4.29],
  tjk_141 = [2.15, 1.31, 2.24, 1.02, 2.17, 1.73, 1.17, 1.45, 2.06, 1.44, 2.29, 1.64, 1.02, 2.20, 1.33, 1.94, 1.17, 1.64, 1.74, 1.49],
  tjk_142 = [2.27, 1.13, 1.01, 2.28, 1.27, 1.38, 1.36, 1.70, 1.70, 2.10, 1.68, 1.77, 1.92, 1.06, 1.31, 1.08, 1.10, 2.05, 1.73, 1.09],
  tjk_143 = [1.12, 2.32, 1.46, 1.03, 1.92, 1.75, 1.91, 1.83, 2.02, 2.04, 1.63, 1.43, 2.12, 1.74, 1.47, 2.05, 2.11, 2.03, 1.86, 1.71],
  tjk_144 = [1.81, 1.21, 2.15, 1.83, 1.07, 2.01, 1.86, 2.27, 2.02, 1.87, 1.21, 1.40, 1.31, 1.42, 1.11, 1.37, 1.16, 1.43, 2.07, 2.11],
  tjk_145 = [1.07, 1.73, 2.24, 1.38, 1.13, 2.23, 1.04, 2.16, 1.15, 1.59, 1.67, 2.27, 1.90, 1.81, 1.91, 1.21, 1.67, 1.77, 1.06, 2.05],
  tjk_151 = [1.45, 1.15, 1.09, 2.00, 1.80, 1.61, 1.89, 1.56, 1.23, 1.84, 1.21, 1.92, 1.92, 2.12, 2.29, 1.37, 1.59, 2.08, 1.77, 1.54],
  tjk_152 = [1.81, 1.86, 2.08, 1.92, 1.33, 1.67, 1.04, 2.08, 1.72, 1.58, 2.10, 1.69, 1.82, 1.03, 1.08, 1.78, 1.60, 1.22, 1.94, 1.11],
  tjk_153 = [2.00, 2.06, 1.62, 1.77, 1.01, 1.30, 2.25, 1.58, 2.26, 1.23, 1.35, 2.13, 1.91, 2.03, 1.93, 1.34, 2.11, 2.32, 1.04, 2.14],
  tjk_154 = [2.14, 2.09, 2.05, 1.01, 1.21, 1.27, 1.11, 1.51, 1.77, 2.11, 1.33, 1.38, 1.36, 1.84, 1.24, 1.37, 1.15, 1.14, 1.06, 1.70],
  tjk_155 = [1.39, 1.44, 1.24, 2.29, 1.67, 1.01, 1.86, 2.31, 1.94, 1.09, 1.48, 1.46, 2.05, 2.29, 1.78, 1.25, 2.11, 2.31, 1.58, 1.43],
  tjk_161 = [2.17, 1.34, 1.26, 1.57, 2.20, 1.97, 1.86, 1.79, 1.77, 1.94, 1.20, 1.79, 1.35, 1.11, 1.91, 1.59, 2.22, 1.59, 1.97, 1.79],
  tjk_162 = [1.70, 2.11, 1.53, 2.03, 1.23, 1.08, 1.34, 1.83, 1.37, 1.32, 1.35, 1.26, 1.06, 2.32, 1.74, 2.21, 1.27, 2.23, 1.18, 1.06],
  tjk_163 = [1.10, 2.20, 1.99, 1.07, 1.65, 1.96, 1.32, 1.59, 1.79, 1.42, 1.26, 1.46, 1.66, 1.82, 1.38, 1.09, 2.10, 2.11, 1.56, 1.90],
  tjk_164 = [1.64, 1.27, 1.43, 2.32, 2.24, 2.06, 1.57, 1.75, 1.09, 2.02, 1.83, 1.46, 2.11, 1.95, 1.23, 1.70, 2.13, 2.18, 1.31, 1.40],
  tjk_165 = [2.00, 1.81, 2.32, 1.27, 2.22, 1.15, 2.01, 2.28, 1.21, 1.34, 1.63, 2.28, 1.45, 1.01, 1.28, 1.35, 1.60, 1.75, 1.43, 1.49],
  tjk_171 = [2.46, 3.37, 2.46, 2.92, 2.49, 2.56, 2.73, 2.43, 3.22, 3.45, 3.67, 3.31, 2.87, 2.94, 2.49, 3.40, 2.75, 2.70, 2.71, 2.57],
  tjk_172 = [3.03, 2.54, 2.44, 3.61, 2.88, 2.96, 2.75, 3.56, 2.91, 2.70, 3.52, 3.43, 2.67, 3.03, 2.69, 2.89, 3.27, 3.14, 2.71, 3.38],
  tjk_173 = [3.39, 3.39, 2.79, 2.88, 3.39, 2.40, 3.44, 2.55, 3.42, 2.68, 2.33, 3.55, 3.46, 3.04, 2.41, 2.72, 3.59, 3.65, 3.19, 3.33],
  tjk_174 = [3.61, 2.47, 3.58, 3.04, 3.51, 3.36, 3.21, 2.84, 2.82, 2.41, 2.64, 3.35, 3.06, 2.48, 2.83, 3.40, 3.29, 2.47, 3.34, 3.09],
  tjk_175 = [3.43, 2.36, 2.54, 2.71, 3.59, 2.78, 2.99, 2.84, 2.77, 2.54, 3.28, 3.06, 3.09, 2.61, 3.15, 2.40, 3.66, 2.67, 2.80, 2.99],
  tjk_181 = [2.62, 3.25, 2.91, 3.38, 3.05, 2.52, 3.35, 2.77, 2.42, 2.50, 3.15, 3.34, 3.67, 2.61, 3.35, 2.56, 3.47, 2.96, 2.68, 3.49],
  tjk_182 = [2.55, 2.63, 3.26, 2.86, 3.60, 2.99, 3.23, 3.51, 3.08, 2.93, 3.21, 2.55, 2.96, 3.32, 2.60, 2.69, 3.40, 3.09, 3.00, 3.08],
  tjk_183 = [3.16, 2.93, 3.62, 2.94, 3.59, 2.74, 2.65, 3.24, 3.45, 3.56, 3.11, 2.68, 3.63, 2.60, 3.00, 2.42, 3.50, 3.33, 3.28, 2.74],
  tjk_184 = [3.15, 2.51, 2.49, 2.37, 2.78, 2.97, 2.63, 2.68, 2.98, 2.92, 3.07, 3.38, 3.17, 2.33, 2.59, 3.11, 3.56, 3.17, 3.48, 3.22],
  tjk_185 = [3.49, 3.63, 3.45, 2.53, 3.28, 3.05, 2.91, 2.69, 2.97, 2.95, 3.64, 3.67, 2.49, 3.05, 2.92, 2.58, 3.46, 2.36, 2.70, 3.18],
  tjk_191 = [4.40, 4.40, 4.29, 4.46, 3.76, 4.84, 4.97, 4.94, 4.03, 4.26, 4.48, 4.27, 4.45, 3.77, 4.77, 4.11, 4.74, 3.72, 4.20, 4.67],
  tjk_192 = [4.99, 4.20, 3.87, 4.99, 4.36, 4.52, 4.13, 4.91, 3.69, 3.82, 3.81, 4.71, 4.18, 4.96, 4.82, 4.71, 4.35, 4.79, 3.78, 4.10],
  tjk_193 = [4.57, 4.85, 3.99, 4.33, 4.86, 4.71, 4.64, 4.78, 4.71, 4.37, 4.40, 4.95, 3.85, 4.56, 4.14, 4.85, 4.62, 4.86, 4.45, 4.05],
  tjk_194 = [4.60, 3.68, 4.75, 4.87, 4.16, 3.75, 4.71, 3.73, 4.23, 4.88, 4.31, 4.42, 4.73, 3.81, 4.68, 3.83, 4.46, 3.74, 4.74, 3.79],
  tjk_195 = [4.99, 4.93, 4.97, 4.60, 4.97, 4.96, 4.89, 4.94, 4.94, 4.21, 3.80, 4.36, 4.14, 4.91, 3.88, 4.63, 3.82, 4.20, 4.15, 4.21],
  tjk_201 = [2.78, 2.83, 2.34, 2.48, 2.38, 3.33, 2.60, 3.56, 2.93, 3.33, 2.75, 2.85, 2.75, 2.65, 2.54, 2.62, 3.53, 3.56, 3.22, 2.79],
  tjk_202 = [2.71, 2.58, 2.68, 2.73, 2.53, 2.40, 2.83, 3.44, 3.60, 3.43, 3.04, 2.56, 2.60, 3.21, 2.82, 3.20, 3.11, 3.62, 2.81, 3.14],
  tjk_203 = [2.82, 3.30, 3.55, 2.46, 3.58, 3.40, 2.50, 3.64, 2.49, 3.12, 2.48, 2.52, 2.99, 2.65, 3.05, 2.95, 2.57, 3.06, 3.29, 2.79],
  tjk_204 = [2.94, 3.57, 2.96, 3.06, 3.28, 2.70, 3.04, 2.93, 3.18, 2.48, 3.23, 3.28, 3.62, 2.71, 2.47, 2.84, 3.34, 3.48, 3.45, 3.06],
  tjk_205 = [2.49, 3.02, 3.51, 3.24, 2.45, 2.57, 3.44, 2.85, 3.01, 3.42, 3.36, 3.06, 3.21, 3.04, 3.11, 3.28, 2.84, 3.17, 2.78, 2.83],
  tjk_211 = [3.74, 4.36, 4.73, 4.51, 4.90, 4.36, 3.68, 4.52, 3.77, 4.66, 4.09, 4.61, 3.89, 3.68, 4.45, 4.89, 4.74, 4.16, 4.74, 4.37],
  tjk_212 = [4.51, 4.36, 4.25, 3.87, 4.75, 4.30, 4.29, 4.52, 4.23, 4.30, 4.48, 4.14, 4.19, 3.72, 3.79, 4.90, 4.02, 4.65, 4.29, 4.04],
  tjk_213 = [4.31, 4.45, 4.75, 3.95, 4.40, 3.83, 3.80, 3.74, 4.63, 4.41, 4.56, 4.93, 4.41, 4.52, 4.22, 4.53, 4.99, 4.17, 4.12, 4.36],
  tjk_214 = [4.35, 4.59, 4.68, 4.52, 4.50, 4.62, 4.67, 4.74, 4.59, 4.12, 4.00, 3.90, 4.91, 4.83, 4.12, 3.74, 4.16, 4.51, 4.50, 4.52],
  tjk_215 = [3.97, 4.07, 4.51, 4.78, 4.17, 4.27, 4.92, 4.28, 4.65, 4.74, 4.98, 3.86, 3.72, 3.73, 4.19, 4.69, 4.46, 4.35, 3.83, 4.58],
  tjk_221 = [1.38, 1.82, 1.10, 1.97, 2.05, 1.17, 1.64, 1.19, 2.18, 1.19, 1.88, 1.04, 1.08, 2.25, 1.58, 2.14, 2.13, 1.90, 2.28, 1.81],
  tjk_222 = [2.31, 2.18, 1.88, 2.11, 1.01, 2.31, 1.26, 1.26, 1.73, 1.29, 1.33, 1.81, 1.12, 1.17, 1.53, 1.73, 1.87, 1.61, 1.25, 2.30],
  tjk_223 = [1.41, 1.20, 1.36, 1.90, 1.76, 1.18, 1.05, 1.38, 2.16, 1.88, 2.02, 1.66, 1.49, 2.19, 1.76, 1.39, 1.06, 1.20, 1.74, 2.28],
  tjk_224 = [2.15, 1.71, 1.02, 1.47, 1.71, 1.23, 2.10, 2.08, 1.18, 1.74, 2.29, 1.90, 1.81, 1.09, 1.68, 1.22, 1.39, 1.25, 1.12, 1.91],
  tjk_225 = [1.24, 1.73, 2.08, 1.31, 1.25, 1.18, 1.62, 1.82, 2.02, 1.17, 1.10, 1.48, 1.19, 2.23, 1.05, 1.66, 1.84, 1.15, 1.44, 2.01],
  tjk_231 = [2.21, 1.65, 1.07, 1.91, 2.01, 2.25, 1.97, 1.48, 2.09, 1.55, 2.30, 1.50, 2.29, 1.48, 1.55, 2.20, 1.31, 1.73, 1.74, 1.25],
  tjk_232 = [1.71, 1.04, 1.22, 1.77, 1.06, 2.29, 2.30, 1.02, 1.15, 1.25, 1.31, 1.54, 1.33, 1.75, 1.16, 2.32, 2.12, 2.14, 1.67, 1.76],
  tjk_233 = [1.56, 1.62, 1.52, 2.01, 2.28, 1.29, 1.78, 2.29, 1.28, 1.17, 2.07, 1.81, 1.63, 1.20, 1.65, 1.62, 1.82, 1.13, 1.90, 1.89],
  tjk_234 = [2.01, 1.74, 1.66, 1.08, 1.28, 1.43, 1.37, 1.58, 2.02, 1.82, 2.24, 1.59, 1.85, 1.95, 1.02, 1.39, 1.07, 2.28, 1.30, 2.32],
  tjk_235 = [1.02, 1.14, 1.85, 1.38, 1.68, 1.70, 1.45, 1.11, 2.21, 1.95, 1.87, 1.71, 1.04, 1.27, 1.43, 1.96, 1.92, 2.12, 1.71, 1.88],
  tjk_241 = [1.19, 1.21, 1.96, 1.47, 1.27, 1.90, 1.06, 2.23, 1.86, 1.42, 1.38, 1.91, 1.80, 1.70, 2.32, 1.43, 1.57, 1.54, 1.46, 1.51],
  tjk_242 = [1.07, 1.36, 1.10, 1.56, 2.14, 1.47, 1.64, 1.19, 1.82, 1.50, 1.46, 1.31, 1.06, 1.02, 2.20, 1.73, 1.54, 1.35, 1.59, 2.01],
  tjk_243 = [2.17, 2.14, 1.92, 2.27, 1.50, 1.65, 1.58, 1.80, 1.62, 1.98, 2.02, 1.19, 1.56, 1.98, 1.84, 1.27, 2.18, 1.26, 1.73, 1.33],
  tjk_244 = [1.90, 1.68, 1.77, 1.94, 2.13, 2.27, 1.85, 1.63, 2.11, 1.79, 1.70, 1.35, 2.23, 2.30, 1.07, 1.85, 2.16, 1.32, 2.26, 1.88],
  tjk_245 = [2.03, 2.28, 1.45, 1.92, 2.33, 2.15, 1.47, 1.98, 1.77, 1.33, 1.08, 1.74, 1.76, 2.22, 1.62, 1.81, 2.04, 2.14, 1.69, 1.68],
  tjk_251 = [4.68, 4.36, 4.96, 4.84, 4.44, 3.95, 4.32, 4.83, 3.87, 4.47, 4.14, 4.53, 4.84, 3.88, 4.10, 4.06, 4.81, 4.77, 3.89, 4.18],
  tjk_252 = [4.72, 4.68, 4.95, 4.48, 3.78, 3.87, 4.00, 4.33, 4.67, 4.86, 3.69, 4.58, 4.92, 4.99, 4.83, 4.09, 4.14, 4.78, 4.35, 3.84],
  tjk_253 = [4.37, 3.95, 3.74, 4.13, 4.83, 4.69, 4.67, 4.77, 4.66, 4.82, 4.31, 4.87, 4.00, 3.88, 3.90, 4.70, 4.68, 4.88, 4.33, 4.91],
  tjk_254 = [4.14, 4.57, 4.79, 4.93, 4.72, 4.96, 4.95, 3.85, 4.11, 3.83, 4.26, 4.67, 3.77, 4.44, 4.47, 4.74, 4.61, 3.86, 4.04, 3.75],
  tjk_255 = [4.79, 4.63, 4.87, 3.85, 4.40, 4.84, 3.79, 3.95, 3.83, 4.06, 4.63, 4.24, 3.91, 4.32, 3.87, 4.94, 4.21, 4.99, 4.48, 4.87],
  tjk_261 = [4.13, 4.44, 3.78, 4.24, 4.23, 4.54, 3.93, 4.27, 4.89, 4.90, 4.07, 4.22, 4.94, 4.90, 4.85, 4.44, 4.34, 4.42, 4.55, 4.64],
  tjk_262 = [4.44, 4.70, 4.90, 4.76, 4.05, 4.47, 4.61, 4.44, 4.45, 4.78, 4.45, 4.11, 4.69, 4.37, 3.81, 4.11, 4.40, 4.14, 4.28, 4.20],
  tjk_263 = [3.95, 4.92, 4.78, 4.51, 4.65, 4.38, 3.74, 4.01, 4.26, 4.43, 4.07, 4.66, 3.70, 4.18, 3.90, 4.47, 3.70, 3.82, 4.83, 4.25],
  tjk_264 = [4.33, 4.30, 4.17, 3.88, 3.83, 4.75, 4.60, 3.90, 3.94, 4.23, 3.88, 4.92, 4.78, 4.37, 4.07, 4.45, 4.56, 4.05, 4.21, 4.81],
  tjk_265 = [3.84, 3.83, 4.19, 4.11, 4.46, 4.50, 4.90, 4.93, 4.99, 4.47, 4.46, 4.74, 4.80, 4.93, 4.93, 4.89, 4.43, 4.10, 4.15, 4.65],
  tjk_271 = [3.40, 3.62, 3.45, 3.48, 2.83, 2.66, 2.89, 3.43, 3.21, 3.56, 3.22, 3.20, 3.40, 2.86, 2.99, 2.71, 2.37, 2.88, 2.94, 3.25],
  tjk_272 = [3.12, 3.42, 2.82, 3.00, 3.06, 2.74, 3.36, 3.23, 2.71, 3.17, 3.19, 3.16, 2.74, 2.38, 2.93, 3.55, 2.79, 2.99, 3.18, 3.21],
  tjk_273 = [2.68, 3.60, 3.20, 3.57, 3.24, 3.05, 2.84, 2.93, 3.58, 3.63, 2.94, 3.45, 2.94, 2.68, 3.29, 2.35, 3.09, 2.89, 2.40, 2.82],
  tjk_274 = [3.44, 2.54, 3.51, 2.41, 2.76, 2.50, 2.62, 2.33, 2.65, 3.60, 3.65, 3.08, 2.91, 2.96, 3.03, 2.82, 2.80, 3.41, 3.63, 3.15],
  tjk_275 = [2.90, 2.83, 2.42, 3.46, 3.30, 3.45, 3.21, 3.58, 2.67, 3.53, 2.75, 2.65, 2.33, 3.53, 2.83, 3.37, 2.61, 2.69, 2.72, 3.14],
  tjk_281 = [2.29, 1.35, 1.89, 1.46, 1.20, 1.34, 1.05, 1.07, 1.82, 1.86, 1.18, 1.71, 2.12, 1.13, 1.36, 2.14, 1.87, 1.69, 1.94, 1.07],
  tjk_282 = [1.17, 1.50, 1.33, 2.27, 1.60, 1.18, 1.32, 2.28, 1.74, 1.06, 1.75, 2.07, 2.07, 1.89, 1.73, 1.19, 2.05, 2.28, 1.84, 2.25],
  tjk_283 = [2.16, 2.12, 2.23, 1.60, 1.08, 2.13, 1.65, 1.46, 1.69, 1.53, 2.11, 1.15, 1.87, 2.19, 1.03, 1.79, 1.55, 1.34, 2.01, 1.09],
  tjk_284 = [1.71, 1.33, 2.09, 1.86, 2.32, 2.03, 2.17, 1.15, 1.88, 2.27, 1.66, 1.59, 2.10, 1.57, 2.05, 1.35, 1.85, 1.52, 2.07, 2.26],
  tjk_285 = [1.47, 1.72, 1.21, 2.16, 1.94, 2.04, 2.01, 1.24, 1.70, 1.40, 1.18, 2.09, 2.10, 1.07, 1.47, 2.11, 2.08, 1.06, 1.04, 2.28],
  tjk_291 = [2.09, 1.52, 2.01, 1.37, 1.46, 2.09, 2.03, 1.68, 2.33, 1.30, 1.10, 1.71, 1.99, 1.64, 1.24, 2.22, 1.63, 1.26, 2.30, 2.32],
  tjk_292 = [2.17, 1.89, 1.45, 1.49, 1.79, 1.56, 1.03, 1.44, 1.31, 1.30, 1.23, 1.83, 1.94, 1.94, 2.26, 1.40, 2.17, 1.62, 2.06, 1.11],
  tjk_293 = [2.25, 1.45, 2.22, 1.76, 2.00, 1.85, 1.86, 1.94, 2.26, 1.38, 2.27, 1.91, 1.52, 2.06, 1.43, 1.92, 1.82, 1.21, 1.83, 1.60],
  tjk_294 = [1.96, 2.04, 1.32, 1.16, 2.21, 1.35, 1.23, 2.03, 1.34, 1.74, 2.22, 1.18, 1.37, 1.22, 1.77, 1.45, 2.21, 1.17, 1.68, 2.15],
  tjk_295 = [1.68, 1.37, 1.24, 1.09, 1.69, 2.04, 1.47, 1.23, 1.30, 1.63, 1.91, 1.27, 2.24, 1.99, 2.23, 2.29, 2.09, 1.25, 1.07, 1.92],
  tjk_301 = [3.07, 2.36, 3.12, 3.41, 2.43, 3.54, 3.53, 2.34, 2.62, 2.59, 2.45, 3.39, 2.84, 3.16, 2.97, 2.42, 2.54, 2.67, 3.35, 3.63],
  tjk_302 = [2.53, 2.65, 3.54, 3.08, 3.48, 3.15, 2.47, 2.54, 2.36, 2.74, 3.06, 3.35, 3.52, 3.26, 2.50, 2.74, 2.91, 2.43, 2.41, 3.08],
  tjk_303 = [3.15, 2.76, 2.33, 3.53, 2.55, 3.14, 2.63, 2.53, 3.40, 2.87, 2.73, 2.52, 3.06, 3.56, 2.69, 2.96, 2.83, 3.40, 2.88, 2.34],
  tjk_304 = [3.14, 3.37, 3.38, 2.48, 3.66, 3.12, 2.66, 3.16, 2.40, 2.83, 3.09, 3.65, 2.39, 3.56, 2.99, 3.62, 3.24, 3.43, 3.23, 2.85],
  tjk_305 = [2.43, 2.74, 2.42, 3.18, 3.05, 2.39, 2.87, 2.61, 2.50, 3.06, 2.71, 2.44, 3.54, 2.48, 3.20, 2.72, 3.43, 2.98, 3.43, 2.94],
]

Service Times (¦Î_{jk}^s) = [
  xi_11 = [1.80, 1.28, 3.75, 3.38, 2.76, 3.40, 2.47, 2.73, 2.25, 3.71, 2.36, 3.76, 2.30, 3.34, 1.73, 1.71, 3.33, 2.76, 3.95, 1.55],
  xi_12 = [1.29, 2.51, 2.65, 2.03, 3.45, 1.10, 2.84, 2.96, 1.19, 3.02, 3.25, 1.58, 2.75, 3.73, 1.80, 1.86, 3.41, 2.82, 3.59, 1.74],
  xi_13 = [2.83, 1.07, 3.17, 1.59, 3.11, 2.89, 2.24, 1.45, 3.77, 3.52, 1.66, 2.69, 3.44, 3.83, 3.19, 2.29, 1.04, 1.90, 2.46, 1.58],
  xi_14 = [3.66, 1.60, 2.35, 1.07, 2.99, 2.87, 1.52, 1.76, 3.18, 2.48, 1.15, 2.91, 1.05, 2.03, 3.34, 1.95, 2.29, 1.76, 3.28, 2.29],
  xi_15 = [1.34, 3.99, 2.30, 3.90, 2.56, 3.37, 1.32, 3.68, 3.92, 2.58, 2.64, 2.00, 3.82, 2.37, 3.77, 1.84, 1.46, 2.20, 2.01, 2.24],
  xi_21 = [4.95, 6.83, 4.63, 4.58, 5.10, 5.19, 4.57, 4.94, 4.94, 6.92, 5.11, 6.63, 5.15, 6.64, 6.83, 6.62, 6.78, 4.54, 5.49, 4.74],
  xi_22 = [6.77, 5.47, 6.09, 5.63, 6.95, 6.84, 5.61, 4.09, 6.25, 6.47, 4.40, 5.16, 5.01, 5.56, 6.91, 4.01, 4.50, 4.73, 6.78, 5.59],
  xi_23 = [6.93, 5.94, 6.64, 6.18, 4.58, 6.42, 6.86, 6.38, 4.06, 6.68, 6.25, 6.35, 5.03, 5.49, 6.29, 5.49, 5.87, 4.30, 4.24, 5.74],
  xi_24 = [4.46, 6.11, 6.14, 5.77, 4.47, 4.72, 4.09, 6.53, 4.09, 6.71, 4.60, 5.97, 6.68, 5.63, 5.96, 5.96, 6.98, 4.23, 6.62, 5.59],
  xi_25 = [6.65, 5.82, 5.43, 5.05, 5.05, 4.93, 5.32, 6.26, 6.18, 6.57, 5.37, 5.23, 6.61, 4.51, 6.42, 5.94, 5.40, 5.66, 5.42, 6.59],
  xi_31 = [7.23, 7.98, 7.84, 8.79, 9.99, 7.08, 7.54, 7.57, 9.49, 7.63, 8.18, 7.01, 8.10, 7.66, 9.60, 9.05, 8.30, 8.71, 9.79, 9.35],
  xi_32 = [8.95, 7.66, 9.02, 8.84, 7.99, 8.49, 7.18, 8.37, 8.66, 7.77, 7.01, 8.60, 9.44, 7.44, 7.64, 8.72, 8.00, 7.65, 8.68, 8.08],
  xi_33 = [7.33, 9.91, 7.35, 9.81, 7.83, 7.63, 9.28, 7.03, 9.09, 9.60, 9.83, 8.10, 9.51, 7.63, 7.22, 9.66, 8.48, 8.17, 7.12, 7.97],
  xi_34 = [7.93, 9.79, 9.56, 7.91, 9.40, 10.00, 9.55, 7.26, 9.53, 8.48, 7.98, 8.83, 8.27, 8.43, 7.13, 8.96, 8.71, 8.61, 7.76, 8.47],
  xi_35 = [7.46, 7.69, 7.40, 9.21, 9.98, 8.92, 8.83, 8.88, 9.34, 8.60, 9.78, 7.65, 9.60, 9.24, 7.89, 9.61, 9.43, 9.55, 7.82, 9.09],
  xi_41 = [3.97, 1.83, 1.88, 2.92, 2.86, 3.56, 1.17, 1.53, 3.53, 2.56, 2.17, 1.07, 3.69, 2.85, 1.61, 1.62, 3.39, 2.22, 3.19, 3.93],
  xi_42 = [2.35, 2.97, 1.74, 3.66, 3.94, 2.09, 3.63, 2.01, 3.92, 2.66, 2.06, 1.95, 2.23, 2.60, 2.17, 2.76, 3.94, 1.94, 3.36, 1.49],
  xi_43 = [2.23, 3.66, 1.63, 3.16, 1.14, 3.01, 2.85, 1.05, 3.09, 2.54, 3.20, 3.03, 2.77, 2.36, 3.48, 3.69, 3.73, 3.84, 2.83, 3.83],
  xi_44 = [2.03, 3.62, 1.49, 2.62, 1.81, 3.00, 2.03, 2.74, 1.21, 2.41, 1.07, 1.68, 1.59, 3.93, 2.63, 3.53, 2.02, 2.21, 3.26, 3.09],
  xi_45 = [1.52, 2.78, 1.47, 2.58, 3.34, 1.10, 2.44, 1.01, 1.43, 2.60, 1.31, 3.24, 3.15, 2.22, 3.04, 1.87, 4.00, 2.04, 1.29, 1.97],
  xi_51 = [8.51, 8.87, 7.42, 7.51, 9.26, 8.80, 8.95, 7.61, 8.70, 9.42, 7.30, 8.71, 9.00, 9.29, 9.61, 9.48, 7.97, 8.83, 8.02, 9.42],
  xi_52 = [7.15, 9.56, 8.05, 7.93, 8.62, 8.43, 8.40, 7.99, 9.07, 8.72, 7.79, 8.27, 8.54, 7.82, 7.35, 8.26, 9.51, 8.81, 7.70, 9.53],
  xi_53 = [8.62, 8.61, 8.42, 8.96, 8.26, 8.17, 8.63, 8.53, 8.70, 8.51, 8.44, 9.83, 7.45, 8.79, 8.36, 8.57, 9.71, 8.37, 7.48, 7.83],
  xi_54 = [9.39, 9.95, 7.48, 8.07, 7.15, 9.76, 8.83, 7.93, 7.67, 7.67, 7.56, 8.75, 8.37, 7.01, 8.68, 8.90, 8.26, 9.86, 7.42, 7.93],
  xi_55 = [7.25, 9.00, 9.28, 9.16, 7.80, 7.17, 7.14, 9.46, 9.47, 9.28, 7.76, 8.85, 7.83, 9.01, 9.96, 9.24, 7.92, 8.42, 7.48, 9.19],
  xi_61 = [8.31, 7.45, 9.13, 8.02, 9.11, 7.34, 9.35, 9.84, 8.46, 9.45, 7.10, 7.24, 7.58, 9.82, 7.55, 9.78, 7.82, 8.14, 8.24, 7.28],
  xi_62 = [9.07, 7.47, 9.43, 7.42, 9.20, 8.12, 8.84, 7.90, 9.61, 7.42, 7.41, 9.56, 9.11, 8.48, 7.99, 9.15, 7.84, 8.12, 9.08, 9.76],
  xi_63 = [8.54, 9.27, 9.28, 7.21, 8.32, 7.07, 8.09, 7.43, 7.33, 8.59, 9.12, 7.48, 9.84, 7.33, 8.10, 8.43, 9.16, 7.01, 7.61, 9.26],
  xi_64 = [9.93, 8.12, 7.49, 7.23, 7.57, 9.11, 9.25, 8.42, 7.46, 8.51, 8.25, 9.03, 8.26, 9.26, 7.37, 9.27, 8.20, 9.71, 9.26, 8.13],
  xi_65 = [9.45, 8.99, 7.46, 8.60, 8.01, 8.86, 8.44, 8.86, 9.30, 8.72, 9.95, 9.94, 9.11, 8.94, 7.27, 8.67, 7.97, 7.09, 8.26, 9.07],
  xi_71 = [6.15, 4.84, 5.12, 4.36, 4.47, 4.56, 5.94, 4.08, 5.31, 4.54, 6.29, 5.01, 5.64, 5.41, 4.70, 4.67, 4.72, 5.04, 6.13, 4.67],
  xi_72 = [4.61, 5.29, 5.08, 5.77, 5.62, 4.41, 5.56, 5.71, 4.98, 5.40, 5.10, 5.22, 5.46, 4.53, 6.50, 4.45, 6.13, 5.54, 6.67, 4.31],
  xi_73 = [6.22, 6.41, 6.37, 4.19, 5.84, 4.00, 6.39, 5.35, 4.86, 5.71, 6.91, 5.95, 6.80, 4.28, 6.05, 5.24, 4.51, 6.25, 5.40, 5.04],
  xi_74 = [5.81, 5.95, 4.14, 4.31, 6.34, 6.52, 5.59, 4.73, 5.05, 4.19, 5.52, 4.38, 5.00, 4.41, 5.69, 6.67, 5.80, 5.49, 6.39, 5.91],
  xi_75 = [5.56, 5.31, 5.05, 4.91, 5.10, 4.94, 4.55, 5.77, 5.92, 4.10, 6.36, 5.23, 6.37, 4.88, 4.43, 4.20, 5.40, 5.80, 5.97, 6.35],
  xi_81 = [6.63, 4.89, 4.31, 6.58, 6.46, 5.77, 5.91, 6.00, 6.34, 4.79, 5.09, 6.86, 6.72, 5.99, 5.18, 4.60, 4.25, 4.70, 5.58, 6.75],
  xi_82 = [4.25, 6.09, 5.56, 7.00, 5.42, 4.16, 5.93, 6.34, 6.10, 5.87, 6.92, 6.98, 4.93, 5.48, 4.29, 6.75, 6.77, 6.85, 5.20, 5.24],
  xi_83 = [6.09, 6.29, 4.72, 4.52, 6.05, 5.69, 4.03, 4.90, 4.35, 4.40, 4.90, 6.55, 4.20, 5.51, 4.52, 6.20, 4.15, 5.54, 6.74, 6.40],
  xi_84 = [4.06, 5.36, 5.95, 5.95, 4.84, 6.34, 4.10, 4.57, 4.60, 4.09, 4.33, 6.73, 4.05, 6.28, 5.10, 5.66, 6.93, 4.66, 4.83, 6.64],
  xi_85 = [5.43, 6.34, 6.50, 5.65, 6.66, 4.75, 6.39, 5.67, 6.27, 4.74, 5.54, 5.01, 4.74, 6.10, 6.96, 6.30, 5.72, 5.03, 5.51, 6.67],
  xi_91 = [9.60, 9.23, 7.76, 8.74, 7.48, 9.47, 9.31, 8.42, 7.32, 8.50, 7.39, 7.63, 8.16, 7.31, 7.42, 7.27, 7.27, 8.10, 8.37, 9.19],
  xi_92 = [9.57, 8.46, 8.40, 7.09, 8.21, 8.75, 9.45, 9.97, 7.46, 7.65, 9.54, 8.44, 7.77, 7.60, 7.32, 8.08, 9.21, 9.79, 9.11, 8.46],
  xi_93 = [8.73, 8.86, 8.74, 8.72, 9.68, 8.40, 8.26, 8.14, 9.49, 7.39, 8.35, 9.34, 9.71, 8.48, 7.46, 8.43, 7.38, 7.16, 9.65, 9.76],
  xi_94 = [9.63, 7.21, 7.97, 7.35, 9.79, 7.60, 8.47, 8.74, 7.58, 8.02, 7.79, 7.65, 8.73, 9.75, 8.55, 8.57, 9.33, 9.21, 7.51, 8.81],
  xi_95 = [9.73, 7.78, 7.45, 7.08, 9.73, 7.67, 8.71, 7.91, 9.25, 8.34, 9.79, 9.87, 9.62, 7.15, 9.82, 7.51, 7.92, 7.81, 7.24, 8.01],
  xi_101 = [3.58, 2.98, 1.92, 2.18, 3.62, 1.07, 1.87, 1.07, 3.32, 2.12, 3.22, 1.35, 2.40, 1.50, 3.45, 2.94, 1.83, 1.28, 1.85, 3.45],
  xi_102 = [1.25, 1.23, 1.96, 3.09, 3.39, 2.99, 1.23, 2.60, 3.89, 3.41, 2.84, 2.39, 3.06, 2.18, 1.22, 2.58, 3.75, 2.25, 3.23, 3.73],
  xi_103 = [2.78, 1.65, 2.92, 3.63, 1.60, 3.53, 1.54, 1.97, 1.22, 2.65, 1.90, 2.90, 1.83, 2.57, 1.15, 3.12, 3.72, 2.85, 1.94, 1.97],
  xi_104 = [3.64, 3.86, 2.18, 1.97, 2.32, 2.09, 3.13, 3.92, 2.86, 2.32, 2.10, 1.98, 3.18, 1.45, 2.89, 2.79, 2.82, 3.62, 2.99, 3.10],
  xi_105 = [1.58, 3.14, 3.56, 1.31, 1.90, 3.12, 3.52, 1.62, 1.28, 2.72, 2.50, 2.23, 1.71, 2.40, 1.50, 3.11, 1.14, 1.70, 1.63, 2.38],
  xi_111 = [2.85, 2.62, 1.89, 3.65, 3.27, 2.93, 1.23, 3.08, 3.01, 2.32, 3.88, 3.53, 1.69, 2.00, 1.80, 2.77, 1.43, 2.68, 3.37, 2.47],
  xi_112 = [3.32, 1.95, 1.02, 2.88, 3.53, 1.82, 1.17, 1.17, 2.45, 3.62, 3.18, 3.59, 3.48, 2.56, 2.89, 2.04, 1.24, 3.27, 3.23, 3.07],
  xi_113 = [3.33, 1.72, 3.53, 2.99, 2.01, 2.51, 3.78, 1.57, 2.00, 2.53, 3.16, 2.21, 1.98, 3.82, 1.94, 1.49, 2.30, 1.08, 3.69, 2.41],
  xi_114 = [1.87, 1.67, 3.09, 1.75, 2.11, 2.01, 1.42, 3.95, 2.79, 3.73, 3.15, 1.59, 1.88, 2.64, 2.55, 3.25, 3.35, 2.47, 2.75, 1.93],
  xi_115 = [3.51, 1.72, 2.10, 3.44, 1.64, 2.89, 3.30, 3.35, 1.64, 1.31, 3.95, 2.55, 3.03, 2.10, 3.04, 3.94, 1.28, 1.36, 2.83, 3.40],
  xi_121 = [6.87, 5.52, 6.23, 5.08, 6.97, 6.33, 6.09, 6.27, 6.94, 6.53, 6.43, 4.40, 6.64, 6.26, 6.70, 4.75, 4.94, 4.52, 5.23, 4.56],
  xi_122 = [5.23, 5.38, 6.38, 6.64, 4.51, 4.58, 4.16, 6.67, 5.14, 4.93, 5.87, 4.84, 5.92, 5.41, 5.21, 5.73, 4.19, 4.46, 4.65, 6.97],
  xi_123 = [6.82, 5.35, 5.34, 6.69, 6.24, 5.64, 6.99, 5.76, 6.00, 4.45, 6.12, 6.66, 6.81, 4.73, 5.79, 6.02, 6.57, 5.56, 5.02, 6.77],
  xi_124 = [6.64, 5.07, 5.46, 5.97, 4.88, 4.76, 4.60, 4.56, 5.01, 4.43, 5.78, 5.43, 5.71, 6.88, 5.81, 6.61, 4.16, 5.74, 5.62, 5.96],
  xi_125 = [4.96, 6.50, 4.65, 4.61, 6.40, 4.24, 5.79, 4.57, 6.98, 6.62, 6.03, 4.48, 5.13, 6.69, 5.60, 5.28, 4.21, 5.62, 4.78, 5.11],
  xi_131 = [9.05, 7.50, 8.97, 7.35, 9.83, 7.28, 7.17, 8.63, 9.89, 9.79, 9.99, 7.34, 9.48, 8.78, 7.73, 8.93, 8.03, 9.56, 7.32, 7.08],
  xi_132 = [8.11, 7.63, 9.27, 9.70, 8.38, 8.45, 9.81, 9.20, 8.03, 8.02, 8.77, 9.57, 7.43, 8.72, 7.72, 8.01, 7.83, 9.88, 7.09, 7.78],
  xi_133 = [9.95, 9.13, 9.90, 8.58, 9.50, 8.37, 8.70, 7.32, 8.07, 7.70, 9.62, 7.20, 9.44, 7.11, 8.25, 9.47, 9.80, 9.47, 7.64, 8.57],
  xi_134 = [9.71, 8.36, 8.06, 8.18, 8.17, 9.94, 8.95, 7.00, 7.80, 7.02, 7.06, 9.35, 8.33, 8.26, 9.66, 7.67, 7.94, 8.74, 8.49, 8.26],
  xi_135 = [7.67, 8.80, 7.69, 9.41, 9.84, 9.87, 7.29, 9.53, 9.94, 7.06, 8.97, 7.42, 7.59, 8.91, 9.44, 9.55, 8.08, 7.64, 7.41, 8.58],
  xi_141 = [6.30, 6.50, 5.92, 4.72, 6.64, 5.88, 6.50, 5.56, 4.12, 6.92, 4.79, 5.95, 5.49, 6.38, 5.89, 4.03, 6.42, 5.17, 4.45, 6.55],
  xi_142 = [6.67, 5.39, 6.08, 4.48, 5.84, 5.08, 6.80, 6.29, 6.83, 5.32, 5.74, 4.75, 5.80, 4.03, 6.84, 4.22, 4.83, 4.09, 5.87, 5.46],
  xi_143 = [5.18, 6.58, 5.10, 4.65, 5.04, 5.05, 5.27, 4.46, 6.09, 4.38, 5.41, 4.21, 4.27, 5.75, 6.77, 6.00, 6.00, 5.08, 6.85, 6.81],
  xi_144 = [5.57, 6.27, 4.82, 5.60, 6.98, 4.68, 4.89, 5.95, 4.85, 4.44, 6.23, 6.72, 4.48, 5.55, 4.14, 4.37, 4.50, 6.76, 4.71, 4.03],
  xi_145 = [5.03, 6.31, 4.61, 5.14, 6.98, 6.06, 4.07, 4.31, 5.05, 5.33, 4.58, 6.00, 4.41, 6.22, 5.44, 4.81, 6.03, 6.48, 4.57, 5.95],
  xi_151 = [8.39, 9.70, 9.18, 9.49, 8.89, 9.84, 7.31, 9.03, 8.06, 9.77, 7.53, 7.38, 9.25, 7.47, 8.60, 9.52, 8.47, 8.75, 8.38, 8.37],
  xi_152 = [8.14, 9.33, 8.55, 7.71, 7.27, 9.04, 7.67, 8.39, 8.83, 8.52, 8.75, 8.48, 7.04, 9.63, 7.06, 7.41, 9.31, 7.62, 7.66, 8.28],
  xi_153 = [8.33, 9.12, 7.77, 8.29, 9.08, 7.69, 8.51, 7.51, 9.48, 8.08, 9.73, 7.16, 8.45, 9.57, 8.34, 9.35, 8.33, 8.22, 7.11, 7.77],
  xi_154 = [7.42, 7.52, 8.30, 9.62, 8.28, 8.80, 9.70, 7.84, 7.08, 9.07, 8.34, 8.32, 8.43, 8.75, 7.32, 9.67, 8.05, 9.98, 7.34, 9.31],
  xi_155 = [7.44, 9.70, 8.37, 8.77, 7.11, 7.76, 7.08, 7.27, 9.92, 9.82, 8.53, 9.23, 7.35, 7.14, 7.25, 8.67, 8.98, 7.63, 8.19, 7.22],
  xi_161 = [7.71, 9.94, 8.96, 9.21, 7.33, 8.22, 7.11, 9.19, 8.63, 8.31, 8.14, 8.03, 8.79, 9.34, 7.01, 7.71, 8.71, 7.66, 8.16, 8.75],
  xi_162 = [9.47, 8.77, 8.89, 8.44, 7.31, 9.54, 9.70, 7.25, 7.02, 9.40, 8.77, 7.54, 7.31, 7.21, 9.98, 7.23, 7.19, 9.25, 7.90, 8.12],
  xi_163 = [8.23, 7.42, 7.18, 7.52, 9.24, 8.13, 7.91, 7.25, 7.83, 8.21, 9.07, 8.46, 8.20, 9.21, 9.90, 7.56, 7.48, 7.97, 7.01, 9.64],
  xi_164 = [7.99, 8.94, 7.56, 9.38, 7.50, 7.35, 9.08, 8.29, 7.19, 9.25, 9.58, 9.11, 9.76, 8.20, 9.99, 9.47, 7.92, 8.04, 9.56, 8.56],
  xi_165 = [8.91, 7.39, 8.37, 9.85, 7.53, 8.94, 9.71, 7.44, 8.01, 7.27, 7.91, 7.30, 8.38, 7.84, 7.71, 7.42, 9.88, 9.79, 9.88, 7.78],
  xi_171 = [5.55, 5.97, 5.61, 5.15, 4.85, 6.56, 4.46, 4.68, 6.19, 4.55, 6.85, 4.71, 6.75, 5.10, 4.98, 4.76, 5.73, 6.64, 6.72, 4.02],
  xi_172 = [4.79, 6.06, 5.72, 4.44, 6.02, 4.09, 4.68, 5.63, 4.56, 4.14, 6.62, 5.72, 6.59, 6.37, 6.33, 4.54, 5.55, 6.31, 6.38, 4.25],
  xi_173 = [4.03, 5.82, 5.72, 5.00, 5.84, 5.13, 6.26, 4.38, 6.36, 4.39, 6.88, 6.02, 6.70, 6.53, 4.04, 6.01, 6.16, 4.14, 6.84, 5.93],
  xi_174 = [5.39, 5.81, 6.62, 6.85, 6.14, 4.65, 5.47, 6.04, 6.52, 5.41, 6.74, 5.76, 4.26, 5.91, 6.77, 6.57, 5.33, 5.42, 6.39, 6.68],
  xi_175 = [5.17, 6.61, 4.48, 5.07, 4.16, 6.05, 5.77, 4.03, 4.82, 6.68, 4.48, 5.66, 6.43, 6.64, 5.74, 6.60, 5.32, 5.38, 6.14, 5.07],
  xi_181 = [2.02, 2.81, 1.31, 1.13, 1.76, 3.81, 2.53, 2.15, 1.08, 3.29, 2.83, 3.25, 1.89, 1.31, 3.46, 2.01, 3.08, 1.54, 2.95, 3.22],
  xi_182 = [1.54, 2.15, 2.82, 1.47, 2.96, 1.05, 1.85, 2.19, 1.30, 2.68, 3.74, 2.72, 3.09, 1.61, 1.63, 3.02, 2.24, 2.33, 3.19, 2.24],
  xi_183 = [2.87, 2.75, 3.59, 2.90, 1.94, 1.47, 3.44, 1.31, 1.97, 2.61, 2.75, 3.79, 1.07, 3.86, 1.39, 3.13, 3.35, 1.60, 1.74, 3.97],
  xi_184 = [2.52, 1.10, 3.62, 2.91, 1.79, 3.39, 3.11, 3.76, 2.65, 3.06, 1.69, 3.84, 1.94, 1.32, 3.31, 3.28, 2.41, 3.73, 3.13, 1.45],
  xi_185 = [2.21, 2.86, 3.94, 1.20, 3.72, 1.94, 1.40, 1.30, 3.25, 2.55, 3.41, 2.05, 3.18, 3.14, 3.35, 3.69, 1.21, 3.02, 3.24, 1.26],
  xi_191 = [1.09, 1.18, 2.68, 2.26, 2.15, 1.02, 2.81, 3.00, 1.08, 2.99, 2.23, 3.50, 3.06, 1.33, 1.15, 1.65, 2.26, 3.49, 3.33, 1.73],
  xi_192 = [2.41, 1.49, 2.66, 3.05, 3.11, 3.57, 3.60, 1.22, 3.45, 2.75, 3.34, 3.35, 1.32, 3.80, 2.18, 3.90, 3.24, 1.12, 3.23, 1.24],
  xi_193 = [1.37, 3.14, 2.22, 2.14, 3.01, 3.30, 2.44, 2.33, 1.68, 1.07, 1.08, 2.75, 3.34, 1.11, 3.86, 2.73, 2.03, 3.72, 3.59, 1.47],
  xi_194 = [1.35, 3.99, 3.30, 2.03, 3.66, 3.37, 3.30, 2.08, 1.89, 2.40, 2.41, 2.40, 3.37, 2.97, 1.30, 2.82, 3.97, 3.10, 3.78, 2.40],
  xi_195 = [3.65, 3.72, 3.13, 2.46, 3.20, 3.56, 3.10, 3.08, 3.33, 3.95, 2.26, 1.03, 1.43, 3.59, 2.42, 3.31, 1.64, 3.42, 1.09, 2.30],
  xi_201 = [8.99, 9.54, 9.63, 9.22, 8.27, 8.24, 7.11, 7.07, 9.74, 7.87, 8.79, 7.03, 9.45, 9.54, 8.73, 7.81, 9.32, 7.05, 7.27, 7.18],
  xi_202 = [7.10, 8.96, 7.32, 7.70, 7.84, 7.67, 7.32, 8.34, 8.93, 9.75, 8.43, 7.32, 9.99, 9.22, 7.41, 7.05, 8.97, 8.71, 8.23, 7.17],
  xi_203 = [9.06, 8.04, 9.27, 8.56, 8.17, 8.11, 7.80, 8.53, 7.49, 9.98, 8.63, 7.15, 9.07, 9.50, 9.65, 7.45, 7.86, 7.64, 7.54, 7.61],
  xi_204 = [9.11, 9.08, 9.57, 9.12, 7.84, 8.90, 9.60, 8.96, 8.72, 8.94, 8.66, 8.16, 9.95, 7.99, 7.41, 8.40, 9.16, 8.30, 7.31, 9.38],
  xi_205 = [8.33, 9.74, 7.57, 8.25, 7.60, 9.18, 9.41, 8.18, 9.09, 8.26, 9.83, 9.06, 9.38, 9.67, 7.13, 7.79, 9.19, 7.89, 7.32, 8.24],
  xi_211 = [5.54, 5.52, 5.37, 5.52, 6.74, 5.99, 4.38, 6.42, 6.00, 6.91, 5.78, 5.69, 4.63, 4.97, 6.16, 6.90, 5.97, 6.38, 4.17, 6.11],
  xi_212 = [6.32, 6.37, 6.48, 6.80, 6.43, 4.22, 5.76, 5.92, 5.02, 4.46, 6.02, 6.02, 4.50, 6.32, 5.37, 6.71, 5.70, 6.47, 4.66, 4.66],
  xi_213 = [5.57, 6.77, 4.93, 4.11, 6.29, 6.79, 6.31, 6.09, 6.14, 5.30, 5.72, 4.74, 6.70, 5.28, 6.16, 5.73, 5.01, 4.90, 5.81, 6.42],
  xi_214 = [5.54, 6.77, 5.77, 5.16, 4.18, 5.00, 5.50, 5.94, 6.37, 4.48, 5.44, 4.46, 4.39, 5.10, 6.47, 6.50, 6.79, 4.02, 6.89, 4.36],
  xi_215 = [4.02, 5.56, 4.60, 5.27, 4.88, 4.22, 6.75, 4.11, 6.49, 4.28, 6.58, 4.12, 4.81, 5.71, 6.65, 4.12, 4.72, 5.16, 6.46, 5.99],
  xi_221 = [1.73, 2.19, 2.89, 1.63, 3.32, 1.46, 1.46, 1.49, 3.04, 3.49, 2.88, 2.74, 1.37, 3.02, 3.70, 1.09, 3.50, 2.01, 1.97, 3.67],
  xi_222 = [3.07, 1.08, 1.12, 2.62, 2.82, 3.86, 1.04, 1.92, 1.87, 1.99, 2.90, 2.53, 3.82, 2.26, 1.51, 2.45, 3.58, 3.17, 1.67, 1.59],
  xi_223 = [3.10, 3.16, 3.71, 4.00, 1.25, 1.24, 3.65, 1.92, 3.97, 3.20, 2.63, 1.14, 3.14, 3.51, 1.98, 2.50, 1.19, 1.04, 3.80, 3.97],
  xi_224 = [1.88, 1.69, 2.23, 2.91, 2.59, 3.56, 3.92, 1.08, 4.00, 2.95, 1.34, 3.44, 2.03, 3.81, 2.22, 1.70, 1.68, 1.12, 1.99, 2.77],
  xi_225 = [3.97, 3.42, 2.09, 1.75, 1.10, 2.66, 3.57, 2.28, 2.68, 3.32, 1.48, 1.86, 1.83, 2.78, 3.78, 2.54, 3.39, 2.26, 3.06, 2.58],
  xi_231 = [8.83, 8.14, 8.36, 9.97, 7.02, 9.52, 9.33, 8.66, 8.86, 7.94, 7.50, 7.30, 7.32, 8.71, 9.18, 8.77, 7.36, 8.60, 8.01, 7.68],
  xi_232 = [9.48, 9.45, 8.41, 9.54, 7.46, 9.47, 7.98, 7.81, 8.77, 9.50, 8.42, 8.93, 8.10, 8.17, 9.13, 9.55, 8.69, 9.61, 7.86, 8.90],
  xi_233 = [8.31, 8.89, 8.38, 9.34, 9.95, 7.49, 7.74, 7.37, 7.48, 8.67, 8.78, 8.48, 8.02, 9.94, 7.06, 9.27, 8.38, 9.59, 8.61, 7.51],
  xi_234 = [7.89, 8.24, 7.49, 8.59, 9.24, 9.16, 7.17, 8.71, 9.50, 9.89, 8.02, 9.27, 7.63, 7.23, 9.95, 7.06, 8.74, 8.87, 8.29, 7.86],
  xi_235 = [8.95, 9.05, 9.75, 7.94, 7.26, 7.70, 9.79, 9.90, 7.39, 9.57, 8.06, 7.49, 9.50, 8.63, 8.94, 9.62, 9.51, 8.62, 7.29, 9.23],
  xi_241 = [2.14, 2.03, 1.37, 2.37, 1.71, 3.73, 3.02, 2.94, 1.57, 3.77, 3.28, 2.49, 1.22, 3.46, 3.01, 1.73, 3.37, 2.71, 1.95, 2.04],
  xi_242 = [3.01, 3.27, 3.62, 3.81, 2.17, 1.76, 2.38, 2.09, 2.25, 3.45, 2.80, 2.68, 3.47, 1.68, 2.75, 3.74, 3.44, 1.69, 1.09, 2.16],
  xi_243 = [3.27, 2.14, 1.45, 1.98, 2.35, 2.84, 1.28, 3.97, 3.11, 2.36, 3.14, 2.02, 3.64, 1.90, 1.91, 3.12, 2.76, 2.82, 3.68, 3.52],
  xi_244 = [1.69, 3.49, 2.15, 1.36, 3.79, 2.77, 2.75, 3.29, 3.53, 2.65, 1.01, 1.48, 1.83, 3.42, 1.43, 3.95, 1.43, 3.21, 2.12, 3.90],
  xi_245 = [2.04, 1.25, 1.45, 3.00, 3.91, 1.36, 3.77, 3.91, 1.11, 3.44, 3.67, 3.65, 1.79, 2.94, 1.39, 2.68, 2.47, 1.94, 3.10, 1.01],
  xi_251 = [7.07, 9.53, 9.61, 7.32, 7.41, 9.19, 7.64, 8.12, 9.75, 8.88, 7.55, 7.18, 9.18, 7.77, 9.15, 7.17, 8.76, 8.36, 7.42, 8.24],
  xi_252 = [7.45, 9.91, 8.29, 8.38, 8.01, 7.05, 8.55, 9.23, 8.37, 8.56, 9.30, 9.95, 7.39, 8.09, 8.28, 8.76, 9.17, 7.11, 8.76, 7.64],
  xi_253 = [7.97, 9.56, 9.16, 8.62, 9.63, 8.46, 9.08, 7.24, 8.30, 8.42, 8.07, 9.03, 9.61, 7.87, 7.01, 9.30, 9.94, 7.54, 9.62, 9.78],
  xi_254 = [7.35, 8.59, 9.27, 8.60, 9.00, 8.28, 9.42, 9.99, 7.59, 7.71, 9.33, 9.09, 7.27, 7.31, 8.70, 7.34, 8.57, 9.17, 9.47, 8.34],
  xi_255 = [8.30, 8.09, 9.98, 9.52, 8.19, 7.70, 8.79, 8.64, 7.99, 8.73, 8.20, 8.62, 7.66, 8.79, 9.23, 9.15, 8.59, 9.66, 9.84, 7.95],
  xi_261 = [9.15, 9.52, 7.65, 9.72, 9.24, 7.83, 8.06, 7.39, 7.99, 8.59, 9.11, 7.37, 8.26, 9.24, 7.50, 7.20, 7.72, 8.17, 10.00, 7.84],
  xi_262 = [8.68, 8.42, 9.38, 7.36, 8.53, 7.44, 7.35, 9.08, 9.12, 9.95, 7.66, 7.52, 9.76, 7.27, 7.26, 8.31, 8.89, 8.01, 8.69, 7.78],
  xi_263 = [7.31, 9.70, 9.11, 7.84, 8.27, 9.00, 8.37, 7.54, 9.69, 9.68, 8.07, 7.66, 8.17, 7.82, 7.42, 9.11, 9.98, 7.76, 9.97, 9.74],
  xi_264 = [9.35, 9.72, 7.11, 7.03, 9.38, 7.47, 9.48, 8.15, 7.96, 8.30, 9.94, 9.66, 7.38, 9.76, 9.21, 7.24, 8.78, 9.45, 9.11, 7.43],
  xi_265 = [7.48, 7.87, 7.55, 7.05, 9.88, 9.90, 9.32, 9.69, 9.63, 7.21, 8.34, 8.87, 8.50, 9.91, 7.46, 8.46, 8.72, 9.79, 8.32, 7.61],
  xi_271 = [1.53, 2.99, 2.23, 2.57, 3.95, 2.19, 3.32, 3.03, 3.47, 3.09, 2.41, 3.40, 3.91, 1.28, 1.02, 2.04, 2.00, 1.16, 2.77, 2.42],
  xi_272 = [1.38, 1.43, 1.24, 1.35, 2.68, 1.91, 3.12, 3.80, 2.23, 1.95, 3.91, 2.97, 3.39, 3.51, 1.41, 1.11, 1.67, 1.61, 2.02, 3.44],
  xi_273 = [1.27, 2.28, 1.34, 1.64, 3.89, 3.94, 2.21, 3.49, 3.60, 3.25, 1.59, 1.47, 2.37, 2.07, 1.39, 3.85, 3.26, 2.41, 2.18, 3.28],
  xi_274 = [3.30, 2.72, 1.56, 1.10, 3.04, 1.59, 2.94, 2.98, 2.54, 3.94, 2.34, 2.91, 3.68, 2.83, 3.76, 2.34, 2.62, 1.21, 1.03, 2.25],
  xi_275 = [2.83, 2.14, 2.88, 1.69, 3.18, 2.32, 3.07, 3.52, 2.64, 1.56, 3.06, 2.11, 2.89, 1.40, 2.42, 1.05, 3.12, 3.57, 1.41, 3.49],
  xi_281 = [5.21, 6.88, 6.46, 4.89, 5.85, 4.83, 5.83, 4.90, 6.75, 5.06, 5.96, 4.40, 4.99, 6.98, 5.00, 5.18, 4.83, 4.29, 5.39, 4.55],
  xi_282 = [4.85, 5.87, 5.33, 4.32, 6.71, 4.16, 6.50, 5.33, 4.40, 6.93, 6.96, 6.17, 5.15, 4.17, 5.63, 4.97, 6.75, 5.33, 6.78, 5.50],
  xi_283 = [5.46, 5.77, 4.32, 4.01, 5.61, 6.34, 5.14, 6.81, 4.35, 6.92, 5.14, 6.42, 4.17, 5.69, 6.79, 5.15, 5.49, 5.39, 6.73, 4.05],
  xi_284 = [4.61, 5.21, 6.72, 6.29, 4.02, 5.90, 5.17, 6.95, 5.85, 5.11, 4.48, 5.42, 6.09, 5.41, 5.82, 6.82, 5.35, 5.16, 5.04, 6.36],
  xi_285 = [6.93, 6.34, 4.89, 6.61, 5.19, 5.57, 6.17, 6.92, 6.30, 5.03, 5.64, 6.37, 6.67, 4.87, 6.44, 5.52, 6.66, 4.82, 6.93, 6.15],
  xi_291 = [3.18, 2.14, 1.83, 1.44, 1.24, 1.47, 1.29, 3.31, 1.38, 3.58, 3.79, 1.35, 1.14, 1.60, 2.98, 2.62, 3.35, 2.19, 1.07, 3.19],
  xi_292 = [2.35, 1.79, 1.01, 1.59, 3.43, 3.55, 2.60, 3.02, 2.87, 3.56, 3.55, 3.43, 1.34, 3.80, 2.94, 3.09, 2.04, 1.93, 2.63, 1.11],
  xi_293 = [2.95, 1.16, 1.00, 1.60, 2.50, 1.25, 3.78, 2.84, 3.63, 3.04, 3.50, 2.33, 2.45, 2.30, 1.93, 1.98, 1.74, 2.94, 2.93, 3.68],
  xi_294 = [1.33, 3.64, 1.07, 2.21, 2.15, 3.91, 3.59, 3.42, 2.37, 3.01, 3.22, 3.80, 2.40, 3.59, 1.71, 2.74, 1.90, 3.15, 3.17, 3.38],
  xi_295 = [2.15, 2.15, 2.53, 1.62, 2.88, 2.96, 2.68, 1.87, 3.60, 1.92, 1.10, 1.45, 1.55, 2.82, 1.23, 1.36, 2.81, 1.45, 3.77, 2.78],
  xi_301 = [8.07, 7.85, 8.86, 9.38, 7.38, 8.33, 8.82, 8.05, 7.79, 9.59, 7.77, 9.40, 9.23, 9.48, 9.29, 9.01, 7.55, 7.15, 9.12, 9.82],
  xi_302 = [9.52, 7.13, 7.33, 9.36, 7.62, 8.36, 8.58, 8.78, 8.30, 8.58, 7.78, 9.96, 7.49, 9.56, 8.22, 8.99, 7.29, 7.55, 7.30, 8.10],
  xi_303 = [8.64, 8.37, 9.83, 8.76, 9.93, 9.85, 7.67, 7.00, 9.87, 8.48, 9.95, 9.44, 9.77, 9.86, 9.51, 7.93, 7.82, 8.97, 9.95, 8.83],
  xi_304 = [9.76, 9.19, 9.65, 7.11, 8.99, 9.72, 8.76, 9.79, 8.38, 8.02, 9.22, 7.29, 9.28, 9.92, 8.20, 7.37, 8.37, 9.52, 9.29, 7.82],
  xi_305 = [9.87, 7.85, 7.90, 7.31, 7.83, 9.42, 8.32, 8.91, 8.50, 9.94, 7.71, 9.74, 7.44, 9.61, 7.01, 8.69, 7.06, 7.74, 8.83, 9.92],
]

Transportation Costs (cjk) = [
  [7.85, 4.28, 6.16, 6.18, 1.00],
  [9.08, 2.30, 8.91, 6.54, 7.44],
  [7.46, 6.04, 7.85, 7.07, 5.43],
  [6.87, 5.48, 2.41, 5.05, 3.28],
  [5.46, 9.90, 6.20, 2.07, 2.41],
  [8.74, 3.62, 0.96, 3.28, 7.73],
  [7.59, 4.00, 4.05, 7.97, 2.14],
  [8.48, 3.07, 1.01, 5.92, 3.67],
  [2.73, 4.34, 7.45, 1.81, 3.63],
  [1.14, 8.03, 7.50, 2.31, 1.90],
  [4.12, 6.41, 5.28, 8.56, 1.80],
  [3.39, 5.72, 6.85, 8.87, 7.79],
  [4.06, 5.13, 9.03, 5.64, 8.98],
  [1.17, 1.09, 5.23, 7.21, 3.17],
  [9.05, 5.38, 4.43, 2.08, 1.12],
  [7.17, 3.02, 9.39, 1.08, 8.80],
  [7.49, 7.82, 4.01, 4.14, 8.31],
  [2.78, 1.06, 5.94, 6.02, 2.74],
  [3.41, 1.88, 6.05, 2.66, 7.52],
  [10.12, 8.10, 0.99, 3.47, 4.93],
  [5.23, 5.78, 5.19, 3.06, 3.55],
  [2.04, 4.47, 9.14, 2.68, 10.96],
  [8.79, 4.82, 7.75, 3.65, 7.24],
  [2.24, 3.27, 3.14, 1.83, 8.89],
  [6.61, 0.97, 7.35, 5.56, 1.00],
  [5.19, 9.43, 0.83, 7.17, 3.42],
  [5.15, 8.12, 7.35, 6.53, 5.15],
  [2.95, 2.41, 2.28, 9.06, 2.26],
  [3.72, 7.16, 0.99, 2.29, 4.77],
  [1.00, 3.88, 7.99, 5.50, 2.31],
]

Mean Service Times (¦Ì_{jk}) = [
  mu_11 = [2.71],
  mu_12 = [2.48],
  mu_13 = [2.49],
  mu_14 = [2.28],
  mu_15 = [2.67],
  mu_21 = [5.56],
  mu_22 = [5.64],
  mu_23 = [5.79],
  mu_24 = [5.57],
  mu_25 = [5.72],
  mu_31 = [8.34],
  mu_32 = [8.21],
  mu_33 = [8.43],
  mu_34 = [8.63],
  mu_35 = [8.80],
  mu_41 = [2.58],
  mu_42 = [2.67],
  mu_43 = [2.86],
  mu_44 = [2.40],
  mu_45 = [2.22],
  mu_51 = [8.63],
  mu_52 = [8.38],
  mu_53 = [8.51],
  mu_54 = [8.33],
  mu_55 = [8.53],
  mu_61 = [8.35],
  mu_62 = [8.55],
  mu_63 = [8.22],
  mu_64 = [8.49],
  mu_65 = [8.65],
  mu_71 = [5.08],
  mu_72 = [5.32],
  mu_73 = [5.59],
  mu_74 = [5.39],
  mu_75 = [5.31],
  mu_81 = [5.67],
  mu_82 = [5.81],
  mu_83 = [5.29],
  mu_84 = [5.25],
  mu_85 = [5.80],
  mu_91 = [8.20],
  mu_92 = [8.52],
  mu_93 = [8.61],
  mu_94 = [8.41],
  mu_95 = [8.42],
  mu_101 = [2.35],
  mu_102 = [2.61],
  mu_103 = [2.37],
  mu_104 = [2.76],
  mu_105 = [2.20],
  mu_111 = [2.62],
  mu_112 = [2.57],
  mu_113 = [2.50],
  mu_114 = [2.50],
  mu_115 = [2.62],
  mu_121 = [5.86],
  mu_122 = [5.34],
  mu_123 = [5.97],
  mu_124 = [5.45],
  mu_125 = [5.41],
  mu_131 = [8.48],
  mu_132 = [8.47],
  mu_133 = [8.69],
  mu_134 = [8.35],
  mu_135 = [8.53],
  mu_141 = [5.71],
  mu_142 = [5.52],
  mu_143 = [5.45],
  mu_144 = [5.28],
  mu_145 = [5.37],
  mu_151 = [8.67],
  mu_152 = [8.23],
  mu_153 = [8.39],
  mu_154 = [8.46],
  mu_155 = [8.17],
  mu_161 = [8.35],
  mu_162 = [8.31],
  mu_163 = [8.17],
  mu_164 = [8.64],
  mu_165 = [8.37],
  mu_171 = [5.49],
  mu_172 = [5.44],
  mu_173 = [5.61],
  mu_174 = [5.94],
  mu_175 = [5.51],
  mu_181 = [2.37],
  mu_182 = [2.29],
  mu_183 = [2.58],
  mu_184 = [2.70],
  mu_185 = [2.60],
  mu_191 = [2.20],
  mu_192 = [2.70],
  mu_193 = [2.42],
  mu_194 = [2.79],
  mu_195 = [2.78],
  mu_201 = [8.39],
  mu_202 = [8.17],
  mu_203 = [8.35],
  mu_204 = [8.73],
  mu_205 = [8.55],
  mu_211 = [5.76],
  mu_212 = [5.71],
  mu_213 = [5.74],
  mu_214 = [5.46],
  mu_215 = [5.22],
  mu_221 = [2.43],
  mu_222 = [2.34],
  mu_223 = [2.71],
  mu_224 = [2.44],
  mu_225 = [2.62],
  mu_231 = [8.35],
  mu_232 = [8.76],
  mu_233 = [8.46],
  mu_234 = [8.44],
  mu_235 = [8.71],
  mu_241 = [2.49],
  mu_242 = [2.67],
  mu_243 = [2.66],
  mu_244 = [2.56],
  mu_245 = [2.49],
  mu_251 = [8.27],
  mu_252 = [8.41],
  mu_253 = [8.71],
  mu_254 = [8.52],
  mu_255 = [8.68],
  mu_261 = [8.38],
  mu_262 = [8.32],
  mu_263 = [8.61],
  mu_264 = [8.60],
  mu_265 = [8.58],
  mu_271 = [2.54],
  mu_272 = [2.31],
  mu_273 = [2.54],
  mu_274 = [2.53],
  mu_275 = [2.52],
  mu_281 = [5.41],
  mu_282 = [5.59],
  mu_283 = [5.49],
  mu_284 = [5.59],
  mu_285 = [6.00],
  mu_291 = [2.21],
  mu_292 = [2.58],
  mu_293 = [2.48],
  mu_294 = [2.79],
  mu_295 = [2.23],
  mu_301 = [8.60],
  mu_302 = [8.29],
  mu_303 = [9.02],
  mu_304 = [8.78],
  mu_305 = [8.48],
]

Mean Transportation Times (¦Ó_{jk}) = [
  tau_11 = [1.68],
  tau_12 = [1.89],
  tau_13 = [1.71],
  tau_14 = [1.72],
  tau_15 = [1.73],
  tau_21 = [1.72],
  tau_22 = [1.69],
  tau_23 = [1.59],
  tau_24 = [1.77],
  tau_25 = [1.76],
  tau_31 = [4.37],
  tau_32 = [4.52],
  tau_33 = [4.23],
  tau_34 = [4.28],
  tau_35 = [4.29],
  tau_41 = [1.85],
  tau_42 = [1.76],
  tau_43 = [1.76],
  tau_44 = [1.63],
  tau_45 = [1.74],
  tau_51 = [1.64],
  tau_52 = [1.60],
  tau_53 = [1.74],
  tau_54 = [1.89],
  tau_55 = [1.57],
  tau_61 = [1.63],
  tau_62 = [1.78],
  tau_63 = [1.70],
  tau_64 = [1.62],
  tau_65 = [1.67],
  tau_71 = [2.99],
  tau_72 = [3.00],
  tau_73 = [2.98],
  tau_74 = [3.08],
  tau_75 = [3.07],
  tau_81 = [2.97],
  tau_82 = [3.12],
  tau_83 = [2.93],
  tau_84 = [3.04],
  tau_85 = [3.22],
  tau_91 = [1.92],
  tau_92 = [1.66],
  tau_93 = [1.57],
  tau_94 = [1.76],
  tau_95 = [1.68],
  tau_101 = [3.01],
  tau_102 = [3.06],
  tau_103 = [2.95],
  tau_104 = [2.91],
  tau_105 = [3.03],
  tau_111 = [4.12],
  tau_112 = [4.37],
  tau_113 = [4.29],
  tau_114 = [4.43],
  tau_115 = [4.35],
  tau_121 = [4.26],
  tau_122 = [4.33],
  tau_123 = [4.43],
  tau_124 = [4.22],
  tau_125 = [4.48],
  tau_131 = [4.31],
  tau_132 = [4.11],
  tau_133 = [4.26],
  tau_134 = [4.26],
  tau_135 = [4.39],
  tau_141 = [1.66],
  tau_142 = [1.55],
  tau_143 = [1.78],
  tau_144 = [1.64],
  tau_145 = [1.65],
  tau_151 = [1.67],
  tau_152 = [1.62],
  tau_153 = [1.77],
  tau_154 = [1.49],
  tau_155 = [1.70],
  tau_161 = [1.72],
  tau_162 = [1.56],
  tau_163 = [1.62],
  tau_164 = [1.74],
  tau_165 = [1.64],
  tau_171 = [2.87],
  tau_172 = [3.01],
  tau_173 = [3.08],
  tau_174 = [3.04],
  tau_175 = [2.91],
  tau_181 = [3.00],
  tau_182 = [3.03],
  tau_183 = [3.11],
  tau_184 = [2.93],
  tau_185 = [3.05],
  tau_191 = [4.38],
  tau_192 = [4.38],
  tau_193 = [4.53],
  tau_194 = [4.29],
  tau_195 = [4.52],
  tau_201 = [2.89],
  tau_202 = [2.95],
  tau_203 = [2.96],
  tau_204 = [3.08],
  tau_205 = [3.04],
  tau_211 = [4.34],
  tau_212 = [4.28],
  tau_213 = [4.35],
  tau_214 = [4.43],
  tau_215 = [4.34],
  tau_221 = [1.69],
  tau_222 = [1.65],
  tau_223 = [1.60],
  tau_224 = [1.60],
  tau_225 = [1.53],
  tau_231 = [1.78],
  tau_232 = [1.60],
  tau_233 = [1.68],
  tau_234 = [1.65],
  tau_235 = [1.62],
  tau_241 = [1.61],
  tau_242 = [1.51],
  tau_243 = [1.75],
  tau_244 = [1.86],
  tau_245 = [1.82],
  tau_251 = [4.40],
  tau_252 = [4.43],
  tau_253 = [4.45],
  tau_254 = [4.37],
  tau_255 = [4.37],
  tau_261 = [4.44],
  tau_262 = [4.41],
  tau_263 = [4.26],
  tau_264 = [4.30],
  tau_265 = [4.51],
  tau_271 = [3.12],
  tau_272 = [3.04],
  tau_273 = [3.06],
  tau_274 = [2.99],
  tau_275 = [3.00],
  tau_281 = [1.58],
  tau_282 = [1.73],
  tau_283 = [1.69],
  tau_284 = [1.84],
  tau_285 = [1.67],
  tau_291 = [1.76],
  tau_292 = [1.65],
  tau_293 = [1.83],
  tau_294 = [1.64],
  tau_295 = [1.65],
  tau_301 = [2.92],
  tau_302 = [2.89],
  tau_303 = [2.89],
  tau_304 = [3.11],
  tau_305 = [2.86],
]

Epsilon + ¦Ì_{jk} = [
  epsilon_plus_mu_11 = [4.07],
  epsilon_plus_mu_12 = [3.72],
  epsilon_plus_mu_13 = [3.73],
  epsilon_plus_mu_14 = [3.41],
  epsilon_plus_mu_15 = [4.00],
  epsilon_plus_mu_21 = [8.34],
  epsilon_plus_mu_22 = [8.46],
  epsilon_plus_mu_23 = [8.68],
  epsilon_plus_mu_24 = [8.35],
  epsilon_plus_mu_25 = [8.58],
  epsilon_plus_mu_31 = [12.51],
  epsilon_plus_mu_32 = [12.32],
  epsilon_plus_mu_33 = [12.64],
  epsilon_plus_mu_34 = [12.94],
  epsilon_plus_mu_35 = [13.20],
  epsilon_plus_mu_41 = [3.86],
  epsilon_plus_mu_42 = [4.01],
  epsilon_plus_mu_43 = [4.29],
  epsilon_plus_mu_44 = [3.60],
  epsilon_plus_mu_45 = [3.33],
  epsilon_plus_mu_51 = [12.95],
  epsilon_plus_mu_52 = [12.56],
  epsilon_plus_mu_53 = [12.77],
  epsilon_plus_mu_54 = [12.50],
  epsilon_plus_mu_55 = [12.80],
  epsilon_plus_mu_61 = [12.53],
  epsilon_plus_mu_62 = [12.83],
  epsilon_plus_mu_63 = [12.33],
  epsilon_plus_mu_64 = [12.74],
  epsilon_plus_mu_65 = [12.97],
  epsilon_plus_mu_71 = [7.62],
  epsilon_plus_mu_72 = [7.98],
  epsilon_plus_mu_73 = [8.38],
  epsilon_plus_mu_74 = [8.09],
  epsilon_plus_mu_75 = [7.96],
  epsilon_plus_mu_81 = [8.50],
  epsilon_plus_mu_82 = [8.71],
  epsilon_plus_mu_83 = [7.93],
  epsilon_plus_mu_84 = [7.88],
  epsilon_plus_mu_85 = [8.70],
  epsilon_plus_mu_91 = [12.29],
  epsilon_plus_mu_92 = [12.77],
  epsilon_plus_mu_93 = [12.91],
  epsilon_plus_mu_94 = [12.62],
  epsilon_plus_mu_95 = [12.63],
  epsilon_plus_mu_101 = [3.52],
  epsilon_plus_mu_102 = [3.92],
  epsilon_plus_mu_103 = [3.56],
  epsilon_plus_mu_104 = [4.14],
  epsilon_plus_mu_105 = [3.30],
  epsilon_plus_mu_111 = [3.94],
  epsilon_plus_mu_112 = [3.86],
  epsilon_plus_mu_113 = [3.75],
  epsilon_plus_mu_114 = [3.75],
  epsilon_plus_mu_115 = [3.93],
  epsilon_plus_mu_121 = [8.80],
  epsilon_plus_mu_122 = [8.02],
  epsilon_plus_mu_123 = [8.95],
  epsilon_plus_mu_124 = [8.18],
  epsilon_plus_mu_125 = [8.12],
  epsilon_plus_mu_131 = [12.73],
  epsilon_plus_mu_132 = [12.71],
  epsilon_plus_mu_133 = [13.03],
  epsilon_plus_mu_134 = [12.52],
  epsilon_plus_mu_135 = [12.80],
  epsilon_plus_mu_141 = [8.56],
  epsilon_plus_mu_142 = [8.28],
  epsilon_plus_mu_143 = [8.17],
  epsilon_plus_mu_144 = [7.91],
  epsilon_plus_mu_145 = [8.05],
  epsilon_plus_mu_151 = [13.00],
  epsilon_plus_mu_152 = [12.35],
  epsilon_plus_mu_153 = [12.59],
  epsilon_plus_mu_154 = [12.69],
  epsilon_plus_mu_155 = [12.26],
  epsilon_plus_mu_161 = [12.52],
  epsilon_plus_mu_162 = [12.47],
  epsilon_plus_mu_163 = [12.26],
  epsilon_plus_mu_164 = [12.95],
  epsilon_plus_mu_165 = [12.55],
  epsilon_plus_mu_171 = [8.24],
  epsilon_plus_mu_172 = [8.16],
  epsilon_plus_mu_173 = [8.41],
  epsilon_plus_mu_174 = [8.91],
  epsilon_plus_mu_175 = [8.27],
  epsilon_plus_mu_181 = [3.56],
  epsilon_plus_mu_182 = [3.43],
  epsilon_plus_mu_183 = [3.86],
  epsilon_plus_mu_184 = [4.05],
  epsilon_plus_mu_185 = [3.89],
  epsilon_plus_mu_191 = [3.30],
  epsilon_plus_mu_192 = [4.05],
  epsilon_plus_mu_193 = [3.63],
  epsilon_plus_mu_194 = [4.19],
  epsilon_plus_mu_195 = [4.17],
  epsilon_plus_mu_201 = [12.59],
  epsilon_plus_mu_202 = [12.26],
  epsilon_plus_mu_203 = [12.53],
  epsilon_plus_mu_204 = [13.09],
  epsilon_plus_mu_205 = [12.83],
  epsilon_plus_mu_211 = [8.63],
  epsilon_plus_mu_212 = [8.57],
  epsilon_plus_mu_213 = [8.61],
  epsilon_plus_mu_214 = [8.19],
  epsilon_plus_mu_215 = [7.84],
  epsilon_plus_mu_221 = [3.65],
  epsilon_plus_mu_222 = [3.52],
  epsilon_plus_mu_223 = [4.06],
  epsilon_plus_mu_224 = [3.67],
  epsilon_plus_mu_225 = [3.93],
  epsilon_plus_mu_231 = [12.53],
  epsilon_plus_mu_232 = [13.14],
  epsilon_plus_mu_233 = [12.69],
  epsilon_plus_mu_234 = [12.66],
  epsilon_plus_mu_235 = [13.06],
  epsilon_plus_mu_241 = [3.74],
  epsilon_plus_mu_242 = [4.00],
  epsilon_plus_mu_243 = [3.99],
  epsilon_plus_mu_244 = [3.84],
  epsilon_plus_mu_245 = [3.74],
  epsilon_plus_mu_251 = [12.40],
  epsilon_plus_mu_252 = [12.62],
  epsilon_plus_mu_253 = [13.06],
  epsilon_plus_mu_254 = [12.78],
  epsilon_plus_mu_255 = [13.02],
  epsilon_plus_mu_261 = [12.57],
  epsilon_plus_mu_262 = [12.48],
  epsilon_plus_mu_263 = [12.92],
  epsilon_plus_mu_264 = [12.89],
  epsilon_plus_mu_265 = [12.87],
  epsilon_plus_mu_271 = [3.81],
  epsilon_plus_mu_272 = [3.46],
  epsilon_plus_mu_273 = [3.81],
  epsilon_plus_mu_274 = [3.80],
  epsilon_plus_mu_275 = [3.78],
  epsilon_plus_mu_281 = [8.11],
  epsilon_plus_mu_282 = [8.39],
  epsilon_plus_mu_283 = [8.23],
  epsilon_plus_mu_284 = [8.38],
  epsilon_plus_mu_285 = [9.00],
  epsilon_plus_mu_291 = [3.31],
  epsilon_plus_mu_292 = [3.87],
  epsilon_plus_mu_293 = [3.72],
  epsilon_plus_mu_294 = [4.18],
  epsilon_plus_mu_295 = [3.35],
  epsilon_plus_mu_301 = [12.90],
  epsilon_plus_mu_302 = [12.43],
  epsilon_plus_mu_303 = [13.53],
  epsilon_plus_mu_304 = [13.17],
  epsilon_plus_mu_305 = [12.72],
]

Epsilon - ¦Ì_{jk} = [
  epsilon_minus_mu_11 = [-1.36],
  epsilon_minus_mu_12 = [-1.24],
  epsilon_minus_mu_13 = [-1.24],
  epsilon_minus_mu_14 = [-1.14],
  epsilon_minus_mu_15 = [-1.33],
  epsilon_minus_mu_21 = [-2.78],
  epsilon_minus_mu_22 = [-2.82],
  epsilon_minus_mu_23 = [-2.89],
  epsilon_minus_mu_24 = [-2.78],
  epsilon_minus_mu_25 = [-2.86],
  epsilon_minus_mu_31 = [-4.17],
  epsilon_minus_mu_32 = [-4.11],
  epsilon_minus_mu_33 = [-4.21],
  epsilon_minus_mu_34 = [-4.31],
  epsilon_minus_mu_35 = [-4.40],
  epsilon_minus_mu_41 = [-1.29],
  epsilon_minus_mu_42 = [-1.34],
  epsilon_minus_mu_43 = [-1.43],
  epsilon_minus_mu_44 = [-1.20],
  epsilon_minus_mu_45 = [-1.11],
  epsilon_minus_mu_51 = [-4.32],
  epsilon_minus_mu_52 = [-4.19],
  epsilon_minus_mu_53 = [-4.26],
  epsilon_minus_mu_54 = [-4.17],
  epsilon_minus_mu_55 = [-4.27],
  epsilon_minus_mu_61 = [-4.18],
  epsilon_minus_mu_62 = [-4.28],
  epsilon_minus_mu_63 = [-4.11],
  epsilon_minus_mu_64 = [-4.25],
  epsilon_minus_mu_65 = [-4.32],
  epsilon_minus_mu_71 = [-2.54],
  epsilon_minus_mu_72 = [-2.66],
  epsilon_minus_mu_73 = [-2.79],
  epsilon_minus_mu_74 = [-2.70],
  epsilon_minus_mu_75 = [-2.65],
  epsilon_minus_mu_81 = [-2.83],
  epsilon_minus_mu_82 = [-2.90],
  epsilon_minus_mu_83 = [-2.64],
  epsilon_minus_mu_84 = [-2.63],
  epsilon_minus_mu_85 = [-2.90],
  epsilon_minus_mu_91 = [-4.10],
  epsilon_minus_mu_92 = [-4.26],
  epsilon_minus_mu_93 = [-4.30],
  epsilon_minus_mu_94 = [-4.21],
  epsilon_minus_mu_95 = [-4.21],
  epsilon_minus_mu_101 = [-1.17],
  epsilon_minus_mu_102 = [-1.31],
  epsilon_minus_mu_103 = [-1.19],
  epsilon_minus_mu_104 = [-1.38],
  epsilon_minus_mu_105 = [-1.10],
  epsilon_minus_mu_111 = [-1.31],
  epsilon_minus_mu_112 = [-1.29],
  epsilon_minus_mu_113 = [-1.25],
  epsilon_minus_mu_114 = [-1.25],
  epsilon_minus_mu_115 = [-1.31],
  epsilon_minus_mu_121 = [-2.93],
  epsilon_minus_mu_122 = [-2.67],
  epsilon_minus_mu_123 = [-2.98],
  epsilon_minus_mu_124 = [-2.73],
  epsilon_minus_mu_125 = [-2.71],
  epsilon_minus_mu_131 = [-4.24],
  epsilon_minus_mu_132 = [-4.24],
  epsilon_minus_mu_133 = [-4.34],
  epsilon_minus_mu_134 = [-4.17],
  epsilon_minus_mu_135 = [-4.27],
  epsilon_minus_mu_141 = [-2.85],
  epsilon_minus_mu_142 = [-2.76],
  epsilon_minus_mu_143 = [-2.72],
  epsilon_minus_mu_144 = [-2.64],
  epsilon_minus_mu_145 = [-2.68],
  epsilon_minus_mu_151 = [-4.33],
  epsilon_minus_mu_152 = [-4.12],
  epsilon_minus_mu_153 = [-4.20],
  epsilon_minus_mu_154 = [-4.23],
  epsilon_minus_mu_155 = [-4.09],
  epsilon_minus_mu_161 = [-4.17],
  epsilon_minus_mu_162 = [-4.16],
  epsilon_minus_mu_163 = [-4.09],
  epsilon_minus_mu_164 = [-4.32],
  epsilon_minus_mu_165 = [-4.18],
  epsilon_minus_mu_171 = [-2.75],
  epsilon_minus_mu_172 = [-2.72],
  epsilon_minus_mu_173 = [-2.80],
  epsilon_minus_mu_174 = [-2.97],
  epsilon_minus_mu_175 = [-2.76],
  epsilon_minus_mu_181 = [-1.19],
  epsilon_minus_mu_182 = [-1.14],
  epsilon_minus_mu_183 = [-1.29],
  epsilon_minus_mu_184 = [-1.35],
  epsilon_minus_mu_185 = [-1.30],
  epsilon_minus_mu_191 = [-1.10],
  epsilon_minus_mu_192 = [-1.35],
  epsilon_minus_mu_193 = [-1.21],
  epsilon_minus_mu_194 = [-1.40],
  epsilon_minus_mu_195 = [-1.39],
  epsilon_minus_mu_201 = [-4.20],
  epsilon_minus_mu_202 = [-4.09],
  epsilon_minus_mu_203 = [-4.18],
  epsilon_minus_mu_204 = [-4.36],
  epsilon_minus_mu_205 = [-4.28],
  epsilon_minus_mu_211 = [-2.88],
  epsilon_minus_mu_212 = [-2.86],
  epsilon_minus_mu_213 = [-2.87],
  epsilon_minus_mu_214 = [-2.73],
  epsilon_minus_mu_215 = [-2.61],
  epsilon_minus_mu_221 = [-1.22],
  epsilon_minus_mu_222 = [-1.17],
  epsilon_minus_mu_223 = [-1.35],
  epsilon_minus_mu_224 = [-1.22],
  epsilon_minus_mu_225 = [-1.31],
  epsilon_minus_mu_231 = [-4.18],
  epsilon_minus_mu_232 = [-4.38],
  epsilon_minus_mu_233 = [-4.23],
  epsilon_minus_mu_234 = [-4.22],
  epsilon_minus_mu_235 = [-4.35],
  epsilon_minus_mu_241 = [-1.25],
  epsilon_minus_mu_242 = [-1.33],
  epsilon_minus_mu_243 = [-1.33],
  epsilon_minus_mu_244 = [-1.28],
  epsilon_minus_mu_245 = [-1.25],
  epsilon_minus_mu_251 = [-4.13],
  epsilon_minus_mu_252 = [-4.21],
  epsilon_minus_mu_253 = [-4.35],
  epsilon_minus_mu_254 = [-4.26],
  epsilon_minus_mu_255 = [-4.34],
  epsilon_minus_mu_261 = [-4.19],
  epsilon_minus_mu_262 = [-4.16],
  epsilon_minus_mu_263 = [-4.31],
  epsilon_minus_mu_264 = [-4.30],
  epsilon_minus_mu_265 = [-4.29],
  epsilon_minus_mu_271 = [-1.27],
  epsilon_minus_mu_272 = [-1.15],
  epsilon_minus_mu_273 = [-1.27],
  epsilon_minus_mu_274 = [-1.27],
  epsilon_minus_mu_275 = [-1.26],
  epsilon_minus_mu_281 = [-2.70],
  epsilon_minus_mu_282 = [-2.80],
  epsilon_minus_mu_283 = [-2.74],
  epsilon_minus_mu_284 = [-2.79],
  epsilon_minus_mu_285 = [-3.00],
  epsilon_minus_mu_291 = [-1.10],
  epsilon_minus_mu_292 = [-1.29],
  epsilon_minus_mu_293 = [-1.24],
  epsilon_minus_mu_294 = [-1.39],
  epsilon_minus_mu_295 = [-1.12],
  epsilon_minus_mu_301 = [-4.30],
  epsilon_minus_mu_302 = [-4.14],
  epsilon_minus_mu_303 = [-4.51],
  epsilon_minus_mu_304 = [-4.39],
  epsilon_minus_mu_305 = [-4.24],
]

Sigma + ¦Ó_{jk} = [
  sigma_plus_tau_11 = [2.51],
  sigma_plus_tau_12 = [2.84],
  sigma_plus_tau_13 = [2.56],
  sigma_plus_tau_14 = [2.58],
  sigma_plus_tau_15 = [2.59],
  sigma_plus_tau_21 = [2.58],
  sigma_plus_tau_22 = [2.54],
  sigma_plus_tau_23 = [2.39],
  sigma_plus_tau_24 = [2.65],
  sigma_plus_tau_25 = [2.65],
  sigma_plus_tau_31 = [6.55],
  sigma_plus_tau_32 = [6.78],
  sigma_plus_tau_33 = [6.34],
  sigma_plus_tau_34 = [6.41],
  sigma_plus_tau_35 = [6.43],
  sigma_plus_tau_41 = [2.78],
  sigma_plus_tau_42 = [2.65],
  sigma_plus_tau_43 = [2.65],
  sigma_plus_tau_44 = [2.44],
  sigma_plus_tau_45 = [2.61],
  sigma_plus_tau_51 = [2.46],
  sigma_plus_tau_52 = [2.40],
  sigma_plus_tau_53 = [2.62],
  sigma_plus_tau_54 = [2.84],
  sigma_plus_tau_55 = [2.36],
  sigma_plus_tau_61 = [2.44],
  sigma_plus_tau_62 = [2.67],
  sigma_plus_tau_63 = [2.54],
  sigma_plus_tau_64 = [2.44],
  sigma_plus_tau_65 = [2.50],
  sigma_plus_tau_71 = [4.48],
  sigma_plus_tau_72 = [4.50],
  sigma_plus_tau_73 = [4.47],
  sigma_plus_tau_74 = [4.62],
  sigma_plus_tau_75 = [4.60],
  sigma_plus_tau_81 = [4.45],
  sigma_plus_tau_82 = [4.68],
  sigma_plus_tau_83 = [4.40],
  sigma_plus_tau_84 = [4.56],
  sigma_plus_tau_85 = [4.83],
  sigma_plus_tau_91 = [2.88],
  sigma_plus_tau_92 = [2.49],
  sigma_plus_tau_93 = [2.35],
  sigma_plus_tau_94 = [2.64],
  sigma_plus_tau_95 = [2.51],
  sigma_plus_tau_101 = [4.52],
  sigma_plus_tau_102 = [4.59],
  sigma_plus_tau_103 = [4.42],
  sigma_plus_tau_104 = [4.37],
  sigma_plus_tau_105 = [4.55],
  sigma_plus_tau_111 = [6.18],
  sigma_plus_tau_112 = [6.55],
  sigma_plus_tau_113 = [6.44],
  sigma_plus_tau_114 = [6.64],
  sigma_plus_tau_115 = [6.52],
  sigma_plus_tau_121 = [6.39],
  sigma_plus_tau_122 = [6.49],
  sigma_plus_tau_123 = [6.65],
  sigma_plus_tau_124 = [6.33],
  sigma_plus_tau_125 = [6.72],
  sigma_plus_tau_131 = [6.47],
  sigma_plus_tau_132 = [6.17],
  sigma_plus_tau_133 = [6.39],
  sigma_plus_tau_134 = [6.39],
  sigma_plus_tau_135 = [6.59],
  sigma_plus_tau_141 = [2.49],
  sigma_plus_tau_142 = [2.32],
  sigma_plus_tau_143 = [2.67],
  sigma_plus_tau_144 = [2.45],
  sigma_plus_tau_145 = [2.48],
  sigma_plus_tau_151 = [2.51],
  sigma_plus_tau_152 = [2.44],
  sigma_plus_tau_153 = [2.65],
  sigma_plus_tau_154 = [2.24],
  sigma_plus_tau_155 = [2.55],
  sigma_plus_tau_161 = [2.58],
  sigma_plus_tau_162 = [2.34],
  sigma_plus_tau_163 = [2.43],
  sigma_plus_tau_164 = [2.60],
  sigma_plus_tau_165 = [2.47],
  sigma_plus_tau_171 = [4.31],
  sigma_plus_tau_172 = [4.51],
  sigma_plus_tau_173 = [4.62],
  sigma_plus_tau_174 = [4.56],
  sigma_plus_tau_175 = [4.37],
  sigma_plus_tau_181 = [4.50],
  sigma_plus_tau_182 = [4.54],
  sigma_plus_tau_183 = [4.66],
  sigma_plus_tau_184 = [4.39],
  sigma_plus_tau_185 = [4.58],
  sigma_plus_tau_191 = [6.56],
  sigma_plus_tau_192 = [6.58],
  sigma_plus_tau_193 = [6.79],
  sigma_plus_tau_194 = [6.44],
  sigma_plus_tau_195 = [6.79],
  sigma_plus_tau_201 = [4.34],
  sigma_plus_tau_202 = [4.43],
  sigma_plus_tau_203 = [4.44],
  sigma_plus_tau_204 = [4.62],
  sigma_plus_tau_205 = [4.55],
  sigma_plus_tau_211 = [6.51],
  sigma_plus_tau_212 = [6.42],
  sigma_plus_tau_213 = [6.53],
  sigma_plus_tau_214 = [6.64],
  sigma_plus_tau_215 = [6.51],
  sigma_plus_tau_221 = [2.53],
  sigma_plus_tau_222 = [2.48],
  sigma_plus_tau_223 = [2.41],
  sigma_plus_tau_224 = [2.40],
  sigma_plus_tau_225 = [2.29],
  sigma_plus_tau_231 = [2.66],
  sigma_plus_tau_232 = [2.39],
  sigma_plus_tau_233 = [2.51],
  sigma_plus_tau_234 = [2.48],
  sigma_plus_tau_235 = [2.43],
  sigma_plus_tau_241 = [2.42],
  sigma_plus_tau_242 = [2.26],
  sigma_plus_tau_243 = [2.63],
  sigma_plus_tau_244 = [2.79],
  sigma_plus_tau_245 = [2.74],
  sigma_plus_tau_251 = [6.59],
  sigma_plus_tau_252 = [6.64],
  sigma_plus_tau_253 = [6.68],
  sigma_plus_tau_254 = [6.56],
  sigma_plus_tau_255 = [6.56],
  sigma_plus_tau_261 = [6.65],
  sigma_plus_tau_262 = [6.61],
  sigma_plus_tau_263 = [6.39],
  sigma_plus_tau_264 = [6.45],
  sigma_plus_tau_265 = [6.77],
  sigma_plus_tau_271 = [4.68],
  sigma_plus_tau_272 = [4.56],
  sigma_plus_tau_273 = [4.59],
  sigma_plus_tau_274 = [4.48],
  sigma_plus_tau_275 = [4.50],
  sigma_plus_tau_281 = [2.36],
  sigma_plus_tau_282 = [2.59],
  sigma_plus_tau_283 = [2.53],
  sigma_plus_tau_284 = [2.76],
  sigma_plus_tau_285 = [2.50],
  sigma_plus_tau_291 = [2.65],
  sigma_plus_tau_292 = [2.47],
  sigma_plus_tau_293 = [2.74],
  sigma_plus_tau_294 = [2.46],
  sigma_plus_tau_295 = [2.47],
  sigma_plus_tau_301 = [4.38],
  sigma_plus_tau_302 = [4.34],
  sigma_plus_tau_303 = [4.34],
  sigma_plus_tau_304 = [4.67],
  sigma_plus_tau_305 = [4.28],
]

Sigma - ¦Ó_{jk} = [
  sigma_minus_tau_11 = [-0.84],
  sigma_minus_tau_12 = [-0.95],
  sigma_minus_tau_13 = [-0.85],
  sigma_minus_tau_14 = [-0.86],
  sigma_minus_tau_15 = [-0.86],
  sigma_minus_tau_21 = [-0.86],
  sigma_minus_tau_22 = [-0.85],
  sigma_minus_tau_23 = [-0.80],
  sigma_minus_tau_24 = [-0.88],
  sigma_minus_tau_25 = [-0.88],
  sigma_minus_tau_31 = [-2.18],
  sigma_minus_tau_32 = [-2.26],
  sigma_minus_tau_33 = [-2.11],
  sigma_minus_tau_34 = [-2.14],
  sigma_minus_tau_35 = [-2.14],
  sigma_minus_tau_41 = [-0.93],
  sigma_minus_tau_42 = [-0.88],
  sigma_minus_tau_43 = [-0.88],
  sigma_minus_tau_44 = [-0.81],
  sigma_minus_tau_45 = [-0.87],
  sigma_minus_tau_51 = [-0.82],
  sigma_minus_tau_52 = [-0.80],
  sigma_minus_tau_53 = [-0.87],
  sigma_minus_tau_54 = [-0.95],
  sigma_minus_tau_55 = [-0.79],
  sigma_minus_tau_61 = [-0.81],
  sigma_minus_tau_62 = [-0.89],
  sigma_minus_tau_63 = [-0.85],
  sigma_minus_tau_64 = [-0.81],
  sigma_minus_tau_65 = [-0.83],
  sigma_minus_tau_71 = [-1.49],
  sigma_minus_tau_72 = [-1.50],
  sigma_minus_tau_73 = [-1.49],
  sigma_minus_tau_74 = [-1.54],
  sigma_minus_tau_75 = [-1.53],
  sigma_minus_tau_81 = [-1.48],
  sigma_minus_tau_82 = [-1.56],
  sigma_minus_tau_83 = [-1.47],
  sigma_minus_tau_84 = [-1.52],
  sigma_minus_tau_85 = [-1.61],
  sigma_minus_tau_91 = [-0.96],
  sigma_minus_tau_92 = [-0.83],
  sigma_minus_tau_93 = [-0.78],
  sigma_minus_tau_94 = [-0.88],
  sigma_minus_tau_95 = [-0.84],
  sigma_minus_tau_101 = [-1.51],
  sigma_minus_tau_102 = [-1.53],
  sigma_minus_tau_103 = [-1.47],
  sigma_minus_tau_104 = [-1.46],
  sigma_minus_tau_105 = [-1.52],
  sigma_minus_tau_111 = [-2.06],
  sigma_minus_tau_112 = [-2.18],
  sigma_minus_tau_113 = [-2.15],
  sigma_minus_tau_114 = [-2.21],
  sigma_minus_tau_115 = [-2.17],
  sigma_minus_tau_121 = [-2.13],
  sigma_minus_tau_122 = [-2.16],
  sigma_minus_tau_123 = [-2.22],
  sigma_minus_tau_124 = [-2.11],
  sigma_minus_tau_125 = [-2.24],
  sigma_minus_tau_131 = [-2.16],
  sigma_minus_tau_132 = [-2.06],
  sigma_minus_tau_133 = [-2.13],
  sigma_minus_tau_134 = [-2.13],
  sigma_minus_tau_135 = [-2.20],
  sigma_minus_tau_141 = [-0.83],
  sigma_minus_tau_142 = [-0.77],
  sigma_minus_tau_143 = [-0.89],
  sigma_minus_tau_144 = [-0.82],
  sigma_minus_tau_145 = [-0.83],
  sigma_minus_tau_151 = [-0.84],
  sigma_minus_tau_152 = [-0.81],
  sigma_minus_tau_153 = [-0.88],
  sigma_minus_tau_154 = [-0.75],
  sigma_minus_tau_155 = [-0.85],
  sigma_minus_tau_161 = [-0.86],
  sigma_minus_tau_162 = [-0.78],
  sigma_minus_tau_163 = [-0.81],
  sigma_minus_tau_164 = [-0.87],
  sigma_minus_tau_165 = [-0.82],
  sigma_minus_tau_171 = [-1.44],
  sigma_minus_tau_172 = [-1.50],
  sigma_minus_tau_173 = [-1.54],
  sigma_minus_tau_174 = [-1.52],
  sigma_minus_tau_175 = [-1.46],
  sigma_minus_tau_181 = [-1.50],
  sigma_minus_tau_182 = [-1.51],
  sigma_minus_tau_183 = [-1.55],
  sigma_minus_tau_184 = [-1.46],
  sigma_minus_tau_185 = [-1.53],
  sigma_minus_tau_191 = [-2.19],
  sigma_minus_tau_192 = [-2.19],
  sigma_minus_tau_193 = [-2.26],
  sigma_minus_tau_194 = [-2.15],
  sigma_minus_tau_195 = [-2.26],
  sigma_minus_tau_201 = [-1.45],
  sigma_minus_tau_202 = [-1.48],
  sigma_minus_tau_203 = [-1.48],
  sigma_minus_tau_204 = [-1.54],
  sigma_minus_tau_205 = [-1.52],
  sigma_minus_tau_211 = [-2.17],
  sigma_minus_tau_212 = [-2.14],
  sigma_minus_tau_213 = [-2.18],
  sigma_minus_tau_214 = [-2.21],
  sigma_minus_tau_215 = [-2.17],
  sigma_minus_tau_221 = [-0.84],
  sigma_minus_tau_222 = [-0.83],
  sigma_minus_tau_223 = [-0.80],
  sigma_minus_tau_224 = [-0.80],
  sigma_minus_tau_225 = [-0.76],
  sigma_minus_tau_231 = [-0.89],
  sigma_minus_tau_232 = [-0.80],
  sigma_minus_tau_233 = [-0.84],
  sigma_minus_tau_234 = [-0.83],
  sigma_minus_tau_235 = [-0.81],
  sigma_minus_tau_241 = [-0.81],
  sigma_minus_tau_242 = [-0.75],
  sigma_minus_tau_243 = [-0.88],
  sigma_minus_tau_244 = [-0.93],
  sigma_minus_tau_245 = [-0.91],
  sigma_minus_tau_251 = [-2.20],
  sigma_minus_tau_252 = [-2.21],
  sigma_minus_tau_253 = [-2.23],
  sigma_minus_tau_254 = [-2.19],
  sigma_minus_tau_255 = [-2.19],
  sigma_minus_tau_261 = [-2.22],
  sigma_minus_tau_262 = [-2.20],
  sigma_minus_tau_263 = [-2.13],
  sigma_minus_tau_264 = [-2.15],
  sigma_minus_tau_265 = [-2.26],
  sigma_minus_tau_271 = [-1.56],
  sigma_minus_tau_272 = [-1.52],
  sigma_minus_tau_273 = [-1.53],
  sigma_minus_tau_274 = [-1.49],
  sigma_minus_tau_275 = [-1.50],
  sigma_minus_tau_281 = [-0.79],
  sigma_minus_tau_282 = [-0.86],
  sigma_minus_tau_283 = [-0.84],
  sigma_minus_tau_284 = [-0.92],
  sigma_minus_tau_285 = [-0.83],
  sigma_minus_tau_291 = [-0.88],
  sigma_minus_tau_292 = [-0.82],
  sigma_minus_tau_293 = [-0.91],
  sigma_minus_tau_294 = [-0.82],
  sigma_minus_tau_295 = [-0.82],
  sigma_minus_tau_301 = [-1.46],
  sigma_minus_tau_302 = [-1.45],
  sigma_minus_tau_303 = [-1.45],
  sigma_minus_tau_304 = [-1.56],
  sigma_minus_tau_305 = [-1.43],
]

Probabilities (p_s) = [
0.05, 0.05, 0.05, 0.05, 0.05, 0.05, 0.05, 0.05, 0.05, 0.05, 0.05, 0.05, 0.05, 0.05, 0.05, 0.05, 0.05, 0.05, 0.05, 0.05
]

c_bar = 5.71
