Jobs = 30
Machines = 5
Scenarios = 20

Ready Times (rj) = [
0.00, 0.00, 0.00, 0.00, 0.00, 0.00, 0.00, 0.00, 0.00, 0.00, 0.00, 0.00, 0.00, 0.00, 0.00, 0.00, 0.00, 0.00, 0.00, 0.00, 0.00, 0.00, 0.00, 0.00, 0.00, 0.00, 0.00, 0.00, 0.00, 0.00
]

Transportation Times (tjk^s) = [
  tjk_11 = [1.70, 1.71, 1.67, 1.66, 1.83, 1.78, 1.73, 1.77, 1.91, 1.54, 1.71, 1.60, 1.65, 1.81, 1.66, 1.49, 1.63, 1.75, 1.64, 1.62],
  tjk_12 = [1.74, 1.69, 1.59, 1.60, 1.71, 1.74, 1.70, 1.72, 1.63, 1.71, 1.67, 1.90, 1.49, 1.75, 1.70, 1.77, 1.72, 1.46, 1.61, 1.45],
  tjk_13 = [1.60, 1.60, 1.68, 1.67, 1.57, 1.56, 1.75, 1.71, 1.65, 1.62, 1.67, 1.49, 1.57, 1.73, 1.59, 1.70, 1.76, 1.66, 1.68, 1.58],
  tjk_14 = [1.76, 1.67, 1.73, 1.62, 1.59, 1.57, 1.63, 1.73, 1.66, 1.76, 1.62, 1.77, 1.58, 1.65, 1.60, 1.69, 1.69, 1.55, 1.67, 1.73],
  tjk_15 = [1.85, 1.71, 1.79, 1.82, 1.59, 1.67, 1.59, 1.64, 1.70, 1.73, 1.73, 1.65, 1.63, 1.60, 1.71, 1.73, 1.73, 1.80, 1.65, 1.60],
  tjk_21 = [1.80, 1.71, 1.64, 1.69, 1.68, 1.67, 1.64, 1.53, 1.65, 1.67, 1.63, 1.71, 1.55, 1.71, 1.69, 1.64, 1.61, 1.64, 1.59, 1.71],
  tjk_22 = [1.55, 1.74, 1.69, 1.78, 1.50, 1.76, 1.62, 1.74, 1.60, 1.64, 1.56, 1.66, 1.81, 1.78, 1.66, 1.59, 1.70, 1.69, 1.73, 1.56],
  tjk_23 = [1.68, 1.76, 1.68, 1.49, 1.65, 1.49, 1.57, 1.64, 1.54, 1.74, 1.68, 1.71, 1.56, 1.63, 1.72, 1.65, 1.70, 1.75, 1.77, 1.70],
  tjk_24 = [1.60, 1.61, 1.73, 1.63, 1.64, 1.69, 1.64, 1.70, 1.65, 1.71, 1.62, 1.62, 1.74, 1.84, 1.59, 1.68, 1.48, 1.64, 1.67, 1.75],
  tjk_25 = [1.73, 1.62, 1.59, 1.70, 1.73, 1.70, 1.55, 1.67, 1.97, 1.80, 1.70, 1.77, 1.52, 1.70, 1.72, 1.48, 1.67, 1.73, 1.68, 1.67],
  tjk_31 = [1.62, 1.53, 1.71, 1.73, 1.65, 1.70, 1.64, 1.58, 1.58, 1.65, 1.56, 1.57, 1.84, 1.61, 1.64, 1.58, 1.61, 1.69, 1.70, 1.63],
  tjk_32 = [1.64, 1.78, 1.69, 1.72, 1.73, 1.62, 1.76, 1.70, 1.54, 1.62, 1.65, 1.51, 1.62, 1.71, 1.58, 1.69, 1.73, 1.68, 1.67, 1.77],
  tjk_33 = [1.79, 1.67, 1.58, 1.64, 1.61, 1.48, 1.69, 1.76, 1.57, 1.77, 1.64, 1.65, 1.62, 1.72, 1.65, 1.74, 1.64, 1.58, 1.66, 1.65],
  tjk_34 = [1.59, 1.67, 1.58, 1.57, 1.70, 1.62, 1.74, 1.70, 1.68, 1.69, 1.75, 1.79, 1.80, 1.78, 1.59, 1.69, 1.45, 1.60, 1.56, 1.57],
  tjk_35 = [1.57, 1.73, 1.66, 1.59, 1.65, 1.52, 1.73, 1.61, 1.56, 1.76, 1.76, 1.57, 1.60, 1.84, 1.69, 1.64, 1.60, 1.65, 1.59, 1.67],
  tjk_41 = [1.62, 1.63, 1.60, 1.78, 1.63, 1.68, 1.71, 1.81, 1.63, 1.70, 1.71, 1.57, 1.70, 1.73, 1.63, 1.62, 1.61, 1.75, 1.62, 1.62],
  tjk_42 = [1.55, 1.67, 1.70, 1.62, 1.54, 1.57, 1.76, 1.57, 1.87, 1.89, 1.57, 1.62, 1.73, 1.69, 1.62, 1.62, 1.73, 1.75, 1.55, 1.68],
  tjk_43 = [1.70, 1.82, 1.76, 1.69, 1.67, 1.51, 1.72, 1.69, 1.79, 1.62, 1.65, 1.65, 1.73, 1.75, 1.69, 1.70, 1.68, 1.65, 1.53, 1.70],
  tjk_44 = [1.68, 1.61, 1.74, 1.59, 1.72, 1.64, 1.58, 1.78, 1.61, 1.71, 1.67, 1.69, 1.63, 1.70, 1.66, 1.65, 1.84, 1.71, 1.64, 1.71],
  tjk_45 = [1.71, 1.59, 1.73, 1.52, 1.61, 1.63, 1.64, 1.78, 1.54, 1.57, 1.67, 1.43, 1.67, 1.70, 1.73, 1.76, 1.64, 1.80, 1.65, 1.86],
  tjk_51 = [1.60, 1.64, 1.65, 1.58, 1.75, 1.78, 1.61, 1.60, 1.46, 1.71, 1.72, 1.65, 1.59, 1.75, 1.53, 1.69, 1.66, 1.63, 1.55, 1.54],
  tjk_52 = [1.83, 1.69, 1.57, 1.55, 1.77, 1.64, 1.66, 1.56, 1.65, 1.78, 1.65, 1.66, 1.57, 1.73, 1.65, 1.77, 1.71, 1.65, 1.73, 1.84],
  tjk_53 = [1.58, 1.61, 1.79, 1.66, 1.52, 1.62, 1.55, 1.68, 1.61, 1.62, 1.72, 1.67, 1.62, 1.63, 1.62, 1.58, 1.62, 1.54, 1.66, 1.66],
  tjk_54 = [1.48, 1.76, 1.83, 1.65, 1.70, 1.67, 1.65, 1.62, 1.66, 1.76, 1.74, 1.68, 1.59, 1.70, 1.83, 1.82, 1.66, 1.81, 1.69, 1.58],
  tjk_55 = [1.70, 1.70, 1.70, 1.76, 1.86, 1.64, 1.52, 1.56, 1.74, 1.67, 1.56, 1.67, 1.64, 1.59, 1.55, 1.72, 1.63, 1.61, 1.84, 1.69],
  tjk_61 = [2.79, 3.21, 2.94, 2.47, 2.79, 3.28, 3.06, 3.06, 3.05, 3.73, 2.50, 3.53, 3.19, 3.23, 3.08, 2.83, 3.08, 2.91, 2.59, 3.34],
  tjk_62 = [3.30, 2.91, 3.92, 2.35, 3.22, 3.31, 3.44, 3.27, 2.91, 3.28, 2.95, 2.74, 3.16, 2.10, 2.50, 2.92, 2.57, 3.07, 3.35, 2.94],
  tjk_63 = [3.10, 2.73, 2.55, 3.13, 2.90, 2.66, 3.13, 2.51, 3.05, 2.47, 3.46, 3.19, 3.63, 3.28, 3.96, 2.97, 3.10, 3.42, 2.66, 2.88],
  tjk_64 = [2.34, 3.37, 2.55, 3.37, 2.92, 2.76, 2.78, 2.98, 3.16, 3.58, 2.72, 3.02, 2.55, 3.47, 3.02, 3.40, 3.49, 3.13, 3.41, 3.05],
  tjk_65 = [3.21, 2.97, 2.73, 2.96, 3.20, 2.81, 2.95, 3.02, 2.96, 2.73, 2.97, 3.00, 2.74, 3.13, 2.55, 3.78, 2.90, 3.37, 3.57, 3.54],
  tjk_71 = [1.53, 1.81, 1.70, 1.69, 1.74, 1.71, 1.67, 1.82, 1.79, 1.67, 1.56, 1.70, 1.68, 1.78, 1.71, 1.79, 1.79, 1.63, 1.73, 1.76],
  tjk_72 = [1.85, 1.68, 1.43, 1.76, 1.68, 1.57, 1.72, 1.64, 1.83, 1.76, 1.71, 1.66, 1.69, 1.61, 1.60, 1.90, 1.70, 1.58, 1.67, 1.68],
  tjk_73 = [1.61, 1.67, 1.63, 1.72, 1.72, 1.70, 1.70, 1.58, 1.70, 1.54, 1.55, 1.77, 1.61, 1.79, 1.73, 1.70, 1.66, 1.58, 1.70, 1.64],
  tjk_74 = [1.69, 1.57, 1.55, 1.61, 1.57, 1.61, 1.69, 1.71, 1.84, 1.55, 1.63, 1.63, 1.64, 1.63, 1.69, 1.74, 1.60, 1.73, 1.72, 1.70],
  tjk_75 = [1.75, 1.51, 1.67, 1.61, 1.54, 1.71, 1.68, 1.48, 1.63, 1.76, 1.53, 1.62, 1.74, 1.61, 1.68, 1.79, 1.63, 1.82, 1.72, 1.62],
  tjk_81 = [2.90, 2.89, 3.17, 3.51, 3.40, 2.84, 2.84, 2.53, 3.23, 2.74, 3.04, 2.53, 3.73, 2.55, 2.85, 2.49, 2.89, 2.66, 2.70, 2.60],
  tjk_82 = [2.89, 3.17, 3.01, 3.04, 3.56, 3.34, 2.93, 2.94, 3.55, 2.67, 3.50, 2.94, 2.72, 3.13, 3.41, 2.92, 2.82, 3.10, 3.48, 2.72],
  tjk_83 = [3.62, 3.32, 2.69, 3.50, 2.98, 3.22, 2.88, 3.42, 2.87, 3.37, 2.98, 3.45, 3.12, 2.95, 3.34, 2.54, 3.66, 3.00, 2.98, 3.45],
  tjk_84 = [2.93, 3.21, 3.19, 2.99, 3.22, 2.80, 3.80, 2.72, 2.84, 2.87, 3.41, 2.70, 2.99, 2.83, 3.16, 2.99, 3.56, 2.45, 3.65, 2.54],
  tjk_85 = [3.50, 3.16, 3.48, 2.79, 3.45, 2.56, 3.14, 3.31, 2.98, 2.75, 2.80, 2.91, 3.33, 3.44, 3.10, 3.28, 2.62, 3.22, 2.76, 3.43],
  tjk_91 = [3.37, 2.89, 3.01, 3.12, 2.57, 2.66, 2.83, 2.87, 2.84, 3.02, 3.02, 2.86, 2.58, 2.69, 2.61, 3.15, 2.87, 3.00, 2.72, 3.07],
  tjk_92 = [2.59, 3.31, 3.28, 2.66, 3.27, 2.45, 2.93, 3.86, 2.69, 2.36, 3.43, 3.45, 3.15, 2.87, 2.97, 3.24, 2.92, 3.16, 3.31, 2.57],
  tjk_93 = [3.28, 2.98, 2.68, 3.06, 2.58, 2.83, 2.41, 3.22, 2.78, 3.23, 3.20, 3.10, 2.46, 3.09, 3.05, 3.52, 2.74, 2.76, 2.73, 3.70],
  tjk_94 = [3.02, 2.85, 3.74, 3.14, 2.39, 2.83, 2.59, 3.00, 2.93, 3.40, 3.15, 3.10, 2.49, 3.05, 2.87, 2.68, 3.00, 2.88, 2.86, 3.14],
  tjk_95 = [2.74, 2.82, 2.62, 2.41, 3.18, 2.99, 3.15, 2.63, 3.11, 3.56, 3.49, 3.07, 3.29, 3.15, 2.86, 2.86, 3.19, 3.07, 3.20, 3.31],
  tjk_101 = [1.57, 1.81, 1.85, 1.61, 1.57, 1.58, 1.72, 1.59, 1.67, 1.70, 1.73, 1.58, 1.65, 1.70, 1.62, 1.80, 1.79, 1.80, 1.75, 1.73],
  tjk_102 = [1.81, 1.69, 1.60, 1.75, 1.65, 1.58, 1.67, 1.64, 1.74, 1.75, 1.71, 1.87, 1.61, 1.75, 1.86, 1.53, 1.60, 1.66, 1.77, 1.85],
  tjk_103 = [1.61, 1.82, 1.66, 1.71, 1.82, 1.79, 1.70, 1.64, 1.63, 1.61, 1.71, 1.63, 1.74, 1.75, 1.79, 1.64, 1.56, 1.62, 1.66, 1.74],
  tjk_104 = [1.69, 1.57, 1.70, 1.65, 1.69, 1.74, 1.61, 1.72, 1.56, 1.61, 1.77, 1.60, 1.70, 1.53, 1.83, 1.81, 1.72, 1.69, 1.56, 1.55],
  tjk_105 = [1.69, 1.66, 1.62, 1.83, 1.79, 1.53, 1.69, 1.60, 1.60, 1.58, 1.67, 1.61, 1.63, 1.72, 1.62, 1.75, 1.71, 1.76, 1.81, 1.64],
  tjk_111 = [1.65, 1.64, 1.58, 1.61, 1.49, 1.64, 1.87, 1.65, 1.56, 1.59, 1.64, 1.68, 1.88, 1.68, 1.74, 1.69, 1.56, 1.60, 1.77, 1.84],
  tjk_112 = [1.79, 1.65, 1.58, 1.82, 1.54, 1.74, 1.76, 1.69, 1.51, 1.65, 1.68, 1.86, 1.80, 1.58, 1.60, 1.54, 1.63, 1.73, 1.72, 1.65],
  tjk_113 = [1.65, 1.62, 1.77, 1.66, 1.76, 1.74, 1.61, 1.66, 1.63, 1.60, 1.74, 1.72, 1.66, 1.68, 1.67, 1.77, 1.59, 1.66, 1.56, 1.66],
  tjk_114 = [1.62, 1.53, 1.63, 1.50, 1.72, 1.69, 1.67, 1.90, 1.59, 1.76, 1.61, 1.74, 1.48, 1.72, 1.62, 1.60, 1.78, 1.81, 1.76, 1.72],
  tjk_115 = [1.67, 1.64, 1.78, 1.66, 1.73, 1.59, 1.68, 1.72, 1.76, 1.59, 1.64, 1.67, 1.76, 1.76, 1.66, 1.60, 1.60, 1.63, 1.86, 1.66],
  tjk_121 = [2.88, 2.77, 2.85, 2.85, 3.62, 2.43, 3.23, 3.02, 3.21, 2.77, 3.22, 3.41, 2.57, 2.72, 3.03, 2.86, 3.80, 3.52, 2.83, 3.35],
  tjk_122 = [2.92, 2.48, 3.07, 2.96, 2.94, 2.85, 3.16, 2.82, 2.59, 3.16, 2.96, 2.74, 3.22, 2.97, 2.92, 3.51, 2.41, 3.28, 3.18, 3.30],
  tjk_123 = [2.66, 3.00, 3.01, 3.16, 3.21, 3.00, 3.19, 2.86, 2.71, 2.58, 3.00, 3.61, 2.80, 2.74, 3.58, 3.07, 3.10, 2.98, 3.16, 3.19],
  tjk_124 = [3.28, 2.78, 2.94, 2.63, 3.31, 2.82, 2.80, 2.98, 3.63, 2.52, 3.40, 3.03, 3.29, 3.20, 2.65, 3.18, 3.23, 2.82, 3.13, 3.11],
  tjk_125 = [3.10, 2.86, 3.04, 2.61, 2.65, 3.04, 3.10, 2.75, 2.56, 2.78, 2.57, 3.33, 3.63, 3.00, 2.51, 3.29, 3.23, 2.99, 2.80, 3.63],
  tjk_131 = [3.09, 2.80, 3.28, 3.03, 3.29, 2.67, 2.86, 2.97, 2.47, 2.99, 3.49, 2.79, 2.83, 3.00, 3.10, 2.98, 2.99, 2.68, 3.10, 2.93],
  tjk_132 = [2.64, 3.27, 3.27, 3.35, 2.50, 4.27, 3.68, 2.11, 3.33, 2.59, 3.36, 3.03, 2.97, 2.69, 2.95, 3.30, 3.15, 3.36, 3.39, 2.86],
  tjk_133 = [3.22, 3.28, 3.32, 3.21, 3.18, 3.15, 2.64, 3.22, 3.10, 3.43, 2.52, 2.87, 3.50, 3.58, 2.56, 3.31, 2.60, 3.59, 3.01, 2.56],
  tjk_134 = [2.91, 2.70, 2.57, 3.54, 3.02, 3.02, 3.05, 2.86, 2.99, 2.41, 2.71, 3.23, 2.74, 2.81, 3.12, 2.26, 2.68, 2.78, 3.64, 3.19],
  tjk_135 = [2.61, 3.33, 2.46, 3.40, 3.31, 3.26, 3.60, 3.19, 2.83, 2.36, 3.03, 2.83, 3.18, 3.05, 2.61, 2.94, 3.13, 2.89, 2.95, 2.71],
  tjk_141 = [2.58, 3.17, 3.09, 3.29, 2.87, 2.68, 2.76, 3.47, 3.21, 2.98, 2.86, 3.38, 2.96, 2.49, 3.27, 3.51, 3.18, 2.97, 2.35, 3.37],
  tjk_142 = [3.18, 3.03, 2.71, 2.95, 2.92, 2.87, 3.69, 2.62, 3.19, 3.24, 2.85, 3.54, 3.05, 2.93, 3.08, 3.10, 3.05, 3.00, 2.96, 2.73],
  tjk_143 = [3.38, 3.93, 3.26, 3.11, 2.91, 2.97, 2.93, 3.09, 2.47, 3.07, 2.44, 3.50, 3.31, 2.44, 3.52, 2.72, 2.61, 2.64, 3.22, 2.70],
  tjk_144 = [2.89, 2.92, 3.55, 3.02, 3.25, 3.37, 3.20, 2.88, 3.32, 2.83, 2.86, 2.99, 2.80, 3.52, 3.21, 3.81, 2.93, 2.54, 2.87, 2.88],
  tjk_145 = [2.52, 3.48, 2.98, 3.19, 3.59, 2.83, 2.81, 2.95, 2.70, 3.55, 2.88, 3.61, 3.29, 2.74, 3.21, 2.40, 2.97, 2.98, 3.21, 3.19],
  tjk_151 = [1.60, 1.73, 1.59, 1.63, 1.53, 1.63, 1.65, 1.65, 1.67, 1.68, 1.65, 1.71, 1.51, 1.51, 1.60, 1.71, 1.61, 1.59, 1.67, 1.67],
  tjk_152 = [1.58, 1.68, 1.81, 1.65, 1.59, 1.60, 1.60, 1.66, 1.60, 1.64, 1.85, 1.63, 1.80, 1.70, 1.80, 1.85, 1.66, 1.58, 1.62, 1.58],
  tjk_153 = [1.49, 1.70, 1.69, 1.72, 1.60, 1.61, 1.60, 1.71, 1.65, 1.58, 1.74, 1.60, 1.64, 1.61, 1.57, 1.82, 1.55, 1.63, 1.78, 1.65],
  tjk_154 = [1.55, 1.65, 1.54, 1.53, 1.66, 1.59, 1.56, 1.66, 1.61, 1.77, 1.82, 1.77, 1.74, 1.61, 1.72, 1.77, 1.81, 1.61, 1.49, 1.64],
  tjk_155 = [1.77, 1.68, 1.50, 1.73, 1.60, 1.82, 1.63, 1.96, 1.53, 1.58, 1.69, 1.52, 1.59, 1.58, 1.69, 1.48, 1.79, 1.53, 1.74, 1.70],
  tjk_161 = [3.29, 3.03, 3.26, 2.91, 3.11, 3.30, 3.13, 3.50, 3.39, 3.09, 2.80, 3.59, 3.63, 3.79, 2.79, 3.57, 2.53, 2.72, 3.33, 2.71],
  tjk_162 = [2.71, 2.44, 3.35, 3.09, 3.33, 2.83, 3.03, 3.40, 3.20, 3.42, 2.98, 3.05, 3.10, 2.70, 3.19, 3.06, 3.27, 3.65, 3.51, 2.77],
  tjk_163 = [2.82, 2.70, 3.43, 3.32, 2.65, 2.60, 2.92, 2.74, 2.81, 2.93, 2.93, 2.51, 2.98, 3.08, 2.71, 2.51, 3.02, 2.91, 2.58, 3.17],
  tjk_164 = [3.49, 2.80, 2.78, 3.43, 3.21, 3.58, 3.05, 3.08, 2.98, 3.14, 3.46, 2.86, 2.80, 2.46, 2.65, 2.91, 3.70, 3.11, 3.33, 3.16],
  tjk_165 = [2.80, 3.46, 2.47, 2.68, 2.87, 3.05, 2.42, 2.80, 3.44, 2.46, 3.18, 2.79, 3.20, 2.74, 2.47, 2.99, 2.80, 3.29, 2.88, 2.81],
  tjk_171 = [1.76, 1.71, 1.70, 1.85, 1.84, 1.63, 1.74, 1.57, 1.73, 1.66, 1.67, 1.75, 1.58, 1.62, 1.63, 1.72, 1.76, 1.61, 1.74, 1.61],
  tjk_172 = [1.71, 1.65, 1.61, 1.56, 1.74, 1.76, 1.63, 1.76, 1.82, 1.64, 1.55, 1.72, 1.64, 1.76, 1.70, 1.70, 1.56, 1.68, 1.66, 1.89],
  tjk_173 = [1.59, 1.57, 1.66, 1.68, 1.66, 1.62, 1.48, 1.70, 1.60, 1.72, 1.77, 1.66, 1.76, 1.64, 1.72, 1.67, 1.64, 1.70, 1.68, 1.72],
  tjk_174 = [1.66, 1.65, 1.73, 1.69, 1.70, 1.62, 1.77, 1.57, 1.87, 1.65, 1.73, 1.69, 1.60, 1.62, 1.62, 1.63, 1.64, 1.58, 1.76, 1.68],
  tjk_175 = [1.72, 1.68, 1.55, 1.62, 1.84, 1.60, 1.62, 1.73, 1.82, 1.70, 1.79, 1.75, 1.61, 1.59, 1.80, 1.79, 1.54, 1.71, 1.66, 1.61],
  tjk_181 = [2.89, 2.48, 3.37, 2.66, 2.44, 3.12, 2.90, 2.52, 3.01, 3.11, 2.58, 3.03, 2.96, 3.40, 2.80, 2.93, 3.49, 2.84, 2.89, 2.52],
  tjk_182 = [2.89, 2.92, 2.65, 2.95, 2.95, 2.76, 2.90, 2.75, 3.34, 3.06, 3.24, 2.83, 2.61, 3.24, 3.11, 2.87, 3.09, 3.49, 3.51, 2.93],
  tjk_183 = [3.24, 3.25, 3.12, 3.40, 2.26, 3.13, 2.89, 3.17, 2.55, 3.07, 2.88, 2.58, 3.24, 2.96, 3.17, 2.53, 3.26, 2.76, 3.39, 3.71],
  tjk_184 = [3.16, 2.94, 3.42, 3.14, 3.20, 2.89, 3.28, 3.54, 2.87, 2.43, 3.16, 3.24, 3.43, 3.38, 2.37, 2.55, 2.73, 3.33, 3.05, 3.40],
  tjk_185 = [2.58, 3.49, 2.99, 2.89, 3.05, 2.76, 2.71, 3.15, 3.24, 2.96, 2.99, 3.03, 3.23, 2.51, 3.01, 3.15, 2.66, 3.21, 2.80, 2.80],
  tjk_191 = [1.71, 1.68, 1.86, 1.58, 1.63, 1.73, 1.70, 1.74, 1.68, 1.58, 1.64, 1.54, 1.65, 1.82, 1.78, 1.64, 1.64, 1.69, 1.55, 1.58],
  tjk_192 = [1.63, 1.51, 1.61, 1.63, 1.68, 1.82, 1.70, 1.66, 1.70, 1.65, 1.77, 1.70, 1.52, 1.63, 1.64, 1.62, 1.66, 1.68, 1.68, 1.62],
  tjk_193 = [1.70, 1.72, 1.55, 1.80, 1.59, 1.72, 1.64, 1.59, 1.63, 1.58, 1.66, 1.83, 1.69, 1.49, 1.74, 1.68, 1.64, 1.59, 1.67, 1.65],
  tjk_194 = [1.73, 1.80, 1.59, 1.71, 1.73, 1.64, 1.70, 1.57, 1.66, 1.65, 1.64, 1.67, 1.71, 1.77, 1.81, 1.61, 1.59, 1.68, 1.64, 1.88],
  tjk_195 = [1.67, 1.61, 1.79, 1.67, 1.66, 1.64, 1.82, 1.64, 1.69, 1.70, 1.66, 1.59, 1.60, 1.57, 1.74, 1.50, 1.67, 1.70, 1.64, 1.58],
  tjk_201 = [1.85, 1.70, 1.53, 1.65, 1.73, 1.75, 1.68, 1.69, 1.54, 1.68, 1.60, 1.83, 1.61, 1.77, 1.73, 1.54, 1.77, 1.71, 1.80, 1.58],
  tjk_202 = [1.62, 1.65, 1.62, 1.70, 1.84, 1.62, 1.69, 1.70, 1.78, 1.60, 1.70, 1.77, 1.76, 1.48, 1.70, 1.70, 1.60, 1.57, 1.58, 1.69],
  tjk_203 = [1.56, 1.69, 1.79, 1.68, 1.74, 1.64, 1.64, 1.73, 1.62, 1.61, 1.65, 1.67, 1.67, 1.70, 1.67, 1.69, 1.73, 1.55, 1.59, 1.60],
  tjk_204 = [1.74, 1.70, 1.65, 1.57, 1.60, 1.60, 1.62, 1.86, 1.69, 1.52, 1.72, 1.50, 1.71, 1.78, 1.62, 1.61, 1.50, 1.74, 1.47, 1.59],
  tjk_205 = [1.82, 1.66, 1.66, 1.78, 1.62, 1.76, 1.73, 1.82, 1.65, 1.62, 1.52, 1.57, 1.65, 1.65, 1.72, 1.61, 1.76, 1.52, 1.59, 1.72],
  tjk_211 = [1.70, 1.68, 1.59, 1.64, 1.65, 1.86, 1.76, 1.56, 1.60, 1.68, 1.64, 1.74, 1.72, 1.49, 1.73, 1.66, 1.63, 1.83, 1.59, 1.79],
  tjk_212 = [1.66, 1.76, 1.61, 1.73, 1.68, 1.74, 1.61, 1.66, 1.83, 1.73, 1.71, 1.80, 1.63, 1.66, 1.71, 1.60, 1.63, 1.60, 1.74, 1.81],
  tjk_213 = [1.65, 1.79, 1.74, 1.68, 1.68, 1.66, 1.61, 1.82, 1.76, 1.72, 1.55, 1.72, 1.93, 1.70, 1.64, 1.47, 1.63, 1.59, 1.84, 1.76],
  tjk_214 = [1.63, 1.60, 1.70, 1.75, 1.58, 1.69, 1.73, 1.57, 1.87, 1.74, 1.62, 1.67, 1.62, 1.63, 1.71, 1.79, 1.63, 1.73, 1.71, 1.69],
  tjk_215 = [1.68, 1.88, 1.54, 1.63, 1.73, 1.64, 1.63, 1.65, 1.62, 1.59, 1.57, 1.78, 1.64, 1.59, 1.69, 1.55, 1.81, 1.68, 1.78, 1.76],
  tjk_221 = [2.83, 2.36, 4.15, 2.96, 2.69, 3.05, 2.73, 2.63, 2.77, 3.01, 2.91, 2.64, 2.74, 3.05, 3.09, 2.76, 2.76, 2.95, 3.22, 3.12],
  tjk_222 = [2.95, 2.99, 2.30, 3.20, 3.08, 2.67, 2.73, 3.27, 2.90, 3.52, 2.59, 2.64, 3.33, 2.68, 2.75, 2.80, 2.65, 3.26, 3.27, 3.05],
  tjk_223 = [2.92, 2.83, 2.81, 2.69, 3.18, 3.27, 3.05, 3.01, 2.84, 3.28, 2.26, 3.70, 2.79, 2.95, 2.38, 3.61, 3.46, 3.38, 3.20, 2.66],
  tjk_224 = [2.57, 3.21, 3.08, 2.77, 3.12, 2.83, 2.98, 2.94, 3.20, 3.16, 3.43, 3.37, 3.02, 3.33, 2.53, 2.62, 2.38, 3.10, 2.72, 3.11],
  tjk_225 = [3.29, 2.52, 2.73, 2.81, 2.41, 2.50, 3.00, 3.22, 2.52, 3.29, 2.94, 2.71, 3.40, 2.48, 3.62, 3.38, 3.10, 2.81, 2.75, 3.10],
  tjk_231 = [3.71, 2.49, 3.56, 3.04, 3.70, 3.39, 3.26, 2.93, 2.97, 3.26, 3.43, 3.12, 2.96, 3.20, 2.54, 3.28, 2.82, 2.97, 2.94, 3.22],
  tjk_232 = [2.83, 3.46, 2.93, 3.16, 3.34, 3.30, 3.12, 2.64, 3.54, 2.78, 3.84, 2.90, 3.41, 2.97, 3.07, 3.34, 3.32, 3.13, 2.91, 2.99],
  tjk_233 = [3.26, 3.24, 3.13, 3.29, 3.19, 3.59, 3.33, 2.98, 3.82, 3.33, 3.56, 2.13, 3.06, 2.80, 3.30, 2.95, 3.53, 3.12, 2.92, 2.68],
  tjk_234 = [2.84, 2.71, 3.34, 2.85, 2.84, 3.14, 2.97, 2.85, 2.83, 3.56, 2.49, 3.10, 3.37, 2.67, 4.23, 3.17, 2.94, 2.71, 2.74, 2.62],
  tjk_235 = [3.53, 2.92, 2.85, 2.92, 3.56, 2.80, 2.88, 2.91, 3.24, 3.71, 2.60, 2.97, 2.72, 3.18, 3.41, 2.80, 2.87, 3.45, 2.78, 2.93],
  tjk_241 = [1.48, 1.56, 1.69, 1.59, 1.60, 1.65, 1.70, 1.58, 1.60, 1.76, 1.67, 1.69, 1.64, 1.69, 1.60, 1.60, 1.74, 1.44, 1.70, 1.71],
  tjk_242 = [1.57, 1.56, 1.57, 1.68, 1.58, 1.66, 1.64, 1.78, 1.61, 1.56, 1.72, 1.65, 1.69, 1.71, 1.75, 1.65, 1.54, 1.61, 1.62, 1.78],
  tjk_243 = [1.67, 1.63, 1.68, 1.62, 1.52, 1.67, 1.62, 1.66, 1.66, 1.67, 1.75, 1.54, 1.72, 1.72, 1.54, 1.73, 1.74, 1.55, 1.59, 1.67],
  tjk_244 = [1.61, 1.64, 1.72, 1.73, 1.82, 1.43, 1.73, 1.84, 1.63, 1.58, 1.70, 1.63, 1.67, 1.70, 1.71, 1.54, 1.61, 1.67, 1.74, 1.49],
  tjk_245 = [1.52, 1.65, 1.74, 1.72, 1.65, 1.64, 1.57, 1.70, 1.56, 1.72, 1.63, 1.55, 1.71, 1.67, 1.62, 1.64, 1.74, 1.76, 1.75, 1.75],
  tjk_251 = [3.17, 2.34, 2.79, 3.15, 3.33, 3.09, 3.26, 3.59, 2.68, 3.16, 2.62, 2.93, 2.79, 3.31, 2.44, 3.71, 3.02, 3.02, 3.01, 2.92],
  tjk_252 = [3.05, 3.37, 3.15, 2.95, 2.60, 2.67, 2.54, 2.98, 2.92, 2.74, 2.87, 2.79, 3.36, 3.07, 2.86, 3.53, 3.18, 2.58, 2.88, 2.50],
  tjk_253 = [3.52, 2.56, 2.90, 3.23, 2.83, 3.04, 2.49, 3.07, 3.38, 3.29, 2.99, 2.54, 2.78, 3.31, 3.29, 3.51, 2.97, 3.27, 2.69, 2.75],
  tjk_254 = [3.53, 2.46, 3.14, 3.13, 3.39, 2.96, 3.49, 2.75, 3.45, 2.76, 2.71, 3.12, 3.03, 2.86, 3.09, 2.98, 3.34, 3.24, 3.61, 2.85],
  tjk_255 = [2.79, 3.74, 2.57, 3.32, 3.23, 3.36, 3.05, 3.23, 3.16, 3.12, 2.73, 3.11, 2.99, 2.78, 2.81, 2.78, 3.76, 3.15, 3.12, 3.23],
  tjk_261 = [1.51, 1.63, 1.53, 1.77, 1.67, 1.57, 1.51, 1.67, 1.78, 1.64, 1.87, 1.71, 1.68, 1.66, 1.74, 1.60, 1.66, 1.61, 1.58, 1.70],
  tjk_262 = [1.55, 1.59, 1.63, 1.57, 1.57, 1.72, 1.58, 1.65, 1.74, 1.53, 1.65, 1.69, 1.74, 1.70, 1.68, 1.65, 1.56, 1.59, 1.56, 1.55],
  tjk_263 = [1.69, 1.70, 1.74, 1.72, 1.68, 1.68, 1.76, 1.61, 1.74, 1.67, 1.67, 1.56, 1.64, 1.56, 1.75, 1.65, 1.62, 1.67, 1.63, 1.46],
  tjk_264 = [1.62, 1.67, 1.63, 1.57, 1.58, 1.74, 1.72, 1.55, 1.67, 1.60, 1.60, 1.63, 1.76, 1.75, 1.61, 1.85, 1.54, 1.77, 1.69, 1.55],
  tjk_265 = [1.68, 1.53, 1.52, 1.57, 1.62, 1.55, 1.81, 1.67, 1.59, 1.70, 1.56, 1.68, 1.54, 1.54, 1.68, 1.85, 1.79, 1.63, 1.66, 1.65],
  tjk_271 = [1.64, 1.76, 1.72, 1.65, 1.63, 1.61, 1.72, 1.75, 1.68, 1.89, 1.62, 1.76, 1.59, 1.78, 1.73, 1.76, 1.71, 1.77, 1.63, 1.52],
  tjk_272 = [1.66, 1.59, 1.58, 1.72, 1.76, 1.55, 1.64, 1.76, 1.64, 1.58, 1.72, 1.60, 1.51, 1.62, 1.56, 1.58, 1.66, 1.67, 1.66, 1.73],
  tjk_273 = [1.59, 1.64, 1.86, 1.84, 1.64, 1.55, 1.61, 1.53, 1.63, 1.68, 1.63, 1.75, 1.63, 1.69, 1.60, 1.60, 1.58, 1.65, 1.60, 1.69],
  tjk_274 = [1.80, 1.85, 1.71, 1.68, 1.64, 1.64, 1.63, 1.74, 1.51, 1.79, 1.60, 1.65, 1.60, 1.70, 1.69, 1.62, 1.60, 1.66, 1.78, 1.73],
  tjk_275 = [1.67, 1.74, 1.65, 1.68, 1.64, 1.74, 1.75, 1.61, 1.73, 1.74, 1.61, 1.59, 1.60, 1.74, 1.66, 1.58, 1.54, 1.66, 1.54, 1.64],
  tjk_281 = [3.28, 2.78, 2.87, 3.18, 3.48, 3.16, 2.63, 2.69, 3.10, 3.77, 2.63, 3.32, 2.88, 3.25, 2.75, 2.97, 2.36, 2.95, 3.01, 2.81],
  tjk_282 = [2.76, 2.94, 2.88, 3.01, 2.77, 2.58, 2.13, 2.73, 2.93, 2.84, 3.00, 3.04, 3.23, 2.73, 2.80, 3.76, 2.36, 2.76, 2.62, 3.27],
  tjk_283 = [3.33, 3.19, 3.19, 2.99, 2.77, 2.51, 3.36, 2.93, 4.02, 2.98, 3.74, 2.83, 2.39, 2.35, 2.64, 3.09, 3.93, 2.52, 2.78, 2.57],
  tjk_284 = [2.78, 2.90, 2.53, 3.01, 2.76, 2.90, 2.97, 3.05, 3.81, 3.83, 3.10, 2.80, 2.49, 3.63, 2.62, 3.46, 3.14, 3.32, 3.37, 2.61],
  tjk_285 = [3.17, 2.70, 2.52, 2.90, 3.14, 3.03, 3.28, 2.95, 2.40, 2.76, 2.72, 2.99, 3.91, 2.85, 2.95, 2.60, 2.71, 3.01, 3.00, 3.91],
  tjk_291 = [3.47, 3.28, 2.78, 3.25, 2.77, 2.91, 2.95, 2.69, 3.12, 2.87, 2.57, 3.17, 3.50, 2.79, 2.30, 2.48, 3.17, 3.19, 2.78, 3.36],
  tjk_292 = [2.98, 3.55, 3.22, 3.01, 2.85, 2.74, 3.03, 2.66, 3.05, 3.67, 3.41, 2.91, 3.02, 3.12, 2.92, 3.03, 2.68, 2.74, 2.87, 3.51],
  tjk_293 = [3.37, 2.71, 2.80, 2.61, 2.54, 3.19, 3.20, 3.42, 2.89, 2.84, 3.61, 2.91, 2.94, 2.68, 2.90, 2.96, 2.93, 3.16, 2.93, 3.24],
  tjk_294 = [3.44, 3.27, 2.68, 2.91, 3.17, 2.93, 3.14, 3.55, 2.16, 2.89, 2.72, 2.78, 2.88, 3.08, 2.64, 3.30, 2.74, 2.46, 2.78, 3.51],
  tjk_295 = [3.00, 3.32, 2.77, 2.73, 3.19, 2.86, 2.69, 2.51, 2.76, 2.81, 3.01, 3.19, 3.54, 3.14, 2.70, 3.35, 3.44, 3.03, 3.16, 3.24],
  tjk_301 = [2.89, 3.04, 2.58, 2.67, 3.36, 2.76, 3.38, 2.53, 3.10, 3.08, 3.07, 3.45, 3.30, 3.13, 3.53, 2.22, 3.03, 4.14, 2.63, 2.59],
  tjk_302 = [2.92, 3.01, 2.98, 2.85, 3.07, 2.87, 3.17, 3.05, 2.80, 3.36, 3.31, 2.83, 2.44, 3.46, 2.96, 3.09, 3.19, 2.79, 2.97, 2.92],
  tjk_303 = [2.91, 2.73, 3.04, 2.68, 3.04, 2.51, 3.48, 2.63, 3.29, 2.78, 3.03, 3.13, 2.79, 3.04, 2.83, 3.30, 2.82, 3.15, 2.56, 3.78],
  tjk_304 = [3.05, 3.28, 3.39, 3.10, 2.47, 3.33, 2.88, 2.64, 3.21, 2.89, 2.97, 3.32, 2.74, 3.50, 3.57, 3.17, 2.84, 2.58, 3.05, 2.81],
  tjk_305 = [3.07, 2.83, 2.91, 3.47, 2.73, 2.78, 3.51, 3.84, 3.22, 3.00, 3.22, 3.01, 2.97, 3.12, 2.59, 2.50, 3.19, 2.82, 2.90, 2.87],
]

Service Times (¦Î_{jk}^s) = [
  xi_11 = [10.00, 10.00, 1.00, 3.89, 1.00, 10.00, 10.00, 10.00, 10.00, 1.00, 1.67, 10.00, 10.00, 1.00, 1.00, 10.00, 1.00, 10.00, 1.00, 1.00],
  xi_12 = [9.00, 10.00, 10.00, 1.00, 1.00, 4.94, 10.00, 10.00, 1.00, 9.03, 10.00, 10.00, 10.00, 10.00, 2.85, 1.81, 1.00, 1.05, 10.00, 2.75],
  xi_13 = [10.00, 1.00, 5.53, 3.76, 8.17, 1.00, 1.00, 1.95, 2.43, 10.00, 1.00, 1.34, 1.00, 8.66, 1.00, 10.00, 1.00, 10.00, 10.00, 6.06],
  xi_14 = [10.00, 10.00, 10.00, 10.00, 1.00, 1.00, 6.78, 10.00, 1.27, 3.54, 10.00, 1.00, 10.00, 10.00, 10.00, 10.00, 10.00, 10.00, 10.00, 1.00],
  xi_15 = [1.00, 10.00, 4.45, 1.48, 1.00, 10.00, 10.00, 1.00, 10.00, 10.00, 1.00, 1.11, 1.00, 3.96, 1.00, 2.05, 1.00, 1.00, 10.00, 3.46],
  xi_21 = [1.00, 1.00, 1.00, 1.00, 1.00, 10.00, 10.00, 1.00, 10.00, 10.00, 10.00, 1.04, 10.00, 2.49, 10.00, 3.15, 2.41, 1.11, 1.00, 1.33],
  xi_22 = [10.00, 10.00, 10.00, 1.00, 1.00, 1.00, 10.00, 1.00, 5.54, 10.00, 10.00, 10.00, 2.91, 10.00, 10.00, 10.00, 1.00, 10.00, 10.00, 10.00],
  xi_23 = [10.00, 10.00, 1.08, 1.00, 10.00, 4.10, 3.43, 10.00, 10.00, 10.00, 10.00, 2.02, 10.00, 10.00, 10.00, 10.00, 10.00, 1.00, 10.00, 5.53],
  xi_24 = [10.00, 1.14, 1.00, 10.00, 1.02, 1.00, 1.00, 1.00, 1.00, 3.40, 10.00, 1.00, 10.00, 10.00, 10.00, 1.00, 10.00, 1.00, 1.00, 1.76],
  xi_25 = [1.00, 1.00, 10.00, 4.80, 1.00, 1.00, 1.00, 10.00, 1.00, 1.23, 1.73, 10.00, 10.00, 10.00, 1.54, 6.99, 10.00, 10.00, 10.00, 1.00],
  xi_31 = [6.61, 10.00, 1.00, 10.00, 1.00, 10.00, 1.00, 6.55, 8.21, 10.00, 1.00, 10.00, 1.00, 5.88, 1.00, 8.01, 10.00, 1.00, 10.00, 10.00],
  xi_32 = [10.00, 1.00, 10.00, 3.74, 1.00, 10.00, 1.00, 1.45, 1.73, 5.67, 1.40, 10.00, 1.00, 10.00, 1.00, 2.28, 1.00, 1.00, 1.00, 8.94],
  xi_33 = [1.00, 5.77, 10.00, 10.00, 1.00, 10.00, 1.00, 10.00, 10.00, 2.58, 1.00, 10.00, 10.00, 10.00, 10.00, 2.34, 4.31, 10.00, 1.00, 10.00],
  xi_34 = [10.00, 1.00, 1.00, 1.00, 9.52, 10.00, 1.01, 1.00, 10.00, 10.00, 10.00, 10.00, 1.00, 1.00, 10.00, 10.00, 1.00, 10.00, 1.00, 10.00],
  xi_35 = [1.00, 10.00, 10.00, 10.00, 8.17, 10.00, 10.00, 1.00, 1.00, 10.00, 1.41, 10.00, 1.00, 6.56, 1.23, 7.69, 3.00, 10.00, 1.00, 10.00],
  xi_41 = [1.00, 10.00, 8.51, 10.00, 10.00, 2.61, 10.00, 1.82, 1.92, 1.00, 9.13, 1.00, 10.00, 1.06, 1.32, 10.00, 1.00, 3.13, 1.00, 1.00],
  xi_42 = [10.00, 1.00, 1.00, 5.07, 1.00, 1.00, 2.45, 1.00, 1.00, 1.00, 1.00, 10.00, 1.00, 1.00, 10.00, 10.00, 7.72, 10.00, 1.00, 1.00],
  xi_43 = [3.61, 1.29, 10.00, 10.00, 2.65, 1.00, 1.92, 1.71, 1.00, 10.00, 10.00, 10.00, 10.00, 1.28, 1.00, 10.00, 10.00, 10.00, 10.00, 2.89],
  xi_44 = [1.00, 2.59, 2.46, 10.00, 10.00, 10.00, 10.00, 10.00, 10.00, 3.19, 2.98, 1.00, 1.00, 1.00, 4.07, 1.00, 10.00, 7.82, 2.54, 10.00],
  xi_45 = [1.00, 1.84, 1.00, 10.00, 10.00, 10.00, 1.00, 1.00, 1.33, 10.00, 3.19, 4.76, 10.00, 1.00, 2.67, 1.00, 1.00, 1.00, 10.00, 4.00],
  xi_51 = [10.00, 1.00, 10.00, 10.00, 1.00, 5.23, 10.00, 10.00, 10.00, 1.00, 1.00, 10.00, 10.00, 3.41, 1.00, 10.00, 10.00, 6.74, 1.00, 10.00],
  xi_52 = [10.00, 1.00, 10.00, 10.00, 5.59, 1.00, 10.00, 1.84, 10.00, 10.00, 10.00, 1.13, 3.38, 10.00, 2.20, 1.14, 1.00, 10.00, 10.00, 10.00],
  xi_53 = [1.00, 10.00, 1.71, 10.00, 10.00, 1.00, 10.00, 10.00, 10.00, 10.00, 1.93, 4.15, 2.62, 3.09, 10.00, 1.00, 1.00, 1.00, 10.00, 10.00],
  xi_54 = [10.00, 10.00, 1.00, 10.00, 10.00, 10.00, 10.00, 10.00, 10.00, 1.00, 10.00, 10.00, 10.00, 10.00, 1.00, 1.00, 3.51, 1.00, 10.00, 10.00],
  xi_55 = [1.00, 10.00, 10.00, 7.74, 10.00, 1.00, 1.00, 8.41, 10.00, 1.00, 10.00, 10.00, 10.00, 10.00, 1.00, 10.00, 1.00, 10.00, 1.00, 10.00],
  xi_61 = [3.19, 3.32, 4.63, 1.00, 1.00, 10.00, 5.45, 10.00, 1.00, 1.31, 1.00, 1.50, 1.09, 2.36, 1.00, 10.00, 1.00, 10.00, 10.00, 8.76],
  xi_62 = [10.00, 1.82, 1.00, 10.00, 10.00, 1.32, 2.61, 1.07, 10.00, 1.00, 3.34, 10.00, 9.75, 1.00, 10.00, 1.00, 10.00, 1.00, 4.21, 2.87],
  xi_63 = [2.53, 2.96, 1.00, 1.00, 3.24, 1.00, 10.00, 1.00, 10.00, 1.00, 10.00, 10.00, 1.00, 1.21, 10.00, 10.00, 1.12, 1.00, 10.00, 2.71],
  xi_64 = [4.72, 1.00, 10.00, 1.96, 3.26, 2.42, 1.00, 10.00, 6.88, 1.00, 1.00, 3.50, 1.00, 10.00, 1.00, 5.05, 1.00, 2.70, 4.50, 1.23],
  xi_65 = [1.00, 10.00, 10.00, 3.60, 10.00, 1.91, 1.00, 3.44, 10.00, 2.14, 1.09, 10.00, 1.17, 4.52, 1.00, 10.00, 1.00, 1.00, 2.42, 4.41],
  xi_71 = [3.56, 10.00, 1.10, 10.00, 10.00, 7.91, 1.00, 1.54, 10.00, 10.00, 1.00, 10.00, 1.00, 10.00, 1.00, 10.00, 1.00, 4.50, 10.00, 5.86],
  xi_72 = [10.00, 1.10, 10.00, 1.00, 1.00, 10.00, 1.00, 1.55, 1.00, 1.00, 1.00, 10.00, 1.00, 1.00, 1.00, 1.00, 1.00, 1.00, 5.21, 10.00],
  xi_73 = [1.00, 10.00, 1.00, 10.00, 1.51, 3.40, 10.00, 10.00, 10.00, 4.80, 10.00, 1.00, 10.00, 1.00, 10.00, 10.00, 1.00, 10.00, 1.00, 10.00],
  xi_74 = [1.00, 1.00, 1.78, 9.39, 1.00, 10.00, 1.00, 1.00, 10.00, 1.00, 10.00, 4.81, 2.41, 1.00, 5.19, 10.00, 10.00, 5.44, 1.00, 1.00],
  xi_75 = [10.00, 10.00, 1.00, 10.00, 2.38, 1.00, 10.00, 1.00, 1.00, 7.52, 6.25, 2.86, 10.00, 1.00, 1.00, 1.00, 8.11, 10.00, 1.00, 10.00],
  xi_81 = [1.00, 1.00, 10.00, 10.00, 2.91, 10.00, 1.00, 10.00, 1.16, 10.00, 10.00, 10.00, 1.00, 3.91, 10.00, 3.40, 10.00, 10.00, 10.00, 7.61],
  xi_82 = [1.00, 10.00, 10.00, 10.00, 10.00, 10.00, 1.00, 3.22, 1.00, 1.00, 5.52, 5.40, 10.00, 10.00, 1.00, 1.00, 10.00, 10.00, 10.00, 10.00],
  xi_83 = [1.82, 1.00, 10.00, 10.00, 1.00, 1.73, 1.00, 10.00, 10.00, 10.00, 10.00, 10.00, 10.00, 1.00, 10.00, 1.00, 2.41, 10.00, 1.00, 10.00],
  xi_84 = [1.00, 4.46, 1.00, 10.00, 10.00, 1.00, 10.00, 1.72, 1.00, 1.93, 10.00, 10.00, 10.00, 1.00, 9.93, 1.00, 10.00, 4.44, 10.00, 10.00],
  xi_85 = [1.79, 10.00, 10.00, 1.00, 10.00, 10.00, 1.00, 10.00, 10.00, 1.14, 10.00, 1.00, 10.00, 1.00, 10.00, 10.00, 10.00, 1.00, 1.00, 10.00],
  xi_91 = [10.00, 1.00, 1.71, 1.00, 1.00, 1.00, 3.77, 10.00, 1.00, 10.00, 10.00, 2.86, 1.00, 1.44, 2.71, 10.00, 10.00, 1.00, 10.00, 10.00],
  xi_92 = [10.00, 10.00, 2.87, 10.00, 10.00, 10.00, 1.10, 2.75, 1.00, 10.00, 1.00, 10.00, 10.00, 1.00, 3.03, 3.52, 10.00, 10.00, 10.00, 1.00],
  xi_93 = [1.00, 10.00, 1.09, 5.67, 10.00, 1.00, 1.00, 10.00, 1.00, 10.00, 1.23, 1.00, 10.00, 1.00, 8.44, 10.00, 10.00, 1.00, 1.00, 10.00],
  xi_94 = [1.76, 1.00, 8.57, 1.00, 10.00, 10.00, 10.00, 10.00, 4.41, 9.16, 10.00, 10.00, 9.99, 10.00, 1.00, 1.00, 10.00, 1.00, 1.00, 10.00],
  xi_95 = [10.00, 10.00, 10.00, 10.00, 10.00, 8.98, 3.95, 1.00, 10.00, 10.00, 1.00, 10.00, 10.00, 10.00, 1.93, 1.68, 10.00, 1.59, 10.00, 1.00],
  xi_101 = [1.39, 10.00, 10.00, 1.00, 10.00, 10.00, 1.00, 1.00, 1.00, 1.00, 1.00, 10.00, 1.00, 1.00, 10.00, 1.00, 1.57, 10.00, 8.52, 3.62],
  xi_102 = [1.00, 1.00, 3.39, 10.00, 10.00, 10.00, 4.69, 1.00, 3.87, 1.00, 10.00, 10.00, 5.85, 10.00, 10.00, 10.00, 10.00, 2.25, 1.00, 1.00],
  xi_103 = [10.00, 1.00, 1.00, 5.55, 10.00, 1.05, 1.00, 1.00, 10.00, 10.00, 1.00, 1.00, 10.00, 1.00, 10.00, 10.00, 1.00, 1.00, 10.00, 1.00],
  xi_104 = [1.00, 10.00, 8.24, 10.00, 1.00, 10.00, 1.00, 10.00, 1.00, 1.33, 4.02, 2.64, 2.20, 1.00, 10.00, 10.00, 10.00, 2.02, 1.00, 10.00],
  xi_105 = [10.00, 1.00, 1.10, 10.00, 1.00, 10.00, 7.08, 1.32, 1.00, 1.86, 6.57, 1.04, 1.00, 1.00, 10.00, 10.00, 1.00, 10.00, 1.00, 10.00],
  xi_111 = [1.00, 10.00, 10.00, 1.00, 1.00, 10.00, 10.00, 1.00, 10.00, 1.00, 10.00, 1.00, 3.14, 10.00, 7.54, 1.00, 2.78, 1.46, 7.27, 10.00],
  xi_112 = [2.71, 10.00, 4.58, 1.00, 3.78, 2.26, 1.00, 1.45, 8.95, 10.00, 1.00, 10.00, 5.28, 1.00, 6.26, 1.00, 7.84, 3.21, 3.21, 10.00],
  xi_113 = [10.00, 1.05, 2.05, 7.06, 1.00, 10.00, 10.00, 10.00, 10.00, 1.22, 10.00, 10.00, 10.00, 4.85, 2.15, 2.71, 10.00, 1.00, 1.00, 5.21],
  xi_114 = [1.05, 4.61, 4.00, 1.00, 1.00, 10.00, 2.31, 2.00, 1.11, 6.47, 10.00, 1.00, 1.00, 2.46, 1.00, 1.00, 1.00, 1.00, 3.55, 1.98],
  xi_115 = [1.04, 1.00, 1.00, 5.68, 1.09, 1.00, 1.00, 10.00, 7.68, 2.76, 10.00, 2.84, 10.00, 6.03, 1.49, 6.78, 2.29, 2.77, 1.00, 1.00],
  xi_121 = [3.84, 1.00, 2.84, 5.07, 1.00, 10.00, 4.76, 1.09, 3.54, 1.00, 1.70, 1.00, 10.00, 1.00, 1.00, 1.00, 1.32, 1.00, 1.00, 10.00],
  xi_122 = [1.00, 2.86, 9.23, 1.00, 1.00, 10.00, 7.71, 1.00, 10.00, 4.41, 1.00, 2.23, 10.00, 1.00, 1.00, 1.24, 9.65, 7.18, 5.66, 9.21],
  xi_123 = [1.00, 1.00, 10.00, 3.80, 1.00, 1.28, 10.00, 10.00, 5.38, 3.53, 4.22, 4.52, 1.82, 1.00, 6.89, 1.00, 2.45, 10.00, 10.00, 10.00],
  xi_124 = [4.63, 1.00, 1.19, 10.00, 1.00, 10.00, 2.59, 6.08, 9.04, 1.50, 1.60, 10.00, 10.00, 10.00, 3.86, 1.79, 1.00, 3.00, 1.00, 2.05],
  xi_125 = [1.00, 1.00, 1.00, 7.53, 7.45, 1.00, 3.41, 9.25, 1.00, 10.00, 1.00, 1.02, 1.00, 1.37, 9.36, 2.51, 1.30, 8.87, 7.23, 6.71],
  xi_131 = [10.00, 10.00, 3.00, 10.00, 7.98, 4.65, 1.00, 10.00, 10.00, 10.00, 1.00, 10.00, 3.01, 10.00, 1.00, 10.00, 2.18, 1.00, 1.00, 1.00],
  xi_132 = [1.00, 7.72, 10.00, 10.00, 1.00, 1.00, 4.24, 7.41, 10.00, 10.00, 10.00, 10.00, 1.00, 10.00, 10.00, 1.00, 1.00, 10.00, 2.75, 10.00],
  xi_133 = [1.00, 10.00, 10.00, 10.00, 1.00, 10.00, 10.00, 1.00, 3.88, 1.00, 1.60, 1.00, 1.00, 1.00, 10.00, 6.74, 5.45, 2.80, 10.00, 10.00],
  xi_134 = [1.08, 4.00, 1.00, 10.00, 2.05, 1.00, 1.00, 2.31, 10.00, 10.00, 10.00, 9.07, 6.84, 1.08, 1.92, 1.00, 10.00, 2.08, 10.00, 10.00],
  xi_135 = [1.00, 1.00, 2.22, 10.00, 10.00, 10.00, 10.00, 1.50, 10.00, 10.00, 9.60, 8.64, 1.00, 10.00, 1.06, 4.89, 10.00, 1.51, 1.00, 1.00],
  xi_141 = [10.00, 10.00, 3.06, 1.00, 10.00, 4.11, 3.36, 1.00, 10.00, 3.35, 10.00, 1.00, 10.00, 10.00, 10.00, 1.85, 10.00, 10.00, 1.00, 10.00],
  xi_142 = [1.00, 10.00, 10.00, 1.00, 1.00, 10.00, 10.00, 1.00, 10.00, 3.30, 1.00, 10.00, 1.00, 1.00, 1.00, 5.27, 1.93, 10.00, 10.00, 1.31],
  xi_143 = [1.00, 5.84, 1.00, 1.00, 10.00, 10.00, 8.75, 10.00, 1.00, 1.00, 10.00, 1.00, 10.00, 10.00, 1.00, 1.00, 10.00, 1.00, 1.00, 1.00],
  xi_144 = [2.42, 1.00, 1.00, 1.00, 10.00, 10.00, 5.13, 2.34, 2.84, 10.00, 1.00, 10.00, 1.00, 1.00, 1.00, 10.00, 1.00, 10.00, 10.00, 1.00],
  xi_145 = [1.00, 1.00, 10.00, 10.00, 10.00, 1.00, 3.56, 10.00, 1.00, 3.57, 1.00, 10.00, 6.54, 1.00, 1.00, 10.00, 10.00, 1.00, 10.00, 1.00],
  xi_151 = [10.00, 10.00, 1.00, 10.00, 5.09, 5.54, 9.46, 1.00, 10.00, 1.00, 1.00, 3.45, 10.00, 1.48, 3.86, 10.00, 2.04, 1.00, 1.00, 1.00],
  xi_152 = [10.00, 2.41, 10.00, 9.66, 10.00, 3.48, 7.37, 1.00, 10.00, 1.00, 10.00, 1.00, 1.00, 1.00, 1.10, 2.67, 5.47, 10.00, 3.71, 3.59],
  xi_153 = [1.00, 1.00, 5.70, 2.41, 1.00, 2.23, 1.00, 1.88, 2.17, 8.41, 10.00, 1.87, 1.00, 1.00, 1.31, 10.00, 10.00, 1.00, 2.01, 1.46],
  xi_154 = [1.78, 10.00, 10.00, 2.94, 4.33, 10.00, 10.00, 4.26, 1.00, 1.00, 2.14, 1.26, 1.00, 7.33, 1.00, 1.00, 3.87, 5.86, 1.00, 7.85],
  xi_155 = [3.82, 10.00, 1.00, 1.00, 6.40, 2.65, 5.87, 1.00, 10.00, 1.00, 1.00, 3.62, 6.72, 10.00, 1.00, 1.00, 1.00, 6.99, 2.48, 4.15],
  xi_161 = [9.97, 10.00, 1.00, 1.00, 2.71, 1.00, 1.00, 1.80, 7.15, 1.00, 10.00, 1.00, 4.88, 2.94, 1.00, 10.00, 10.00, 10.00, 1.00, 10.00],
  xi_162 = [10.00, 1.00, 2.90, 1.00, 10.00, 10.00, 4.75, 1.00, 6.65, 1.89, 1.00, 6.17, 10.00, 1.00, 10.00, 1.18, 10.00, 1.00, 10.00, 10.00],
  xi_163 = [1.00, 10.00, 1.00, 1.00, 1.00, 1.00, 1.00, 10.00, 1.09, 8.66, 10.00, 10.00, 1.97, 10.00, 10.00, 1.00, 1.00, 1.00, 7.49, 3.13],
  xi_164 = [4.66, 1.00, 10.00, 4.80, 10.00, 1.00, 10.00, 10.00, 2.15, 10.00, 1.00, 1.00, 8.30, 2.28, 10.00, 10.00, 1.00, 1.36, 10.00, 1.03],
  xi_165 = [10.00, 1.00, 1.00, 10.00, 2.31, 10.00, 10.00, 10.00, 1.00, 10.00, 10.00, 10.00, 4.17, 10.00, 5.00, 1.00, 1.70, 10.00, 10.00, 10.00],
  xi_171 = [10.00, 10.00, 1.00, 10.00, 10.00, 2.27, 10.00, 9.70, 1.00, 10.00, 1.00, 10.00, 1.00, 10.00, 7.32, 2.69, 2.88, 10.00, 1.00, 3.06],
  xi_172 = [7.69, 10.00, 10.00, 1.00, 2.17, 10.00, 10.00, 10.00, 4.32, 10.00, 10.00, 6.50, 10.00, 9.93, 1.00, 3.56, 1.00, 10.00, 1.00, 2.53],
  xi_173 = [1.00, 10.00, 1.00, 3.54, 10.00, 10.00, 1.00, 1.00, 1.00, 1.00, 1.91, 10.00, 10.00, 10.00, 10.00, 2.27, 10.00, 3.18, 4.33, 1.32],
  xi_174 = [10.00, 10.00, 10.00, 1.00, 9.22, 1.00, 1.00, 10.00, 1.00, 10.00, 3.29, 10.00, 5.63, 10.00, 10.00, 10.00, 10.00, 1.00, 2.07, 10.00],
  xi_175 = [10.00, 1.00, 10.00, 1.00, 10.00, 1.00, 10.00, 10.00, 10.00, 6.29, 10.00, 1.00, 10.00, 10.00, 1.19, 10.00, 10.00, 1.00, 2.28, 2.39],
  xi_181 = [2.99, 1.00, 1.00, 1.07, 2.03, 3.90, 10.00, 1.88, 1.00, 2.89, 1.97, 8.98, 1.00, 6.49, 3.20, 10.00, 10.00, 1.00, 1.00, 1.19],
  xi_182 = [10.00, 1.58, 1.00, 2.94, 1.00, 10.00, 6.26, 10.00, 3.96, 7.46, 10.00, 2.11, 2.17, 10.00, 5.20, 1.00, 1.37, 10.00, 3.35, 1.80],
  xi_183 = [10.00, 4.74, 10.00, 5.04, 4.39, 1.35, 6.33, 7.93, 4.78, 10.00, 3.62, 1.00, 1.00, 1.00, 1.51, 1.00, 1.00, 2.02, 10.00, 1.00],
  xi_184 = [10.00, 1.00, 1.43, 7.70, 1.00, 5.42, 1.00, 1.81, 1.00, 1.00, 10.00, 1.00, 5.42, 2.46, 2.78, 10.00, 10.00, 5.46, 4.73, 5.95],
  xi_185 = [1.23, 4.38, 10.00, 1.00, 1.00, 8.28, 10.00, 3.02, 2.32, 6.18, 1.00, 2.59, 1.00, 1.00, 9.13, 5.85, 1.00, 8.26, 1.00, 1.00],
  xi_191 = [10.00, 10.00, 10.00, 1.00, 10.00, 3.69, 6.12, 10.00, 5.79, 6.84, 4.19, 1.00, 10.00, 10.00, 10.00, 1.00, 10.00, 4.94, 10.00, 7.46],
  xi_192 = [1.52, 1.00, 10.00, 10.00, 1.00, 1.00, 3.93, 10.00, 10.00, 6.42, 1.00, 10.00, 10.00, 10.00, 10.00, 8.74, 10.00, 10.00, 1.00, 1.49],
  xi_193 = [7.45, 1.00, 10.00, 1.11, 10.00, 9.10, 10.00, 4.18, 10.00, 10.00, 3.38, 1.00, 1.00, 1.00, 5.58, 10.00, 1.00, 10.00, 9.95, 10.00],
  xi_194 = [10.00, 10.00, 10.00, 10.00, 2.92, 3.28, 3.13, 9.40, 1.06, 1.00, 10.00, 10.00, 5.72, 1.00, 10.00, 3.90, 1.00, 10.00, 1.00, 9.37],
  xi_195 = [1.00, 1.00, 1.00, 10.00, 3.30, 10.00, 1.00, 1.55, 10.00, 1.00, 10.00, 5.74, 10.00, 4.85, 1.00, 10.00, 10.00, 7.74, 10.00, 10.00],
  xi_201 = [10.00, 1.00, 1.00, 1.00, 1.00, 7.76, 5.53, 1.00, 1.00, 1.00, 1.00, 10.00, 10.00, 1.82, 4.01, 1.00, 1.00, 10.00, 10.00, 10.00],
  xi_202 = [1.00, 6.41, 1.00, 10.00, 10.00, 1.00, 10.00, 1.00, 1.00, 1.00, 10.00, 1.17, 2.23, 1.00, 10.00, 10.00, 1.00, 10.00, 1.00, 10.00],
  xi_203 = [10.00, 10.00, 1.00, 10.00, 1.34, 1.19, 10.00, 1.09, 10.00, 10.00, 1.00, 1.00, 10.00, 7.78, 1.27, 10.00, 10.00, 10.00, 10.00, 1.00],
  xi_204 = [1.00, 1.00, 1.00, 1.00, 10.00, 1.00, 10.00, 10.00, 5.13, 1.00, 10.00, 1.00, 2.30, 1.00, 10.00, 10.00, 1.16, 1.00, 1.85, 10.00],
  xi_205 = [10.00, 10.00, 2.00, 1.00, 1.00, 1.00, 6.99, 2.11, 10.00, 4.04, 10.00, 10.00, 1.00, 10.00, 10.00, 10.00, 10.00, 10.00, 4.19, 10.00],
  xi_211 = [8.96, 1.00, 1.00, 1.00, 10.00, 10.00, 10.00, 7.01, 10.00, 1.00, 8.68, 1.00, 10.00, 1.00, 10.00, 10.00, 1.00, 10.00, 10.00, 10.00],
  xi_212 = [1.00, 10.00, 10.00, 1.00, 1.00, 10.00, 10.00, 1.00, 1.00, 10.00, 10.00, 10.00, 1.32, 1.00, 1.00, 10.00, 10.00, 1.00, 1.00, 10.00],
  xi_213 = [10.00, 10.00, 9.49, 1.00, 1.00, 10.00, 1.00, 1.28, 10.00, 10.00, 10.00, 1.00, 10.00, 1.00, 10.00, 10.00, 7.64, 1.00, 10.00, 10.00],
  xi_214 = [1.00, 10.00, 10.00, 10.00, 1.91, 10.00, 1.00, 10.00, 1.00, 1.00, 3.88, 3.67, 1.00, 1.00, 1.00, 2.57, 10.00, 10.00, 1.37, 1.00],
  xi_215 = [10.00, 1.00, 6.20, 1.00, 10.00, 10.00, 10.00, 1.00, 1.00, 2.29, 10.00, 1.00, 1.00, 10.00, 3.39, 1.00, 10.00, 3.01, 10.00, 1.00],
  xi_221 = [10.00, 1.00, 10.00, 1.00, 10.00, 10.00, 2.47, 10.00, 10.00, 1.00, 1.00, 10.00, 10.00, 10.00, 1.00, 1.00, 10.00, 8.53, 10.00, 10.00],
  xi_222 = [10.00, 10.00, 10.00, 1.61, 10.00, 10.00, 10.00, 10.00, 3.77, 1.37, 10.00, 1.00, 1.00, 3.23, 10.00, 3.33, 10.00, 10.00, 10.00, 1.57],
  xi_223 = [1.00, 1.00, 10.00, 10.00, 10.00, 1.62, 10.00, 10.00, 10.00, 2.55, 10.00, 1.00, 10.00, 1.00, 10.00, 1.00, 10.00, 10.00, 10.00, 10.00],
  xi_224 = [1.00, 1.00, 10.00, 1.00, 10.00, 1.00, 10.00, 10.00, 10.00, 10.00, 10.00, 10.00, 1.00, 4.40, 10.00, 1.00, 1.20, 1.00, 10.00, 10.00],
  xi_225 = [10.00, 10.00, 10.00, 1.00, 1.00, 1.00, 1.00, 10.00, 2.04, 1.00, 1.00, 10.00, 10.00, 10.00, 10.00, 1.00, 1.00, 10.00, 10.00, 1.00],
  xi_231 = [10.00, 8.11, 9.55, 1.00, 1.00, 10.00, 10.00, 1.00, 10.00, 10.00, 1.00, 1.00, 10.00, 10.00, 1.00, 1.00, 2.86, 10.00, 1.00, 10.00],
  xi_232 = [10.00, 10.00, 1.27, 1.79, 2.83, 10.00, 10.00, 1.00, 10.00, 10.00, 10.00, 4.53, 6.21, 10.00, 10.00, 4.74, 10.00, 1.00, 10.00, 10.00],
  xi_233 = [10.00, 1.00, 10.00, 10.00, 10.00, 10.00, 10.00, 10.00, 10.00, 10.00, 3.95, 10.00, 1.00, 5.34, 10.00, 10.00, 3.23, 4.13, 10.00, 1.00],
  xi_234 = [1.84, 10.00, 1.00, 10.00, 1.85, 5.93, 8.89, 10.00, 1.00, 1.00, 1.00, 1.00, 10.00, 10.00, 1.00, 4.24, 1.00, 10.00, 10.00, 3.17],
  xi_235 = [10.00, 10.00, 1.12, 10.00, 3.54, 1.00, 10.00, 1.00, 1.00, 10.00, 1.67, 10.00, 10.00, 10.00, 3.29, 1.97, 1.00, 10.00, 10.00, 7.91],
  xi_241 = [1.00, 1.54, 9.55, 10.00, 1.00, 4.18, 1.00, 9.17, 1.00, 10.00, 1.00, 1.00, 1.00, 10.00, 1.00, 1.00, 10.00, 2.53, 1.00, 1.00],
  xi_242 = [10.00, 1.00, 5.42, 1.00, 1.00, 10.00, 1.42, 10.00, 1.00, 10.00, 2.06, 1.00, 2.00, 10.00, 1.00, 10.00, 1.00, 6.26, 9.61, 1.00],
  xi_243 = [10.00, 1.00, 10.00, 10.00, 10.00, 10.00, 10.00, 10.00, 10.00, 10.00, 1.00, 1.00, 5.05, 10.00, 10.00, 1.00, 7.60, 10.00, 5.22, 10.00],
  xi_244 = [10.00, 10.00, 1.00, 10.00, 6.44, 10.00, 1.00, 1.00, 10.00, 10.00, 4.99, 1.00, 10.00, 10.00, 10.00, 10.00, 3.04, 10.00, 1.00, 3.18],
  xi_245 = [1.78, 10.00, 10.00, 10.00, 10.00, 1.00, 10.00, 1.00, 10.00, 1.62, 10.00, 10.00, 10.00, 8.14, 10.00, 9.96, 3.94, 10.00, 10.00, 10.00],
  xi_251 = [3.40, 1.00, 1.00, 10.00, 4.48, 1.00, 10.00, 10.00, 10.00, 5.47, 1.00, 1.00, 1.22, 1.49, 1.00, 1.00, 10.00, 1.35, 5.05, 6.87],
  xi_252 = [1.19, 10.00, 3.84, 9.45, 1.20, 2.16, 8.08, 2.54, 10.00, 1.34, 10.00, 3.49, 1.50, 10.00, 1.00, 10.00, 7.16, 2.42, 1.00, 7.44],
  xi_253 = [2.97, 10.00, 1.00, 7.23, 2.30, 10.00, 10.00, 4.44, 1.00, 6.00, 1.00, 5.55, 4.66, 1.65, 2.60, 10.00, 1.55, 3.98, 8.15, 1.00],
  xi_254 = [1.00, 1.00, 4.10, 1.00, 1.00, 1.28, 1.00, 5.96, 1.00, 1.00, 9.10, 1.00, 1.00, 2.16, 3.09, 1.00, 7.88, 10.00, 2.24, 2.32],
  xi_255 = [1.00, 10.00, 6.52, 1.89, 9.34, 1.64, 10.00, 5.37, 1.00, 2.68, 10.00, 10.00, 1.59, 1.00, 10.00, 1.00, 1.97, 2.34, 1.69, 3.54],
  xi_261 = [2.49, 2.47, 2.56, 1.00, 1.00, 1.00, 1.00, 10.00, 1.00, 4.32, 10.00, 10.00, 2.70, 4.24, 7.67, 10.00, 1.00, 10.00, 1.00, 5.17],
  xi_262 = [6.39, 3.70, 1.22, 10.00, 1.00, 1.43, 5.98, 1.00, 10.00, 1.86, 6.82, 5.35, 1.00, 10.00, 7.80, 1.86, 10.00, 1.00, 1.23, 1.00],
  xi_263 = [1.00, 2.21, 1.00, 1.00, 9.38, 1.46, 1.00, 4.34, 10.00, 10.00, 1.00, 10.00, 10.00, 9.65, 2.53, 10.00, 1.00, 1.00, 1.17, 1.00],
  xi_264 = [4.88, 10.00, 2.37, 4.56, 1.12, 2.33, 1.00, 8.28, 3.57, 1.00, 10.00, 1.22, 1.00, 10.00, 10.00, 1.00, 2.20, 1.00, 10.00, 1.00],
  xi_265 = [8.67, 1.81, 1.00, 5.00, 1.00, 10.00, 1.00, 3.02, 5.15, 1.09, 1.00, 1.36, 10.00, 2.41, 2.10, 1.33, 3.11, 2.43, 10.00, 1.00],
  xi_271 = [10.00, 10.00, 1.00, 10.00, 1.00, 10.00, 1.00, 1.00, 10.00, 1.00, 10.00, 3.06, 1.99, 3.75, 10.00, 5.15, 1.00, 10.00, 1.00, 1.00],
  xi_272 = [10.00, 6.84, 10.00, 1.00, 10.00, 10.00, 1.00, 4.95, 4.16, 10.00, 1.19, 1.00, 1.00, 1.00, 10.00, 10.00, 3.67, 10.00, 1.00, 2.13],
  xi_273 = [10.00, 10.00, 10.00, 1.00, 10.00, 10.00, 4.92, 10.00, 10.00, 10.00, 4.13, 10.00, 10.00, 1.04, 10.00, 1.41, 1.31, 1.00, 1.00, 10.00],
  xi_274 = [10.00, 1.00, 1.49, 8.52, 1.00, 2.51, 10.00, 10.00, 10.00, 2.01, 10.00, 2.49, 10.00, 1.00, 10.00, 10.00, 10.00, 1.00, 1.00, 1.00],
  xi_275 = [1.00, 10.00, 10.00, 10.00, 1.00, 10.00, 2.74, 8.78, 10.00, 3.59, 10.00, 1.00, 1.00, 10.00, 10.00, 10.00, 10.00, 9.76, 4.26, 1.00],
  xi_281 = [1.00, 1.00, 1.00, 10.00, 10.00, 1.00, 10.00, 1.00, 10.00, 10.00, 10.00, 10.00, 1.00, 3.42, 10.00, 1.00, 1.00, 1.92, 10.00, 10.00],
  xi_282 = [10.00, 1.00, 3.72, 10.00, 1.10, 1.43, 1.00, 8.79, 7.06, 10.00, 1.00, 10.00, 10.00, 10.00, 10.00, 1.00, 5.41, 10.00, 10.00, 1.00],
  xi_283 = [10.00, 10.00, 10.00, 10.00, 8.76, 1.00, 4.35, 2.50, 1.00, 7.21, 2.38, 3.43, 4.28, 10.00, 10.00, 10.00, 10.00, 1.00, 10.00, 1.00],
  xi_284 = [2.38, 10.00, 10.00, 10.00, 1.00, 10.00, 10.00, 10.00, 1.00, 10.00, 1.00, 10.00, 10.00, 10.00, 8.35, 7.38, 6.30, 10.00, 10.00, 10.00],
  xi_285 = [10.00, 10.00, 6.89, 3.56, 8.50, 1.00, 1.00, 10.00, 1.00, 1.00, 1.00, 1.00, 1.00, 10.00, 10.00, 10.00, 1.00, 1.00, 10.00, 10.00],
  xi_291 = [5.47, 10.00, 1.00, 1.00, 1.00, 1.00, 10.00, 4.92, 10.00, 10.00, 10.00, 8.58, 10.00, 10.00, 1.00, 1.00, 1.18, 10.00, 5.48, 10.00],
  xi_292 = [10.00, 1.00, 10.00, 10.00, 2.34, 1.00, 1.00, 10.00, 10.00, 10.00, 2.28, 10.00, 1.00, 1.23, 1.00, 1.00, 10.00, 10.00, 5.08, 1.00],
  xi_293 = [1.00, 10.00, 1.00, 1.00, 1.00, 1.66, 10.00, 10.00, 10.00, 10.00, 10.00, 10.00, 1.00, 8.06, 1.57, 10.00, 10.00, 10.00, 10.00, 10.00],
  xi_294 = [10.00, 1.00, 10.00, 10.00, 10.00, 10.00, 10.00, 1.15, 1.88, 1.23, 10.00, 10.00, 10.00, 9.64, 1.00, 1.00, 10.00, 1.00, 1.00, 10.00],
  xi_295 = [10.00, 10.00, 10.00, 1.00, 10.00, 1.00, 10.00, 3.20, 1.00, 8.83, 1.00, 10.00, 10.00, 1.00, 10.00, 10.00, 10.00, 1.00, 10.00, 1.92],
  xi_301 = [4.97, 1.00, 1.00, 10.00, 10.00, 10.00, 10.00, 3.10, 10.00, 10.00, 1.00, 1.23, 1.00, 1.00, 10.00, 10.00, 10.00, 10.00, 10.00, 10.00],
  xi_302 = [10.00, 5.98, 10.00, 10.00, 1.00, 1.00, 10.00, 10.00, 1.00, 7.49, 1.00, 1.50, 1.00, 10.00, 1.62, 10.00, 10.00, 1.00, 10.00, 1.00],
  xi_303 = [10.00, 1.00, 1.00, 4.13, 4.76, 10.00, 1.00, 1.00, 5.50, 10.00, 10.00, 10.00, 10.00, 1.00, 1.00, 1.00, 10.00, 10.00, 1.00, 3.64],
  xi_304 = [1.00, 10.00, 1.00, 10.00, 10.00, 1.00, 10.00, 10.00, 1.00, 10.00, 2.80, 1.00, 1.00, 6.71, 10.00, 10.00, 1.00, 10.00, 10.00, 10.00],
  xi_305 = [10.00, 1.00, 10.00, 1.00, 1.00, 10.00, 10.00, 1.72, 10.00, 4.49, 1.00, 3.59, 1.00, 10.00, 10.00, 1.00, 10.00, 3.90, 10.00, 10.00],
]

Transportation Costs (cjk) = [
  [0.10, 6.23, 4.94, 16.51, 1.75],
  [0.10, 11.01, 36.28, 12.46, 2.80],
  [10.35, 20.10, 9.17, 3.54, 8.99],
  [0.10, 13.38, 5.05, 0.10, 0.10],
  [32.20, 20.06, 0.10, 4.32, 9.00],
  [5.74, 0.10, 21.49, 0.29, 10.05],
  [2.24, 14.19, 0.35, 6.61, 6.59],
  [11.34, 3.78, 0.88, 4.66, 6.17],
  [0.10, 0.28, 21.50, 3.61, 1.97],
  [25.25, 18.34, 14.54, 0.10, 1.05],
  [1.31, 21.02, 0.10, 5.84, 24.76],
  [0.10, 34.86, 4.46, 0.10, 0.13],
  [23.21, 0.65, 1.01, 37.73, 7.47],
  [6.57, 15.30, 32.36, 0.10, 0.10],
  [18.27, 7.76, 0.10, 22.31, 3.14],
  [0.10, 16.34, 11.95, 0.10, 0.10],
  [4.15, 2.47, 6.22, 2.70, 0.10],
  [0.10, 0.10, 3.14, 0.10, 0.73],
  [5.03, 0.10, 1.53, 6.17, 20.68],
  [0.10, 0.49, 7.69, 8.70, 8.16],
  [0.10, 30.12, 8.99, 0.10, 4.63],
  [9.51, 2.88, 5.81, 0.10, 13.79],
  [1.64, 11.32, 0.10, 0.10, 13.27],
  [0.10, 0.10, 12.54, 12.41, 0.10],
  [0.10, 0.10, 14.55, 27.38, 1.51],
  [0.10, 25.98, 4.04, 12.76, 35.66],
  [6.20, 5.09, 6.24, 47.60, 18.28],
  [0.10, 11.43, 9.03, 6.11, 4.69],
  [11.44, 11.23, 0.10, 0.10, 6.37],
  [2.67, 0.10, 0.10, 3.01, 0.10],
]

Mean Service Times (¦Ì_{jk}) = [
  mu_11 = [5.68],
  mu_12 = [6.27],
  mu_13 = [4.74],
  mu_14 = [7.28],
  mu_15 = [4.23],
  mu_21 = [4.43],
  mu_22 = [7.17],
  mu_23 = [7.41],
  mu_24 = [4.32],
  mu_25 = [5.16],
  mu_31 = [6.11],
  mu_32 = [4.16],
  mu_33 = [6.50],
  mu_34 = [5.93],
  mu_35 = [6.15],
  mu_41 = [4.78],
  mu_42 = [3.86],
  mu_43 = [5.92],
  mu_44 = [5.53],
  mu_45 = [4.29],
  mu_51 = [6.57],
  mu_52 = [6.41],
  mu_53 = [5.92],
  mu_54 = [7.43],
  mu_55 = [6.66],
  mu_61 = [4.38],
  mu_62 = [5.10],
  mu_63 = [4.54],
  mu_64 = [3.66],
  mu_65 = [4.48],
  mu_71 = [5.97],
  mu_72 = [3.49],
  mu_73 = [6.29],
  mu_74 = [4.40],
  mu_75 = [5.26],
  mu_81 = [6.65],
  mu_82 = [6.51],
  mu_83 = [6.10],
  mu_84 = [5.92],
  mu_85 = [6.45],
  mu_91 = [4.97],
  mu_92 = [6.36],
  mu_93 = [5.22],
  mu_94 = [6.49],
  mu_95 = [7.06],
  mu_101 = [4.70],
  mu_102 = [5.80],
  mu_103 = [4.83],
  mu_104 = [5.32],
  mu_105 = [4.80],
  mu_111 = [5.46],
  mu_112 = [4.73],
  mu_113 = [5.97],
  mu_114 = [2.88],
  mu_115 = [3.82],
  mu_121 = [3.16],
  mu_122 = [4.82],
  mu_123 = [4.94],
  mu_124 = [4.57],
  mu_125 = [4.15],
  mu_131 = [5.84],
  mu_132 = [6.41],
  mu_133 = [5.37],
  mu_134 = [5.22],
  mu_135 = [5.72],
  mu_141 = [6.49],
  mu_142 = [4.99],
  mu_143 = [4.78],
  mu_144 = [4.59],
  mu_145 = [5.13],
  mu_151 = [4.90],
  mu_152 = [5.22],
  mu_153 = [3.32],
  mu_154 = [4.38],
  mu_155 = [4.03],
  mu_161 = [4.87],
  mu_162 = [5.48],
  mu_163 = [4.57],
  mu_164 = [5.48],
  mu_165 = [6.86],
  mu_171 = [6.15],
  mu_172 = [6.54],
  mu_173 = [5.13],
  mu_174 = [6.76],
  mu_175 = [6.36],
  mu_181 = [3.63],
  mu_182 = [5.06],
  mu_183 = [4.38],
  mu_184 = [4.46],
  mu_185 = [3.96],
  mu_191 = [7.10],
  mu_192 = [6.35],
  mu_193 = [6.29],
  mu_194 = [6.14],
  mu_195 = [5.96],
  mu_201 = [4.46],
  mu_202 = [4.94],
  mu_203 = [6.33],
  mu_204 = [4.47],
  mu_205 = [6.67],
  mu_211 = [6.58],
  mu_212 = [5.52],
  mu_213 = [6.72],
  mu_214 = [4.57],
  mu_215 = [5.14],
  mu_221 = [6.85],
  mu_222 = [6.84],
  mu_223 = [6.96],
  mu_224 = [6.13],
  mu_225 = [5.55],
  mu_231 = [5.93],
  mu_232 = [7.17],
  mu_233 = [7.48],
  mu_234 = [5.15],
  mu_235 = [6.18],
  mu_241 = [3.90],
  mu_242 = [4.74],
  mu_243 = [7.59],
  mu_244 = [6.63],
  mu_245 = [7.87],
  mu_251 = [4.32],
  mu_252 = [5.19],
  mu_253 = [4.75],
  mu_254 = [2.91],
  mu_255 = [4.63],
  mu_261 = [4.43],
  mu_262 = [4.43],
  mu_263 = [4.44],
  mu_264 = [4.33],
  mu_265 = [3.62],
  mu_271 = [5.10],
  mu_272 = [5.45],
  mu_273 = [6.79],
  mu_274 = [5.65],
  mu_275 = [6.71],
  mu_281 = [5.67],
  mu_282 = [6.13],
  mu_283 = [6.35],
  mu_284 = [7.87],
  mu_285 = [5.40],
  mu_291 = [6.08],
  mu_292 = [5.40],
  mu_293 = [6.81],
  mu_294 = [6.45],
  mu_295 = [6.50],
  mu_301 = [6.72],
  mu_302 = [5.68],
  mu_303 = [5.30],
  mu_304 = [6.33],
  mu_305 = [5.98],
]

Mean Transportation Times (¦Ó_{jk}) = [
  tau_11 = [1.69],
  tau_12 = [1.67],
  tau_13 = [1.64],
  tau_14 = [1.66],
  tau_15 = [1.70],
  tau_21 = [1.66],
  tau_22 = [1.67],
  tau_23 = [1.66],
  tau_24 = [1.66],
  tau_25 = [1.69],
  tau_31 = [1.64],
  tau_32 = [1.67],
  tau_33 = [1.66],
  tau_34 = [1.66],
  tau_35 = [1.65],
  tau_41 = [1.67],
  tau_42 = [1.67],
  tau_43 = [1.68],
  tau_44 = [1.68],
  tau_45 = [1.66],
  tau_51 = [1.63],
  tau_52 = [1.68],
  tau_53 = [1.63],
  tau_54 = [1.69],
  tau_55 = [1.67],
  tau_61 = [3.03],
  tau_62 = [3.01],
  tau_63 = [3.04],
  tau_64 = [3.05],
  tau_65 = [3.05],
  tau_71 = [1.71],
  tau_72 = [1.69],
  tau_73 = [1.67],
  tau_74 = [1.66],
  tau_75 = [1.65],
  tau_81 = [2.90],
  tau_82 = [3.09],
  tau_83 = [3.17],
  tau_84 = [3.04],
  tau_85 = [3.10],
  tau_91 = [2.89],
  tau_92 = [3.02],
  tau_93 = [2.97],
  tau_94 = [2.96],
  tau_95 = [3.03],
  tau_101 = [1.69],
  tau_102 = [1.70],
  tau_103 = [1.69],
  tau_104 = [1.66],
  tau_105 = [1.68],
  tau_111 = [1.67],
  tau_112 = [1.68],
  tau_113 = [1.67],
  tau_114 = [1.67],
  tau_115 = [1.68],
  tau_121 = [3.05],
  tau_122 = [2.97],
  tau_123 = [3.03],
  tau_124 = [3.04],
  tau_125 = [2.97],
  tau_131 = [2.97],
  tau_132 = [3.10],
  tau_133 = [3.09],
  tau_134 = [2.91],
  tau_135 = [2.98],
  tau_141 = [3.02],
  tau_142 = [3.03],
  tau_143 = [3.01],
  tau_144 = [3.08],
  tau_145 = [3.05],
  tau_151 = [1.63],
  tau_152 = [1.67],
  tau_153 = [1.65],
  tau_154 = [1.65],
  tau_155 = [1.66],
  tau_161 = [3.17],
  tau_162 = [3.11],
  tau_163 = [2.87],
  tau_164 = [3.10],
  tau_165 = [2.88],
  tau_171 = [1.69],
  tau_172 = [1.69],
  tau_173 = [1.66],
  tau_174 = [1.67],
  tau_175 = [1.69],
  tau_181 = [2.90],
  tau_182 = [3.00],
  tau_183 = [3.03],
  tau_184 = [3.08],
  tau_185 = [2.96],
  tau_191 = [1.67],
  tau_192 = [1.65],
  tau_193 = [1.66],
  tau_194 = [1.69],
  tau_195 = [1.66],
  tau_201 = [1.69],
  tau_202 = [1.67],
  tau_203 = [1.66],
  tau_204 = [1.64],
  tau_205 = [1.67],
  tau_211 = [1.68],
  tau_212 = [1.70],
  tau_213 = [1.70],
  tau_214 = [1.68],
  tau_215 = [1.67],
  tau_221 = [2.92],
  tau_222 = [2.93],
  tau_223 = [3.01],
  tau_224 = [2.97],
  tau_225 = [2.93],
  tau_231 = [3.14],
  tau_232 = [3.15],
  tau_233 = [3.16],
  tau_234 = [3.00],
  tau_235 = [3.05],
  tau_241 = [1.63],
  tau_242 = [1.65],
  tau_243 = [1.65],
  tau_244 = [1.66],
  tau_245 = [1.67],
  tau_251 = [3.02],
  tau_252 = [2.93],
  tau_253 = [3.02],
  tau_254 = [3.09],
  tau_255 = [3.10],
  tau_261 = [1.66],
  tau_262 = [1.63],
  tau_263 = [1.66],
  tau_264 = [1.65],
  tau_265 = [1.64],
  tau_271 = [1.70],
  tau_272 = [1.64],
  tau_273 = [1.65],
  tau_274 = [1.68],
  tau_275 = [1.66],
  tau_281 = [2.99],
  tau_282 = [2.86],
  tau_283 = [3.01],
  tau_284 = [3.05],
  tau_285 = [2.98],
  tau_291 = [2.97],
  tau_292 = [3.05],
  tau_293 = [2.99],
  tau_294 = [2.95],
  tau_295 = [3.02],
  tau_301 = [3.02],
  tau_302 = [3.00],
  tau_303 = [2.98],
  tau_304 = [3.04],
  tau_305 = [3.03],
]

Epsilon + ¦Ì_{jk} = [
  epsilon_plus_mu_11 = [8.52],
  epsilon_plus_mu_12 = [9.41],
  epsilon_plus_mu_13 = [7.12],
  epsilon_plus_mu_14 = [10.92],
  epsilon_plus_mu_15 = [6.34],
  epsilon_plus_mu_21 = [6.64],
  epsilon_plus_mu_22 = [10.76],
  epsilon_plus_mu_23 = [11.11],
  epsilon_plus_mu_24 = [6.47],
  epsilon_plus_mu_25 = [7.75],
  epsilon_plus_mu_31 = [9.17],
  epsilon_plus_mu_32 = [6.24],
  epsilon_plus_mu_33 = [9.75],
  epsilon_plus_mu_34 = [8.89],
  epsilon_plus_mu_35 = [9.23],
  epsilon_plus_mu_41 = [7.16],
  epsilon_plus_mu_42 = [5.79],
  epsilon_plus_mu_43 = [8.88],
  epsilon_plus_mu_44 = [8.30],
  epsilon_plus_mu_45 = [6.43],
  epsilon_plus_mu_51 = [9.85],
  epsilon_plus_mu_52 = [9.62],
  epsilon_plus_mu_53 = [8.89],
  epsilon_plus_mu_54 = [11.14],
  epsilon_plus_mu_55 = [9.99],
  epsilon_plus_mu_61 = [6.57],
  epsilon_plus_mu_62 = [7.65],
  epsilon_plus_mu_63 = [6.81],
  epsilon_plus_mu_64 = [5.49],
  epsilon_plus_mu_65 = [6.73],
  epsilon_plus_mu_71 = [8.96],
  epsilon_plus_mu_72 = [5.24],
  epsilon_plus_mu_73 = [9.43],
  epsilon_plus_mu_74 = [6.60],
  epsilon_plus_mu_75 = [7.88],
  epsilon_plus_mu_81 = [9.97],
  epsilon_plus_mu_82 = [9.76],
  epsilon_plus_mu_83 = [9.15],
  epsilon_plus_mu_84 = [8.89],
  epsilon_plus_mu_85 = [9.67],
  epsilon_plus_mu_91 = [7.46],
  epsilon_plus_mu_92 = [9.54],
  epsilon_plus_mu_93 = [7.83],
  epsilon_plus_mu_94 = [9.74],
  epsilon_plus_mu_95 = [10.58],
  epsilon_plus_mu_101 = [7.06],
  epsilon_plus_mu_102 = [8.70],
  epsilon_plus_mu_103 = [7.25],
  epsilon_plus_mu_104 = [7.98],
  epsilon_plus_mu_105 = [7.20],
  epsilon_plus_mu_111 = [8.19],
  epsilon_plus_mu_112 = [7.09],
  epsilon_plus_mu_113 = [8.95],
  epsilon_plus_mu_114 = [4.32],
  epsilon_plus_mu_115 = [5.73],
  epsilon_plus_mu_121 = [4.74],
  epsilon_plus_mu_122 = [7.23],
  epsilon_plus_mu_123 = [7.42],
  epsilon_plus_mu_124 = [6.85],
  epsilon_plus_mu_125 = [6.23],
  epsilon_plus_mu_131 = [8.76],
  epsilon_plus_mu_132 = [9.61],
  epsilon_plus_mu_133 = [8.06],
  epsilon_plus_mu_134 = [7.83],
  epsilon_plus_mu_135 = [8.58],
  epsilon_plus_mu_141 = [9.73],
  epsilon_plus_mu_142 = [7.49],
  epsilon_plus_mu_143 = [7.17],
  epsilon_plus_mu_144 = [6.88],
  epsilon_plus_mu_145 = [7.70],
  epsilon_plus_mu_151 = [7.34],
  epsilon_plus_mu_152 = [7.83],
  epsilon_plus_mu_153 = [4.98],
  epsilon_plus_mu_154 = [6.57],
  epsilon_plus_mu_155 = [6.05],
  epsilon_plus_mu_161 = [7.31],
  epsilon_plus_mu_162 = [8.22],
  epsilon_plus_mu_163 = [6.85],
  epsilon_plus_mu_164 = [8.22],
  epsilon_plus_mu_165 = [10.29],
  epsilon_plus_mu_171 = [9.22],
  epsilon_plus_mu_172 = [9.80],
  epsilon_plus_mu_173 = [7.69],
  epsilon_plus_mu_174 = [10.14],
  epsilon_plus_mu_175 = [9.54],
  epsilon_plus_mu_181 = [5.44],
  epsilon_plus_mu_182 = [7.59],
  epsilon_plus_mu_183 = [6.58],
  epsilon_plus_mu_184 = [6.69],
  epsilon_plus_mu_185 = [5.94],
  epsilon_plus_mu_191 = [10.65],
  epsilon_plus_mu_192 = [9.53],
  epsilon_plus_mu_193 = [9.43],
  epsilon_plus_mu_194 = [9.21],
  epsilon_plus_mu_195 = [8.94],
  epsilon_plus_mu_201 = [6.68],
  epsilon_plus_mu_202 = [7.41],
  epsilon_plus_mu_203 = [9.50],
  epsilon_plus_mu_204 = [6.71],
  epsilon_plus_mu_205 = [10.00],
  epsilon_plus_mu_211 = [9.87],
  epsilon_plus_mu_212 = [8.27],
  epsilon_plus_mu_213 = [10.08],
  epsilon_plus_mu_214 = [6.86],
  epsilon_plus_mu_215 = [7.72],
  epsilon_plus_mu_221 = [10.28],
  epsilon_plus_mu_222 = [10.27],
  epsilon_plus_mu_223 = [10.44],
  epsilon_plus_mu_224 = [9.20],
  epsilon_plus_mu_225 = [8.33],
  epsilon_plus_mu_231 = [8.89],
  epsilon_plus_mu_232 = [10.75],
  epsilon_plus_mu_233 = [11.22],
  epsilon_plus_mu_234 = [7.72],
  epsilon_plus_mu_235 = [9.26],
  epsilon_plus_mu_241 = [5.85],
  epsilon_plus_mu_242 = [7.11],
  epsilon_plus_mu_243 = [11.39],
  epsilon_plus_mu_244 = [9.95],
  epsilon_plus_mu_245 = [11.81],
  epsilon_plus_mu_251 = [6.47],
  epsilon_plus_mu_252 = [7.79],
  epsilon_plus_mu_253 = [7.13],
  epsilon_plus_mu_254 = [4.36],
  epsilon_plus_mu_255 = [6.94],
  epsilon_plus_mu_261 = [6.65],
  epsilon_plus_mu_262 = [6.65],
  epsilon_plus_mu_263 = [6.66],
  epsilon_plus_mu_264 = [6.49],
  epsilon_plus_mu_265 = [5.44],
  epsilon_plus_mu_271 = [7.65],
  epsilon_plus_mu_272 = [8.17],
  epsilon_plus_mu_273 = [10.19],
  epsilon_plus_mu_274 = [8.48],
  epsilon_plus_mu_275 = [10.06],
  epsilon_plus_mu_281 = [8.50],
  epsilon_plus_mu_282 = [9.19],
  epsilon_plus_mu_283 = [9.52],
  epsilon_plus_mu_284 = [11.81],
  epsilon_plus_mu_285 = [8.10],
  epsilon_plus_mu_291 = [9.12],
  epsilon_plus_mu_292 = [8.09],
  epsilon_plus_mu_293 = [10.22],
  epsilon_plus_mu_294 = [9.67],
  epsilon_plus_mu_295 = [9.75],
  epsilon_plus_mu_301 = [10.07],
  epsilon_plus_mu_302 = [8.52],
  epsilon_plus_mu_303 = [7.95],
  epsilon_plus_mu_304 = [9.49],
  epsilon_plus_mu_305 = [8.98],
]

Epsilon - ¦Ì_{jk} = [
  epsilon_minus_mu_11 = [-2.84],
  epsilon_minus_mu_12 = [-3.14],
  epsilon_minus_mu_13 = [-2.37],
  epsilon_minus_mu_14 = [-3.64],
  epsilon_minus_mu_15 = [-2.11],
  epsilon_minus_mu_21 = [-2.21],
  epsilon_minus_mu_22 = [-3.59],
  epsilon_minus_mu_23 = [-3.70],
  epsilon_minus_mu_24 = [-2.16],
  epsilon_minus_mu_25 = [-2.58],
  epsilon_minus_mu_31 = [-3.06],
  epsilon_minus_mu_32 = [-2.08],
  epsilon_minus_mu_33 = [-3.25],
  epsilon_minus_mu_34 = [-2.96],
  epsilon_minus_mu_35 = [-3.08],
  epsilon_minus_mu_41 = [-2.39],
  epsilon_minus_mu_42 = [-1.93],
  epsilon_minus_mu_43 = [-2.96],
  epsilon_minus_mu_44 = [-2.77],
  epsilon_minus_mu_45 = [-2.14],
  epsilon_minus_mu_51 = [-3.28],
  epsilon_minus_mu_52 = [-3.21],
  epsilon_minus_mu_53 = [-2.96],
  epsilon_minus_mu_54 = [-3.71],
  epsilon_minus_mu_55 = [-3.33],
  epsilon_minus_mu_61 = [-2.19],
  epsilon_minus_mu_62 = [-2.55],
  epsilon_minus_mu_63 = [-2.27],
  epsilon_minus_mu_64 = [-1.83],
  epsilon_minus_mu_65 = [-2.24],
  epsilon_minus_mu_71 = [-2.99],
  epsilon_minus_mu_72 = [-1.75],
  epsilon_minus_mu_73 = [-3.14],
  epsilon_minus_mu_74 = [-2.20],
  epsilon_minus_mu_75 = [-2.63],
  epsilon_minus_mu_81 = [-3.32],
  epsilon_minus_mu_82 = [-3.25],
  epsilon_minus_mu_83 = [-3.05],
  epsilon_minus_mu_84 = [-2.96],
  epsilon_minus_mu_85 = [-3.22],
  epsilon_minus_mu_91 = [-2.49],
  epsilon_minus_mu_92 = [-3.18],
  epsilon_minus_mu_93 = [-2.61],
  epsilon_minus_mu_94 = [-3.25],
  epsilon_minus_mu_95 = [-3.53],
  epsilon_minus_mu_101 = [-2.35],
  epsilon_minus_mu_102 = [-2.90],
  epsilon_minus_mu_103 = [-2.42],
  epsilon_minus_mu_104 = [-2.66],
  epsilon_minus_mu_105 = [-2.40],
  epsilon_minus_mu_111 = [-2.73],
  epsilon_minus_mu_112 = [-2.36],
  epsilon_minus_mu_113 = [-2.98],
  epsilon_minus_mu_114 = [-1.44],
  epsilon_minus_mu_115 = [-1.91],
  epsilon_minus_mu_121 = [-1.58],
  epsilon_minus_mu_122 = [-2.41],
  epsilon_minus_mu_123 = [-2.47],
  epsilon_minus_mu_124 = [-2.28],
  epsilon_minus_mu_125 = [-2.08],
  epsilon_minus_mu_131 = [-2.92],
  epsilon_minus_mu_132 = [-3.20],
  epsilon_minus_mu_133 = [-2.69],
  epsilon_minus_mu_134 = [-2.61],
  epsilon_minus_mu_135 = [-2.86],
  epsilon_minus_mu_141 = [-3.24],
  epsilon_minus_mu_142 = [-2.50],
  epsilon_minus_mu_143 = [-2.39],
  epsilon_minus_mu_144 = [-2.29],
  epsilon_minus_mu_145 = [-2.57],
  epsilon_minus_mu_151 = [-2.45],
  epsilon_minus_mu_152 = [-2.61],
  epsilon_minus_mu_153 = [-1.66],
  epsilon_minus_mu_154 = [-2.19],
  epsilon_minus_mu_155 = [-2.02],
  epsilon_minus_mu_161 = [-2.44],
  epsilon_minus_mu_162 = [-2.74],
  epsilon_minus_mu_163 = [-2.28],
  epsilon_minus_mu_164 = [-2.74],
  epsilon_minus_mu_165 = [-3.43],
  epsilon_minus_mu_171 = [-3.07],
  epsilon_minus_mu_172 = [-3.27],
  epsilon_minus_mu_173 = [-2.56],
  epsilon_minus_mu_174 = [-3.38],
  epsilon_minus_mu_175 = [-3.18],
  epsilon_minus_mu_181 = [-1.81],
  epsilon_minus_mu_182 = [-2.53],
  epsilon_minus_mu_183 = [-2.19],
  epsilon_minus_mu_184 = [-2.23],
  epsilon_minus_mu_185 = [-1.98],
  epsilon_minus_mu_191 = [-3.55],
  epsilon_minus_mu_192 = [-3.18],
  epsilon_minus_mu_193 = [-3.14],
  epsilon_minus_mu_194 = [-3.07],
  epsilon_minus_mu_195 = [-2.98],
  epsilon_minus_mu_201 = [-2.23],
  epsilon_minus_mu_202 = [-2.47],
  epsilon_minus_mu_203 = [-3.17],
  epsilon_minus_mu_204 = [-2.24],
  epsilon_minus_mu_205 = [-3.33],
  epsilon_minus_mu_211 = [-3.29],
  epsilon_minus_mu_212 = [-2.76],
  epsilon_minus_mu_213 = [-3.36],
  epsilon_minus_mu_214 = [-2.29],
  epsilon_minus_mu_215 = [-2.57],
  epsilon_minus_mu_221 = [-3.43],
  epsilon_minus_mu_222 = [-3.42],
  epsilon_minus_mu_223 = [-3.48],
  epsilon_minus_mu_224 = [-3.07],
  epsilon_minus_mu_225 = [-2.78],
  epsilon_minus_mu_231 = [-2.96],
  epsilon_minus_mu_232 = [-3.58],
  epsilon_minus_mu_233 = [-3.74],
  epsilon_minus_mu_234 = [-2.57],
  epsilon_minus_mu_235 = [-3.09],
  epsilon_minus_mu_241 = [-1.95],
  epsilon_minus_mu_242 = [-2.37],
  epsilon_minus_mu_243 = [-3.80],
  epsilon_minus_mu_244 = [-3.32],
  epsilon_minus_mu_245 = [-3.94],
  epsilon_minus_mu_251 = [-2.16],
  epsilon_minus_mu_252 = [-2.60],
  epsilon_minus_mu_253 = [-2.38],
  epsilon_minus_mu_254 = [-1.45],
  epsilon_minus_mu_255 = [-2.31],
  epsilon_minus_mu_261 = [-2.22],
  epsilon_minus_mu_262 = [-2.22],
  epsilon_minus_mu_263 = [-2.22],
  epsilon_minus_mu_264 = [-2.16],
  epsilon_minus_mu_265 = [-1.81],
  epsilon_minus_mu_271 = [-2.55],
  epsilon_minus_mu_272 = [-2.72],
  epsilon_minus_mu_273 = [-3.40],
  epsilon_minus_mu_274 = [-2.83],
  epsilon_minus_mu_275 = [-3.35],
  epsilon_minus_mu_281 = [-2.83],
  epsilon_minus_mu_282 = [-3.06],
  epsilon_minus_mu_283 = [-3.17],
  epsilon_minus_mu_284 = [-3.94],
  epsilon_minus_mu_285 = [-2.70],
  epsilon_minus_mu_291 = [-3.04],
  epsilon_minus_mu_292 = [-2.70],
  epsilon_minus_mu_293 = [-3.41],
  epsilon_minus_mu_294 = [-3.22],
  epsilon_minus_mu_295 = [-3.25],
  epsilon_minus_mu_301 = [-3.36],
  epsilon_minus_mu_302 = [-2.84],
  epsilon_minus_mu_303 = [-2.65],
  epsilon_minus_mu_304 = [-3.16],
  epsilon_minus_mu_305 = [-2.99],
]

Sigma + ¦Ó_{jk} = [
  sigma_plus_tau_11 = [2.54],
  sigma_plus_tau_12 = [2.50],
  sigma_plus_tau_13 = [2.46],
  sigma_plus_tau_14 = [2.49],
  sigma_plus_tau_15 = [2.54],
  sigma_plus_tau_21 = [2.49],
  sigma_plus_tau_22 = [2.50],
  sigma_plus_tau_23 = [2.48],
  sigma_plus_tau_24 = [2.49],
  sigma_plus_tau_25 = [2.53],
  sigma_plus_tau_31 = [2.46],
  sigma_plus_tau_32 = [2.51],
  sigma_plus_tau_33 = [2.48],
  sigma_plus_tau_34 = [2.48],
  sigma_plus_tau_35 = [2.47],
  sigma_plus_tau_41 = [2.50],
  sigma_plus_tau_42 = [2.50],
  sigma_plus_tau_43 = [2.53],
  sigma_plus_tau_44 = [2.52],
  sigma_plus_tau_45 = [2.49],
  sigma_plus_tau_51 = [2.45],
  sigma_plus_tau_52 = [2.53],
  sigma_plus_tau_53 = [2.44],
  sigma_plus_tau_54 = [2.54],
  sigma_plus_tau_55 = [2.50],
  sigma_plus_tau_61 = [4.55],
  sigma_plus_tau_62 = [4.52],
  sigma_plus_tau_63 = [4.56],
  sigma_plus_tau_64 = [4.58],
  sigma_plus_tau_65 = [4.58],
  sigma_plus_tau_71 = [2.57],
  sigma_plus_tau_72 = [2.53],
  sigma_plus_tau_73 = [2.50],
  sigma_plus_tau_74 = [2.48],
  sigma_plus_tau_75 = [2.48],
  sigma_plus_tau_81 = [4.36],
  sigma_plus_tau_82 = [4.64],
  sigma_plus_tau_83 = [4.75],
  sigma_plus_tau_84 = [4.56],
  sigma_plus_tau_85 = [4.65],
  sigma_plus_tau_91 = [4.33],
  sigma_plus_tau_92 = [4.54],
  sigma_plus_tau_93 = [4.46],
  sigma_plus_tau_94 = [4.43],
  sigma_plus_tau_95 = [4.55],
  sigma_plus_tau_101 = [2.54],
  sigma_plus_tau_102 = [2.56],
  sigma_plus_tau_103 = [2.54],
  sigma_plus_tau_104 = [2.50],
  sigma_plus_tau_105 = [2.52],
  sigma_plus_tau_111 = [2.50],
  sigma_plus_tau_112 = [2.51],
  sigma_plus_tau_113 = [2.50],
  sigma_plus_tau_114 = [2.51],
  sigma_plus_tau_115 = [2.52],
  sigma_plus_tau_121 = [4.57],
  sigma_plus_tau_122 = [4.46],
  sigma_plus_tau_123 = [4.54],
  sigma_plus_tau_124 = [4.55],
  sigma_plus_tau_125 = [4.46],
  sigma_plus_tau_131 = [4.45],
  sigma_plus_tau_132 = [4.65],
  sigma_plus_tau_133 = [4.64],
  sigma_plus_tau_134 = [4.37],
  sigma_plus_tau_135 = [4.48],
  sigma_plus_tau_141 = [4.53],
  sigma_plus_tau_142 = [4.55],
  sigma_plus_tau_143 = [4.52],
  sigma_plus_tau_144 = [4.62],
  sigma_plus_tau_145 = [4.58],
  sigma_plus_tau_151 = [2.44],
  sigma_plus_tau_152 = [2.51],
  sigma_plus_tau_153 = [2.47],
  sigma_plus_tau_154 = [2.48],
  sigma_plus_tau_155 = [2.48],
  sigma_plus_tau_161 = [4.76],
  sigma_plus_tau_162 = [4.66],
  sigma_plus_tau_163 = [4.30],
  sigma_plus_tau_164 = [4.65],
  sigma_plus_tau_165 = [4.32],
  sigma_plus_tau_171 = [2.54],
  sigma_plus_tau_172 = [2.53],
  sigma_plus_tau_173 = [2.49],
  sigma_plus_tau_174 = [2.51],
  sigma_plus_tau_175 = [2.53],
  sigma_plus_tau_181 = [4.35],
  sigma_plus_tau_182 = [4.51],
  sigma_plus_tau_183 = [4.54],
  sigma_plus_tau_184 = [4.61],
  sigma_plus_tau_185 = [4.44],
  sigma_plus_tau_191 = [2.51],
  sigma_plus_tau_192 = [2.48],
  sigma_plus_tau_193 = [2.49],
  sigma_plus_tau_194 = [2.53],
  sigma_plus_tau_195 = [2.48],
  sigma_plus_tau_201 = [2.53],
  sigma_plus_tau_202 = [2.50],
  sigma_plus_tau_203 = [2.49],
  sigma_plus_tau_204 = [2.46],
  sigma_plus_tau_205 = [2.51],
  sigma_plus_tau_211 = [2.52],
  sigma_plus_tau_212 = [2.54],
  sigma_plus_tau_213 = [2.55],
  sigma_plus_tau_214 = [2.52],
  sigma_plus_tau_215 = [2.51],
  sigma_plus_tau_221 = [4.38],
  sigma_plus_tau_222 = [4.40],
  sigma_plus_tau_223 = [4.52],
  sigma_plus_tau_224 = [4.46],
  sigma_plus_tau_225 = [4.39],
  sigma_plus_tau_231 = [4.71],
  sigma_plus_tau_232 = [4.72],
  sigma_plus_tau_233 = [4.74],
  sigma_plus_tau_234 = [4.50],
  sigma_plus_tau_235 = [4.58],
  sigma_plus_tau_241 = [2.45],
  sigma_plus_tau_242 = [2.47],
  sigma_plus_tau_243 = [2.47],
  sigma_plus_tau_244 = [2.49],
  sigma_plus_tau_245 = [2.50],
  sigma_plus_tau_251 = [4.52],
  sigma_plus_tau_252 = [4.39],
  sigma_plus_tau_253 = [4.53],
  sigma_plus_tau_254 = [4.64],
  sigma_plus_tau_255 = [4.65],
  sigma_plus_tau_261 = [2.48],
  sigma_plus_tau_262 = [2.44],
  sigma_plus_tau_263 = [2.49],
  sigma_plus_tau_264 = [2.48],
  sigma_plus_tau_265 = [2.46],
  sigma_plus_tau_271 = [2.55],
  sigma_plus_tau_272 = [2.46],
  sigma_plus_tau_273 = [2.47],
  sigma_plus_tau_274 = [2.52],
  sigma_plus_tau_275 = [2.48],
  sigma_plus_tau_281 = [4.49],
  sigma_plus_tau_282 = [4.29],
  sigma_plus_tau_283 = [4.51],
  sigma_plus_tau_284 = [4.58],
  sigma_plus_tau_285 = [4.46],
  sigma_plus_tau_291 = [4.45],
  sigma_plus_tau_292 = [4.57],
  sigma_plus_tau_293 = [4.49],
  sigma_plus_tau_294 = [4.43],
  sigma_plus_tau_295 = [4.54],
  sigma_plus_tau_301 = [4.53],
  sigma_plus_tau_302 = [4.50],
  sigma_plus_tau_303 = [4.46],
  sigma_plus_tau_304 = [4.56],
  sigma_plus_tau_305 = [4.54],
]

Sigma - ¦Ó_{jk} = [
  sigma_minus_tau_11 = [-0.85],
  sigma_minus_tau_12 = [-0.83],
  sigma_minus_tau_13 = [-0.82],
  sigma_minus_tau_14 = [-0.83],
  sigma_minus_tau_15 = [-0.85],
  sigma_minus_tau_21 = [-0.83],
  sigma_minus_tau_22 = [-0.83],
  sigma_minus_tau_23 = [-0.83],
  sigma_minus_tau_24 = [-0.83],
  sigma_minus_tau_25 = [-0.84],
  sigma_minus_tau_31 = [-0.82],
  sigma_minus_tau_32 = [-0.84],
  sigma_minus_tau_33 = [-0.83],
  sigma_minus_tau_34 = [-0.83],
  sigma_minus_tau_35 = [-0.82],
  sigma_minus_tau_41 = [-0.83],
  sigma_minus_tau_42 = [-0.83],
  sigma_minus_tau_43 = [-0.84],
  sigma_minus_tau_44 = [-0.84],
  sigma_minus_tau_45 = [-0.83],
  sigma_minus_tau_51 = [-0.82],
  sigma_minus_tau_52 = [-0.84],
  sigma_minus_tau_53 = [-0.81],
  sigma_minus_tau_54 = [-0.85],
  sigma_minus_tau_55 = [-0.83],
  sigma_minus_tau_61 = [-1.52],
  sigma_minus_tau_62 = [-1.51],
  sigma_minus_tau_63 = [-1.52],
  sigma_minus_tau_64 = [-1.53],
  sigma_minus_tau_65 = [-1.53],
  sigma_minus_tau_71 = [-0.86],
  sigma_minus_tau_72 = [-0.84],
  sigma_minus_tau_73 = [-0.83],
  sigma_minus_tau_74 = [-0.83],
  sigma_minus_tau_75 = [-0.83],
  sigma_minus_tau_81 = [-1.45],
  sigma_minus_tau_82 = [-1.55],
  sigma_minus_tau_83 = [-1.58],
  sigma_minus_tau_84 = [-1.52],
  sigma_minus_tau_85 = [-1.55],
  sigma_minus_tau_91 = [-1.44],
  sigma_minus_tau_92 = [-1.51],
  sigma_minus_tau_93 = [-1.49],
  sigma_minus_tau_94 = [-1.48],
  sigma_minus_tau_95 = [-1.52],
  sigma_minus_tau_101 = [-0.85],
  sigma_minus_tau_102 = [-0.85],
  sigma_minus_tau_103 = [-0.85],
  sigma_minus_tau_104 = [-0.83],
  sigma_minus_tau_105 = [-0.84],
  sigma_minus_tau_111 = [-0.83],
  sigma_minus_tau_112 = [-0.84],
  sigma_minus_tau_113 = [-0.83],
  sigma_minus_tau_114 = [-0.84],
  sigma_minus_tau_115 = [-0.84],
  sigma_minus_tau_121 = [-1.52],
  sigma_minus_tau_122 = [-1.49],
  sigma_minus_tau_123 = [-1.51],
  sigma_minus_tau_124 = [-1.52],
  sigma_minus_tau_125 = [-1.49],
  sigma_minus_tau_131 = [-1.48],
  sigma_minus_tau_132 = [-1.55],
  sigma_minus_tau_133 = [-1.55],
  sigma_minus_tau_134 = [-1.46],
  sigma_minus_tau_135 = [-1.49],
  sigma_minus_tau_141 = [-1.51],
  sigma_minus_tau_142 = [-1.52],
  sigma_minus_tau_143 = [-1.51],
  sigma_minus_tau_144 = [-1.54],
  sigma_minus_tau_145 = [-1.53],
  sigma_minus_tau_151 = [-0.81],
  sigma_minus_tau_152 = [-0.84],
  sigma_minus_tau_153 = [-0.82],
  sigma_minus_tau_154 = [-0.83],
  sigma_minus_tau_155 = [-0.83],
  sigma_minus_tau_161 = [-1.59],
  sigma_minus_tau_162 = [-1.55],
  sigma_minus_tau_163 = [-1.43],
  sigma_minus_tau_164 = [-1.55],
  sigma_minus_tau_165 = [-1.44],
  sigma_minus_tau_171 = [-0.85],
  sigma_minus_tau_172 = [-0.84],
  sigma_minus_tau_173 = [-0.83],
  sigma_minus_tau_174 = [-0.84],
  sigma_minus_tau_175 = [-0.84],
  sigma_minus_tau_181 = [-1.45],
  sigma_minus_tau_182 = [-1.50],
  sigma_minus_tau_183 = [-1.51],
  sigma_minus_tau_184 = [-1.54],
  sigma_minus_tau_185 = [-1.48],
  sigma_minus_tau_191 = [-0.84],
  sigma_minus_tau_192 = [-0.83],
  sigma_minus_tau_193 = [-0.83],
  sigma_minus_tau_194 = [-0.84],
  sigma_minus_tau_195 = [-0.83],
  sigma_minus_tau_201 = [-0.84],
  sigma_minus_tau_202 = [-0.83],
  sigma_minus_tau_203 = [-0.83],
  sigma_minus_tau_204 = [-0.82],
  sigma_minus_tau_205 = [-0.84],
  sigma_minus_tau_211 = [-0.84],
  sigma_minus_tau_212 = [-0.85],
  sigma_minus_tau_213 = [-0.85],
  sigma_minus_tau_214 = [-0.84],
  sigma_minus_tau_215 = [-0.84],
  sigma_minus_tau_221 = [-1.46],
  sigma_minus_tau_222 = [-1.47],
  sigma_minus_tau_223 = [-1.51],
  sigma_minus_tau_224 = [-1.49],
  sigma_minus_tau_225 = [-1.46],
  sigma_minus_tau_231 = [-1.57],
  sigma_minus_tau_232 = [-1.57],
  sigma_minus_tau_233 = [-1.58],
  sigma_minus_tau_234 = [-1.50],
  sigma_minus_tau_235 = [-1.53],
  sigma_minus_tau_241 = [-0.82],
  sigma_minus_tau_242 = [-0.82],
  sigma_minus_tau_243 = [-0.82],
  sigma_minus_tau_244 = [-0.83],
  sigma_minus_tau_245 = [-0.83],
  sigma_minus_tau_251 = [-1.51],
  sigma_minus_tau_252 = [-1.46],
  sigma_minus_tau_253 = [-1.51],
  sigma_minus_tau_254 = [-1.55],
  sigma_minus_tau_255 = [-1.55],
  sigma_minus_tau_261 = [-0.83],
  sigma_minus_tau_262 = [-0.81],
  sigma_minus_tau_263 = [-0.83],
  sigma_minus_tau_264 = [-0.83],
  sigma_minus_tau_265 = [-0.82],
  sigma_minus_tau_271 = [-0.85],
  sigma_minus_tau_272 = [-0.82],
  sigma_minus_tau_273 = [-0.82],
  sigma_minus_tau_274 = [-0.84],
  sigma_minus_tau_275 = [-0.83],
  sigma_minus_tau_281 = [-1.50],
  sigma_minus_tau_282 = [-1.43],
  sigma_minus_tau_283 = [-1.50],
  sigma_minus_tau_284 = [-1.53],
  sigma_minus_tau_285 = [-1.49],
  sigma_minus_tau_291 = [-1.48],
  sigma_minus_tau_292 = [-1.52],
  sigma_minus_tau_293 = [-1.50],
  sigma_minus_tau_294 = [-1.48],
  sigma_minus_tau_295 = [-1.51],
  sigma_minus_tau_301 = [-1.51],
  sigma_minus_tau_302 = [-1.50],
  sigma_minus_tau_303 = [-1.49],
  sigma_minus_tau_304 = [-1.52],
  sigma_minus_tau_305 = [-1.51],
]

Probabilities (p_s) = [
0.05, 0.05, 0.05, 0.05, 0.05, 0.05, 0.05, 0.05, 0.05, 0.05, 0.05, 0.05, 0.05, 0.05, 0.05, 0.05, 0.05, 0.05, 0.05, 0.05
]

c_bar = 5.51
