Jobs = 30
Machines = 5
Scenarios = 20

Ready Times (rj) = [
0.00, 0.00, 0.00, 0.00, 0.00, 0.00, 0.00, 0.00, 0.00, 0.00, 0.00, 0.00, 0.00, 0.00, 0.00, 0.00, 0.00, 0.00, 0.00, 0.00, 0.00, 0.00, 0.00, 0.00, 0.00, 0.00, 0.00, 0.00, 0.00, 0.00
]

Transportation Times (tjk^s) = [
  tjk_11 = [1.43, 1.75, 1.44, 1.00, 5.00, 1.00, 2.92, 1.00, 1.00, 3.73, 1.00, 1.00, 1.00, 5.00, 5.00, 2.98, 5.00, 5.00, 3.20, 2.36],
  tjk_12 = [5.00, 1.00, 1.00, 3.87, 5.00, 1.00, 1.06, 1.00, 1.77, 1.00, 5.00, 1.77, 2.75, 2.77, 5.00, 1.00, 5.00, 1.00, 1.00, 5.00],
  tjk_13 = [1.00, 5.00, 5.00, 2.87, 5.00, 5.00, 1.00, 3.35, 1.40, 1.00, 1.00, 1.00, 2.09, 5.00, 1.00, 1.00, 4.10, 1.00, 1.00, 5.00],
  tjk_14 = [1.00, 5.00, 3.51, 5.00, 1.00, 5.00, 4.10, 1.00, 5.00, 2.23, 1.00, 1.00, 3.02, 5.00, 1.00, 5.00, 1.00, 1.65, 1.00, 1.00],
  tjk_15 = [2.81, 3.71, 4.28, 1.00, 4.25, 1.00, 5.00, 1.00, 1.00, 5.00, 5.00, 1.00, 2.48, 3.18, 5.00, 5.00, 1.04, 5.00, 3.16, 1.00],
  tjk_21 = [1.00, 5.00, 5.00, 1.00, 2.08, 5.00, 5.00, 5.00, 1.00, 3.03, 5.00, 5.00, 5.00, 1.00, 1.00, 5.00, 5.00, 3.03, 5.00, 1.47],
  tjk_22 = [2.59, 5.00, 1.00, 5.00, 5.00, 1.00, 3.58, 1.00, 1.00, 5.00, 5.00, 5.00, 1.00, 3.85, 5.00, 5.00, 1.00, 5.00, 2.06, 1.00],
  tjk_23 = [5.00, 5.00, 3.99, 1.00, 5.00, 5.00, 5.00, 5.00, 5.00, 1.00, 5.00, 5.00, 5.00, 5.00, 1.00, 1.00, 1.00, 1.00, 5.00, 5.00],
  tjk_24 = [1.00, 1.00, 1.00, 5.00, 1.00, 5.00, 5.00, 5.00, 1.00, 1.00, 5.00, 5.00, 5.00, 4.78, 4.16, 4.52, 5.00, 5.00, 5.00, 1.00],
  tjk_25 = [5.00, 5.00, 1.00, 5.00, 1.00, 5.00, 5.00, 1.57, 5.00, 1.00, 1.00, 1.00, 4.63, 1.00, 1.00, 4.13, 1.00, 4.99, 2.80, 1.00],
  tjk_31 = [1.00, 1.00, 1.00, 4.33, 1.00, 1.00, 1.00, 4.21, 5.00, 4.21, 1.00, 2.66, 4.16, 4.46, 3.17, 3.87, 1.00, 1.00, 4.86, 1.00],
  tjk_32 = [2.41, 2.22, 1.71, 1.00, 3.49, 1.00, 1.00, 5.00, 1.00, 1.86, 1.00, 1.00, 1.00, 3.79, 3.49, 1.00, 1.62, 1.00, 1.90, 2.78],
  tjk_33 = [1.60, 2.19, 1.00, 1.00, 3.36, 1.00, 2.80, 4.50, 1.00, 1.00, 5.00, 3.42, 1.00, 1.00, 1.35, 1.37, 1.00, 2.94, 3.97, 2.71],
  tjk_34 = [1.00, 1.00, 5.00, 1.00, 1.00, 4.41, 2.76, 3.97, 1.00, 1.00, 5.00, 5.00, 1.00, 1.00, 1.00, 2.73, 1.41, 1.00, 2.47, 1.00],
  tjk_35 = [1.00, 2.77, 1.00, 1.00, 1.00, 1.00, 3.49, 5.00, 5.00, 1.22, 2.83, 1.00, 5.00, 4.93, 1.98, 1.00, 1.18, 4.71, 1.00, 2.21],
  tjk_41 = [4.94, 1.00, 1.27, 1.00, 3.57, 1.00, 5.00, 2.70, 1.00, 1.67, 1.00, 5.00, 1.00, 1.00, 4.14, 4.13, 2.98, 1.99, 2.23, 2.43],
  tjk_42 = [1.00, 4.46, 2.82, 2.59, 1.00, 5.00, 2.43, 1.00, 1.00, 1.00, 5.00, 4.22, 1.00, 1.00, 1.30, 2.69, 2.36, 5.00, 1.00, 1.00],
  tjk_43 = [5.00, 1.00, 1.45, 1.00, 1.57, 1.00, 2.59, 2.94, 5.00, 1.00, 1.00, 5.00, 1.00, 1.00, 3.82, 1.00, 1.00, 3.09, 1.00, 5.00],
  tjk_44 = [2.87, 1.00, 1.00, 1.00, 4.77, 5.00, 3.35, 1.00, 2.04, 1.00, 1.00, 5.00, 2.36, 1.00, 5.00, 1.00, 1.00, 2.93, 5.00, 1.00],
  tjk_45 = [3.49, 2.33, 1.00, 2.87, 1.00, 1.00, 3.31, 1.59, 3.30, 3.26, 3.91, 1.00, 3.92, 2.91, 2.20, 4.47, 5.00, 1.67, 3.85, 1.00],
  tjk_51 = [5.00, 5.00, 2.72, 1.00, 4.19, 5.00, 5.00, 1.89, 3.56, 1.00, 1.00, 4.46, 5.00, 1.00, 1.00, 5.00, 1.00, 1.00, 1.00, 5.00],
  tjk_52 = [4.03, 5.00, 1.00, 5.00, 2.30, 5.00, 1.00, 5.00, 2.69, 5.00, 5.00, 1.00, 1.00, 4.52, 1.19, 5.00, 1.00, 3.27, 5.00, 5.00],
  tjk_53 = [5.00, 1.00, 5.00, 1.00, 5.00, 5.00, 1.00, 5.00, 5.00, 1.00, 5.00, 5.00, 5.00, 5.00, 1.00, 5.00, 1.00, 1.00, 5.00, 1.73],
  tjk_54 = [1.00, 1.00, 5.00, 5.00, 1.00, 1.00, 5.00, 5.00, 1.00, 5.00, 5.00, 1.00, 1.00, 1.00, 5.00, 1.00, 1.00, 5.00, 5.00, 5.00],
  tjk_55 = [1.00, 1.00, 4.87, 5.00, 1.00, 5.00, 5.00, 5.00, 5.00, 1.00, 1.00, 1.87, 1.00, 4.00, 1.00, 4.00, 5.00, 5.00, 4.81, 5.00],
  tjk_61 = [1.00, 1.00, 1.00, 5.00, 5.00, 5.00, 1.00, 5.00, 5.00, 2.71, 1.00, 5.00, 5.00, 1.00, 4.09, 4.19, 1.28, 1.00, 5.00, 5.00],
  tjk_62 = [5.00, 1.00, 5.00, 5.00, 1.00, 5.00, 1.00, 5.00, 2.50, 5.00, 5.00, 1.00, 5.00, 5.00, 2.24, 5.00, 1.00, 1.00, 1.00, 5.00],
  tjk_63 = [4.57, 1.16, 5.00, 1.00, 5.00, 1.00, 5.00, 3.27, 3.15, 5.00, 5.00, 1.00, 4.52, 5.00, 1.00, 1.00, 5.00, 5.00, 1.00, 5.00],
  tjk_64 = [1.00, 1.00, 4.52, 5.00, 5.00, 3.76, 1.00, 1.00, 1.00, 5.00, 5.00, 5.00, 5.00, 1.00, 1.00, 5.00, 5.00, 1.00, 5.00, 5.00],
  tjk_65 = [1.92, 3.99, 1.00, 5.00, 5.00, 1.00, 1.00, 1.00, 5.00, 5.00, 1.16, 5.00, 4.23, 5.00, 5.00, 5.00, 1.00, 4.95, 4.33, 2.24],
  tjk_71 = [2.71, 3.83, 4.13, 2.24, 1.00, 1.00, 5.00, 1.00, 5.00, 1.00, 1.50, 4.44, 1.00, 5.00, 1.00, 5.00, 2.44, 2.92, 1.00, 1.00],
  tjk_72 = [1.00, 5.00, 1.00, 3.66, 5.00, 3.40, 1.00, 1.62, 1.17, 1.42, 1.00, 5.00, 1.00, 5.00, 1.00, 1.00, 4.06, 5.00, 1.00, 2.25],
  tjk_73 = [1.00, 5.00, 3.53, 3.30, 1.00, 3.10, 1.00, 1.00, 1.00, 1.00, 3.47, 1.00, 1.00, 3.82, 1.40, 1.34, 1.00, 1.76, 1.00, 3.88],
  tjk_74 = [3.81, 1.77, 2.59, 2.93, 1.00, 1.00, 1.00, 1.00, 2.73, 4.44, 1.28, 1.00, 1.00, 1.60, 1.00, 1.17, 2.62, 1.00, 1.26, 1.00],
  tjk_75 = [1.00, 1.00, 1.00, 1.00, 1.00, 4.46, 1.00, 1.00, 1.00, 3.91, 1.00, 1.00, 4.36, 1.96, 4.54, 5.00, 2.42, 1.07, 3.25, 1.97],
  tjk_81 = [5.00, 1.00, 1.00, 1.00, 1.00, 1.00, 5.00, 5.00, 4.62, 1.00, 2.10, 1.00, 1.00, 2.75, 5.00, 5.00, 1.00, 5.00, 1.00, 5.00],
  tjk_82 = [5.00, 1.00, 1.41, 5.00, 5.00, 5.00, 1.10, 1.00, 1.00, 1.00, 3.77, 5.00, 5.00, 1.42, 5.00, 5.00, 5.00, 5.00, 5.00, 5.00],
  tjk_83 = [5.00, 1.00, 5.00, 5.00, 1.00, 5.00, 5.00, 5.00, 5.00, 3.36, 3.58, 5.00, 1.00, 4.02, 4.34, 2.82, 1.00, 2.07, 1.00, 5.00],
  tjk_84 = [1.00, 5.00, 5.00, 5.00, 5.00, 5.00, 5.00, 5.00, 5.00, 5.00, 1.00, 5.00, 1.75, 5.00, 1.00, 5.00, 5.00, 5.00, 5.00, 5.00],
  tjk_85 = [1.91, 5.00, 1.00, 4.64, 1.00, 5.00, 5.00, 1.00, 5.00, 1.00, 1.00, 5.00, 1.00, 1.00, 1.00, 1.00, 5.00, 1.00, 1.00, 5.00],
  tjk_91 = [1.00, 1.57, 1.00, 1.00, 1.00, 5.00, 5.00, 1.00, 1.00, 5.00, 5.00, 1.00, 5.00, 3.90, 1.00, 5.00, 1.00, 2.12, 1.00, 5.00],
  tjk_92 = [3.69, 1.00, 5.00, 5.00, 3.21, 1.00, 1.00, 5.00, 5.00, 5.00, 1.00, 1.00, 5.00, 5.00, 3.09, 5.00, 1.00, 1.00, 5.00, 4.45],
  tjk_93 = [5.00, 4.01, 5.00, 5.00, 1.00, 1.00, 5.00, 1.41, 1.00, 5.00, 1.74, 1.00, 5.00, 1.00, 2.32, 4.41, 1.00, 1.00, 2.79, 5.00],
  tjk_94 = [1.00, 1.00, 4.06, 4.13, 3.76, 5.00, 1.00, 1.00, 1.56, 1.00, 2.86, 1.00, 5.00, 5.00, 1.00, 2.31, 1.00, 5.00, 3.68, 1.00],
  tjk_95 = [5.00, 5.00, 5.00, 5.00, 5.00, 1.00, 5.00, 1.00, 5.00, 5.00, 5.00, 1.00, 5.00, 1.26, 5.00, 1.00, 5.00, 1.00, 1.00, 5.00],
  tjk_101 = [3.07, 1.00, 5.00, 1.00, 1.00, 1.00, 5.00, 5.00, 1.00, 1.00, 5.00, 1.00, 5.00, 2.44, 5.00, 5.00, 1.00, 2.73, 1.48, 5.00],
  tjk_102 = [1.00, 4.16, 4.32, 4.15, 1.00, 5.00, 1.00, 5.00, 5.00, 1.00, 5.00, 1.01, 1.00, 2.58, 5.00, 1.00, 3.66, 1.00, 1.00, 5.00],
  tjk_103 = [5.00, 1.00, 5.00, 5.00, 1.00, 3.93, 5.00, 1.00, 2.30, 5.00, 1.00, 3.87, 5.00, 5.00, 1.00, 1.00, 2.22, 4.05, 5.00, 1.00],
  tjk_104 = [3.50, 1.00, 5.00, 3.96, 1.90, 1.56, 5.00, 5.00, 5.00, 5.00, 1.88, 1.00, 1.00, 3.92, 1.00, 5.00, 5.00, 1.00, 2.91, 4.34],
  tjk_105 = [1.00, 4.09, 5.00, 5.00, 1.00, 5.00, 2.60, 1.00, 3.30, 1.00, 4.77, 5.00, 5.00, 5.00, 1.00, 1.00, 1.00, 1.00, 2.71, 5.00],
  tjk_111 = [2.29, 1.00, 1.00, 5.00, 1.00, 4.47, 5.00, 5.00, 5.00, 2.75, 5.00, 1.51, 1.00, 2.54, 2.98, 5.00, 1.00, 2.02, 2.37, 1.00],
  tjk_112 = [5.00, 5.00, 4.00, 5.00, 3.82, 5.00, 1.69, 4.58, 5.00, 5.00, 2.59, 5.00, 1.00, 4.21, 2.53, 5.00, 1.00, 1.00, 1.00, 1.00],
  tjk_113 = [5.00, 1.00, 5.00, 5.00, 1.41, 4.95, 1.00, 1.00, 1.00, 1.00, 2.60, 1.32, 5.00, 5.00, 1.00, 4.86, 1.00, 1.00, 5.00, 1.72],
  tjk_114 = [5.00, 5.00, 5.00, 4.88, 1.00, 5.00, 1.87, 3.60, 5.00, 5.00, 1.00, 1.00, 1.00, 5.00, 1.00, 5.00, 1.00, 5.00, 1.00, 1.00],
  tjk_115 = [1.74, 5.00, 1.00, 1.00, 5.00, 5.00, 5.00, 4.12, 5.00, 3.14, 1.12, 1.00, 3.24, 5.00, 1.00, 1.00, 1.00, 1.56, 1.00, 5.00],
  tjk_121 = [4.47, 1.00, 1.00, 2.88, 2.44, 2.87, 2.47, 5.00, 5.00, 5.00, 1.10, 1.00, 2.99, 2.06, 5.00, 4.84, 4.02, 4.99, 1.00, 1.00],
  tjk_122 = [1.00, 1.00, 5.00, 2.32, 2.95, 1.48, 1.90, 1.00, 1.02, 1.00, 3.07, 1.00, 4.14, 5.00, 3.76, 1.86, 1.00, 4.92, 1.00, 5.00],
  tjk_123 = [1.00, 1.91, 1.22, 1.00, 1.00, 1.00, 3.92, 1.00, 1.00, 1.00, 1.00, 5.00, 5.00, 5.00, 1.00, 3.82, 5.00, 3.86, 4.23, 1.00],
  tjk_124 = [1.00, 2.60, 3.97, 3.22, 1.09, 1.15, 3.90, 4.94, 3.71, 1.00, 1.79, 1.10, 3.67, 4.51, 1.22, 1.00, 1.85, 3.44, 2.91, 2.63],
  tjk_125 = [3.74, 5.00, 1.00, 1.19, 5.00, 3.03, 1.00, 1.00, 1.00, 4.86, 1.00, 1.55, 3.14, 1.51, 4.79, 3.95, 3.07, 1.00, 2.88, 1.52],
  tjk_131 = [2.20, 5.00, 5.00, 3.52, 1.00, 2.46, 5.00, 5.00, 5.00, 1.00, 5.00, 5.00, 1.00, 5.00, 1.00, 1.00, 5.00, 2.40, 3.11, 1.00],
  tjk_132 = [4.61, 1.00, 4.14, 1.00, 1.00, 1.00, 1.00, 3.90, 1.00, 5.00, 1.00, 5.00, 4.00, 1.00, 5.00, 3.85, 5.00, 5.00, 5.00, 4.27],
  tjk_133 = [1.00, 1.00, 1.00, 2.35, 1.00, 5.00, 3.85, 5.00, 1.00, 5.00, 5.00, 2.50, 1.00, 5.00, 1.00, 1.00, 1.00, 1.00, 1.00, 2.80],
  tjk_134 = [5.00, 5.00, 1.00, 1.00, 5.00, 1.00, 5.00, 5.00, 1.00, 5.00, 1.00, 5.00, 5.00, 5.00, 1.00, 1.00, 5.00, 5.00, 5.00, 5.00],
  tjk_135 = [2.27, 1.00, 1.00, 4.80, 4.93, 2.19, 5.00, 5.00, 1.00, 5.00, 5.00, 5.00, 1.00, 2.93, 2.68, 5.00, 1.00, 5.00, 2.67, 1.00],
  tjk_141 = [1.00, 3.36, 5.00, 1.00, 3.01, 1.00, 2.69, 3.33, 1.00, 1.13, 1.00, 1.00, 1.00, 1.00, 1.00, 1.00, 5.00, 1.00, 3.23, 5.00],
  tjk_142 = [1.00, 3.09, 1.00, 5.00, 3.32, 4.42, 4.03, 1.00, 1.92, 1.07, 5.00, 1.00, 1.50, 1.00, 2.05, 4.67, 1.00, 2.03, 2.03, 5.00],
  tjk_143 = [3.92, 1.73, 5.00, 1.00, 1.00, 4.86, 2.12, 1.00, 3.21, 5.00, 1.00, 5.00, 1.00, 1.40, 1.00, 3.39, 2.64, 1.06, 4.20, 3.37],
  tjk_144 = [1.00, 5.00, 1.00, 1.00, 1.46, 1.00, 5.00, 1.67, 5.00, 5.00, 2.49, 1.00, 1.00, 3.68, 1.00, 1.00, 5.00, 5.00, 1.00, 1.59],
  tjk_145 = [1.00, 5.00, 1.29, 5.00, 1.00, 5.00, 4.20, 2.30, 2.01, 1.00, 1.92, 1.00, 1.00, 2.88, 1.00, 5.00, 5.00, 1.13, 1.95, 1.00],
  tjk_151 = [1.00, 1.00, 1.00, 1.00, 1.00, 1.00, 2.44, 1.00, 1.34, 1.00, 1.00, 1.00, 1.00, 2.38, 1.00, 4.67, 3.34, 1.00, 3.13, 2.92],
  tjk_152 = [4.70, 1.57, 1.00, 5.00, 2.66, 1.14, 3.19, 3.43, 1.00, 1.00, 1.00, 1.00, 1.00, 1.11, 4.04, 1.00, 2.27, 1.00, 5.00, 1.00],
  tjk_153 = [5.00, 5.00, 1.48, 1.00, 1.39, 1.00, 1.13, 1.32, 2.31, 1.00, 1.52, 2.18, 5.00, 4.48, 1.00, 1.06, 1.59, 1.00, 1.00, 2.87],
  tjk_154 = [2.41, 1.00, 2.48, 2.73, 1.00, 1.00, 2.83, 4.92, 1.00, 4.62, 1.00, 1.00, 1.00, 5.00, 1.00, 3.18, 1.00, 1.00, 1.00, 1.00],
  tjk_155 = [5.00, 1.00, 4.22, 5.00, 1.00, 2.45, 1.00, 1.00, 1.44, 2.40, 1.00, 1.23, 1.00, 1.00, 1.00, 1.00, 1.00, 1.00, 4.99, 1.79],
  tjk_161 = [1.00, 1.00, 3.40, 1.00, 5.00, 1.00, 5.00, 1.00, 1.00, 5.00, 5.00, 5.00, 5.00, 4.21, 1.00, 5.00, 1.00, 1.00, 5.00, 5.00],
  tjk_162 = [1.00, 2.88, 5.00, 5.00, 1.00, 1.21, 5.00, 5.00, 1.00, 1.00, 3.01, 1.00, 5.00, 1.00, 5.00, 1.00, 1.00, 5.00, 4.66, 5.00],
  tjk_163 = [5.00, 1.00, 1.00, 5.00, 1.00, 5.00, 1.00, 1.00, 1.00, 1.00, 5.00, 1.00, 1.87, 5.00, 1.25, 4.76, 1.00, 1.00, 1.00, 5.00],
  tjk_164 = [5.00, 5.00, 5.00, 1.00, 5.00, 5.00, 1.00, 5.00, 5.00, 1.00, 5.00, 1.00, 5.00, 5.00, 1.00, 1.00, 1.00, 1.00, 5.00, 5.00],
  tjk_165 = [5.00, 4.98, 2.98, 1.00, 5.00, 1.93, 5.00, 5.00, 1.00, 3.80, 1.00, 5.00, 5.00, 5.00, 5.00, 5.00, 1.00, 1.00, 5.00, 5.00],
  tjk_171 = [5.00, 1.00, 1.00, 1.00, 1.00, 1.00, 1.00, 5.00, 1.00, 1.00, 5.00, 5.00, 5.00, 1.00, 1.04, 5.00, 1.00, 1.39, 5.00, 5.00],
  tjk_172 = [5.00, 2.26, 5.00, 1.00, 1.76, 1.00, 5.00, 3.52, 3.08, 5.00, 2.10, 5.00, 5.00, 5.00, 1.00, 1.00, 3.73, 5.00, 5.00, 5.00],
  tjk_173 = [1.00, 1.42, 5.00, 1.13, 1.00, 2.65, 1.00, 1.00, 1.00, 5.00, 1.00, 3.07, 1.00, 1.00, 5.00, 4.62, 2.95, 5.00, 4.22, 5.00],
  tjk_174 = [5.00, 1.00, 2.45, 4.38, 1.00, 1.00, 1.00, 5.00, 5.00, 1.00, 5.00, 5.00, 1.00, 1.00, 5.00, 5.00, 1.81, 5.00, 1.00, 5.00],
  tjk_175 = [1.00, 4.84, 1.00, 2.10, 5.00, 5.00, 4.01, 5.00, 1.00, 4.18, 5.00, 4.73, 1.72, 5.00, 5.00, 5.00, 1.49, 5.00, 5.00, 5.00],
  tjk_181 = [2.33, 3.67, 5.00, 1.17, 1.00, 3.29, 1.00, 4.21, 2.82, 1.00, 2.03, 1.00, 3.91, 1.00, 2.59, 1.00, 2.61, 1.00, 1.00, 3.45],
  tjk_182 = [1.00, 1.00, 1.00, 3.98, 4.74, 5.00, 1.63, 1.00, 1.00, 1.00, 1.30, 4.58, 5.00, 1.00, 1.00, 1.00, 1.00, 5.00, 5.00, 2.72],
  tjk_183 = [1.00, 1.00, 1.00, 1.00, 1.08, 2.54, 1.00, 3.38, 5.00, 1.00, 1.00, 4.08, 2.25, 5.00, 3.65, 1.00, 5.00, 2.85, 1.00, 1.00],
  tjk_184 = [1.00, 4.29, 3.72, 5.00, 1.42, 2.56, 1.05, 1.00, 1.00, 1.39, 5.00, 1.00, 1.00, 3.06, 3.10, 1.00, 5.00, 4.32, 1.00, 2.78],
  tjk_185 = [5.00, 1.00, 5.00, 2.78, 4.17, 4.33, 1.00, 2.81, 1.00, 3.75, 2.77, 4.02, 2.53, 4.76, 2.87, 1.00, 4.11, 3.62, 1.00, 5.00],
  tjk_191 = [1.93, 2.48, 1.04, 2.56, 2.94, 3.10, 1.30, 4.71, 4.69, 2.43, 1.00, 5.00, 1.00, 1.35, 1.00, 2.04, 1.83, 1.96, 1.92, 5.00],
  tjk_192 = [1.00, 1.00, 1.33, 1.00, 1.00, 1.00, 1.00, 1.00, 1.12, 1.04, 3.72, 1.00, 5.00, 1.64, 5.00, 2.85, 1.00, 3.18, 4.66, 3.05],
  tjk_193 = [3.95, 1.00, 4.35, 1.74, 1.00, 1.00, 4.55, 5.00, 1.17, 1.91, 1.00, 1.00, 1.00, 1.00, 1.00, 1.00, 5.00, 2.99, 1.13, 1.36],
  tjk_194 = [3.57, 1.00, 5.00, 1.73, 2.06, 3.22, 4.41, 1.00, 5.00, 1.00, 1.82, 1.47, 2.26, 1.79, 1.00, 3.61, 5.00, 5.00, 4.77, 5.00],
  tjk_195 = [1.00, 2.33, 1.00, 4.47, 5.00, 1.14, 1.00, 1.00, 1.00, 1.00, 5.00, 4.84, 2.50, 5.00, 2.44, 1.00, 1.00, 1.33, 1.00, 1.19],
  tjk_201 = [1.00, 5.00, 4.26, 5.00, 5.00, 1.00, 1.00, 5.00, 5.00, 1.00, 1.00, 1.00, 5.00, 5.00, 1.00, 5.00, 5.00, 1.00, 5.00, 5.00],
  tjk_202 = [1.00, 1.00, 4.02, 5.00, 5.00, 5.00, 1.00, 1.73, 5.00, 1.00, 5.00, 1.00, 5.00, 5.00, 5.00, 5.00, 1.00, 5.00, 1.00, 5.00],
  tjk_203 = [2.83, 1.00, 5.00, 5.00, 5.00, 5.00, 5.00, 5.00, 1.00, 1.00, 5.00, 5.00, 5.00, 1.00, 3.77, 4.22, 1.00, 5.00, 5.00, 1.00],
  tjk_204 = [1.00, 1.00, 1.00, 5.00, 1.00, 1.85, 1.00, 5.00, 5.00, 1.00, 1.00, 2.78, 1.00, 5.00, 4.71, 5.00, 5.00, 1.00, 5.00, 5.00],
  tjk_205 = [1.15, 1.00, 4.72, 1.00, 5.00, 5.00, 1.00, 5.00, 3.44, 4.57, 1.00, 1.00, 5.00, 1.00, 5.00, 5.00, 1.00, 5.00, 5.00, 1.00],
  tjk_211 = [2.59, 3.50, 4.71, 2.78, 5.00, 1.00, 5.00, 1.54, 2.99, 1.45, 1.00, 1.00, 3.18, 1.00, 1.49, 2.25, 4.93, 2.50, 1.92, 1.00],
  tjk_212 = [4.36, 4.92, 4.03, 1.00, 4.75, 1.47, 2.96, 1.00, 1.00, 1.00, 1.95, 4.39, 1.00, 5.00, 1.00, 5.00, 1.00, 1.56, 5.00, 5.00],
  tjk_213 = [1.00, 2.26, 1.00, 3.22, 1.00, 5.00, 1.00, 1.00, 2.79, 1.41, 4.34, 5.00, 5.00, 4.30, 1.00, 4.83, 2.97, 5.00, 3.96, 5.00],
  tjk_214 = [1.94, 5.00, 1.00, 5.00, 1.00, 5.00, 1.00, 3.75, 1.00, 2.81, 5.00, 4.82, 1.00, 1.00, 2.15, 1.98, 2.77, 5.00, 1.33, 4.57],
  tjk_215 = [1.00, 5.00, 1.37, 1.00, 5.00, 1.00, 3.10, 2.65, 1.00, 1.00, 1.00, 1.00, 1.85, 1.00, 5.00, 1.94, 3.74, 4.80, 5.00, 1.00],
  tjk_221 = [1.00, 3.64, 1.00, 1.00, 1.00, 1.00, 1.00, 1.00, 1.00, 3.23, 1.04, 1.00, 1.00, 4.33, 1.00, 1.00, 1.00, 1.00, 1.00, 1.00],
  tjk_222 = [2.15, 3.00, 3.32, 1.00, 1.27, 4.05, 5.00, 3.21, 1.00, 1.00, 5.00, 1.00, 1.00, 1.00, 2.60, 1.00, 1.00, 1.00, 2.49, 1.00],
  tjk_223 = [1.00, 1.00, 1.00, 1.00, 2.49, 1.00, 1.00, 5.00, 4.21, 2.11, 4.36, 1.00, 1.77, 1.00, 3.38, 1.00, 3.98, 5.00, 4.20, 2.56],
  tjk_224 = [1.00, 1.00, 2.96, 1.00, 4.94, 4.78, 3.25, 3.01, 1.00, 4.52, 2.68, 1.98, 2.87, 3.23, 3.63, 3.05, 3.11, 1.00, 1.00, 1.00],
  tjk_225 = [5.00, 4.51, 5.00, 3.23, 5.00, 1.00, 1.00, 1.00, 3.36, 5.00, 4.52, 1.00, 1.00, 3.92, 1.00, 1.00, 1.00, 5.00, 1.00, 1.00],
  tjk_231 = [5.00, 5.00, 5.00, 5.00, 5.00, 3.24, 1.00, 5.00, 1.00, 1.00, 3.88, 1.49, 5.00, 5.00, 4.61, 5.00, 1.00, 5.00, 5.00, 1.00],
  tjk_232 = [1.00, 5.00, 1.00, 5.00, 2.96, 5.00, 1.00, 1.00, 3.32, 5.00, 4.79, 5.00, 5.00, 1.00, 5.00, 1.00, 1.00, 1.00, 4.06, 1.00],
  tjk_233 = [5.00, 1.00, 5.00, 5.00, 5.00, 5.00, 5.00, 1.00, 1.00, 5.00, 5.00, 5.00, 5.00, 5.00, 5.00, 3.94, 5.00, 2.89, 1.00, 1.89],
  tjk_234 = [1.00, 1.00, 5.00, 5.00, 1.00, 5.00, 1.00, 4.87, 5.00, 5.00, 1.00, 4.98, 5.00, 1.00, 5.00, 5.00, 1.00, 5.00, 5.00, 1.00],
  tjk_235 = [5.00, 1.00, 1.00, 5.00, 4.30, 1.61, 1.00, 5.00, 5.00, 1.00, 5.00, 1.00, 2.21, 5.00, 1.00, 5.00, 1.00, 1.00, 5.00, 5.00],
  tjk_241 = [5.00, 1.00, 1.77, 1.00, 1.93, 1.00, 1.00, 5.00, 1.00, 4.10, 2.20, 5.00, 1.00, 1.00, 1.00, 1.00, 2.62, 1.00, 5.00, 2.21],
  tjk_242 = [4.36, 3.25, 2.56, 1.00, 4.69, 1.00, 2.23, 1.03, 2.86, 1.00, 5.00, 1.81, 2.60, 1.00, 1.00, 2.70, 2.23, 1.00, 1.00, 1.00],
  tjk_243 = [1.00, 3.45, 4.57, 2.43, 5.00, 1.00, 1.00, 1.00, 1.00, 5.00, 1.00, 1.00, 1.00, 2.42, 4.44, 2.76, 5.00, 1.00, 4.85, 1.00],
  tjk_244 = [4.54, 5.00, 1.00, 1.00, 2.95, 5.00, 1.00, 5.00, 1.00, 5.00, 1.00, 1.00, 5.00, 1.00, 2.76, 1.00, 5.00, 4.62, 3.04, 1.00],
  tjk_245 = [1.08, 4.44, 2.84, 3.35, 5.00, 3.69, 1.78, 1.00, 1.00, 1.00, 1.00, 3.48, 1.88, 3.89, 1.00, 1.00, 1.22, 1.00, 1.00, 4.62],
  tjk_251 = [1.55, 4.43, 1.00, 4.76, 1.67, 5.00, 1.00, 1.96, 1.00, 5.00, 3.74, 1.00, 1.00, 5.00, 1.00, 5.00, 5.00, 1.00, 1.00, 2.87],
  tjk_252 = [1.00, 5.00, 3.33, 5.00, 1.00, 2.84, 1.00, 5.00, 1.00, 1.00, 5.00, 5.00, 5.00, 3.01, 5.00, 1.00, 1.00, 1.00, 5.00, 5.00],
  tjk_253 = [5.00, 1.00, 2.69, 1.00, 1.00, 1.00, 1.00, 1.00, 5.00, 1.00, 5.00, 1.00, 1.59, 1.00, 1.00, 3.91, 4.41, 5.00, 5.00, 1.96],
  tjk_254 = [2.35, 1.00, 4.08, 5.00, 1.00, 5.00, 5.00, 3.47, 4.75, 5.00, 3.60, 5.00, 5.00, 5.00, 5.00, 2.97, 1.00, 1.08, 1.00, 5.00],
  tjk_255 = [1.00, 1.00, 1.00, 5.00, 1.00, 1.00, 5.00, 1.00, 1.72, 2.97, 5.00, 1.00, 1.54, 1.00, 1.00, 1.00, 1.00, 5.00, 5.00, 1.00],
  tjk_261 = [1.00, 5.00, 1.00, 1.00, 1.00, 4.13, 1.00, 3.28, 1.00, 1.00, 1.00, 1.00, 3.97, 2.11, 1.00, 1.00, 5.00, 1.00, 1.00, 1.00],
  tjk_262 = [2.93, 5.00, 1.00, 1.00, 1.00, 1.00, 1.00, 5.00, 2.42, 1.00, 1.45, 2.95, 3.04, 2.77, 1.55, 1.00, 1.00, 1.00, 5.00, 4.53],
  tjk_263 = [1.00, 1.64, 5.00, 5.00, 3.77, 3.70, 5.00, 1.19, 3.29, 5.00, 1.00, 5.00, 1.00, 1.96, 1.00, 4.29, 1.00, 1.00, 1.00, 2.00],
  tjk_264 = [1.00, 1.00, 2.42, 3.33, 1.00, 3.08, 1.00, 4.79, 1.00, 1.00, 1.95, 3.43, 1.00, 5.00, 2.66, 1.00, 1.00, 1.47, 2.62, 5.00],
  tjk_265 = [4.88, 1.61, 1.00, 2.73, 5.00, 3.73, 1.00, 1.00, 1.00, 3.46, 1.00, 3.43, 1.00, 1.00, 1.00, 2.85, 1.00, 1.00, 2.24, 1.00],
  tjk_271 = [1.00, 5.00, 5.00, 4.85, 5.00, 5.00, 1.00, 5.00, 1.00, 5.00, 3.07, 1.00, 1.00, 1.28, 5.00, 1.00, 1.00, 5.00, 4.52, 5.00],
  tjk_272 = [1.00, 5.00, 3.66, 5.00, 1.00, 4.57, 2.76, 3.05, 5.00, 5.00, 5.00, 1.00, 5.00, 5.00, 1.00, 3.68, 5.00, 4.42, 1.00, 3.13],
  tjk_273 = [1.00, 4.83, 4.57, 5.00, 1.00, 5.00, 1.00, 5.00, 1.00, 5.00, 4.72, 1.00, 2.67, 5.00, 4.29, 1.00, 5.00, 4.62, 1.00, 1.00],
  tjk_274 = [5.00, 5.00, 5.00, 1.00, 1.47, 1.00, 5.00, 1.00, 5.00, 5.00, 1.00, 5.00, 4.09, 2.57, 1.00, 1.00, 5.00, 1.00, 5.00, 1.00],
  tjk_275 = [1.00, 4.23, 5.00, 5.00, 2.32, 1.00, 5.00, 1.00, 1.00, 1.00, 5.00, 5.00, 4.18, 4.46, 5.00, 1.00, 5.00, 5.00, 1.00, 2.41],
  tjk_281 = [5.00, 4.29, 5.00, 5.00, 5.00, 2.63, 1.00, 4.43, 1.00, 3.29, 5.00, 5.00, 2.46, 1.00, 2.85, 2.66, 2.90, 1.04, 2.46, 5.00],
  tjk_282 = [4.86, 2.31, 5.00, 5.00, 1.00, 1.00, 2.61, 1.00, 1.00, 1.50, 1.00, 1.00, 2.04, 2.11, 5.00, 4.56, 5.00, 1.71, 5.00, 3.14],
  tjk_283 = [1.00, 1.00, 4.63, 5.00, 5.00, 5.00, 5.00, 1.00, 1.00, 3.66, 5.00, 1.00, 1.00, 1.00, 1.00, 1.45, 5.00, 5.00, 1.00, 5.00],
  tjk_284 = [1.46, 5.00, 1.14, 1.11, 1.00, 1.00, 5.00, 3.49, 5.00, 3.29, 5.00, 1.00, 1.00, 5.00, 4.32, 3.88, 5.00, 5.00, 1.00, 5.00],
  tjk_285 = [1.00, 3.97, 5.00, 1.00, 5.00, 1.00, 5.00, 5.00, 5.00, 4.67, 5.00, 3.68, 5.00, 1.00, 1.00, 5.00, 1.00, 4.10, 5.00, 1.00],
  tjk_291 = [5.00, 1.00, 5.00, 1.20, 2.31, 1.00, 1.00, 3.50, 3.43, 4.36, 5.00, 1.94, 5.00, 1.00, 2.12, 5.00, 1.00, 1.91, 1.00, 5.00],
  tjk_292 = [3.15, 1.00, 1.00, 3.69, 1.00, 3.96, 1.00, 1.00, 1.00, 1.00, 3.80, 1.00, 4.29, 1.00, 1.51, 2.58, 1.00, 1.16, 3.84, 2.31],
  tjk_293 = [1.00, 5.00, 4.50, 1.00, 2.89, 1.38, 1.00, 2.35, 1.00, 1.00, 2.82, 3.79, 5.00, 4.29, 3.25, 2.23, 1.00, 2.85, 3.59, 2.11],
  tjk_294 = [1.00, 1.00, 5.00, 4.81, 5.00, 1.16, 5.00, 1.00, 1.00, 1.00, 1.00, 1.81, 1.00, 4.87, 5.00, 1.00, 1.76, 3.30, 5.00, 1.00],
  tjk_295 = [1.22, 2.59, 2.15, 2.34, 1.00, 1.00, 1.00, 2.45, 4.81, 1.55, 5.00, 2.45, 5.00, 1.00, 1.00, 1.00, 1.93, 3.62, 5.00, 5.00],
  tjk_301 = [1.67, 5.00, 5.00, 5.00, 4.06, 4.04, 5.00, 1.00, 4.33, 5.00, 1.00, 1.00, 5.00, 1.00, 3.51, 1.00, 5.00, 4.06, 4.73, 5.00],
  tjk_302 = [1.00, 3.87, 2.27, 5.00, 5.00, 2.23, 3.02, 1.00, 1.00, 2.31, 3.58, 3.97, 2.48, 2.98, 4.40, 2.51, 5.00, 2.47, 3.19, 2.81],
  tjk_303 = [1.58, 3.00, 1.00, 1.00, 5.00, 3.27, 1.00, 5.00, 1.00, 1.08, 5.00, 1.00, 1.00, 1.00, 2.76, 5.00, 1.00, 1.00, 1.00, 2.30],
  tjk_304 = [1.00, 1.00, 2.13, 1.00, 1.00, 1.00, 2.27, 5.00, 1.00, 5.00, 1.00, 3.70, 5.00, 5.00, 1.00, 1.00, 5.00, 1.00, 4.66, 2.63],
  tjk_305 = [1.00, 2.57, 1.00, 1.00, 1.00, 1.00, 1.32, 2.34, 5.00, 1.00, 5.00, 1.91, 1.00, 5.00, 4.79, 1.00, 2.94, 1.00, 1.00, 1.00],
]

Service Times (¦Î_{jk}^s) = [
  xi_11 = [6.29, 2.11, 1.00, 5.80, 1.00, 5.94, 5.98, 1.00, 6.47, 1.00, 2.20, 6.71, 1.00, 1.00, 7.09, 3.12, 1.00, 1.09, 3.62, 7.23],
  xi_12 = [8.94, 7.13, 10.00, 1.00, 1.22, 4.82, 6.90, 2.72, 7.75, 1.87, 5.98, 5.82, 8.92, 1.00, 1.00, 1.00, 4.43, 1.00, 1.65, 1.00],
  xi_13 = [5.09, 3.77, 1.00, 5.11, 1.21, 2.60, 9.28, 1.00, 5.43, 5.24, 8.60, 1.00, 3.69, 1.00, 1.00, 6.24, 1.00, 1.00, 1.00, 4.21],
  xi_14 = [6.83, 4.18, 6.80, 1.00, 1.05, 10.00, 3.91, 10.00, 4.06, 2.37, 3.33, 9.28, 2.92, 4.82, 1.00, 5.11, 3.19, 10.00, 3.00, 1.00],
  xi_15 = [1.47, 2.22, 1.34, 10.00, 2.60, 9.38, 1.00, 8.35, 1.00, 4.57, 7.77, 10.00, 1.00, 1.00, 1.00, 1.00, 5.71, 6.98, 1.00, 1.00],
  xi_21 = [3.39, 10.00, 10.00, 1.00, 8.16, 1.00, 1.00, 10.00, 2.28, 10.00, 1.00, 9.36, 1.00, 10.00, 1.00, 1.00, 10.00, 10.00, 1.00, 10.00],
  xi_22 = [2.81, 3.95, 1.03, 1.00, 3.05, 6.39, 5.70, 1.00, 6.12, 1.00, 10.00, 4.83, 1.00, 1.00, 1.00, 6.42, 1.00, 1.00, 1.00, 10.00],
  xi_23 = [10.00, 6.63, 8.00, 1.00, 10.00, 10.00, 4.20, 1.00, 10.00, 1.00, 1.00, 5.71, 1.00, 1.47, 10.00, 3.43, 1.00, 10.00, 10.00, 1.00],
  xi_24 = [1.00, 10.00, 1.00, 1.00, 1.00, 3.62, 8.71, 8.87, 1.22, 10.00, 10.00, 1.68, 3.41, 10.00, 8.62, 10.00, 10.00, 1.00, 1.00, 4.92],
  xi_25 = [10.00, 1.00, 9.35, 4.08, 1.58, 1.00, 4.48, 10.00, 10.00, 1.00, 10.00, 6.50, 1.00, 10.00, 10.00, 5.22, 10.00, 2.48, 4.21, 1.00],
  xi_31 = [1.00, 10.00, 10.00, 1.00, 10.00, 3.01, 10.00, 1.00, 1.00, 1.00, 1.00, 1.00, 10.00, 1.00, 1.00, 8.06, 10.00, 1.00, 10.00, 10.00],
  xi_32 = [10.00, 10.00, 1.00, 10.00, 10.00, 10.00, 10.00, 10.00, 10.00, 10.00, 10.00, 3.36, 10.00, 10.00, 10.00, 1.00, 10.00, 10.00, 1.00, 1.00],
  xi_33 = [1.00, 9.81, 7.69, 10.00, 1.00, 1.00, 8.72, 2.33, 10.00, 2.17, 1.00, 10.00, 1.00, 10.00, 10.00, 10.00, 7.18, 1.00, 10.00, 1.00],
  xi_34 = [1.00, 10.00, 1.00, 10.00, 10.00, 10.00, 10.00, 4.27, 9.82, 3.39, 1.00, 10.00, 10.00, 5.17, 1.86, 10.00, 1.00, 1.00, 1.00, 1.00],
  xi_35 = [1.00, 10.00, 2.06, 5.24, 1.00, 1.00, 5.90, 1.00, 10.00, 8.14, 10.00, 10.00, 10.00, 1.53, 1.00, 1.00, 10.00, 10.00, 10.00, 10.00],
  xi_41 = [1.86, 4.96, 2.46, 1.00, 2.07, 3.04, 7.77, 1.00, 4.89, 1.00, 1.00, 10.00, 9.76, 10.00, 3.14, 1.00, 1.00, 6.26, 1.00, 3.73],
  xi_42 = [1.58, 1.13, 1.00, 4.59, 7.28, 1.00, 10.00, 9.16, 1.14, 4.68, 6.58, 7.20, 1.00, 1.00, 1.00, 2.67, 1.00, 7.43, 1.00, 3.93],
  xi_43 = [1.00, 1.00, 5.64, 2.20, 9.17, 10.00, 5.36, 1.00, 1.00, 1.00, 10.00, 2.32, 1.00, 9.32, 10.00, 1.00, 2.26, 1.00, 2.22, 1.00],
  xi_44 = [10.00, 6.96, 1.00, 5.35, 9.64, 1.00, 1.00, 3.29, 1.00, 1.00, 6.48, 10.00, 5.83, 8.28, 1.00, 1.94, 4.53, 1.44, 1.00, 1.00],
  xi_45 = [1.00, 1.00, 1.85, 10.00, 1.00, 5.41, 5.67, 1.00, 1.00, 1.00, 1.00, 2.34, 1.00, 1.00, 6.03, 10.00, 1.57, 2.79, 1.03, 4.96],
  xi_51 = [1.00, 1.00, 1.03, 1.00, 1.70, 1.00, 5.15, 6.39, 1.00, 2.96, 1.00, 1.00, 7.63, 1.00, 1.00, 7.16, 1.00, 3.48, 1.00, 1.00],
  xi_52 = [2.50, 1.00, 1.00, 2.99, 5.22, 10.00, 4.86, 1.00, 3.48, 8.67, 10.00, 2.26, 10.00, 5.75, 7.58, 1.00, 1.00, 3.88, 1.00, 10.00],
  xi_53 = [2.33, 4.58, 1.42, 10.00, 7.35, 4.13, 2.05, 5.32, 3.15, 1.00, 4.00, 1.00, 6.96, 1.00, 4.75, 1.00, 3.34, 4.18, 10.00, 4.08],
  xi_54 = [1.23, 8.58, 1.00, 5.52, 1.00, 5.07, 1.00, 3.28, 1.00, 1.06, 6.51, 10.00, 5.29, 3.33, 5.27, 1.00, 8.78, 10.00, 1.00, 1.00],
  xi_55 = [10.00, 1.00, 1.00, 9.70, 1.00, 2.94, 5.98, 4.10, 3.80, 10.00, 2.27, 4.21, 1.00, 1.00, 8.55, 1.00, 1.00, 1.01, 1.00, 1.00],
  xi_61 = [1.00, 2.87, 10.00, 1.00, 6.52, 1.00, 1.00, 10.00, 1.00, 1.00, 1.00, 1.00, 1.00, 8.83, 10.00, 10.00, 6.37, 10.00, 8.42, 10.00],
  xi_62 = [10.00, 1.00, 10.00, 10.00, 10.00, 1.00, 1.00, 10.00, 4.73, 10.00, 1.00, 10.00, 1.00, 10.00, 9.92, 1.00, 10.00, 1.00, 1.00, 7.01],
  xi_63 = [10.00, 5.14, 1.00, 1.00, 6.71, 10.00, 8.33, 6.52, 8.57, 1.00, 1.00, 6.28, 1.00, 1.00, 10.00, 1.00, 10.00, 4.06, 2.26, 4.29],
  xi_64 = [1.00, 1.00, 1.00, 1.00, 1.24, 10.00, 1.71, 10.00, 10.00, 1.00, 1.00, 10.00, 9.75, 10.00, 10.00, 1.00, 10.00, 10.00, 4.33, 10.00],
  xi_65 = [1.00, 1.00, 10.00, 10.00, 4.49, 1.00, 10.00, 1.00, 10.00, 1.00, 9.03, 1.00, 8.54, 10.00, 1.00, 1.17, 8.76, 10.00, 1.52, 10.00],
  xi_71 = [2.34, 1.90, 1.00, 1.00, 6.19, 1.00, 1.00, 9.35, 1.00, 4.96, 1.00, 1.00, 1.00, 1.00, 1.00, 4.86, 1.00, 1.00, 3.83, 1.00],
  xi_72 = [2.36, 1.00, 1.00, 4.17, 4.63, 6.87, 1.00, 1.00, 5.54, 2.03, 1.00, 1.00, 1.10, 1.00, 4.22, 3.31, 1.00, 1.00, 1.00, 1.06],
  xi_73 = [10.00, 3.85, 1.00, 3.92, 1.00, 1.00, 10.00, 1.00, 10.00, 1.00, 4.91, 1.00, 1.07, 9.83, 4.12, 7.73, 6.06, 2.15, 1.00, 7.20],
  xi_74 = [8.51, 1.00, 1.00, 5.00, 1.93, 4.49, 1.00, 1.00, 8.45, 1.00, 1.00, 1.00, 1.00, 1.00, 2.78, 1.00, 7.54, 6.53, 1.00, 5.40],
  xi_75 = [1.00, 5.05, 1.87, 2.39, 1.00, 8.39, 1.04, 1.00, 1.00, 5.82, 5.23, 3.06, 1.00, 5.22, 1.00, 2.27, 1.42, 1.00, 1.00, 8.03],
  xi_81 = [1.73, 1.00, 1.00, 7.10, 1.00, 1.00, 5.19, 1.00, 1.00, 10.00, 10.00, 1.00, 10.00, 4.16, 1.00, 10.00, 3.38, 10.00, 1.00, 10.00],
  xi_82 = [10.00, 4.85, 1.00, 1.00, 10.00, 1.00, 10.00, 9.58, 1.00, 3.61, 10.00, 8.07, 6.03, 1.28, 1.00, 2.20, 10.00, 4.55, 5.82, 10.00],
  xi_83 = [6.57, 10.00, 10.00, 10.00, 8.79, 1.43, 10.00, 1.00, 10.00, 1.00, 10.00, 10.00, 1.32, 10.00, 1.00, 1.00, 1.76, 5.08, 1.21, 1.00],
  xi_84 = [8.43, 10.00, 1.00, 10.00, 1.00, 10.00, 1.68, 10.00, 4.62, 1.00, 10.00, 10.00, 10.00, 9.01, 2.86, 3.99, 7.60, 7.26, 10.00, 1.00],
  xi_85 = [2.99, 9.10, 3.12, 1.00, 1.00, 10.00, 10.00, 9.18, 1.00, 1.00, 7.58, 1.00, 10.00, 1.00, 1.00, 1.00, 1.00, 1.00, 3.98, 10.00],
  xi_91 = [1.00, 10.00, 1.00, 10.00, 1.00, 10.00, 3.28, 10.00, 5.36, 9.26, 10.00, 1.00, 10.00, 1.00, 10.00, 1.00, 10.00, 10.00, 1.91, 4.43],
  xi_92 = [9.89, 9.02, 3.75, 8.83, 1.00, 9.60, 3.80, 1.00, 1.00, 4.28, 1.00, 10.00, 3.17, 1.00, 10.00, 3.69, 1.00, 10.00, 1.00, 10.00],
  xi_93 = [10.00, 3.03, 1.00, 10.00, 1.00, 10.00, 1.00, 10.00, 1.00, 10.00, 10.00, 10.00, 10.00, 1.23, 10.00, 8.73, 2.39, 1.00, 5.69, 8.93],
  xi_94 = [1.40, 4.01, 1.00, 1.00, 2.77, 10.00, 1.00, 3.17, 1.00, 9.41, 1.00, 1.00, 10.00, 1.00, 1.00, 3.33, 1.00, 4.36, 1.98, 1.00],
  xi_95 = [10.00, 10.00, 1.00, 5.42, 1.00, 9.32, 7.53, 1.00, 10.00, 4.21, 10.00, 1.00, 10.00, 9.93, 7.33, 10.00, 10.00, 4.58, 1.13, 2.68],
  xi_101 = [9.90, 1.00, 9.07, 6.75, 1.00, 6.48, 8.43, 3.94, 1.00, 1.00, 10.00, 3.65, 1.00, 1.63, 8.05, 1.00, 1.00, 1.00, 10.00, 4.09],
  xi_102 = [1.00, 1.00, 4.17, 1.00, 3.15, 10.00, 1.29, 4.02, 3.38, 3.14, 1.00, 10.00, 1.00, 2.16, 1.00, 10.00, 10.00, 1.00, 3.07, 1.00],
  xi_103 = [1.00, 1.00, 3.10, 1.00, 1.03, 1.00, 1.00, 1.00, 6.79, 1.89, 6.49, 1.00, 1.00, 9.09, 3.32, 6.96, 4.47, 1.00, 1.00, 2.15],
  xi_104 = [2.57, 6.91, 8.86, 3.26, 4.30, 1.00, 1.00, 1.00, 1.30, 1.00, 1.00, 2.75, 4.63, 1.00, 4.40, 1.00, 2.47, 1.00, 1.00, 2.30],
  xi_105 = [9.29, 6.29, 1.00, 3.48, 1.27, 6.79, 4.53, 1.00, 5.14, 5.24, 8.79, 4.49, 5.94, 1.00, 1.00, 1.00, 1.00, 10.00, 10.00, 1.00],
  xi_111 = [10.00, 5.14, 1.00, 8.18, 1.64, 1.00, 3.99, 1.00, 3.16, 1.00, 1.00, 4.68, 1.95, 1.00, 6.12, 2.54, 1.00, 5.93, 10.00, 6.59],
  xi_112 = [1.00, 1.00, 1.00, 1.00, 2.65, 6.66, 1.24, 3.64, 1.00, 6.53, 7.53, 1.00, 2.08, 1.00, 7.02, 7.06, 1.00, 5.86, 1.00, 4.30],
  xi_113 = [2.23, 1.00, 3.76, 3.85, 1.00, 4.96, 1.00, 3.91, 9.73, 1.00, 4.50, 6.76, 1.00, 1.31, 1.00, 1.00, 1.00, 6.40, 7.50, 1.00],
  xi_114 = [1.00, 6.21, 3.36, 5.09, 2.82, 1.00, 4.23, 4.19, 6.67, 7.40, 4.98, 1.00, 1.00, 6.73, 4.45, 1.00, 1.00, 6.63, 1.16, 1.00],
  xi_115 = [1.00, 7.35, 1.00, 10.00, 1.00, 4.40, 1.00, 1.00, 5.82, 5.61, 7.45, 8.30, 1.00, 5.52, 2.15, 1.00, 2.11, 9.57, 3.20, 2.13],
  xi_121 = [1.00, 1.00, 5.98, 8.90, 4.19, 1.00, 10.00, 10.00, 1.00, 10.00, 5.74, 1.00, 10.00, 1.00, 2.45, 1.00, 1.00, 10.00, 10.00, 1.00],
  xi_122 = [10.00, 1.72, 7.80, 10.00, 1.00, 3.23, 1.88, 10.00, 1.00, 1.00, 1.00, 8.59, 5.11, 4.45, 10.00, 5.67, 10.00, 10.00, 1.00, 1.00],
  xi_123 = [3.30, 1.47, 1.21, 5.05, 2.64, 1.00, 1.00, 1.00, 1.00, 4.58, 10.00, 1.00, 10.00, 1.00, 1.00, 4.67, 1.00, 10.00, 10.00, 7.08],
  xi_124 = [4.04, 1.00, 4.93, 1.00, 1.72, 5.82, 1.00, 10.00, 1.00, 1.00, 1.00, 10.00, 10.00, 10.00, 10.00, 4.15, 3.71, 5.92, 4.86, 10.00],
  xi_125 = [1.00, 10.00, 1.00, 10.00, 10.00, 2.14, 1.00, 9.95, 1.00, 10.00, 1.00, 1.00, 1.00, 10.00, 1.00, 10.00, 10.00, 6.39, 1.48, 1.00],
  xi_131 = [10.00, 5.15, 10.00, 10.00, 3.39, 10.00, 10.00, 1.55, 10.00, 1.00, 3.92, 10.00, 6.70, 1.00, 1.38, 10.00, 1.00, 5.90, 1.21, 10.00],
  xi_132 = [5.70, 10.00, 8.78, 10.00, 1.00, 10.00, 10.00, 1.00, 7.05, 7.17, 10.00, 1.00, 1.00, 10.00, 10.00, 7.46, 10.00, 10.00, 5.97, 1.00],
  xi_133 = [1.01, 1.00, 1.00, 5.41, 8.43, 1.00, 1.00, 1.00, 10.00, 1.00, 5.74, 10.00, 10.00, 10.00, 6.13, 4.39, 1.00, 10.00, 1.00, 9.30],
  xi_134 = [6.60, 1.00, 1.00, 10.00, 1.00, 10.00, 6.73, 10.00, 1.00, 1.00, 1.00, 3.54, 10.00, 7.31, 10.00, 1.00, 1.00, 1.00, 1.00, 1.00],
  xi_135 = [10.00, 10.00, 1.00, 1.00, 1.00, 3.01, 10.00, 10.00, 10.00, 10.00, 4.75, 1.00, 10.00, 10.00, 10.00, 1.00, 1.00, 7.54, 5.50, 3.30],
  xi_141 = [1.00, 3.50, 10.00, 10.00, 1.00, 10.00, 10.00, 1.00, 7.78, 1.00, 10.00, 1.00, 10.00, 1.00, 10.00, 4.48, 4.39, 1.00, 10.00, 6.98],
  xi_142 = [10.00, 1.00, 1.00, 10.00, 10.00, 1.00, 10.00, 1.00, 1.00, 1.00, 1.00, 10.00, 1.00, 10.00, 10.00, 1.00, 10.00, 10.00, 7.84, 10.00],
  xi_143 = [1.00, 1.00, 4.78, 10.00, 6.24, 10.00, 10.00, 10.00, 1.86, 1.00, 8.21, 10.00, 10.00, 10.00, 6.83, 10.00, 1.00, 5.48, 1.00, 9.92],
  xi_144 = [8.05, 10.00, 10.00, 10.00, 10.00, 1.00, 2.49, 10.00, 1.00, 1.00, 1.00, 1.00, 10.00, 10.00, 7.33, 10.00, 1.00, 10.00, 8.16, 10.00],
  xi_145 = [10.00, 10.00, 10.00, 3.33, 10.00, 10.00, 1.00, 10.00, 10.00, 1.00, 10.00, 10.00, 6.13, 10.00, 1.00, 10.00, 10.00, 3.34, 1.00, 10.00],
  xi_151 = [10.00, 1.00, 10.00, 10.00, 10.00, 1.00, 10.00, 10.00, 10.00, 1.00, 10.00, 10.00, 1.00, 10.00, 10.00, 10.00, 1.00, 7.98, 10.00, 1.00],
  xi_152 = [1.00, 1.00, 10.00, 10.00, 1.00, 1.00, 1.00, 10.00, 1.00, 1.00, 10.00, 10.00, 5.56, 9.84, 10.00, 10.00, 10.00, 3.01, 10.00, 10.00],
  xi_153 = [10.00, 10.00, 6.46, 1.00, 9.67, 7.42, 1.00, 10.00, 10.00, 10.00, 5.34, 10.00, 10.00, 5.45, 10.00, 1.00, 10.00, 10.00, 10.00, 8.56],
  xi_154 = [5.69, 10.00, 6.76, 1.00, 1.00, 1.00, 10.00, 10.00, 1.00, 1.00, 10.00, 10.00, 9.15, 1.00, 10.00, 10.00, 9.74, 1.00, 10.00, 10.00],
  xi_155 = [10.00, 10.00, 1.00, 10.00, 10.00, 10.00, 10.00, 1.00, 10.00, 1.00, 9.90, 3.51, 10.00, 10.00, 1.00, 1.00, 1.00, 10.00, 10.00, 1.00],
  xi_161 = [8.40, 1.00, 4.11, 1.00, 5.42, 2.86, 1.00, 8.02, 2.83, 5.33, 6.97, 1.00, 1.00, 1.00, 1.00, 1.78, 1.00, 1.00, 5.49, 2.17],
  xi_162 = [6.72, 2.73, 1.00, 6.77, 7.67, 3.23, 1.00, 5.58, 1.95, 4.96, 1.00, 4.06, 4.69, 1.70, 10.00, 8.57, 1.00, 8.65, 1.00, 1.00],
  xi_163 = [1.00, 8.34, 5.65, 2.65, 5.35, 4.75, 1.00, 1.00, 9.78, 4.11, 1.00, 1.00, 1.00, 2.90, 1.00, 1.00, 4.23, 1.00, 5.64, 1.00],
  xi_164 = [5.61, 6.73, 1.00, 1.00, 2.62, 1.70, 3.04, 1.00, 2.10, 1.00, 4.63, 1.72, 10.00, 7.30, 1.00, 1.00, 1.00, 10.00, 1.00, 3.07],
  xi_165 = [10.00, 10.00, 9.82, 1.40, 1.00, 8.90, 4.23, 4.35, 1.00, 1.00, 1.00, 1.00, 2.59, 1.00, 8.66, 9.43, 1.00, 10.00, 1.00, 7.20],
  xi_171 = [10.00, 10.00, 1.00, 5.60, 10.00, 10.00, 10.00, 2.73, 1.00, 7.94, 10.00, 10.00, 10.00, 1.00, 1.00, 1.00, 1.00, 1.00, 1.00, 1.00],
  xi_172 = [6.08, 10.00, 1.00, 1.00, 5.46, 10.00, 5.03, 10.00, 1.00, 1.00, 1.00, 1.00, 1.00, 1.00, 10.00, 10.00, 3.69, 10.00, 6.29, 1.00],
  xi_173 = [10.00, 10.00, 10.00, 1.00, 10.00, 1.00, 1.00, 1.00, 7.03, 2.68, 10.00, 10.00, 7.86, 4.57, 1.00, 1.00, 1.00, 10.00, 1.28, 4.07],
  xi_174 = [10.00, 1.00, 10.00, 7.18, 10.00, 10.00, 1.00, 10.00, 10.00, 6.20, 10.00, 10.00, 10.00, 7.67, 10.00, 1.00, 10.00, 10.00, 1.00, 1.00],
  xi_175 = [1.00, 6.32, 10.00, 5.32, 1.00, 10.00, 10.00, 8.79, 10.00, 5.38, 8.19, 9.91, 10.00, 1.00, 5.01, 5.44, 10.00, 8.66, 10.00, 10.00],
  xi_181 = [2.89, 5.84, 10.00, 10.00, 9.80, 10.00, 10.00, 10.00, 1.00, 5.17, 10.00, 1.00, 4.78, 1.00, 1.00, 10.00, 1.00, 6.39, 10.00, 10.00],
  xi_182 = [10.00, 10.00, 10.00, 3.97, 1.00, 5.87, 5.51, 3.80, 1.00, 5.79, 1.00, 1.00, 4.49, 1.00, 2.88, 1.00, 4.84, 5.88, 1.00, 1.00],
  xi_183 = [10.00, 10.00, 1.70, 10.00, 1.00, 10.00, 3.03, 1.00, 3.98, 6.67, 10.00, 6.44, 1.00, 7.72, 8.20, 10.00, 7.78, 8.01, 1.00, 1.00],
  xi_184 = [8.65, 10.00, 10.00, 10.00, 1.00, 1.00, 6.90, 10.00, 2.62, 10.00, 4.55, 3.42, 10.00, 10.00, 5.04, 1.00, 4.45, 10.00, 1.39, 1.00],
  xi_185 = [1.00, 1.00, 1.40, 8.43, 9.04, 10.00, 8.53, 1.00, 1.00, 10.00, 1.00, 10.00, 8.46, 10.00, 10.00, 1.00, 5.41, 1.00, 8.19, 9.38],
  xi_191 = [10.00, 10.00, 1.00, 6.55, 10.00, 10.00, 10.00, 10.00, 1.00, 10.00, 10.00, 1.00, 5.95, 1.00, 1.00, 10.00, 5.51, 4.92, 1.64, 10.00],
  xi_192 = [8.29, 7.48, 8.29, 10.00, 10.00, 1.00, 1.00, 1.00, 10.00, 1.00, 10.00, 10.00, 10.00, 10.00, 6.90, 10.00, 3.02, 1.00, 1.00, 4.22],
  xi_193 = [1.00, 1.00, 1.00, 10.00, 1.00, 1.00, 1.00, 4.33, 10.00, 1.00, 3.23, 10.00, 10.00, 5.02, 1.00, 9.52, 10.00, 10.00, 1.00, 10.00],
  xi_194 = [1.00, 1.00, 4.80, 1.00, 1.00, 3.97, 1.00, 10.00, 10.00, 1.00, 3.42, 10.00, 10.00, 6.27, 10.00, 10.00, 10.00, 1.00, 10.00, 1.00],
  xi_195 = [10.00, 7.64, 10.00, 10.00, 8.02, 10.00, 7.40, 1.00, 10.00, 1.00, 10.00, 10.00, 10.00, 10.00, 10.00, 7.54, 10.00, 1.00, 10.00, 10.00],
  xi_201 = [10.00, 6.33, 1.00, 10.00, 1.00, 10.00, 10.00, 1.00, 10.00, 2.79, 5.51, 1.00, 9.62, 5.59, 2.02, 1.00, 1.00, 6.15, 1.00, 1.20],
  xi_202 = [10.00, 1.00, 4.33, 10.00, 10.00, 1.00, 10.00, 8.74, 10.00, 9.59, 3.33, 10.00, 1.00, 9.21, 2.40, 2.84, 10.00, 1.83, 1.00, 1.00],
  xi_203 = [6.12, 1.00, 10.00, 5.91, 1.68, 7.34, 5.99, 10.00, 5.60, 10.00, 1.00, 10.00, 1.91, 10.00, 10.00, 1.00, 8.45, 7.38, 5.28, 10.00],
  xi_204 = [1.00, 10.00, 10.00, 1.00, 4.67, 1.00, 10.00, 9.14, 1.00, 2.83, 4.90, 3.61, 10.00, 1.00, 10.00, 4.84, 1.00, 1.00, 1.52, 6.79],
  xi_205 = [10.00, 2.47, 1.00, 10.00, 9.71, 3.55, 8.90, 10.00, 10.00, 10.00, 1.00, 1.00, 10.00, 10.00, 9.68, 7.56, 1.00, 1.00, 4.66, 4.09],
  xi_211 = [10.00, 1.00, 10.00, 6.64, 1.00, 10.00, 8.70, 1.00, 10.00, 10.00, 10.00, 6.16, 1.44, 1.00, 1.00, 10.00, 1.00, 1.00, 10.00, 6.69],
  xi_212 = [10.00, 1.00, 10.00, 10.00, 10.00, 1.48, 10.00, 9.93, 10.00, 10.00, 1.00, 1.00, 10.00, 10.00, 10.00, 1.00, 10.00, 1.00, 10.00, 1.00],
  xi_213 = [1.00, 1.00, 5.31, 6.42, 10.00, 1.00, 10.00, 1.00, 10.00, 10.00, 9.53, 10.00, 10.00, 1.00, 7.22, 10.00, 1.00, 10.00, 10.00, 1.00],
  xi_214 = [10.00, 1.00, 1.00, 10.00, 10.00, 10.00, 7.90, 10.00, 5.31, 10.00, 10.00, 4.60, 10.00, 1.00, 10.00, 10.00, 1.00, 9.30, 1.00, 1.00],
  xi_215 = [6.23, 3.22, 1.00, 10.00, 10.00, 1.00, 1.00, 10.00, 5.13, 10.00, 2.71, 8.90, 1.00, 1.00, 10.00, 10.00, 5.64, 10.00, 1.00, 1.94],
  xi_221 = [10.00, 1.00, 1.00, 7.92, 1.00, 10.00, 1.00, 5.94, 1.00, 10.00, 10.00, 10.00, 4.62, 1.00, 6.00, 10.00, 1.00, 4.92, 1.00, 10.00],
  xi_222 = [10.00, 1.00, 10.00, 10.00, 10.00, 10.00, 10.00, 10.00, 1.00, 10.00, 10.00, 1.00, 10.00, 10.00, 1.00, 1.00, 10.00, 10.00, 10.00, 1.47],
  xi_223 = [9.17, 10.00, 5.87, 10.00, 10.00, 10.00, 10.00, 1.00, 3.77, 10.00, 10.00, 10.00, 2.44, 10.00, 10.00, 1.00, 9.74, 10.00, 10.00, 10.00],
  xi_224 = [10.00, 1.00, 10.00, 1.00, 10.00, 1.00, 10.00, 10.00, 1.00, 4.87, 6.60, 1.00, 10.00, 1.00, 10.00, 8.76, 9.47, 10.00, 2.61, 6.01],
  xi_225 = [10.00, 8.15, 1.00, 4.21, 10.00, 10.00, 5.76, 1.00, 10.00, 1.00, 10.00, 10.00, 10.00, 10.00, 10.00, 5.32, 10.00, 9.14, 10.00, 9.55],
  xi_231 = [10.00, 4.39, 6.31, 1.62, 1.00, 1.00, 10.00, 1.00, 5.20, 5.17, 4.99, 1.00, 5.06, 1.00, 1.40, 1.00, 1.43, 1.00, 10.00, 4.35],
  xi_232 = [1.71, 1.00, 1.00, 10.00, 6.27, 2.27, 5.12, 1.00, 5.59, 1.58, 1.00, 1.00, 2.23, 4.21, 2.36, 1.46, 1.00, 3.71, 1.00, 1.10],
  xi_233 = [5.68, 9.62, 6.05, 1.00, 6.61, 6.48, 10.00, 1.00, 1.00, 1.00, 4.08, 1.03, 10.00, 1.00, 8.77, 1.00, 2.80, 1.00, 1.00, 8.19],
  xi_234 = [3.96, 3.07, 1.00, 5.59, 1.80, 7.02, 1.00, 2.82, 9.05, 1.00, 2.51, 4.83, 3.69, 5.95, 2.43, 3.81, 1.00, 2.66, 2.41, 8.16],
  xi_235 = [8.58, 1.90, 1.00, 4.15, 1.00, 3.00, 1.97, 1.00, 1.00, 7.16, 1.00, 7.35, 6.54, 6.26, 1.00, 7.75, 10.00, 5.25, 4.27, 1.00],
  xi_241 = [10.00, 7.19, 1.00, 10.00, 10.00, 6.55, 1.00, 1.00, 10.00, 8.35, 1.00, 10.00, 1.00, 1.00, 10.00, 3.45, 1.00, 1.00, 10.00, 10.00],
  xi_242 = [4.83, 10.00, 1.00, 1.00, 10.00, 1.00, 1.00, 10.00, 10.00, 10.00, 10.00, 10.00, 1.00, 2.31, 8.61, 10.00, 4.12, 10.00, 1.00, 10.00],
  xi_243 = [1.00, 10.00, 10.00, 10.00, 1.00, 10.00, 10.00, 1.00, 10.00, 7.27, 10.00, 2.64, 1.00, 1.00, 1.00, 10.00, 10.00, 1.00, 10.00, 10.00],
  xi_244 = [8.60, 10.00, 1.00, 10.00, 10.00, 10.00, 6.54, 10.00, 10.00, 1.00, 10.00, 10.00, 1.00, 1.35, 10.00, 10.00, 5.33, 10.00, 6.75, 1.00],
  xi_245 = [7.32, 1.00, 10.00, 7.34, 10.00, 10.00, 10.00, 1.00, 1.20, 10.00, 10.00, 1.00, 5.55, 10.00, 1.41, 1.00, 1.00, 1.00, 10.00, 10.00],
  xi_251 = [6.57, 1.00, 1.00, 10.00, 10.00, 10.00, 10.00, 3.67, 10.00, 7.82, 1.00, 2.03, 1.00, 10.00, 2.77, 1.00, 1.00, 9.19, 1.00, 1.00],
  xi_252 = [5.80, 10.00, 10.00, 10.00, 1.00, 1.00, 1.00, 3.77, 10.00, 2.35, 10.00, 3.73, 1.00, 10.00, 1.00, 10.00, 8.06, 10.00, 10.00, 10.00],
  xi_253 = [5.21, 1.61, 2.52, 5.86, 1.00, 10.00, 1.00, 4.50, 1.00, 1.00, 1.00, 1.00, 1.00, 10.00, 1.00, 7.15, 10.00, 10.00, 10.00, 1.00],
  xi_254 = [1.00, 10.00, 10.00, 10.00, 10.00, 10.00, 10.00, 10.00, 2.87, 5.58, 10.00, 2.73, 2.47, 10.00, 1.00, 2.56, 10.00, 10.00, 1.00, 9.36],
  xi_255 = [6.32, 1.00, 1.00, 10.00, 10.00, 1.00, 10.00, 10.00, 9.73, 10.00, 1.00, 1.00, 10.00, 10.00, 10.00, 3.37, 10.00, 4.56, 1.00, 1.00],
  xi_261 = [2.32, 1.00, 10.00, 1.00, 9.51, 1.00, 1.00, 10.00, 1.00, 10.00, 10.00, 1.00, 3.74, 10.00, 10.00, 1.00, 10.00, 10.00, 4.24, 1.00],
  xi_262 = [10.00, 10.00, 8.54, 10.00, 10.00, 10.00, 10.00, 6.62, 10.00, 10.00, 6.67, 10.00, 8.66, 1.00, 1.00, 10.00, 10.00, 1.00, 10.00, 6.29],
  xi_263 = [10.00, 1.00, 10.00, 10.00, 1.00, 10.00, 10.00, 10.00, 1.00, 10.00, 2.50, 10.00, 5.19, 10.00, 10.00, 10.00, 10.00, 10.00, 1.00, 10.00],
  xi_264 = [1.00, 10.00, 6.82, 10.00, 10.00, 10.00, 10.00, 5.80, 1.00, 1.00, 1.00, 10.00, 1.00, 10.00, 10.00, 1.00, 10.00, 1.00, 1.00, 1.00],
  xi_265 = [3.41, 10.00, 10.00, 10.00, 1.00, 10.00, 1.15, 10.00, 10.00, 9.69, 1.00, 10.00, 10.00, 10.00, 1.00, 10.00, 1.00, 10.00, 1.00, 10.00],
  xi_271 = [10.00, 1.00, 10.00, 10.00, 1.00, 10.00, 10.00, 10.00, 6.64, 1.00, 10.00, 1.00, 8.52, 10.00, 10.00, 10.00, 10.00, 1.00, 10.00, 1.00],
  xi_272 = [10.00, 5.32, 10.00, 10.00, 1.00, 10.00, 10.00, 1.00, 1.00, 6.30, 3.68, 10.00, 10.00, 1.00, 10.00, 1.00, 10.00, 1.00, 10.00, 1.00],
  xi_273 = [1.00, 1.00, 1.00, 1.00, 1.00, 1.00, 1.00, 1.00, 10.00, 1.00, 10.00, 10.00, 3.92, 1.00, 10.00, 1.00, 10.00, 2.08, 10.00, 10.00],
  xi_274 = [10.00, 1.00, 10.00, 10.00, 10.00, 10.00, 1.00, 1.00, 10.00, 10.00, 5.24, 1.00, 10.00, 1.44, 10.00, 1.00, 1.00, 10.00, 1.00, 1.00],
  xi_275 = [1.00, 8.84, 10.00, 10.00, 6.59, 10.00, 1.00, 3.12, 1.00, 1.00, 10.00, 10.00, 10.00, 1.00, 1.00, 10.00, 1.00, 1.00, 9.59, 10.00],
  xi_281 = [10.00, 2.86, 10.00, 10.00, 2.28, 1.00, 1.00, 7.94, 6.04, 1.00, 1.00, 8.79, 1.00, 8.75, 10.00, 10.00, 1.00, 1.49, 1.00, 1.00],
  xi_282 = [1.00, 10.00, 1.00, 10.00, 10.00, 1.00, 10.00, 1.03, 8.79, 8.78, 8.47, 10.00, 9.61, 5.47, 1.00, 1.00, 1.00, 1.00, 2.79, 1.00],
  xi_283 = [1.00, 8.25, 1.00, 10.00, 9.84, 1.00, 10.00, 1.00, 1.00, 1.00, 1.00, 1.00, 10.00, 1.00, 10.00, 1.00, 7.06, 1.00, 7.18, 1.69],
  xi_284 = [1.00, 10.00, 9.66, 1.00, 1.80, 10.00, 7.05, 1.00, 8.31, 2.06, 1.00, 1.00, 8.37, 1.00, 10.00, 1.00, 10.00, 10.00, 5.84, 1.00],
  xi_285 = [9.19, 10.00, 10.00, 4.95, 1.63, 10.00, 5.28, 6.96, 1.00, 10.00, 10.00, 10.00, 10.00, 1.31, 1.00, 10.00, 3.98, 7.44, 10.00, 2.20],
  xi_291 = [8.00, 1.00, 1.00, 6.96, 10.00, 1.00, 1.00, 10.00, 10.00, 10.00, 10.00, 6.61, 1.00, 1.00, 1.37, 10.00, 10.00, 10.00, 1.00, 1.00],
  xi_292 = [1.00, 3.60, 10.00, 10.00, 2.75, 1.00, 10.00, 10.00, 1.00, 10.00, 6.26, 10.00, 10.00, 10.00, 10.00, 10.00, 1.00, 10.00, 1.00, 1.00],
  xi_293 = [9.30, 1.00, 10.00, 1.00, 1.00, 10.00, 10.00, 10.00, 1.00, 3.07, 10.00, 6.34, 10.00, 10.00, 10.00, 7.64, 1.00, 8.12, 10.00, 10.00],
  xi_294 = [10.00, 1.00, 1.00, 5.36, 7.77, 10.00, 10.00, 7.11, 10.00, 10.00, 10.00, 10.00, 10.00, 10.00, 6.24, 10.00, 1.00, 10.00, 10.00, 1.00],
  xi_295 = [1.00, 1.00, 10.00, 2.00, 1.00, 1.00, 10.00, 4.88, 10.00, 10.00, 1.00, 10.00, 10.00, 10.00, 10.00, 1.00, 4.84, 10.00, 1.00, 1.00],
  xi_301 = [2.43, 10.00, 1.00, 10.00, 1.00, 7.63, 6.51, 8.04, 3.84, 1.00, 1.00, 4.89, 10.00, 10.00, 10.00, 10.00, 4.82, 1.00, 6.24, 7.23],
  xi_302 = [1.00, 10.00, 1.00, 1.00, 1.00, 6.86, 1.00, 10.00, 1.00, 2.91, 10.00, 1.00, 1.00, 3.25, 10.00, 1.00, 1.00, 10.00, 4.28, 10.00],
  xi_303 = [1.00, 1.00, 1.00, 10.00, 1.00, 10.00, 1.00, 7.48, 1.97, 1.00, 4.88, 3.16, 4.10, 10.00, 10.00, 1.00, 1.00, 4.46, 1.00, 1.00],
  xi_304 = [1.00, 1.00, 4.33, 1.00, 1.00, 7.53, 1.00, 5.50, 1.00, 10.00, 9.49, 1.00, 1.00, 1.00, 6.93, 10.00, 10.00, 1.00, 10.00, 1.00],
  xi_305 = [1.00, 10.00, 10.00, 1.00, 10.00, 10.00, 3.66, 2.25, 1.00, 1.00, 3.08, 1.08, 1.00, 3.64, 10.00, 10.00, 10.00, 2.09, 1.00, 1.00],
]

Transportation Costs (cjk) = [
  [8.86, 0.10, 2.41, 0.10, 4.10],
  [5.87, 20.41, 26.10, 34.67, 1.35],
  [21.01, 0.10, 0.95, 5.04, 4.36],
  [0.10, 4.60, 4.33, 8.15, 0.10],
  [14.01, 0.10, 8.38, 3.58, 9.20],
  [24.53, 0.94, 0.10, 0.10, 0.10],
  [0.10, 17.52, 0.10, 0.10, 2.08],
  [0.10, 16.57, 5.02, 0.34, 4.54],
  [0.10, 5.16, 7.75, 0.10, 6.91],
  [0.10, 18.98, 0.36, 0.10, 0.81],
  [24.33, 14.55, 0.10, 0.72, 23.00],
  [25.88, 14.75, 14.61, 0.10, 15.54],
  [11.14, 0.10, 0.10, 0.10, 0.10],
  [0.10, 8.18, 15.73, 9.85, 22.99],
  [7.14, 24.44, 7.91, 0.10, 24.01],
  [0.10, 1.99, 31.76, 0.16, 0.10],
  [14.07, 6.40, 0.10, 2.54, 0.10],
  [0.10, 2.57, 47.36, 4.21, 26.30],
  [0.10, 0.10, 0.10, 13.64, 7.66],
  [0.10, 1.59, 10.10, 18.70, 0.10],
  [0.10, 21.84, 0.10, 15.16, 18.95],
  [0.10, 11.99, 0.10, 8.27, 3.35],
  [0.10, 4.03, 0.31, 7.39, 9.35],
  [0.10, 0.13, 0.10, 0.10, 0.10],
  [10.35, 16.09, 7.08, 3.09, 0.10],
  [12.28, 16.19, 14.67, 0.10, 11.65],
  [18.18, 26.40, 0.64, 16.19, 21.58],
  [6.91, 0.10, 14.52, 0.10, 0.10],
  [0.10, 2.94, 1.70, 0.10, 2.58],
  [12.34, 12.40, 3.86, 12.00, 22.82],
]

Mean Service Times (¦Ì_{jk}) = [
  mu_11 = [3.53],
  mu_12 = [4.21],
  mu_13 = [3.42],
  mu_14 = [4.69],
  mu_15 = [3.92],
  mu_21 = [5.56],
  mu_22 = [3.47],
  mu_23 = [5.32],
  mu_24 = [5.35],
  mu_25 = [5.64],
  mu_31 = [5.05],
  mu_32 = [7.87],
  mu_33 = [5.74],
  mu_34 = [5.58],
  mu_35 = [5.94],
  mu_41 = [3.85],
  mu_42 = [3.72],
  mu_43 = [3.87],
  mu_44 = [4.09],
  mu_45 = [3.03],
  mu_51 = [2.37],
  mu_52 = [4.66],
  mu_53 = [4.08],
  mu_54 = [4.05],
  mu_55 = [3.58],
  mu_61 = [5.10],
  mu_62 = [5.98],
  mu_63 = [4.96],
  mu_64 = [5.70],
  mu_65 = [5.53],
  mu_71 = [2.32],
  mu_72 = [2.26],
  mu_73 = [4.39],
  mu_74 = [3.08],
  mu_75 = [2.89],
  mu_81 = [4.53],
  mu_82 = [5.55],
  mu_83 = [5.56],
  mu_84 = [6.47],
  mu_85 = [4.30],
  mu_91 = [6.01],
  mu_92 = [5.15],
  mu_93 = [6.25],
  mu_94 = [3.02],
  mu_95 = [6.31],
  mu_101 = [4.50],
  mu_102 = [3.62],
  mu_103 = [2.76],
  mu_104 = [2.64],
  mu_105 = [4.41],
  mu_111 = [3.85],
  mu_112 = [3.18],
  mu_113 = [3.20],
  mu_114 = [3.55],
  mu_115 = [4.03],
  mu_121 = [4.81],
  mu_122 = [5.22],
  mu_123 = [3.90],
  mu_124 = [5.06],
  mu_125 = [4.95],
  mu_131 = [6.11],
  mu_132 = [6.86],
  mu_133 = [4.92],
  mu_134 = [4.26],
  mu_135 = [6.01],
  mu_141 = [5.71],
  mu_142 = [5.84],
  mu_143 = [6.42],
  mu_144 = [6.60],
  mu_145 = [7.34],
  mu_151 = [7.20],
  mu_152 = [6.27],
  mu_153 = [7.79],
  mu_154 = [6.42],
  mu_155 = [6.52],
  mu_161 = [3.12],
  mu_162 = [4.16],
  mu_163 = [3.17],
  mu_164 = [3.33],
  mu_165 = [4.73],
  mu_171 = [5.26],
  mu_172 = [4.78],
  mu_173 = [5.23],
  mu_174 = [7.30],
  mu_175 = [7.30],
  mu_181 = [6.49],
  mu_182 = [4.05],
  mu_183 = [5.93],
  mu_184 = [6.05],
  mu_185 = [5.79],
  mu_191 = [6.48],
  mu_192 = [6.21],
  mu_193 = [5.05],
  mu_194 = [5.32],
  mu_195 = [8.18],
  mu_201 = [4.81],
  mu_202 = [5.86],
  mu_203 = [6.43],
  mu_204 = [4.77],
  mu_205 = [6.28],
  mu_211 = [5.83],
  mu_212 = [6.87],
  mu_213 = [6.27],
  mu_214 = [6.66],
  mu_215 = [5.49],
  mu_221 = [5.37],
  mu_222 = [7.32],
  mu_223 = [8.15],
  mu_224 = [6.22],
  mu_225 = [7.76],
  mu_231 = [3.85],
  mu_232 = [2.73],
  mu_233 = [4.37],
  mu_234 = [3.69],
  mu_235 = [4.06],
  mu_241 = [5.68],
  mu_242 = [6.29],
  mu_243 = [6.35],
  mu_244 = [7.13],
  mu_245 = [5.94],
  mu_251 = [5.00],
  mu_252 = [6.44],
  mu_253 = [4.29],
  mu_254 = [6.93],
  mu_255 = [6.05],
  mu_261 = [5.39],
  mu_262 = [7.99],
  mu_263 = [7.58],
  mu_264 = [5.58],
  mu_265 = [6.96],
  mu_271 = [7.06],
  mu_272 = [6.12],
  mu_273 = [4.35],
  mu_274 = [5.73],
  mu_275 = [5.81],
  mu_281 = [4.81],
  mu_282 = [5.15],
  mu_283 = [4.25],
  mu_284 = [5.05],
  mu_285 = [6.75],
  mu_291 = [5.55],
  mu_292 = [6.43],
  mu_293 = [6.97],
  mu_294 = [7.52],
  mu_295 = [5.49],
  mu_301 = [5.83],
  mu_302 = [4.36],
  mu_303 = [3.80],
  mu_304 = [4.24],
  mu_305 = [4.64],
]

Mean Transportation Times (¦Ó_{jk}) = [
  tau_11 = [2.59],
  tau_12 = [2.60],
  tau_13 = [2.64],
  tau_14 = [2.68],
  tau_15 = [3.05],
  tau_21 = [3.48],
  tau_22 = [3.20],
  tau_23 = [3.75],
  tau_24 = [3.52],
  tau_25 = [2.86],
  tau_31 = [2.55],
  tau_32 = [1.96],
  tau_33 = [2.16],
  tau_34 = [2.19],
  tau_35 = [2.42],
  tau_41 = [2.45],
  tau_42 = [2.34],
  tau_43 = [2.27],
  tau_44 = [2.42],
  tau_45 = [2.65],
  tau_51 = [2.99],
  tau_52 = [3.40],
  tau_53 = [3.44],
  tau_54 = [3.00],
  tau_55 = [3.33],
  tau_61 = [3.21],
  tau_62 = [3.34],
  tau_63 = [3.38],
  tau_64 = [3.31],
  tau_65 = [3.39],
  tau_71 = [2.61],
  tau_72 = [2.53],
  tau_73 = [2.03],
  tau_74 = [1.76],
  tau_75 = [2.15],
  tau_81 = [2.72],
  tau_82 = [3.59],
  tau_83 = [3.51],
  tau_84 = [4.24],
  tau_85 = [2.63],
  tau_91 = [2.63],
  tau_92 = [3.32],
  tau_93 = [2.93],
  tau_94 = [2.57],
  tau_95 = [3.61],
  tau_101 = [2.89],
  tau_102 = [2.89],
  tau_103 = [3.17],
  tau_104 = [3.20],
  tau_105 = [3.02],
  tau_111 = [2.85],
  tau_112 = [3.42],
  tau_113 = [2.74],
  tau_114 = [3.17],
  tau_115 = [2.85],
  tau_121 = [3.01],
  tau_122 = [2.47],
  tau_123 = [2.45],
  tau_124 = [2.53],
  tau_125 = [2.56],
  tau_131 = [3.23],
  tau_132 = [3.14],
  tau_133 = [2.38],
  tau_134 = [3.60],
  tau_135 = [3.17],
  tau_141 = [2.14],
  tau_142 = [2.56],
  tau_143 = [2.64],
  tau_144 = [2.49],
  tau_145 = [2.48],
  tau_151 = [1.66],
  tau_152 = [2.16],
  tau_153 = [2.12],
  tau_154 = [2.01],
  tau_155 = [1.98],
  tau_161 = [3.08],
  tau_162 = [2.99],
  tau_163 = [2.44],
  tau_164 = [3.40],
  tau_165 = [3.68],
  tau_171 = [2.62],
  tau_172 = [3.52],
  tau_173 = [2.65],
  tau_174 = [3.08],
  tau_175 = [3.80],
  tau_181 = [2.25],
  tau_182 = [2.45],
  tau_183 = [2.24],
  tau_184 = [2.49],
  tau_185 = [3.13],
  tau_191 = [2.46],
  tau_192 = [2.08],
  tau_193 = [2.11],
  tau_194 = [2.99],
  tau_195 = [2.21],
  tau_201 = [3.36],
  tau_202 = [3.39],
  tau_203 = [3.59],
  tau_204 = [2.92],
  tau_205 = [3.09],
  tau_211 = [2.54],
  tau_212 = [2.87],
  tau_213 = [3.05],
  tau_214 = [2.86],
  tau_215 = [2.42],
  tau_221 = [1.41],
  tau_222 = [2.10],
  tau_223 = [2.40],
  tau_224 = [2.55],
  tau_225 = [2.73],
  tau_231 = [3.66],
  tau_232 = [2.96],
  tau_233 = [3.89],
  tau_234 = [3.39],
  tau_235 = [3.06],
  tau_241 = [2.24],
  tau_242 = [2.17],
  tau_243 = [2.50],
  tau_244 = [2.85],
  tau_245 = [2.26],
  tau_251 = [2.70],
  tau_252 = [3.11],
  tau_253 = [2.48],
  tau_254 = [3.57],
  tau_255 = [2.16],
  tau_261 = [1.87],
  tau_262 = [2.28],
  tau_263 = [2.69],
  tau_264 = [2.24],
  tau_265 = [2.05],
  tau_271 = [3.29],
  tau_272 = [3.51],
  tau_273 = [3.19],
  tau_274 = [3.06],
  tau_275 = [3.23],
  tau_281 = [3.35],
  tau_282 = [2.79],
  tau_283 = [2.94],
  tau_284 = [3.18],
  tau_285 = [3.42],
  tau_291 = [2.84],
  tau_292 = [2.01],
  tau_293 = [2.60],
  tau_294 = [2.59],
  tau_295 = [2.56],
  tau_301 = [3.57],
  tau_302 = [3.00],
  tau_303 = [2.20],
  tau_304 = [2.52],
  tau_305 = [2.09],
]

Epsilon + ¦Ì_{jk} = [
  epsilon_plus_mu_11 = [5.30],
  epsilon_plus_mu_12 = [6.31],
  epsilon_plus_mu_13 = [5.14],
  epsilon_plus_mu_14 = [7.04],
  epsilon_plus_mu_15 = [5.88],
  epsilon_plus_mu_21 = [8.34],
  epsilon_plus_mu_22 = [5.20],
  epsilon_plus_mu_23 = [7.98],
  epsilon_plus_mu_24 = [8.03],
  epsilon_plus_mu_25 = [8.47],
  epsilon_plus_mu_31 = [7.58],
  epsilon_plus_mu_32 = [11.80],
  epsilon_plus_mu_33 = [8.62],
  epsilon_plus_mu_34 = [8.36],
  epsilon_plus_mu_35 = [8.91],
  epsilon_plus_mu_41 = [5.77],
  epsilon_plus_mu_42 = [5.58],
  epsilon_plus_mu_43 = [5.81],
  epsilon_plus_mu_44 = [6.13],
  epsilon_plus_mu_45 = [4.55],
  epsilon_plus_mu_51 = [3.56],
  epsilon_plus_mu_52 = [6.99],
  epsilon_plus_mu_53 = [6.12],
  epsilon_plus_mu_54 = [6.07],
  epsilon_plus_mu_55 = [5.37],
  epsilon_plus_mu_61 = [7.65],
  epsilon_plus_mu_62 = [8.97],
  epsilon_plus_mu_63 = [7.44],
  epsilon_plus_mu_64 = [8.55],
  epsilon_plus_mu_65 = [8.29],
  epsilon_plus_mu_71 = [3.48],
  epsilon_plus_mu_72 = [3.40],
  epsilon_plus_mu_73 = [6.59],
  epsilon_plus_mu_74 = [4.62],
  epsilon_plus_mu_75 = [4.33],
  epsilon_plus_mu_81 = [6.79],
  epsilon_plus_mu_82 = [8.32],
  epsilon_plus_mu_83 = [8.34],
  epsilon_plus_mu_84 = [9.71],
  epsilon_plus_mu_85 = [6.45],
  epsilon_plus_mu_91 = [9.02],
  epsilon_plus_mu_92 = [7.73],
  epsilon_plus_mu_93 = [9.38],
  epsilon_plus_mu_94 = [4.53],
  epsilon_plus_mu_95 = [9.46],
  epsilon_plus_mu_101 = [6.75],
  epsilon_plus_mu_102 = [5.43],
  epsilon_plus_mu_103 = [4.15],
  epsilon_plus_mu_104 = [3.96],
  epsilon_plus_mu_105 = [6.62],
  epsilon_plus_mu_111 = [5.77],
  epsilon_plus_mu_112 = [4.77],
  epsilon_plus_mu_113 = [4.79],
  epsilon_plus_mu_114 = [5.32],
  epsilon_plus_mu_115 = [6.05],
  epsilon_plus_mu_121 = [7.22],
  epsilon_plus_mu_122 = [7.83],
  epsilon_plus_mu_123 = [5.85],
  epsilon_plus_mu_124 = [7.59],
  epsilon_plus_mu_125 = [7.42],
  epsilon_plus_mu_131 = [9.16],
  epsilon_plus_mu_132 = [10.28],
  epsilon_plus_mu_133 = [7.38],
  epsilon_plus_mu_134 = [6.39],
  epsilon_plus_mu_135 = [9.01],
  epsilon_plus_mu_141 = [8.56],
  epsilon_plus_mu_142 = [8.76],
  epsilon_plus_mu_143 = [9.62],
  epsilon_plus_mu_144 = [9.90],
  epsilon_plus_mu_145 = [11.01],
  epsilon_plus_mu_151 = [10.80],
  epsilon_plus_mu_152 = [9.40],
  epsilon_plus_mu_153 = [11.69],
  epsilon_plus_mu_154 = [9.63],
  epsilon_plus_mu_155 = [9.78],
  epsilon_plus_mu_161 = [4.68],
  epsilon_plus_mu_162 = [6.25],
  epsilon_plus_mu_163 = [4.75],
  epsilon_plus_mu_164 = [4.99],
  epsilon_plus_mu_165 = [7.09],
  epsilon_plus_mu_171 = [7.90],
  epsilon_plus_mu_172 = [7.17],
  epsilon_plus_mu_173 = [7.84],
  epsilon_plus_mu_174 = [10.95],
  epsilon_plus_mu_175 = [10.95],
  epsilon_plus_mu_181 = [9.74],
  epsilon_plus_mu_182 = [6.08],
  epsilon_plus_mu_183 = [8.89],
  epsilon_plus_mu_184 = [9.08],
  epsilon_plus_mu_185 = [8.69],
  epsilon_plus_mu_191 = [9.72],
  epsilon_plus_mu_192 = [9.31],
  epsilon_plus_mu_193 = [7.58],
  epsilon_plus_mu_194 = [7.98],
  epsilon_plus_mu_195 = [12.27],
  epsilon_plus_mu_201 = [7.22],
  epsilon_plus_mu_202 = [8.80],
  epsilon_plus_mu_203 = [9.65],
  epsilon_plus_mu_204 = [7.15],
  epsilon_plus_mu_205 = [9.42],
  epsilon_plus_mu_211 = [8.75],
  epsilon_plus_mu_212 = [10.31],
  epsilon_plus_mu_213 = [9.41],
  epsilon_plus_mu_214 = [9.98],
  epsilon_plus_mu_215 = [8.23],
  epsilon_plus_mu_221 = [8.05],
  epsilon_plus_mu_222 = [10.99],
  epsilon_plus_mu_223 = [12.22],
  epsilon_plus_mu_224 = [9.32],
  epsilon_plus_mu_225 = [11.64],
  epsilon_plus_mu_231 = [5.77],
  epsilon_plus_mu_232 = [4.09],
  epsilon_plus_mu_233 = [6.55],
  epsilon_plus_mu_234 = [5.53],
  epsilon_plus_mu_235 = [6.09],
  epsilon_plus_mu_241 = [8.51],
  epsilon_plus_mu_242 = [9.44],
  epsilon_plus_mu_243 = [9.52],
  epsilon_plus_mu_244 = [10.69],
  epsilon_plus_mu_245 = [8.91],
  epsilon_plus_mu_251 = [7.50],
  epsilon_plus_mu_252 = [9.65],
  epsilon_plus_mu_253 = [6.44],
  epsilon_plus_mu_254 = [10.39],
  epsilon_plus_mu_255 = [9.07],
  epsilon_plus_mu_261 = [8.09],
  epsilon_plus_mu_262 = [11.98],
  epsilon_plus_mu_263 = [11.38],
  epsilon_plus_mu_264 = [8.37],
  epsilon_plus_mu_265 = [10.44],
  epsilon_plus_mu_271 = [10.59],
  epsilon_plus_mu_272 = [9.17],
  epsilon_plus_mu_273 = [6.53],
  epsilon_plus_mu_274 = [8.60],
  epsilon_plus_mu_275 = [8.71],
  epsilon_plus_mu_281 = [7.21],
  epsilon_plus_mu_282 = [7.72],
  epsilon_plus_mu_283 = [6.38],
  epsilon_plus_mu_284 = [7.58],
  epsilon_plus_mu_285 = [10.12],
  epsilon_plus_mu_291 = [8.32],
  epsilon_plus_mu_292 = [9.65],
  epsilon_plus_mu_293 = [10.46],
  epsilon_plus_mu_294 = [11.29],
  epsilon_plus_mu_295 = [8.23],
  epsilon_plus_mu_301 = [8.75],
  epsilon_plus_mu_302 = [6.55],
  epsilon_plus_mu_303 = [5.70],
  epsilon_plus_mu_304 = [6.36],
  epsilon_plus_mu_305 = [6.96],
]

Epsilon - ¦Ì_{jk} = [
  epsilon_minus_mu_11 = [-1.77],
  epsilon_minus_mu_12 = [-2.10],
  epsilon_minus_mu_13 = [-1.71],
  epsilon_minus_mu_14 = [-2.35],
  epsilon_minus_mu_15 = [-1.96],
  epsilon_minus_mu_21 = [-2.78],
  epsilon_minus_mu_22 = [-1.73],
  epsilon_minus_mu_23 = [-2.66],
  epsilon_minus_mu_24 = [-2.68],
  epsilon_minus_mu_25 = [-2.82],
  epsilon_minus_mu_31 = [-2.53],
  epsilon_minus_mu_32 = [-3.93],
  epsilon_minus_mu_33 = [-2.87],
  epsilon_minus_mu_34 = [-2.79],
  epsilon_minus_mu_35 = [-2.97],
  epsilon_minus_mu_41 = [-1.92],
  epsilon_minus_mu_42 = [-1.86],
  epsilon_minus_mu_43 = [-1.94],
  epsilon_minus_mu_44 = [-2.04],
  epsilon_minus_mu_45 = [-1.52],
  epsilon_minus_mu_51 = [-1.19],
  epsilon_minus_mu_52 = [-2.33],
  epsilon_minus_mu_53 = [-2.04],
  epsilon_minus_mu_54 = [-2.02],
  epsilon_minus_mu_55 = [-1.79],
  epsilon_minus_mu_61 = [-2.55],
  epsilon_minus_mu_62 = [-2.99],
  epsilon_minus_mu_63 = [-2.48],
  epsilon_minus_mu_64 = [-2.85],
  epsilon_minus_mu_65 = [-2.76],
  epsilon_minus_mu_71 = [-1.16],
  epsilon_minus_mu_72 = [-1.13],
  epsilon_minus_mu_73 = [-2.20],
  epsilon_minus_mu_74 = [-1.54],
  epsilon_minus_mu_75 = [-1.44],
  epsilon_minus_mu_81 = [-2.26],
  epsilon_minus_mu_82 = [-2.77],
  epsilon_minus_mu_83 = [-2.78],
  epsilon_minus_mu_84 = [-3.24],
  epsilon_minus_mu_85 = [-2.15],
  epsilon_minus_mu_91 = [-3.01],
  epsilon_minus_mu_92 = [-2.58],
  epsilon_minus_mu_93 = [-3.13],
  epsilon_minus_mu_94 = [-1.51],
  epsilon_minus_mu_95 = [-3.15],
  epsilon_minus_mu_101 = [-2.25],
  epsilon_minus_mu_102 = [-1.81],
  epsilon_minus_mu_103 = [-1.38],
  epsilon_minus_mu_104 = [-1.32],
  epsilon_minus_mu_105 = [-2.21],
  epsilon_minus_mu_111 = [-1.92],
  epsilon_minus_mu_112 = [-1.59],
  epsilon_minus_mu_113 = [-1.60],
  epsilon_minus_mu_114 = [-1.77],
  epsilon_minus_mu_115 = [-2.02],
  epsilon_minus_mu_121 = [-2.41],
  epsilon_minus_mu_122 = [-2.61],
  epsilon_minus_mu_123 = [-1.95],
  epsilon_minus_mu_124 = [-2.53],
  epsilon_minus_mu_125 = [-2.47],
  epsilon_minus_mu_131 = [-3.05],
  epsilon_minus_mu_132 = [-3.43],
  epsilon_minus_mu_133 = [-2.46],
  epsilon_minus_mu_134 = [-2.13],
  epsilon_minus_mu_135 = [-3.00],
  epsilon_minus_mu_141 = [-2.85],
  epsilon_minus_mu_142 = [-2.92],
  epsilon_minus_mu_143 = [-3.21],
  epsilon_minus_mu_144 = [-3.30],
  epsilon_minus_mu_145 = [-3.67],
  epsilon_minus_mu_151 = [-3.60],
  epsilon_minus_mu_152 = [-3.13],
  epsilon_minus_mu_153 = [-3.90],
  epsilon_minus_mu_154 = [-3.21],
  epsilon_minus_mu_155 = [-3.26],
  epsilon_minus_mu_161 = [-1.56],
  epsilon_minus_mu_162 = [-2.08],
  epsilon_minus_mu_163 = [-1.58],
  epsilon_minus_mu_164 = [-1.66],
  epsilon_minus_mu_165 = [-2.36],
  epsilon_minus_mu_171 = [-2.63],
  epsilon_minus_mu_172 = [-2.39],
  epsilon_minus_mu_173 = [-2.61],
  epsilon_minus_mu_174 = [-3.65],
  epsilon_minus_mu_175 = [-3.65],
  epsilon_minus_mu_181 = [-3.25],
  epsilon_minus_mu_182 = [-2.03],
  epsilon_minus_mu_183 = [-2.96],
  epsilon_minus_mu_184 = [-3.03],
  epsilon_minus_mu_185 = [-2.90],
  epsilon_minus_mu_191 = [-3.24],
  epsilon_minus_mu_192 = [-3.10],
  epsilon_minus_mu_193 = [-2.53],
  epsilon_minus_mu_194 = [-2.66],
  epsilon_minus_mu_195 = [-4.09],
  epsilon_minus_mu_201 = [-2.41],
  epsilon_minus_mu_202 = [-2.93],
  epsilon_minus_mu_203 = [-3.22],
  epsilon_minus_mu_204 = [-2.38],
  epsilon_minus_mu_205 = [-3.14],
  epsilon_minus_mu_211 = [-2.92],
  epsilon_minus_mu_212 = [-3.44],
  epsilon_minus_mu_213 = [-3.14],
  epsilon_minus_mu_214 = [-3.33],
  epsilon_minus_mu_215 = [-2.74],
  epsilon_minus_mu_221 = [-2.68],
  epsilon_minus_mu_222 = [-3.66],
  epsilon_minus_mu_223 = [-4.07],
  epsilon_minus_mu_224 = [-3.11],
  epsilon_minus_mu_225 = [-3.88],
  epsilon_minus_mu_231 = [-1.92],
  epsilon_minus_mu_232 = [-1.36],
  epsilon_minus_mu_233 = [-2.18],
  epsilon_minus_mu_234 = [-1.84],
  epsilon_minus_mu_235 = [-2.03],
  epsilon_minus_mu_241 = [-2.84],
  epsilon_minus_mu_242 = [-3.15],
  epsilon_minus_mu_243 = [-3.17],
  epsilon_minus_mu_244 = [-3.56],
  epsilon_minus_mu_245 = [-2.97],
  epsilon_minus_mu_251 = [-2.50],
  epsilon_minus_mu_252 = [-3.22],
  epsilon_minus_mu_253 = [-2.15],
  epsilon_minus_mu_254 = [-3.46],
  epsilon_minus_mu_255 = [-3.02],
  epsilon_minus_mu_261 = [-2.70],
  epsilon_minus_mu_262 = [-3.99],
  epsilon_minus_mu_263 = [-3.79],
  epsilon_minus_mu_264 = [-2.79],
  epsilon_minus_mu_265 = [-3.48],
  epsilon_minus_mu_271 = [-3.53],
  epsilon_minus_mu_272 = [-3.06],
  epsilon_minus_mu_273 = [-2.18],
  epsilon_minus_mu_274 = [-2.87],
  epsilon_minus_mu_275 = [-2.90],
  epsilon_minus_mu_281 = [-2.40],
  epsilon_minus_mu_282 = [-2.57],
  epsilon_minus_mu_283 = [-2.13],
  epsilon_minus_mu_284 = [-2.53],
  epsilon_minus_mu_285 = [-3.37],
  epsilon_minus_mu_291 = [-2.77],
  epsilon_minus_mu_292 = [-3.22],
  epsilon_minus_mu_293 = [-3.49],
  epsilon_minus_mu_294 = [-3.76],
  epsilon_minus_mu_295 = [-2.74],
  epsilon_minus_mu_301 = [-2.92],
  epsilon_minus_mu_302 = [-2.18],
  epsilon_minus_mu_303 = [-1.90],
  epsilon_minus_mu_304 = [-2.12],
  epsilon_minus_mu_305 = [-2.32],
]

Sigma + ¦Ó_{jk} = [
  sigma_plus_tau_11 = [3.89],
  sigma_plus_tau_12 = [3.90],
  sigma_plus_tau_13 = [3.96],
  sigma_plus_tau_14 = [4.01],
  sigma_plus_tau_15 = [4.57],
  sigma_plus_tau_21 = [5.22],
  sigma_plus_tau_22 = [4.81],
  sigma_plus_tau_23 = [5.62],
  sigma_plus_tau_24 = [5.28],
  sigma_plus_tau_25 = [4.28],
  sigma_plus_tau_31 = [3.82],
  sigma_plus_tau_32 = [2.95],
  sigma_plus_tau_33 = [3.24],
  sigma_plus_tau_34 = [3.28],
  sigma_plus_tau_35 = [3.62],
  sigma_plus_tau_41 = [3.68],
  sigma_plus_tau_42 = [3.52],
  sigma_plus_tau_43 = [3.41],
  sigma_plus_tau_44 = [3.62],
  sigma_plus_tau_45 = [3.98],
  sigma_plus_tau_51 = [4.49],
  sigma_plus_tau_52 = [5.10],
  sigma_plus_tau_53 = [5.15],
  sigma_plus_tau_54 = [4.50],
  sigma_plus_tau_55 = [4.99],
  sigma_plus_tau_61 = [4.82],
  sigma_plus_tau_62 = [5.01],
  sigma_plus_tau_63 = [5.08],
  sigma_plus_tau_64 = [4.97],
  sigma_plus_tau_65 = [5.09],
  sigma_plus_tau_71 = [3.92],
  sigma_plus_tau_72 = [3.79],
  sigma_plus_tau_73 = [3.04],
  sigma_plus_tau_74 = [2.64],
  sigma_plus_tau_75 = [3.22],
  sigma_plus_tau_81 = [4.09],
  sigma_plus_tau_82 = [5.38],
  sigma_plus_tau_83 = [5.26],
  sigma_plus_tau_84 = [6.36],
  sigma_plus_tau_85 = [3.94],
  sigma_plus_tau_91 = [3.94],
  sigma_plus_tau_92 = [4.98],
  sigma_plus_tau_93 = [4.40],
  sigma_plus_tau_94 = [3.85],
  sigma_plus_tau_95 = [5.42],
  sigma_plus_tau_101 = [4.33],
  sigma_plus_tau_102 = [4.34],
  sigma_plus_tau_103 = [4.75],
  sigma_plus_tau_104 = [4.80],
  sigma_plus_tau_105 = [4.54],
  sigma_plus_tau_111 = [4.27],
  sigma_plus_tau_112 = [5.13],
  sigma_plus_tau_113 = [4.11],
  sigma_plus_tau_114 = [4.75],
  sigma_plus_tau_115 = [4.27],
  sigma_plus_tau_121 = [4.51],
  sigma_plus_tau_122 = [3.71],
  sigma_plus_tau_123 = [3.67],
  sigma_plus_tau_124 = [3.80],
  sigma_plus_tau_125 = [3.84],
  sigma_plus_tau_131 = [4.85],
  sigma_plus_tau_132 = [4.71],
  sigma_plus_tau_133 = [3.56],
  sigma_plus_tau_134 = [5.40],
  sigma_plus_tau_135 = [4.76],
  sigma_plus_tau_141 = [3.21],
  sigma_plus_tau_142 = [3.83],
  sigma_plus_tau_143 = [3.97],
  sigma_plus_tau_144 = [3.74],
  sigma_plus_tau_145 = [3.73],
  sigma_plus_tau_151 = [2.49],
  sigma_plus_tau_152 = [3.23],
  sigma_plus_tau_153 = [3.17],
  sigma_plus_tau_154 = [3.01],
  sigma_plus_tau_155 = [2.96],
  sigma_plus_tau_161 = [4.62],
  sigma_plus_tau_162 = [4.48],
  sigma_plus_tau_163 = [3.67],
  sigma_plus_tau_164 = [5.10],
  sigma_plus_tau_165 = [5.53],
  sigma_plus_tau_171 = [3.93],
  sigma_plus_tau_172 = [5.28],
  sigma_plus_tau_173 = [3.98],
  sigma_plus_tau_174 = [4.62],
  sigma_plus_tau_175 = [5.70],
  sigma_plus_tau_181 = [3.38],
  sigma_plus_tau_182 = [3.67],
  sigma_plus_tau_183 = [3.36],
  sigma_plus_tau_184 = [3.73],
  sigma_plus_tau_185 = [4.69],
  sigma_plus_tau_191 = [3.70],
  sigma_plus_tau_192 = [3.12],
  sigma_plus_tau_193 = [3.16],
  sigma_plus_tau_194 = [4.48],
  sigma_plus_tau_195 = [3.32],
  sigma_plus_tau_201 = [5.04],
  sigma_plus_tau_202 = [5.08],
  sigma_plus_tau_203 = [5.39],
  sigma_plus_tau_204 = [4.38],
  sigma_plus_tau_205 = [4.64],
  sigma_plus_tau_211 = [3.81],
  sigma_plus_tau_212 = [4.30],
  sigma_plus_tau_213 = [4.58],
  sigma_plus_tau_214 = [4.28],
  sigma_plus_tau_215 = [3.63],
  sigma_plus_tau_221 = [2.12],
  sigma_plus_tau_222 = [3.16],
  sigma_plus_tau_223 = [3.61],
  sigma_plus_tau_224 = [3.83],
  sigma_plus_tau_225 = [4.09],
  sigma_plus_tau_231 = [5.49],
  sigma_plus_tau_232 = [4.43],
  sigma_plus_tau_233 = [5.83],
  sigma_plus_tau_234 = [5.09],
  sigma_plus_tau_235 = [4.58],
  sigma_plus_tau_241 = [3.36],
  sigma_plus_tau_242 = [3.25],
  sigma_plus_tau_243 = [3.74],
  sigma_plus_tau_244 = [4.27],
  sigma_plus_tau_245 = [3.40],
  sigma_plus_tau_251 = [4.05],
  sigma_plus_tau_252 = [4.66],
  sigma_plus_tau_253 = [3.72],
  sigma_plus_tau_254 = [5.35],
  sigma_plus_tau_255 = [3.24],
  sigma_plus_tau_261 = [2.81],
  sigma_plus_tau_262 = [3.42],
  sigma_plus_tau_263 = [4.04],
  sigma_plus_tau_264 = [3.35],
  sigma_plus_tau_265 = [3.07],
  sigma_plus_tau_271 = [4.93],
  sigma_plus_tau_272 = [5.27],
  sigma_plus_tau_273 = [4.78],
  sigma_plus_tau_274 = [4.59],
  sigma_plus_tau_275 = [4.84],
  sigma_plus_tau_281 = [5.03],
  sigma_plus_tau_282 = [4.19],
  sigma_plus_tau_283 = [4.41],
  sigma_plus_tau_284 = [4.78],
  sigma_plus_tau_285 = [5.13],
  sigma_plus_tau_291 = [4.26],
  sigma_plus_tau_292 = [3.02],
  sigma_plus_tau_293 = [3.90],
  sigma_plus_tau_294 = [3.88],
  sigma_plus_tau_295 = [3.83],
  sigma_plus_tau_301 = [5.36],
  sigma_plus_tau_302 = [4.51],
  sigma_plus_tau_303 = [3.30],
  sigma_plus_tau_304 = [3.78],
  sigma_plus_tau_305 = [3.14],
]

Sigma - ¦Ó_{jk} = [
  sigma_minus_tau_11 = [-1.30],
  sigma_minus_tau_12 = [-1.30],
  sigma_minus_tau_13 = [-1.32],
  sigma_minus_tau_14 = [-1.34],
  sigma_minus_tau_15 = [-1.52],
  sigma_minus_tau_21 = [-1.74],
  sigma_minus_tau_22 = [-1.60],
  sigma_minus_tau_23 = [-1.87],
  sigma_minus_tau_24 = [-1.76],
  sigma_minus_tau_25 = [-1.43],
  sigma_minus_tau_31 = [-1.27],
  sigma_minus_tau_32 = [-0.98],
  sigma_minus_tau_33 = [-1.08],
  sigma_minus_tau_34 = [-1.09],
  sigma_minus_tau_35 = [-1.21],
  sigma_minus_tau_41 = [-1.23],
  sigma_minus_tau_42 = [-1.17],
  sigma_minus_tau_43 = [-1.14],
  sigma_minus_tau_44 = [-1.21],
  sigma_minus_tau_45 = [-1.33],
  sigma_minus_tau_51 = [-1.50],
  sigma_minus_tau_52 = [-1.70],
  sigma_minus_tau_53 = [-1.72],
  sigma_minus_tau_54 = [-1.50],
  sigma_minus_tau_55 = [-1.66],
  sigma_minus_tau_61 = [-1.61],
  sigma_minus_tau_62 = [-1.67],
  sigma_minus_tau_63 = [-1.69],
  sigma_minus_tau_64 = [-1.66],
  sigma_minus_tau_65 = [-1.70],
  sigma_minus_tau_71 = [-1.31],
  sigma_minus_tau_72 = [-1.26],
  sigma_minus_tau_73 = [-1.01],
  sigma_minus_tau_74 = [-0.88],
  sigma_minus_tau_75 = [-1.07],
  sigma_minus_tau_81 = [-1.36],
  sigma_minus_tau_82 = [-1.79],
  sigma_minus_tau_83 = [-1.75],
  sigma_minus_tau_84 = [-2.12],
  sigma_minus_tau_85 = [-1.31],
  sigma_minus_tau_91 = [-1.31],
  sigma_minus_tau_92 = [-1.66],
  sigma_minus_tau_93 = [-1.47],
  sigma_minus_tau_94 = [-1.28],
  sigma_minus_tau_95 = [-1.81],
  sigma_minus_tau_101 = [-1.44],
  sigma_minus_tau_102 = [-1.45],
  sigma_minus_tau_103 = [-1.58],
  sigma_minus_tau_104 = [-1.60],
  sigma_minus_tau_105 = [-1.51],
  sigma_minus_tau_111 = [-1.42],
  sigma_minus_tau_112 = [-1.71],
  sigma_minus_tau_113 = [-1.37],
  sigma_minus_tau_114 = [-1.58],
  sigma_minus_tau_115 = [-1.42],
  sigma_minus_tau_121 = [-1.50],
  sigma_minus_tau_122 = [-1.24],
  sigma_minus_tau_123 = [-1.22],
  sigma_minus_tau_124 = [-1.27],
  sigma_minus_tau_125 = [-1.28],
  sigma_minus_tau_131 = [-1.62],
  sigma_minus_tau_132 = [-1.57],
  sigma_minus_tau_133 = [-1.19],
  sigma_minus_tau_134 = [-1.80],
  sigma_minus_tau_135 = [-1.59],
  sigma_minus_tau_141 = [-1.07],
  sigma_minus_tau_142 = [-1.28],
  sigma_minus_tau_143 = [-1.32],
  sigma_minus_tau_144 = [-1.25],
  sigma_minus_tau_145 = [-1.24],
  sigma_minus_tau_151 = [-0.83],
  sigma_minus_tau_152 = [-1.08],
  sigma_minus_tau_153 = [-1.06],
  sigma_minus_tau_154 = [-1.00],
  sigma_minus_tau_155 = [-0.99],
  sigma_minus_tau_161 = [-1.54],
  sigma_minus_tau_162 = [-1.49],
  sigma_minus_tau_163 = [-1.22],
  sigma_minus_tau_164 = [-1.70],
  sigma_minus_tau_165 = [-1.84],
  sigma_minus_tau_171 = [-1.31],
  sigma_minus_tau_172 = [-1.76],
  sigma_minus_tau_173 = [-1.33],
  sigma_minus_tau_174 = [-1.54],
  sigma_minus_tau_175 = [-1.90],
  sigma_minus_tau_181 = [-1.13],
  sigma_minus_tau_182 = [-1.22],
  sigma_minus_tau_183 = [-1.12],
  sigma_minus_tau_184 = [-1.24],
  sigma_minus_tau_185 = [-1.56],
  sigma_minus_tau_191 = [-1.23],
  sigma_minus_tau_192 = [-1.04],
  sigma_minus_tau_193 = [-1.05],
  sigma_minus_tau_194 = [-1.49],
  sigma_minus_tau_195 = [-1.11],
  sigma_minus_tau_201 = [-1.68],
  sigma_minus_tau_202 = [-1.69],
  sigma_minus_tau_203 = [-1.80],
  sigma_minus_tau_204 = [-1.46],
  sigma_minus_tau_205 = [-1.55],
  sigma_minus_tau_211 = [-1.27],
  sigma_minus_tau_212 = [-1.43],
  sigma_minus_tau_213 = [-1.53],
  sigma_minus_tau_214 = [-1.43],
  sigma_minus_tau_215 = [-1.21],
  sigma_minus_tau_221 = [-0.71],
  sigma_minus_tau_222 = [-1.05],
  sigma_minus_tau_223 = [-1.20],
  sigma_minus_tau_224 = [-1.28],
  sigma_minus_tau_225 = [-1.36],
  sigma_minus_tau_231 = [-1.83],
  sigma_minus_tau_232 = [-1.48],
  sigma_minus_tau_233 = [-1.94],
  sigma_minus_tau_234 = [-1.70],
  sigma_minus_tau_235 = [-1.53],
  sigma_minus_tau_241 = [-1.12],
  sigma_minus_tau_242 = [-1.08],
  sigma_minus_tau_243 = [-1.25],
  sigma_minus_tau_244 = [-1.42],
  sigma_minus_tau_245 = [-1.13],
  sigma_minus_tau_251 = [-1.35],
  sigma_minus_tau_252 = [-1.55],
  sigma_minus_tau_253 = [-1.24],
  sigma_minus_tau_254 = [-1.78],
  sigma_minus_tau_255 = [-1.08],
  sigma_minus_tau_261 = [-0.94],
  sigma_minus_tau_262 = [-1.14],
  sigma_minus_tau_263 = [-1.35],
  sigma_minus_tau_264 = [-1.12],
  sigma_minus_tau_265 = [-1.02],
  sigma_minus_tau_271 = [-1.64],
  sigma_minus_tau_272 = [-1.76],
  sigma_minus_tau_273 = [-1.59],
  sigma_minus_tau_274 = [-1.53],
  sigma_minus_tau_275 = [-1.61],
  sigma_minus_tau_281 = [-1.68],
  sigma_minus_tau_282 = [-1.40],
  sigma_minus_tau_283 = [-1.47],
  sigma_minus_tau_284 = [-1.59],
  sigma_minus_tau_285 = [-1.71],
  sigma_minus_tau_291 = [-1.42],
  sigma_minus_tau_292 = [-1.01],
  sigma_minus_tau_293 = [-1.30],
  sigma_minus_tau_294 = [-1.29],
  sigma_minus_tau_295 = [-1.28],
  sigma_minus_tau_301 = [-1.79],
  sigma_minus_tau_302 = [-1.50],
  sigma_minus_tau_303 = [-1.10],
  sigma_minus_tau_304 = [-1.26],
  sigma_minus_tau_305 = [-1.05],
]

Probabilities (p_s) = [
0.05, 0.05, 0.05, 0.05, 0.05, 0.05, 0.05, 0.05, 0.05, 0.05, 0.05, 0.05, 0.05, 0.05, 0.05, 0.05, 0.05, 0.05, 0.05, 0.05
]

c_bar = 5.24
