Jobs = 40
Machines = 5
Scenarios = 20

Ready Times (rj) = [
0.00, 0.00, 0.00, 0.00, 0.00, 0.00, 0.00, 0.00, 0.00, 0.00, 0.00, 0.00, 0.00, 0.00, 0.00, 0.00, 0.00, 0.00, 0.00, 0.00, 0.00, 0.00, 0.00, 0.00, 0.00, 0.00, 0.00, 0.00, 0.00, 0.00, 0.00, 0.00, 0.00, 0.00, 0.00, 0.00, 0.00, 0.00, 0.00, 0.00
]

Transportation Times (tjk^s) = [
  tjk_11 = [4.55, 4.41, 4.67, 4.25, 4.91, 4.22, 4.30, 3.92, 4.77, 4.05, 4.28, 4.39, 4.37, 3.78, 4.55, 4.16, 4.19, 3.93, 4.63, 3.85],
  tjk_12 = [3.96, 3.76, 4.14, 5.00, 3.92, 4.45, 4.09, 4.10, 3.68, 4.95, 4.53, 4.75, 3.80, 3.76, 4.61, 3.89, 4.03, 4.41, 3.98, 4.16],
  tjk_13 = [3.96, 4.70, 4.93, 3.88, 4.30, 3.84, 4.15, 3.68, 4.66, 4.74, 4.73, 3.92, 4.94, 4.78, 4.05, 4.57, 4.30, 3.85, 4.60, 3.87],
  tjk_14 = [4.58, 4.36, 4.47, 3.80, 4.14, 4.51, 4.73, 4.18, 4.17, 4.64, 4.75, 4.37, 4.87, 4.68, 4.22, 4.36, 4.10, 3.73, 4.33, 4.10],
  tjk_15 = [4.52, 4.19, 3.86, 4.87, 3.90, 3.88, 4.79, 4.16, 4.04, 4.88, 3.90, 3.69, 4.00, 4.61, 4.78, 3.76, 4.86, 4.96, 4.91, 4.40],
  tjk_21 = [1.08, 2.12, 1.76, 2.17, 1.66, 1.38, 1.38, 1.21, 2.21, 1.89, 1.17, 1.36, 1.45, 2.17, 1.51, 1.18, 1.90, 2.25, 2.27, 2.21],
  tjk_22 = [1.38, 1.20, 1.90, 1.15, 1.84, 1.04, 1.93, 1.10, 2.00, 1.02, 1.60, 1.11, 1.66, 2.12, 1.36, 2.10, 1.06, 2.12, 2.05, 1.26],
  tjk_23 = [1.26, 1.16, 2.18, 1.33, 1.16, 1.04, 1.53, 1.58, 2.12, 2.12, 2.30, 2.26, 1.75, 1.87, 1.81, 1.90, 1.74, 1.60, 1.63, 1.07],
  tjk_24 = [1.64, 1.31, 2.08, 2.01, 2.29, 2.03, 2.23, 1.63, 2.23, 1.17, 1.23, 1.65, 1.44, 1.93, 2.13, 2.06, 1.15, 1.67, 1.00, 1.71],
  tjk_25 = [1.57, 2.00, 1.71, 1.93, 1.82, 1.10, 1.66, 2.08, 1.17, 1.90, 1.06, 2.16, 2.17, 1.32, 2.15, 1.44, 1.09, 1.21, 1.05, 1.34],
  tjk_31 = [2.31, 1.67, 2.12, 1.05, 1.33, 1.62, 1.95, 1.53, 2.04, 2.15, 2.06, 1.57, 1.20, 2.16, 1.72, 2.11, 1.97, 1.64, 1.74, 2.04],
  tjk_32 = [2.24, 1.77, 2.07, 2.18, 1.97, 1.83, 1.90, 1.19, 1.42, 1.61, 1.31, 1.52, 2.18, 1.43, 1.05, 2.05, 1.18, 1.09, 1.26, 1.41],
  tjk_33 = [1.82, 1.22, 1.26, 2.30, 2.08, 1.69, 1.39, 2.13, 1.64, 1.18, 2.23, 1.95, 1.55, 1.81, 1.06, 1.28, 1.97, 1.32, 2.23, 1.27],
  tjk_34 = [1.85, 2.31, 1.03, 1.09, 1.66, 1.35, 1.99, 2.00, 1.17, 1.47, 1.15, 1.71, 1.55, 2.07, 1.21, 1.88, 2.33, 1.73, 1.30, 2.32],
  tjk_35 = [2.21, 2.09, 1.23, 1.55, 1.80, 1.56, 1.84, 1.96, 1.55, 1.16, 1.78, 2.32, 1.77, 2.00, 1.44, 1.34, 1.90, 1.21, 1.22, 1.31],
  tjk_41 = [3.94, 4.32, 3.87, 4.87, 4.00, 4.27, 3.86, 3.73, 4.71, 4.74, 4.31, 4.96, 4.51, 4.59, 4.14, 3.72, 4.45, 4.79, 4.03, 4.27],
  tjk_42 = [4.06, 4.08, 4.43, 3.72, 4.63, 4.75, 4.72, 4.54, 3.86, 3.71, 4.00, 3.70, 4.23, 4.09, 3.88, 4.67, 4.66, 4.47, 4.02, 4.17],
  tjk_43 = [3.69, 4.32, 4.13, 3.81, 4.86, 4.78, 4.47, 4.99, 4.87, 4.04, 4.57, 4.42, 4.77, 4.02, 4.50, 4.36, 3.80, 4.08, 4.68, 3.98],
  tjk_44 = [4.12, 4.59, 4.55, 3.86, 3.85, 4.66, 4.41, 4.28, 4.38, 4.44, 3.91, 4.71, 4.29, 4.20, 3.68, 4.66, 4.44, 4.87, 4.58, 4.80],
  tjk_45 = [4.63, 4.35, 4.53, 4.21, 4.46, 4.56, 4.47, 4.11, 4.11, 4.73, 3.72, 3.89, 4.71, 4.27, 4.27, 4.71, 4.50, 4.51, 4.60, 4.22],
  tjk_51 = [4.48, 4.82, 4.63, 4.16, 3.84, 4.43, 4.16, 4.37, 4.94, 4.75, 4.99, 4.88, 4.39, 4.46, 3.86, 4.24, 4.02, 4.79, 4.85, 4.15],
  tjk_52 = [4.60, 4.81, 3.99, 3.99, 4.07, 4.71, 3.80, 4.63, 3.78, 4.71, 4.17, 4.62, 4.93, 4.52, 4.15, 3.92, 4.47, 4.55, 4.43, 4.18],
  tjk_53 = [4.82, 3.97, 4.11, 4.73, 4.79, 4.41, 3.86, 4.14, 4.79, 3.87, 3.92, 4.02, 3.96, 4.54, 3.84, 4.17, 4.18, 3.98, 4.88, 4.92],
  tjk_54 = [4.82, 4.00, 4.18, 4.76, 4.74, 4.24, 4.19, 4.01, 3.95, 4.02, 3.71, 4.59, 4.11, 4.21, 4.99, 4.02, 4.76, 4.32, 4.73, 3.93],
  tjk_55 = [4.27, 4.54, 4.36, 4.58, 4.00, 4.87, 4.70, 3.69, 4.70, 3.74, 3.79, 4.71, 4.41, 4.86, 4.60, 3.80, 3.69, 3.88, 3.99, 4.70],
  tjk_61 = [1.64, 1.98, 2.31, 1.59, 1.09, 1.17, 1.52, 1.14, 1.60, 2.28, 1.91, 2.26, 1.97, 1.66, 1.60, 2.10, 1.18, 1.24, 2.31, 1.43],
  tjk_62 = [1.53, 1.59, 1.84, 1.99, 1.22, 1.51, 1.11, 1.10, 1.35, 1.25, 1.49, 1.53, 2.22, 1.27, 1.81, 1.78, 2.19, 1.65, 1.00, 2.21],
  tjk_63 = [1.05, 2.12, 1.50, 1.59, 1.76, 2.13, 1.93, 1.89, 1.64, 2.08, 1.28, 1.99, 2.26, 1.41, 2.32, 1.38, 1.47, 1.43, 1.19, 1.48],
  tjk_64 = [1.04, 1.29, 1.20, 1.62, 1.42, 1.82, 2.18, 1.87, 1.68, 1.07, 1.35, 2.16, 1.65, 1.20, 1.27, 1.04, 2.25, 1.36, 2.03, 2.28],
  tjk_65 = [1.72, 1.37, 1.50, 1.83, 1.10, 1.41, 2.20, 1.62, 2.29, 2.14, 1.76, 2.08, 1.03, 2.06, 2.25, 2.01, 2.03, 1.84, 2.22, 1.62],
  tjk_71 = [3.90, 4.76, 4.51, 4.16, 3.76, 4.79, 4.09, 3.79, 4.36, 3.69, 4.91, 4.85, 3.74, 3.96, 3.74, 4.13, 3.90, 4.27, 4.91, 4.65],
  tjk_72 = [4.70, 4.36, 4.32, 4.48, 4.73, 4.95, 4.98, 4.45, 3.77, 4.77, 4.01, 3.89, 4.97, 4.88, 4.60, 4.18, 4.13, 3.96, 4.78, 4.81],
  tjk_73 = [4.07, 4.33, 4.66, 4.40, 3.95, 4.31, 4.67, 4.44, 4.34, 4.88, 3.95, 4.16, 4.79, 4.90, 3.84, 3.73, 4.38, 4.38, 4.28, 4.75],
  tjk_74 = [4.39, 4.27, 4.24, 4.46, 4.34, 4.66, 4.43, 4.37, 4.41, 4.98, 3.85, 3.89, 4.91, 3.84, 4.51, 4.51, 3.92, 4.97, 4.32, 4.62],
  tjk_75 = [3.94, 3.99, 4.13, 4.63, 4.28, 3.73, 4.13, 3.94, 4.22, 4.42, 4.44, 3.76, 3.71, 4.41, 4.42, 4.45, 4.92, 4.13, 4.35, 3.86],
  tjk_81 = [2.67, 3.59, 3.01, 2.70, 2.75, 3.10, 2.42, 2.34, 2.70, 3.26, 2.89, 3.18, 3.03, 3.08, 3.58, 2.94, 2.48, 2.58, 3.32, 2.46],
  tjk_82 = [3.59, 2.35, 3.54, 2.90, 2.54, 2.55, 3.02, 2.85, 3.14, 2.92, 2.75, 2.85, 3.56, 2.89, 2.65, 2.82, 3.25, 3.08, 3.26, 3.33],
  tjk_83 = [2.76, 3.58, 2.85, 2.92, 2.48, 2.72, 3.11, 2.66, 3.65, 3.57, 3.04, 2.48, 2.36, 2.98, 2.87, 3.39, 3.38, 2.47, 2.77, 2.59],
  tjk_84 = [2.58, 3.31, 3.07, 3.36, 3.01, 2.89, 3.44, 2.72, 2.59, 2.90, 3.54, 2.64, 2.35, 3.05, 2.71, 3.33, 3.12, 2.59, 2.43, 2.53],
  tjk_85 = [3.57, 3.43, 3.36, 2.84, 2.79, 3.50, 3.43, 2.37, 3.49, 2.42, 2.79, 3.60, 2.47, 2.68, 2.69, 3.51, 3.30, 3.21, 3.11, 2.76],
  tjk_91 = [2.49, 3.39, 2.60, 3.24, 2.82, 3.60, 2.41, 2.68, 2.62, 3.36, 3.31, 3.11, 2.80, 3.12, 2.42, 2.51, 3.47, 2.83, 2.45, 3.53],
  tjk_92 = [2.62, 3.55, 3.55, 2.73, 2.58, 2.38, 3.13, 2.47, 3.47, 2.73, 2.45, 3.35, 3.33, 2.45, 3.05, 3.34, 3.58, 2.75, 2.69, 3.39],
  tjk_93 = [2.96, 3.30, 2.95, 3.53, 2.68, 2.66, 2.66, 3.25, 2.52, 2.81, 2.33, 3.36, 3.10, 3.18, 3.39, 3.46, 2.38, 2.78, 2.68, 3.54],
  tjk_94 = [2.85, 3.51, 2.43, 2.86, 2.76, 3.19, 3.52, 2.55, 3.53, 2.68, 2.60, 3.12, 2.37, 3.35, 2.59, 3.42, 2.36, 2.55, 3.22, 3.25],
  tjk_95 = [2.39, 2.77, 2.93, 3.47, 3.66, 3.43, 2.94, 2.93, 2.83, 3.09, 2.52, 3.14, 2.79, 3.49, 2.64, 2.98, 2.60, 2.93, 3.57, 3.10],
  tjk_101 = [3.77, 4.71, 4.38, 4.70, 4.29, 4.52, 4.44, 4.75, 4.48, 3.95, 4.28, 4.69, 3.82, 3.89, 3.89, 3.83, 4.22, 3.83, 4.72, 4.59],
  tjk_102 = [3.80, 3.77, 3.95, 4.95, 4.35, 3.88, 3.97, 3.72, 4.28, 3.82, 3.98, 4.54, 4.69, 4.69, 4.53, 3.93, 4.33, 4.81, 4.27, 4.82],
  tjk_103 = [4.05, 4.23, 4.37, 4.10, 4.22, 4.12, 4.30, 4.89, 4.60, 4.70, 4.96, 4.87, 4.04, 4.32, 3.71, 4.23, 3.76, 4.84, 4.75, 4.18],
  tjk_104 = [4.99, 4.38, 4.04, 4.35, 4.28, 3.70, 4.90, 4.45, 4.48, 4.66, 4.19, 4.61, 4.26, 4.36, 4.18, 4.09, 4.34, 3.75, 4.86, 4.91],
  tjk_105 = [4.79, 4.43, 4.65, 4.44, 4.65, 4.69, 4.73, 4.80, 4.17, 4.78, 3.79, 3.77, 4.89, 4.96, 4.45, 4.88, 4.93, 4.58, 3.94, 3.93],
  tjk_111 = [2.28, 2.20, 1.37, 1.10, 1.80, 1.08, 1.79, 1.08, 1.77, 1.16, 1.43, 1.59, 1.34, 1.11, 1.39, 1.37, 1.09, 1.54, 1.35, 2.32],
  tjk_112 = [1.57, 1.11, 1.63, 1.04, 1.40, 1.97, 2.13, 2.02, 1.45, 1.12, 1.02, 1.33, 1.47, 1.89, 1.97, 1.45, 1.71, 2.27, 1.58, 1.87],
  tjk_113 = [1.69, 2.11, 1.07, 1.12, 1.65, 1.23, 1.77, 1.55, 2.08, 1.49, 2.31, 1.89, 1.98, 1.76, 2.25, 2.02, 2.09, 1.16, 2.05, 1.72],
  tjk_114 = [2.17, 2.11, 1.59, 1.94, 1.25, 1.71, 1.79, 2.07, 1.56, 1.77, 1.09, 1.17, 2.15, 1.97, 1.09, 1.47, 2.24, 1.31, 1.91, 1.19],
  tjk_115 = [1.29, 1.24, 1.12, 1.49, 1.64, 1.74, 1.53, 1.96, 1.86, 1.35, 1.03, 2.13, 2.24, 1.62, 1.44, 1.32, 2.05, 1.63, 1.74, 1.48],
  tjk_121 = [2.78, 2.82, 2.44, 3.58, 3.33, 2.54, 2.64, 2.36, 2.86, 3.37, 2.59, 2.96, 2.99, 2.98, 2.37, 3.15, 3.66, 3.38, 2.41, 3.37],
  tjk_122 = [3.46, 2.92, 3.16, 3.20, 2.36, 3.53, 3.28, 3.66, 3.26, 2.87, 3.24, 3.51, 3.12, 3.17, 3.67, 3.12, 2.79, 2.50, 3.64, 2.79],
  tjk_123 = [2.69, 2.62, 3.20, 2.34, 2.41, 2.62, 2.37, 2.99, 3.34, 3.45, 3.38, 2.70, 3.09, 3.19, 2.73, 2.65, 3.03, 3.09, 2.36, 3.41],
  tjk_124 = [3.08, 2.91, 2.94, 2.50, 2.34, 3.48, 3.33, 2.56, 3.06, 3.47, 3.39, 3.36, 3.50, 2.67, 2.50, 3.42, 2.61, 2.47, 3.30, 2.79],
  tjk_125 = [3.65, 2.47, 2.70, 3.56, 3.61, 3.63, 3.61, 2.72, 3.60, 2.72, 2.63, 3.03, 3.00, 3.31, 2.91, 3.50, 2.49, 3.20, 2.61, 2.58],
  tjk_131 = [1.60, 1.31, 1.47, 2.26, 1.79, 1.84, 1.81, 1.32, 1.55, 1.14, 2.32, 1.54, 1.75, 1.07, 1.20, 2.25, 1.17, 1.85, 1.75, 1.66],
  tjk_132 = [2.33, 2.21, 1.38, 2.29, 2.22, 2.17, 1.13, 1.30, 1.94, 2.03, 1.79, 1.72, 1.42, 1.88, 2.02, 1.99, 1.59, 1.08, 1.68, 1.73],
  tjk_133 = [1.09, 1.22, 1.07, 2.06, 1.81, 1.40, 2.05, 1.13, 1.44, 2.00, 1.76, 1.02, 1.04, 1.22, 2.23, 1.98, 1.16, 2.17, 1.46, 1.30],
  tjk_134 = [2.21, 1.43, 1.67, 1.25, 1.50, 2.20, 2.18, 1.97, 1.83, 2.03, 1.10, 2.27, 1.06, 1.51, 2.11, 1.58, 1.64, 1.48, 2.14, 1.17],
  tjk_135 = [2.24, 1.31, 1.61, 2.28, 2.30, 1.94, 1.79, 1.29, 1.21, 1.26, 2.33, 1.61, 1.20, 1.41, 1.14, 1.65, 1.24, 1.84, 1.01, 1.89],
  tjk_141 = [4.60, 4.84, 3.72, 4.99, 3.83, 3.89, 4.21, 3.79, 4.56, 4.07, 5.00, 4.47, 4.99, 3.85, 4.54, 4.79, 4.65, 4.54, 4.69, 4.04],
  tjk_142 = [4.41, 4.80, 3.89, 3.83, 4.31, 3.84, 4.35, 3.68, 4.09, 3.74, 4.40, 4.17, 4.72, 3.97, 5.00, 4.39, 4.15, 4.00, 4.80, 4.71],
  tjk_143 = [4.51, 3.91, 4.06, 4.21, 4.62, 4.67, 4.83, 4.93, 4.16, 3.94, 4.75, 4.62, 4.48, 4.27, 4.12, 4.02, 3.80, 3.96, 4.03, 4.71],
  tjk_144 = [3.89, 3.95, 4.85, 3.75, 3.91, 4.00, 4.46, 4.27, 4.70, 4.74, 4.45, 4.60, 4.13, 4.51, 3.67, 4.28, 4.36, 4.92, 3.99, 4.00],
  tjk_145 = [3.71, 4.79, 3.99, 3.73, 3.91, 4.17, 4.68, 4.01, 4.14, 3.91, 4.92, 4.88, 4.81, 4.77, 3.92, 4.96, 5.00, 3.77, 4.80, 4.75],
  tjk_151 = [2.81, 2.71, 2.68, 3.02, 2.77, 2.83, 3.31, 3.40, 2.37, 2.53, 3.16, 2.91, 3.23, 2.58, 3.00, 2.96, 2.68, 2.62, 2.63, 2.61],
  tjk_152 = [2.48, 3.32, 3.54, 3.04, 3.38, 3.60, 3.08, 3.37, 3.09, 3.55, 2.47, 3.60, 2.35, 2.92, 3.60, 2.36, 3.14, 2.59, 2.48, 3.62],
  tjk_153 = [2.65, 2.77, 3.09, 3.15, 2.54, 3.61, 2.50, 2.48, 2.68, 3.36, 3.43, 2.98, 2.65, 3.44, 3.37, 3.31, 3.10, 2.96, 3.52, 2.95],
  tjk_154 = [3.64, 2.99, 2.81, 2.94, 2.97, 3.49, 3.23, 3.10, 3.09, 2.47, 2.37, 2.52, 3.33, 3.32, 3.06, 2.47, 2.65, 3.27, 2.95, 2.66],
  tjk_155 = [2.40, 3.23, 2.98, 2.56, 2.54, 3.31, 2.96, 3.44, 2.41, 3.59, 3.07, 2.35, 2.65, 2.80, 2.53, 3.19, 3.63, 3.47, 3.29, 2.45],
  tjk_161 = [1.25, 2.30, 1.64, 1.37, 1.75, 1.69, 1.05, 1.93, 2.20, 1.74, 1.83, 1.43, 1.99, 2.07, 1.66, 1.33, 1.26, 2.13, 1.28, 1.78],
  tjk_162 = [1.74, 2.03, 1.84, 2.06, 1.07, 1.66, 1.95, 1.50, 1.62, 1.42, 1.15, 1.23, 2.14, 1.64, 2.12, 1.05, 1.55, 1.44, 1.57, 2.09],
  tjk_163 = [1.23, 1.49, 1.18, 1.19, 1.85, 1.17, 2.26, 1.20, 2.04, 2.28, 1.43, 2.30, 1.15, 1.37, 1.26, 1.86, 1.27, 1.65, 2.16, 1.43],
  tjk_164 = [1.32, 1.69, 1.19, 1.76, 1.40, 1.79, 1.16, 2.25, 1.05, 1.60, 1.18, 2.10, 2.13, 2.28, 2.18, 1.32, 2.04, 1.99, 1.48, 1.42],
  tjk_165 = [2.19, 2.30, 1.69, 1.78, 1.57, 1.04, 2.16, 1.17, 1.46, 1.04, 2.12, 2.16, 1.87, 2.26, 2.12, 1.79, 2.15, 1.22, 1.07, 1.07],
  tjk_171 = [1.48, 1.76, 2.07, 1.59, 1.54, 1.99, 1.28, 1.32, 1.14, 2.00, 2.12, 2.17, 1.43, 1.45, 1.40, 2.06, 1.62, 1.75, 1.18, 1.86],
  tjk_172 = [1.74, 1.62, 1.67, 1.70, 1.17, 2.09, 1.79, 1.90, 1.18, 1.16, 1.29, 1.16, 1.98, 1.87, 1.09, 1.09, 1.99, 1.98, 1.70, 1.70],
  tjk_173 = [1.30, 1.61, 1.78, 1.69, 2.29, 2.19, 1.95, 1.82, 1.95, 1.77, 2.28, 1.75, 1.02, 2.32, 1.22, 1.19, 1.67, 1.33, 1.20, 1.58],
  tjk_174 = [2.24, 1.70, 1.29, 1.53, 1.58, 1.52, 2.11, 2.17, 1.92, 1.05, 1.72, 1.99, 1.84, 1.15, 1.33, 1.84, 1.58, 2.26, 1.83, 2.20],
  tjk_175 = [1.49, 2.19, 1.04, 2.28, 1.88, 1.58, 1.48, 2.07, 1.23, 1.59, 1.30, 1.25, 1.53, 1.23, 1.94, 1.17, 2.26, 1.12, 1.27, 2.16],
  tjk_181 = [2.03, 1.81, 1.12, 1.21, 1.25, 1.15, 2.09, 1.87, 1.07, 1.88, 2.02, 1.14, 1.02, 1.56, 2.09, 1.74, 2.01, 1.98, 1.79, 1.67],
  tjk_182 = [2.30, 2.00, 1.67, 1.19, 1.09, 2.00, 1.98, 2.22, 1.59, 2.22, 2.12, 2.06, 1.79, 2.06, 1.17, 1.38, 2.19, 1.10, 2.13, 1.25],
  tjk_183 = [1.72, 2.02, 1.41, 1.23, 1.47, 1.19, 1.21, 1.11, 1.75, 1.36, 1.57, 1.51, 1.34, 1.69, 1.23, 1.73, 2.02, 1.84, 1.60, 1.63],
  tjk_184 = [2.14, 1.06, 1.28, 1.47, 1.34, 1.31, 1.27, 2.18, 1.78, 2.26, 1.43, 1.70, 1.53, 1.52, 2.09, 1.81, 1.08, 1.75, 2.27, 2.11],
  tjk_185 = [1.40, 1.04, 1.72, 1.54, 1.44, 1.52, 1.57, 2.03, 1.87, 1.56, 1.92, 1.93, 1.05, 1.50, 1.16, 2.25, 1.99, 2.32, 1.10, 2.19],
  tjk_191 = [1.70, 1.88, 1.87, 1.27, 1.80, 1.36, 1.59, 1.90, 1.26, 2.23, 2.30, 1.50, 1.25, 1.53, 2.23, 2.11, 2.22, 1.11, 1.35, 1.55],
  tjk_192 = [1.62, 2.25, 2.06, 1.93, 2.27, 1.17, 1.14, 1.63, 1.58, 1.41, 1.37, 1.37, 1.75, 1.24, 1.30, 1.80, 1.57, 2.22, 1.80, 1.91],
  tjk_193 = [1.58, 2.18, 1.92, 1.62, 2.10, 1.67, 1.86, 2.17, 2.23, 1.47, 1.31, 1.21, 2.14, 1.42, 1.46, 1.72, 1.88, 1.41, 1.94, 1.45],
  tjk_194 = [1.52, 2.11, 1.57, 1.18, 2.21, 2.30, 1.92, 1.74, 1.22, 2.15, 1.15, 2.13, 1.19, 1.59, 2.01, 2.12, 1.98, 1.73, 1.48, 1.83],
  tjk_195 = [1.15, 2.18, 2.27, 1.95, 1.53, 1.33, 1.29, 1.71, 1.17, 1.72, 2.33, 2.26, 1.40, 2.09, 2.26, 1.83, 1.96, 2.11, 1.76, 1.15],
  tjk_201 = [1.93, 1.88, 1.66, 2.21, 1.54, 2.18, 1.00, 1.32, 1.19, 1.64, 2.32, 1.32, 1.48, 1.29, 2.06, 1.07, 1.53, 1.40, 1.82, 1.88],
  tjk_202 = [1.02, 1.05, 1.98, 1.06, 1.32, 1.03, 1.70, 1.62, 1.86, 1.05, 1.71, 1.76, 1.99, 1.04, 2.23, 1.17, 1.71, 1.17, 1.39, 1.42],
  tjk_203 = [2.24, 1.83, 1.25, 2.14, 1.39, 1.05, 1.08, 1.73, 1.14, 1.96, 2.07, 1.55, 1.13, 2.08, 2.28, 1.04, 1.33, 1.11, 1.64, 1.85],
  tjk_204 = [2.04, 1.79, 1.37, 1.89, 1.03, 1.30, 1.10, 1.46, 1.20, 1.31, 1.58, 1.53, 1.58, 1.65, 1.21, 1.13, 2.14, 1.50, 1.81, 2.05],
  tjk_205 = [2.23, 1.32, 2.30, 2.32, 2.18, 1.63, 1.86, 1.87, 2.17, 1.67, 2.12, 1.20, 2.09, 1.46, 1.16, 1.87, 1.20, 1.12, 1.42, 1.41],
  tjk_211 = [4.65, 3.95, 4.32, 4.79, 4.62, 3.89, 4.79, 4.16, 4.41, 3.78, 4.11, 4.51, 3.81, 4.90, 4.20, 4.88, 4.00, 4.85, 4.76, 4.17],
  tjk_212 = [4.07, 4.10, 4.60, 4.49, 4.24, 4.84, 4.95, 4.28, 4.39, 4.23, 4.54, 4.63, 4.80, 3.85, 4.72, 4.20, 3.77, 3.80, 4.74, 4.65],
  tjk_213 = [3.77, 4.14, 4.82, 4.97, 4.11, 4.61, 3.86, 4.49, 4.95, 3.77, 4.39, 4.51, 3.88, 4.37, 4.63, 4.66, 4.94, 4.09, 4.56, 3.87],
  tjk_214 = [4.68, 4.99, 4.02, 4.06, 4.96, 4.64, 4.58, 4.87, 3.92, 3.77, 3.80, 4.36, 4.87, 4.92, 4.44, 3.73, 4.62, 4.59, 4.80, 4.45],
  tjk_215 = [3.92, 4.78, 4.87, 4.89, 4.81, 4.25, 4.43, 4.70, 4.52, 4.45, 4.66, 3.86, 4.80, 4.83, 4.00, 4.57, 4.10, 4.14, 4.55, 3.76],
  tjk_221 = [4.34, 4.25, 4.52, 4.20, 4.00, 4.79, 4.64, 3.78, 4.13, 4.34, 4.46, 4.11, 4.11, 4.06, 4.08, 3.89, 4.52, 4.92, 3.99, 4.36],
  tjk_222 = [4.45, 4.71, 4.69, 3.78, 4.01, 4.34, 3.79, 3.95, 4.20, 4.46, 4.55, 3.80, 4.64, 4.67, 3.76, 4.98, 3.80, 4.44, 4.02, 3.84],
  tjk_223 = [4.55, 4.19, 4.42, 4.72, 4.90, 4.03, 4.60, 3.67, 4.37, 4.07, 4.68, 4.57, 4.49, 4.54, 4.47, 4.90, 3.77, 3.75, 4.93, 4.61],
  tjk_224 = [4.01, 4.47, 3.93, 4.92, 4.16, 3.88, 4.05, 4.82, 4.42, 3.77, 3.99, 4.88, 4.74, 4.60, 4.36, 3.87, 4.83, 3.68, 4.00, 4.12],
  tjk_225 = [3.83, 4.19, 4.52, 4.43, 3.67, 3.75, 4.60, 3.80, 3.89, 4.02, 4.95, 4.32, 3.83, 3.87, 4.91, 3.87, 4.82, 4.55, 4.10, 3.75],
  tjk_231 = [2.95, 3.25, 3.10, 3.27, 3.40, 3.01, 3.56, 2.35, 2.73, 3.09, 3.34, 2.62, 3.03, 3.56, 3.02, 2.88, 3.18, 3.40, 2.37, 2.34],
  tjk_232 = [3.11, 2.70, 2.43, 3.60, 2.41, 3.58, 2.35, 2.93, 2.58, 2.95, 3.12, 2.74, 2.59, 3.48, 3.56, 2.43, 3.59, 2.40, 3.15, 3.34],
  tjk_233 = [3.61, 3.35, 2.77, 3.31, 2.36, 2.77, 2.49, 3.05, 2.71, 3.36, 2.54, 3.16, 3.06, 3.16, 2.45, 2.46, 3.59, 2.59, 3.32, 3.64],
  tjk_234 = [3.58, 2.60, 2.52, 3.08, 2.79, 2.86, 3.33, 3.03, 3.13, 2.40, 2.97, 2.49, 2.44, 3.22, 2.48, 2.87, 3.66, 2.65, 3.09, 3.28],
  tjk_235 = [2.75, 2.69, 2.98, 3.44, 3.51, 2.47, 3.37, 2.45, 3.21, 3.30, 3.15, 2.66, 3.28, 3.23, 2.80, 3.66, 2.39, 3.38, 3.28, 3.56],
  tjk_241 = [1.51, 2.13, 1.32, 2.19, 1.34, 1.51, 1.63, 1.82, 1.43, 1.95, 1.01, 1.27, 1.42, 2.20, 1.34, 1.06, 1.95, 1.05, 1.67, 1.87],
  tjk_242 = [1.88, 1.06, 1.68, 1.47, 2.10, 1.75, 2.18, 1.23, 1.84, 1.81, 1.23, 1.45, 1.77, 2.12, 2.00, 1.70, 1.79, 1.17, 1.94, 1.80],
  tjk_243 = [1.66, 2.06, 2.23, 1.19, 1.74, 2.22, 2.27, 1.18, 1.84, 1.48, 1.21, 1.87, 1.52, 2.21, 1.47, 2.14, 2.00, 2.02, 2.32, 1.17],
  tjk_244 = [1.84, 1.81, 1.66, 1.89, 1.89, 2.17, 1.23, 1.92, 1.69, 1.43, 1.57, 1.79, 1.64, 1.45, 1.29, 1.03, 1.14, 1.69, 1.92, 1.89],
  tjk_245 = [1.28, 1.68, 1.30, 2.06, 2.13, 1.83, 1.39, 2.12, 2.05, 1.99, 1.81, 1.54, 1.82, 2.29, 2.16, 1.77, 2.12, 1.41, 1.53, 1.44],
  tjk_251 = [1.83, 1.68, 1.87, 2.01, 1.85, 1.88, 2.13, 1.10, 1.29, 1.42, 1.25, 1.36, 1.86, 1.13, 2.32, 1.03, 1.24, 2.24, 1.45, 2.13],
  tjk_252 = [1.33, 1.61, 1.18, 1.13, 2.21, 1.21, 1.16, 2.25, 1.67, 1.67, 2.05, 2.12, 1.96, 1.98, 2.32, 2.16, 1.12, 1.02, 1.69, 2.11],
  tjk_253 = [1.66, 1.25, 1.84, 1.31, 1.23, 2.21, 1.29, 2.10, 1.23, 1.64, 2.22, 1.39, 1.52, 2.20, 1.19, 2.19, 2.10, 1.33, 1.40, 1.14],
  tjk_254 = [1.59, 1.76, 1.35, 1.09, 1.46, 1.11, 2.26, 2.09, 2.30, 1.85, 1.04, 1.72, 1.94, 1.71, 1.65, 2.15, 1.81, 1.30, 2.25, 1.15],
  tjk_255 = [2.09, 1.27, 1.38, 1.77, 2.23, 2.31, 1.87, 1.90, 1.26, 2.13, 1.97, 1.58, 2.02, 1.97, 1.97, 1.68, 2.19, 1.96, 2.09, 1.95],
  tjk_261 = [1.48, 2.25, 1.53, 1.96, 1.25, 1.48, 1.09, 1.91, 1.63, 2.25, 1.93, 2.23, 1.63, 1.19, 1.08, 2.17, 1.46, 1.30, 1.95, 2.28],
  tjk_262 = [1.35, 1.16, 1.28, 1.63, 2.09, 2.04, 2.03, 1.20, 1.30, 1.23, 1.54, 2.11, 1.54, 2.31, 1.80, 1.37, 1.63, 1.37, 1.90, 1.03],
  tjk_263 = [1.91, 2.12, 2.19, 1.30, 1.97, 1.60, 1.77, 1.31, 1.81, 1.38, 2.01, 1.20, 1.63, 1.78, 2.22, 1.58, 1.87, 1.86, 1.99, 1.39],
  tjk_264 = [1.15, 2.06, 1.26, 2.08, 1.08, 1.78, 1.02, 1.37, 1.07, 1.04, 1.44, 1.69, 1.68, 2.21, 2.08, 1.03, 1.05, 1.06, 1.27, 1.32],
  tjk_265 = [1.19, 1.75, 2.16, 1.09, 1.15, 1.32, 1.56, 2.20, 1.72, 1.23, 1.69, 1.29, 2.26, 2.09, 1.04, 1.80, 1.09, 1.23, 1.74, 1.61],
  tjk_271 = [3.22, 2.37, 3.43, 2.59, 3.32, 3.02, 3.43, 2.43, 2.88, 3.00, 2.42, 2.44, 2.65, 3.18, 3.59, 2.79, 3.52, 3.52, 2.64, 2.46],
  tjk_272 = [3.22, 3.29, 3.49, 2.38, 2.84, 3.00, 2.47, 3.25, 2.74, 2.35, 3.48, 3.61, 3.13, 3.32, 2.78, 2.75, 3.03, 2.89, 2.45, 2.63],
  tjk_273 = [3.01, 3.60, 3.37, 3.00, 2.82, 2.34, 2.76, 2.66, 2.76, 3.39, 3.15, 2.61, 2.39, 3.12, 3.61, 2.69, 2.90, 3.58, 3.54, 3.19],
  tjk_274 = [3.51, 3.08, 2.84, 3.09, 2.71, 3.26, 2.74, 2.94, 2.74, 3.42, 2.93, 2.45, 3.01, 3.23, 2.71, 3.35, 3.45, 3.45, 3.51, 3.65],
  tjk_275 = [3.07, 2.84, 2.95, 3.25, 2.87, 3.11, 2.34, 3.15, 3.24, 2.67, 2.87, 3.15, 2.40, 2.58, 2.71, 3.32, 3.50, 3.28, 3.10, 2.76],
  tjk_281 = [1.12, 2.04, 1.83, 1.99, 1.34, 1.50, 1.61, 1.03, 2.19, 1.64, 2.25, 1.48, 1.68, 2.30, 1.88, 1.98, 1.71, 2.19, 1.80, 1.86],
  tjk_282 = [1.09, 1.78, 1.33, 2.09, 1.36, 1.93, 1.35, 1.41, 1.80, 1.25, 1.25, 1.92, 2.30, 1.66, 1.82, 2.13, 1.75, 2.23, 1.29, 1.68],
  tjk_283 = [1.97, 1.99, 1.78, 2.03, 1.38, 1.43, 1.94, 1.55, 2.14, 1.14, 1.69, 2.24, 2.17, 1.64, 1.16, 1.21, 1.43, 1.42, 1.41, 1.01],
  tjk_284 = [1.57, 1.52, 1.60, 1.12, 1.66, 1.04, 1.22, 1.71, 1.21, 1.81, 1.35, 2.26, 2.31, 2.17, 2.18, 1.72, 1.60, 1.85, 1.55, 1.50],
  tjk_285 = [1.33, 1.57, 1.95, 1.71, 1.63, 1.44, 1.15, 1.44, 2.10, 1.52, 1.38, 1.73, 1.67, 1.84, 1.01, 2.30, 1.80, 1.75, 1.45, 2.16],
  tjk_291 = [3.34, 3.66, 2.51, 3.14, 3.65, 2.57, 2.89, 3.44, 2.37, 3.24, 2.73, 3.13, 3.28, 2.94, 3.49, 3.53, 2.68, 2.45, 2.46, 3.17],
  tjk_292 = [2.65, 2.37, 2.52, 2.90, 2.50, 3.39, 2.34, 3.09, 2.70, 3.01, 3.59, 2.92, 3.47, 2.98, 2.86, 2.95, 3.16, 2.66, 3.26, 2.95],
  tjk_293 = [3.12, 2.88, 3.25, 3.53, 2.93, 2.96, 3.36, 3.41, 3.55, 2.98, 2.76, 2.69, 3.07, 2.75, 3.20, 2.81, 3.27, 3.52, 2.69, 2.74],
  tjk_294 = [2.87, 2.67, 2.62, 2.78, 3.61, 2.92, 2.62, 2.83, 3.41, 3.59, 3.13, 2.82, 3.61, 3.16, 2.78, 3.27, 2.57, 2.38, 2.50, 2.79],
  tjk_295 = [2.70, 3.48, 2.85, 3.49, 2.52, 2.93, 3.01, 3.60, 3.20, 3.28, 3.60, 3.57, 2.49, 2.56, 2.68, 2.65, 2.54, 3.00, 2.96, 3.11],
  tjk_301 = [1.98, 1.89, 1.40, 1.25, 1.54, 1.92, 1.80, 1.96, 1.28, 1.51, 1.12, 1.04, 1.19, 2.07, 1.12, 2.25, 1.69, 2.17, 2.09, 1.34],
  tjk_302 = [1.71, 1.40, 1.05, 2.05, 1.11, 1.74, 1.57, 1.52, 1.54, 2.17, 1.79, 1.77, 1.37, 1.32, 1.07, 1.93, 2.21, 1.36, 2.24, 2.09],
  tjk_303 = [2.08, 1.57, 1.59, 1.82, 1.23, 2.05, 1.03, 1.81, 1.84, 1.11, 1.86, 1.54, 1.78, 1.55, 1.79, 1.84, 1.20, 1.88, 1.82, 1.09],
  tjk_304 = [1.67, 1.30, 1.64, 1.30, 1.12, 2.10, 1.71, 1.87, 1.73, 2.18, 1.62, 2.02, 1.49, 1.42, 1.61, 1.07, 1.83, 1.32, 1.60, 1.40],
  tjk_305 = [1.38, 1.57, 1.21, 1.04, 1.26, 2.33, 2.04, 1.30, 1.78, 2.11, 2.03, 1.64, 1.12, 1.63, 1.07, 1.25, 1.71, 1.62, 2.28, 2.04],
  tjk_311 = [4.83, 4.48, 3.93, 4.11, 4.12, 4.51, 4.63, 3.77, 4.37, 4.27, 3.68, 3.75, 4.23, 4.11, 3.71, 3.76, 4.02, 4.88, 4.07, 4.50],
  tjk_312 = [4.26, 4.58, 4.09, 4.50, 4.71, 3.79, 4.13, 4.58, 4.55, 4.12, 4.33, 4.54, 4.93, 4.91, 4.20, 4.14, 3.93, 4.78, 4.85, 4.47],
  tjk_313 = [3.98, 3.75, 4.01, 4.33, 4.57, 4.31, 3.90, 4.16, 4.31, 4.16, 3.76, 3.73, 4.10, 4.02, 4.10, 4.50, 4.56, 4.24, 3.68, 4.73],
  tjk_314 = [4.45, 3.94, 3.71, 4.28, 4.97, 3.92, 3.94, 4.25, 4.66, 4.70, 4.42, 4.44, 4.07, 4.67, 4.90, 4.98, 4.34, 3.99, 4.90, 4.13],
  tjk_315 = [4.72, 4.55, 4.50, 4.82, 4.37, 4.87, 4.55, 4.76, 3.71, 3.70, 4.87, 3.73, 3.78, 3.90, 4.44, 3.91, 4.36, 3.86, 4.06, 4.11],
  tjk_321 = [3.50, 2.48, 2.63, 2.90, 3.57, 2.98, 3.35, 2.90, 2.41, 3.45, 3.40, 2.67, 3.66, 2.84, 2.47, 3.29, 3.16, 3.37, 2.47, 2.34],
  tjk_322 = [3.24, 2.49, 2.80, 2.90, 3.65, 2.84, 3.25, 3.26, 2.97, 3.30, 2.41, 3.11, 3.07, 3.05, 3.53, 3.30, 2.68, 3.57, 2.66, 2.73],
  tjk_323 = [2.74, 3.34, 3.04, 3.24, 3.45, 2.56, 2.81, 2.78, 2.36, 2.59, 2.99, 3.10, 3.47, 2.52, 3.62, 3.06, 2.34, 3.65, 3.63, 3.42],
  tjk_324 = [2.81, 2.36, 3.51, 3.34, 3.42, 2.95, 2.58, 3.18, 2.72, 3.65, 2.64, 3.50, 2.71, 2.53, 2.36, 2.38, 3.11, 3.35, 2.81, 3.43],
  tjk_325 = [3.21, 3.37, 3.22, 2.35, 2.80, 2.69, 3.62, 3.65, 3.56, 3.17, 3.63, 3.17, 2.68, 2.98, 2.37, 3.30, 3.19, 2.53, 3.44, 2.69],
  tjk_331 = [2.88, 3.21, 2.49, 3.10, 3.35, 3.49, 2.35, 3.53, 2.41, 2.36, 2.49, 2.69, 3.38, 2.91, 3.26, 3.51, 3.56, 3.58, 3.05, 3.63],
  tjk_332 = [2.86, 2.46, 2.74, 3.21, 2.78, 3.31, 3.50, 2.73, 3.24, 3.45, 2.46, 2.40, 3.66, 2.50, 2.83, 2.37, 3.39, 2.34, 3.54, 3.58],
  tjk_333 = [2.61, 3.57, 3.39, 3.40, 2.69, 3.52, 2.77, 3.03, 2.65, 2.52, 3.14, 3.14, 3.34, 2.68, 3.57, 3.00, 2.36, 3.12, 3.36, 2.65],
  tjk_334 = [2.61, 2.81, 3.54, 3.31, 2.43, 2.85, 2.42, 2.64, 2.43, 3.36, 2.86, 2.91, 3.41, 2.70, 3.67, 2.99, 2.65, 3.51, 3.37, 3.45],
  tjk_335 = [2.67, 3.50, 2.93, 3.19, 3.05, 3.62, 2.55, 3.38, 2.55, 2.69, 2.83, 2.78, 2.35, 2.64, 3.21, 3.16, 3.44, 3.05, 3.41, 3.32],
  tjk_341 = [4.93, 4.51, 4.29, 4.71, 3.95, 4.26, 4.02, 4.79, 3.89, 3.85, 3.87, 4.21, 4.45, 4.30, 4.21, 3.97, 3.74, 3.90, 4.53, 4.27],
  tjk_342 = [4.13, 4.24, 3.94, 3.99, 3.83, 4.53, 4.20, 4.55, 3.73, 4.61, 4.25, 3.90, 4.20, 3.82, 4.78, 4.57, 4.04, 4.27, 4.53, 4.84],
  tjk_343 = [4.39, 3.82, 4.11, 4.44, 4.23, 4.63, 4.30, 3.86, 4.18, 4.37, 4.91, 4.11, 3.73, 4.51, 4.98, 4.75, 4.12, 4.14, 4.78, 4.96],
  tjk_344 = [4.83, 4.44, 4.99, 4.82, 4.63, 4.66, 4.42, 4.53, 4.03, 4.11, 4.95, 4.12, 3.82, 4.19, 4.43, 4.43, 3.73, 4.84, 4.61, 4.68],
  tjk_345 = [4.95, 4.82, 4.24, 4.45, 4.08, 4.17, 4.60, 4.14, 3.97, 4.38, 4.30, 3.89, 4.75, 4.65, 4.85, 4.03, 4.84, 4.39, 4.69, 3.86],
  tjk_351 = [2.71, 2.72, 3.18, 2.81, 3.37, 3.44, 3.15, 3.38, 2.73, 2.71, 2.79, 3.28, 3.01, 2.59, 2.73, 2.98, 3.60, 2.79, 3.61, 3.21],
  tjk_352 = [2.77, 3.50, 3.37, 2.74, 3.16, 3.34, 3.05, 3.57, 3.34, 2.35, 2.75, 2.72, 3.42, 3.36, 3.64, 2.95, 3.20, 3.54, 2.63, 3.48],
  tjk_353 = [2.80, 2.66, 2.88, 3.11, 3.43, 2.48, 3.48, 2.72, 2.43, 3.47, 2.93, 3.28, 3.33, 2.93, 3.38, 3.27, 2.64, 3.29, 2.59, 2.65],
  tjk_354 = [3.56, 3.31, 2.84, 2.55, 3.04, 3.02, 2.83, 3.25, 3.32, 3.02, 2.65, 2.92, 2.41, 3.61, 2.91, 3.34, 3.53, 3.34, 3.63, 2.68],
  tjk_355 = [2.96, 2.46, 2.53, 3.15, 2.68, 2.81, 2.47, 2.94, 2.66, 2.45, 3.28, 2.76, 2.46, 3.40, 2.65, 2.94, 2.59, 2.82, 3.17, 3.46],
  tjk_361 = [4.05, 3.71, 4.83, 4.90, 4.77, 4.65, 4.65, 3.75, 4.14, 3.88, 4.01, 4.00, 4.48, 4.88, 4.78, 4.16, 4.36, 4.63, 4.64, 4.04],
  tjk_362 = [3.76, 4.08, 3.92, 4.91, 4.34, 4.13, 4.79, 4.68, 4.12, 3.90, 4.13, 3.75, 4.57, 4.89, 4.61, 4.66, 4.23, 3.82, 4.92, 4.02],
  tjk_363 = [3.88, 4.57, 4.79, 4.75, 4.26, 4.32, 3.67, 4.87, 4.99, 3.71, 4.90, 4.48, 4.06, 3.75, 3.89, 3.76, 4.70, 4.27, 4.37, 4.58],
  tjk_364 = [4.25, 4.43, 4.37, 5.00, 4.24, 4.89, 4.49, 4.30, 4.89, 3.75, 4.02, 4.44, 4.88, 4.47, 4.64, 3.76, 4.13, 4.05, 4.09, 4.19],
  tjk_365 = [4.59, 4.68, 3.96, 4.51, 4.26, 4.32, 4.68, 4.15, 3.95, 4.69, 4.38, 4.80, 4.21, 4.91, 4.78, 3.96, 3.90, 3.70, 4.71, 4.50],
  tjk_371 = [2.16, 1.43, 2.25, 2.03, 1.74, 1.44, 2.17, 1.73, 1.64, 2.11, 1.45, 2.08, 1.92, 1.25, 2.14, 1.79, 1.54, 2.23, 1.41, 1.90],
  tjk_372 = [1.10, 1.68, 2.20, 1.81, 2.15, 2.30, 1.47, 1.80, 1.60, 2.18, 1.19, 1.64, 1.03, 1.04, 1.78, 2.26, 2.01, 1.49, 2.08, 1.93],
  tjk_373 = [1.09, 1.37, 1.73, 1.40, 1.93, 2.14, 1.01, 2.11, 1.83, 2.27, 2.24, 2.00, 1.56, 1.81, 2.02, 1.57, 1.23, 1.42, 1.33, 1.66],
  tjk_374 = [1.32, 1.11, 1.89, 1.37, 1.76, 1.85, 2.02, 1.29, 1.11, 1.34, 1.76, 2.25, 1.18, 1.26, 1.34, 2.03, 2.29, 2.27, 1.05, 2.02],
  tjk_375 = [1.23, 1.59, 2.04, 1.77, 1.34, 1.02, 2.33, 2.24, 1.29, 1.36, 1.75, 2.00, 2.31, 2.12, 1.69, 1.01, 1.29, 1.61, 1.39, 1.44],
  tjk_381 = [1.31, 1.62, 1.73, 1.83, 1.24, 2.02, 1.61, 1.31, 1.22, 1.26, 1.55, 1.75, 2.08, 1.97, 1.58, 1.68, 1.42, 1.15, 1.25, 1.49],
  tjk_382 = [1.32, 1.56, 1.87, 2.15, 1.24, 1.83, 2.33, 1.16, 1.69, 1.34, 2.09, 1.74, 1.97, 2.26, 1.24, 1.69, 2.22, 1.00, 1.69, 1.26],
  tjk_383 = [1.80, 1.86, 1.30, 1.79, 2.13, 2.23, 1.92, 1.17, 2.00, 1.49, 1.09, 1.79, 1.04, 2.32, 2.07, 2.31, 1.02, 1.12, 2.24, 2.29],
  tjk_384 = [1.76, 1.01, 1.78, 1.72, 1.51, 2.24, 1.13, 1.05, 1.46, 1.07, 1.35, 1.17, 2.15, 1.60, 2.06, 2.23, 2.10, 1.87, 1.58, 2.15],
  tjk_385 = [1.39, 1.05, 2.11, 1.25, 2.01, 1.86, 1.81, 2.29, 2.11, 1.45, 1.57, 2.17, 2.27, 1.48, 1.04, 1.97, 1.96, 1.37, 1.28, 1.69],
  tjk_391 = [1.00, 1.65, 1.81, 2.15, 1.80, 1.66, 2.04, 1.66, 1.44, 1.35, 1.95, 1.86, 2.10, 2.00, 1.18, 1.97, 1.79, 2.14, 1.62, 1.70],
  tjk_392 = [2.30, 1.83, 1.70, 1.10, 1.68, 1.91, 2.02, 2.05, 1.90, 1.45, 2.02, 1.20, 1.75, 1.92, 1.74, 1.74, 2.00, 1.02, 1.47, 2.06],
  tjk_393 = [2.16, 1.54, 2.26, 1.90, 2.02, 1.16, 2.31, 2.29, 1.90, 2.12, 2.00, 1.31, 2.04, 1.74, 2.15, 1.95, 1.67, 1.72, 1.04, 1.23],
  tjk_394 = [1.06, 1.08, 1.72, 1.61, 2.02, 1.13, 1.91, 1.91, 1.02, 1.38, 1.79, 1.64, 1.45, 1.32, 1.27, 1.81, 1.96, 2.00, 2.13, 1.36],
  tjk_395 = [1.86, 1.02, 2.30, 2.01, 1.24, 1.46, 1.73, 2.02, 1.68, 1.13, 1.90, 2.14, 1.81, 2.16, 1.98, 1.39, 1.28, 1.64, 1.44, 2.16],
  tjk_401 = [4.35, 3.72, 4.67, 4.21, 4.08, 3.72, 4.46, 4.93, 4.42, 4.40, 3.93, 4.41, 4.70, 4.48, 3.77, 3.87, 4.14, 4.23, 3.81, 3.89],
  tjk_402 = [3.98, 3.92, 4.97, 3.82, 3.76, 4.97, 3.83, 4.19, 3.82, 4.68, 4.03, 4.17, 3.70, 3.91, 4.26, 3.69, 3.71, 3.79, 4.84, 4.40],
  tjk_403 = [3.77, 3.73, 4.56, 4.60, 4.02, 4.66, 4.01, 4.08, 4.45, 4.66, 4.09, 4.12, 4.09, 4.58, 4.79, 4.18, 4.65, 4.12, 3.99, 4.46],
  tjk_404 = [4.97, 4.94, 4.08, 4.30, 4.41, 4.41, 4.39, 4.08, 4.13, 4.47, 4.00, 3.96, 4.49, 4.61, 3.99, 4.40, 4.10, 4.50, 4.66, 4.16],
  tjk_405 = [4.11, 4.40, 4.15, 4.07, 4.06, 4.21, 4.16, 4.53, 4.07, 3.87, 4.50, 4.63, 4.26, 5.00, 4.63, 4.50, 4.48, 4.14, 3.99, 4.08],
]

Service Times (¦Î_{jk}^s) = [
  xi_11 = [6.37, 4.75, 4.08, 6.66, 4.52, 5.82, 4.45, 5.44, 4.44, 5.36, 4.60, 5.04, 4.22, 5.40, 5.66, 6.01, 6.33, 6.38, 5.49, 6.73],
  xi_12 = [4.25, 5.93, 6.80, 6.52, 5.45, 5.77, 4.72, 6.55, 6.79, 5.03, 6.88, 4.54, 4.61, 6.91, 5.71, 6.96, 5.25, 4.61, 6.53, 4.02],
  xi_13 = [4.81, 5.11, 5.44, 4.64, 6.10, 6.24, 4.63, 4.02, 6.07, 6.72, 5.38, 5.41, 4.11, 5.79, 4.80, 5.26, 5.99, 4.40, 6.43, 6.61],
  xi_14 = [5.20, 6.95, 6.49, 6.72, 5.73, 5.70, 5.31, 5.18, 4.58, 6.95, 6.89, 5.18, 4.58, 5.45, 4.38, 6.71, 6.02, 4.94, 4.26, 5.61],
  xi_15 = [5.16, 4.08, 4.59, 6.60, 6.05, 6.68, 4.03, 5.42, 5.79, 4.85, 6.53, 6.67, 4.79, 4.77, 4.33, 5.44, 6.95, 4.60, 6.46, 5.14],
  xi_21 = [1.61, 3.78, 3.80, 1.71, 1.26, 3.28, 2.24, 4.00, 2.20, 2.82, 2.05, 1.82, 3.61, 1.30, 2.69, 2.77, 3.65, 3.52, 3.50, 2.22],
  xi_22 = [2.91, 1.74, 1.93, 1.89, 2.44, 3.18, 1.78, 3.23, 3.92, 2.28, 3.26, 1.52, 3.23, 3.07, 3.42, 2.37, 3.60, 2.66, 2.28, 3.09],
  xi_23 = [1.31, 3.36, 2.94, 3.60, 3.85, 1.06, 2.10, 3.37, 3.63, 1.03, 3.20, 1.36, 1.91, 1.57, 1.32, 2.94, 1.28, 2.83, 2.64, 3.80],
  xi_24 = [3.47, 3.36, 3.35, 1.32, 2.88, 1.79, 3.57, 1.85, 2.95, 2.56, 2.80, 3.15, 3.47, 3.29, 3.65, 2.07, 1.18, 3.43, 1.07, 2.19],
  xi_25 = [2.86, 3.20, 3.48, 2.84, 3.83, 3.36, 2.63, 1.91, 1.36, 1.89, 3.14, 2.49, 1.38, 2.93, 2.36, 2.80, 2.84, 1.34, 3.77, 2.26],
  xi_31 = [8.23, 9.44, 7.92, 7.79, 7.93, 9.16, 8.58, 8.47, 9.61, 9.04, 7.67, 9.30, 9.20, 7.34, 7.06, 7.18, 9.02, 9.27, 8.90, 9.44],
  xi_32 = [7.34, 7.45, 7.00, 7.18, 7.72, 9.62, 7.32, 8.60, 8.81, 7.33, 9.39, 8.33, 7.05, 8.71, 8.86, 9.27, 8.32, 7.72, 8.24, 7.72],
  xi_33 = [7.42, 7.70, 7.73, 9.06, 9.68, 7.22, 7.31, 8.51, 8.53, 7.97, 9.97, 8.99, 8.71, 7.18, 8.15, 8.78, 7.90, 7.65, 9.80, 7.16],
  xi_34 = [9.95, 7.69, 9.83, 8.67, 9.72, 9.63, 7.63, 8.21, 8.88, 9.10, 9.42, 8.71, 7.86, 8.95, 8.33, 8.20, 7.55, 7.02, 7.80, 7.75],
  xi_35 = [9.66, 9.03, 8.71, 7.83, 8.09, 7.37, 9.70, 9.22, 9.03, 8.39, 7.23, 9.37, 7.36, 7.01, 8.08, 7.95, 8.76, 8.50, 9.30, 8.94],
  xi_41 = [7.00, 7.92, 8.08, 7.37, 7.81, 9.76, 9.25, 9.13, 8.30, 9.84, 9.42, 8.34, 8.87, 7.25, 8.33, 9.42, 9.42, 9.50, 7.95, 9.49],
  xi_42 = [9.42, 7.65, 9.76, 9.95, 7.22, 9.27, 7.88, 7.98, 7.11, 7.86, 9.16, 9.45, 8.13, 7.27, 8.22, 8.46, 7.33, 8.24, 8.61, 7.83],
  xi_43 = [7.70, 8.32, 8.18, 9.66, 9.67, 9.71, 8.35, 9.32, 7.01, 9.64, 7.24, 7.16, 8.35, 9.88, 8.46, 7.04, 9.47, 9.26, 9.70, 7.59],
  xi_44 = [8.01, 7.59, 7.49, 8.74, 8.97, 9.74, 9.58, 8.08, 8.36, 7.03, 7.20, 8.67, 8.90, 7.17, 9.36, 8.10, 9.03, 9.94, 9.26, 7.87],
  xi_45 = [7.64, 8.84, 8.43, 9.06, 8.68, 8.88, 7.23, 9.12, 9.09, 7.73, 7.17, 8.33, 7.74, 8.24, 7.46, 8.48, 8.67, 7.76, 7.65, 8.25],
  xi_51 = [6.97, 6.59, 6.68, 6.50, 4.98, 5.41, 4.71, 4.52, 5.47, 6.15, 5.74, 5.43, 6.18, 5.65, 4.24, 6.08, 4.75, 5.59, 5.54, 6.56],
  xi_52 = [4.05, 5.39, 6.65, 4.78, 4.46, 5.46, 5.29, 6.69, 6.83, 6.08, 4.71, 5.52, 4.19, 6.41, 6.33, 4.03, 6.41, 5.47, 4.61, 4.23],
  xi_53 = [6.75, 5.02, 5.27, 6.83, 4.79, 4.75, 6.42, 5.05, 6.58, 5.70, 5.67, 5.88, 6.71, 4.32, 5.11, 4.85, 6.90, 6.92, 4.88, 6.70],
  xi_54 = [5.97, 5.06, 6.25, 5.66, 5.06, 4.76, 5.15, 5.87, 5.37, 6.57, 5.16, 6.65, 4.40, 5.19, 5.55, 5.55, 6.35, 6.36, 4.38, 5.82],
  xi_55 = [4.59, 6.29, 4.26, 6.34, 6.92, 5.00, 5.24, 5.49, 4.92, 5.35, 4.86, 6.32, 4.22, 6.53, 4.14, 6.86, 4.04, 6.49, 6.55, 6.20],
  xi_61 = [9.00, 8.53, 8.32, 9.73, 9.77, 9.55, 7.70, 8.58, 9.95, 9.54, 9.80, 7.38, 7.06, 7.49, 8.39, 7.53, 8.81, 7.08, 7.04, 9.12],
  xi_62 = [7.62, 8.05, 7.45, 8.08, 7.01, 8.65, 7.21, 9.52, 8.48, 9.40, 8.60, 8.93, 7.93, 9.58, 7.53, 9.01, 9.13, 7.53, 7.90, 9.29],
  xi_63 = [8.43, 8.41, 8.00, 8.68, 7.25, 7.29, 7.94, 9.23, 9.78, 7.60, 9.14, 9.29, 7.63, 7.60, 9.93, 9.39, 9.30, 8.56, 7.69, 7.08],
  xi_64 = [7.60, 8.49, 8.73, 9.86, 7.81, 7.37, 7.25, 8.19, 9.72, 7.02, 9.92, 9.34, 9.76, 8.09, 9.68, 9.68, 7.48, 9.99, 7.01, 7.22],
  xi_65 = [7.73, 7.02, 8.30, 9.72, 8.00, 9.37, 7.54, 9.47, 8.75, 8.10, 8.13, 8.39, 8.09, 9.02, 9.97, 8.48, 7.07, 7.09, 7.88, 8.00],
  xi_71 = [3.14, 1.17, 2.43, 1.52, 3.81, 3.74, 1.42, 3.40, 1.09, 1.42, 2.39, 2.62, 3.29, 1.57, 2.54, 1.61, 2.28, 3.57, 1.97, 1.95],
  xi_72 = [2.91, 3.61, 2.11, 1.68, 1.11, 2.10, 2.48, 1.60, 1.33, 2.51, 1.04, 1.06, 1.84, 3.29, 2.51, 3.94, 3.64, 3.14, 2.07, 3.65],
  xi_73 = [1.26, 3.16, 1.04, 3.80, 2.68, 1.62, 3.23, 2.30, 1.74, 2.46, 1.29, 2.07, 2.42, 3.67, 1.90, 2.19, 2.01, 3.41, 2.96, 1.06],
  xi_74 = [1.38, 3.14, 3.28, 2.00, 3.15, 1.29, 2.31, 1.98, 1.91, 2.13, 2.57, 2.60, 1.96, 1.01, 2.23, 2.00, 3.82, 1.32, 3.27, 2.33],
  xi_75 = [3.03, 2.40, 3.70, 2.49, 2.47, 3.68, 2.53, 2.64, 3.94, 1.01, 1.00, 3.82, 2.47, 3.29, 2.85, 3.40, 2.11, 1.42, 3.19, 1.19],
  xi_81 = [5.60, 4.26, 5.92, 6.84, 5.41, 5.86, 5.09, 5.13, 5.07, 5.87, 5.14, 6.35, 5.51, 5.43, 5.92, 5.64, 6.61, 4.16, 5.12, 6.83],
  xi_82 = [5.02, 5.57, 4.76, 4.18, 4.95, 4.95, 6.07, 4.84, 4.26, 4.60, 5.48, 5.82, 4.02, 4.85, 4.39, 4.57, 6.00, 5.69, 6.10, 5.76],
  xi_83 = [6.75, 4.67, 5.08, 5.89, 4.74, 5.66, 4.33, 6.16, 4.07, 4.38, 5.66, 6.21, 5.63, 4.71, 4.49, 4.83, 6.31, 6.80, 5.41, 5.16],
  xi_84 = [5.45, 4.37, 5.10, 5.39, 5.30, 6.96, 4.19, 4.55, 5.58, 5.75, 5.96, 6.50, 6.90, 6.75, 6.24, 6.60, 5.24, 4.84, 6.13, 5.56],
  xi_85 = [5.82, 6.85, 6.48, 5.76, 6.29, 5.08, 4.94, 6.36, 5.08, 5.18, 4.76, 4.48, 5.89, 5.57, 4.01, 4.53, 6.75, 6.42, 4.06, 5.83],
  xi_91 = [9.94, 8.75, 9.92, 9.80, 7.25, 9.14, 9.55, 9.54, 9.29, 8.80, 8.50, 7.23, 7.00, 7.42, 8.68, 8.58, 7.13, 8.44, 7.23, 7.61],
  xi_92 = [8.35, 9.28, 7.28, 8.88, 8.82, 7.57, 8.87, 9.03, 9.47, 8.54, 8.89, 8.60, 8.91, 8.32, 8.20, 7.45, 9.36, 8.17, 9.01, 9.03],
  xi_93 = [7.40, 7.80, 8.19, 9.49, 7.27, 9.83, 7.71, 8.41, 8.21, 7.64, 9.15, 8.34, 9.32, 9.03, 8.75, 9.49, 8.20, 7.14, 9.01, 8.94],
  xi_94 = [7.73, 8.68, 8.04, 8.63, 8.45, 7.84, 7.19, 7.56, 7.96, 8.80, 9.49, 7.60, 9.64, 9.83, 8.72, 8.28, 9.36, 8.49, 9.98, 8.22],
  xi_95 = [9.09, 9.53, 9.49, 7.74, 9.17, 9.58, 7.80, 8.99, 7.59, 8.42, 8.46, 9.27, 9.77, 8.05, 7.26, 7.05, 7.79, 8.45, 8.60, 7.22],
  xi_101 = [7.41, 7.89, 8.99, 8.45, 7.80, 9.11, 8.05, 9.93, 8.65, 9.18, 8.12, 7.36, 8.35, 8.99, 8.29, 7.13, 9.17, 9.77, 8.49, 9.30],
  xi_102 = [9.75, 7.90, 8.07, 7.67, 8.23, 8.05, 7.22, 7.04, 9.46, 7.40, 8.70, 8.71, 9.95, 8.99, 7.66, 8.19, 7.40, 7.45, 7.44, 9.61],
  xi_103 = [9.18, 8.14, 8.23, 9.69, 9.41, 8.73, 9.10, 7.74, 7.57, 8.33, 8.78, 9.81, 9.51, 7.58, 9.46, 9.19, 7.26, 7.05, 9.42, 7.36],
  xi_104 = [8.66, 9.12, 8.82, 9.65, 9.79, 9.33, 7.28, 7.23, 8.48, 9.02, 8.14, 7.34, 9.71, 9.22, 7.48, 8.41, 9.00, 7.04, 7.62, 7.64],
  xi_105 = [7.72, 7.91, 7.75, 7.91, 9.40, 9.11, 7.70, 9.15, 7.87, 7.74, 9.89, 9.62, 7.43, 8.53, 8.59, 9.26, 8.09, 7.49, 9.12, 8.99],
  xi_111 = [2.97, 1.57, 3.03, 1.83, 2.47, 1.26, 1.18, 1.21, 3.37, 1.65, 1.42, 2.28, 3.35, 1.64, 2.99, 1.53, 2.37, 1.60, 1.82, 1.23],
  xi_112 = [1.80, 3.74, 1.79, 1.05, 1.77, 2.28, 1.47, 3.20, 2.10, 1.44, 1.89, 2.60, 3.17, 3.11, 1.23, 2.64, 2.57, 2.64, 3.70, 2.65],
  xi_113 = [1.46, 1.71, 1.89, 3.02, 2.43, 1.47, 2.52, 1.59, 3.15, 3.63, 3.70, 2.77, 2.93, 2.75, 2.61, 3.15, 3.52, 1.55, 1.27, 2.99],
  xi_114 = [1.08, 2.55, 1.22, 3.67, 3.52, 1.33, 2.29, 1.12, 3.38, 3.15, 1.51, 2.63, 2.41, 2.95, 2.24, 1.93, 3.98, 3.48, 3.16, 1.94],
  xi_115 = [2.56, 2.37, 1.89, 3.38, 2.76, 3.95, 2.35, 2.29, 3.00, 1.32, 3.18, 3.97, 3.83, 3.39, 2.16, 3.17, 1.81, 1.76, 1.28, 1.54],
  xi_121 = [4.93, 6.17, 4.52, 6.40, 6.69, 6.55, 6.65, 6.88, 4.08, 4.09, 6.21, 6.35, 5.88, 6.74, 4.25, 5.09, 5.80, 4.22, 4.66, 6.09],
  xi_122 = [4.84, 6.17, 5.85, 6.19, 6.01, 5.13, 4.96, 5.72, 4.89, 6.86, 4.96, 6.09, 6.86, 5.32, 4.01, 6.16, 4.08, 6.98, 5.59, 4.02],
  xi_123 = [6.85, 4.55, 4.43, 5.96, 6.74, 6.51, 5.86, 5.90, 4.42, 5.18, 4.26, 6.54, 5.55, 6.09, 4.87, 6.62, 4.61, 4.39, 6.09, 6.99],
  xi_124 = [5.83, 6.55, 6.57, 4.50, 4.85, 6.66, 5.62, 4.63, 5.00, 4.37, 4.30, 5.67, 4.23, 4.24, 6.93, 4.71, 4.62, 6.88, 4.84, 5.14],
  xi_125 = [6.64, 4.81, 6.36, 4.47, 4.29, 4.59, 5.26, 4.80, 5.59, 5.81, 6.55, 4.67, 5.47, 4.11, 4.62, 5.28, 4.28, 4.30, 4.46, 6.19],
  xi_131 = [6.19, 6.29, 5.50, 5.32, 5.12, 5.48, 6.69, 6.00, 6.75, 5.82, 6.28, 4.34, 6.87, 4.47, 5.09, 6.27, 4.12, 4.13, 5.75, 6.73],
  xi_132 = [6.43, 4.78, 5.03, 6.30, 6.27, 6.89, 4.74, 5.58, 6.70, 5.77, 4.08, 5.09, 5.79, 5.66, 5.51, 6.97, 5.19, 5.28, 6.12, 4.88],
  xi_133 = [5.49, 4.35, 6.91, 5.30, 4.13, 6.10, 6.69, 5.80, 6.66, 5.34, 4.35, 4.30, 6.27, 5.40, 5.25, 6.32, 4.77, 4.99, 6.23, 4.18],
  xi_134 = [4.06, 4.14, 6.51, 5.65, 4.11, 5.64, 4.70, 5.83, 4.43, 6.25, 4.46, 5.76, 5.41, 6.40, 6.08, 4.30, 6.11, 4.69, 4.85, 6.78],
  xi_135 = [4.22, 5.64, 6.71, 6.31, 5.98, 6.23, 5.01, 5.72, 6.15, 6.19, 4.08, 5.51, 4.16, 4.61, 6.38, 5.49, 5.01, 4.87, 6.20, 4.85],
  xi_141 = [6.02, 4.31, 4.93, 4.73, 6.20, 6.82, 6.69, 4.31, 4.99, 6.02, 4.98, 6.72, 5.15, 5.00, 6.34, 6.84, 6.22, 6.62, 4.55, 6.63],
  xi_142 = [5.82, 6.44, 5.98, 6.30, 6.22, 5.79, 4.84, 6.62, 5.75, 6.32, 6.99, 6.45, 4.44, 4.94, 4.74, 6.37, 6.75, 5.77, 6.38, 6.56],
  xi_143 = [5.48, 6.66, 4.48, 6.99, 4.56, 5.30, 6.28, 5.13, 5.84, 4.31, 5.18, 4.74, 6.33, 6.00, 5.09, 6.12, 6.56, 4.06, 5.38, 5.12],
  xi_144 = [4.48, 4.43, 4.61, 5.77, 5.56, 4.22, 5.62, 6.04, 5.41, 5.65, 4.74, 5.36, 7.00, 5.39, 5.88, 4.65, 5.75, 4.90, 6.33, 4.62],
  xi_145 = [4.98, 5.97, 4.08, 6.76, 5.07, 4.08, 4.05, 5.11, 4.09, 4.75, 4.02, 5.87, 6.53, 5.70, 4.35, 6.50, 4.95, 6.75, 6.91, 4.90],
  xi_151 = [3.37, 3.73, 2.53, 1.14, 3.81, 3.27, 3.30, 3.65, 1.57, 2.79, 1.87, 2.74, 2.22, 2.49, 1.38, 1.50, 1.97, 3.96, 2.86, 3.64],
  xi_152 = [2.46, 2.85, 1.51, 1.64, 3.59, 3.41, 2.64, 3.25, 2.50, 1.12, 3.34, 2.84, 1.66, 1.86, 1.31, 2.29, 2.09, 3.43, 2.65, 2.74],
  xi_153 = [1.35, 3.90, 1.72, 3.74, 1.18, 2.64, 3.46, 3.40, 2.12, 3.32, 2.74, 1.21, 2.02, 1.85, 1.66, 2.74, 1.20, 3.32, 2.90, 1.09],
  xi_154 = [1.75, 3.18, 2.43, 3.32, 1.69, 3.12, 3.01, 2.04, 2.53, 2.01, 1.81, 3.33, 2.59, 3.19, 3.59, 2.99, 1.59, 3.18, 1.53, 2.57],
  xi_155 = [2.86, 2.44, 2.97, 1.09, 3.08, 2.37, 2.06, 2.76, 3.82, 1.57, 3.44, 3.93, 3.02, 1.58, 2.12, 2.47, 2.82, 3.52, 3.47, 3.07],
  xi_161 = [1.76, 2.88, 2.19, 1.94, 2.36, 1.81, 2.40, 2.83, 1.29, 1.47, 3.65, 3.77, 3.93, 2.69, 3.09, 1.42, 2.60, 1.44, 2.18, 2.76],
  xi_162 = [2.74, 2.02, 3.58, 1.48, 1.45, 3.82, 3.50, 3.75, 3.83, 3.72, 2.11, 1.89, 2.42, 3.88, 2.78, 2.76, 1.18, 3.07, 1.17, 2.94],
  xi_163 = [2.26, 1.13, 2.65, 3.04, 2.58, 3.02, 3.18, 2.83, 3.58, 1.86, 3.87, 3.95, 3.95, 1.36, 1.41, 3.52, 2.59, 1.32, 3.07, 3.69],
  xi_164 = [3.38, 1.49, 3.78, 3.36, 3.62, 2.35, 3.73, 1.41, 2.56, 3.85, 2.37, 1.19, 1.07, 1.86, 2.95, 1.18, 1.67, 2.58, 1.37, 3.99],
  xi_165 = [2.99, 2.55, 2.25, 3.46, 3.64, 2.25, 1.57, 3.51, 2.27, 3.19, 3.35, 2.27, 2.34, 2.01, 3.48, 1.48, 2.68, 3.99, 1.46, 1.13],
  xi_171 = [8.03, 7.15, 8.85, 8.68, 9.53, 8.41, 7.37, 9.89, 9.37, 9.88, 9.45, 9.69, 9.27, 7.82, 8.69, 9.58, 7.64, 8.32, 8.33, 8.15],
  xi_172 = [8.21, 7.85, 8.49, 9.88, 8.79, 7.62, 9.54, 9.76, 9.26, 7.29, 8.98, 9.14, 7.55, 8.48, 7.70, 8.25, 8.91, 8.82, 7.80, 9.43],
  xi_173 = [9.76, 8.80, 7.54, 8.77, 8.75, 7.32, 8.79, 7.51, 9.85, 8.76, 8.69, 8.36, 9.89, 8.70, 9.26, 9.90, 7.56, 7.24, 9.21, 7.14],
  xi_174 = [8.02, 7.14, 8.59, 9.92, 7.93, 8.11, 7.86, 9.59, 7.79, 8.83, 8.68, 7.09, 7.56, 9.99, 9.88, 8.18, 9.97, 7.89, 8.27, 7.07],
  xi_175 = [9.22, 7.24, 7.72, 9.51, 9.58, 9.53, 9.01, 8.89, 8.47, 7.75, 8.30, 9.90, 7.60, 7.70, 8.68, 9.11, 7.75, 8.83, 8.30, 8.89],
  xi_181 = [4.13, 6.68, 4.48, 6.43, 4.09, 6.56, 4.06, 6.72, 4.94, 4.72, 6.71, 5.42, 4.58, 4.40, 6.63, 6.54, 5.00, 6.57, 6.29, 5.54],
  xi_182 = [5.84, 5.94, 4.95, 5.91, 4.49, 5.77, 6.01, 5.12, 6.02, 4.94, 6.55, 6.88, 4.47, 4.28, 4.84, 5.81, 4.64, 5.37, 6.96, 6.58],
  xi_183 = [5.13, 5.48, 5.89, 5.52, 5.38, 5.54, 4.44, 5.44, 6.93, 4.36, 5.15, 4.01, 6.37, 6.24, 4.99, 7.00, 4.87, 4.93, 5.80, 6.05],
  xi_184 = [4.13, 6.22, 5.72, 5.61, 6.54, 5.44, 6.57, 5.59, 6.60, 6.70, 6.29, 5.85, 5.83, 5.54, 5.00, 5.02, 4.49, 6.05, 4.79, 5.38],
  xi_185 = [6.67, 6.15, 5.76, 6.10, 5.07, 6.37, 6.74, 5.02, 4.49, 5.42, 5.59, 4.57, 4.03, 5.02, 6.91, 5.83, 6.42, 7.00, 5.22, 6.51],
  xi_191 = [5.73, 5.64, 4.26, 4.30, 6.56, 5.77, 5.24, 6.80, 5.33, 4.17, 4.09, 5.93, 6.65, 4.57, 4.89, 5.14, 6.34, 6.74, 6.16, 4.88],
  xi_192 = [4.33, 4.73, 5.97, 5.53, 5.63, 5.22, 5.09, 4.24, 6.35, 5.61, 5.68, 4.77, 4.28, 6.58, 4.18, 5.37, 4.04, 4.82, 5.18, 5.51],
  xi_193 = [4.04, 4.89, 4.88, 4.75, 6.72, 6.23, 4.99, 4.43, 5.94, 6.68, 6.98, 5.53, 4.60, 6.90, 6.96, 5.58, 6.55, 5.29, 4.78, 5.61],
  xi_194 = [5.71, 4.73, 4.69, 5.80, 5.09, 4.45, 5.10, 6.82, 5.41, 4.93, 4.73, 4.31, 4.51, 4.92, 5.35, 6.01, 5.43, 5.65, 6.91, 5.55],
  xi_195 = [5.42, 4.85, 4.49, 5.82, 5.40, 4.34, 4.63, 5.19, 5.60, 5.83, 6.85, 6.11, 5.79, 4.87, 5.25, 5.42, 5.19, 4.38, 4.49, 5.77],
  xi_201 = [3.92, 2.21, 1.87, 3.79, 1.96, 3.18, 1.15, 2.62, 2.12, 2.10, 1.63, 3.82, 1.77, 1.17, 2.38, 1.73, 2.73, 2.67, 3.14, 3.60],
  xi_202 = [1.21, 1.79, 3.28, 3.88, 1.62, 2.62, 1.28, 2.07, 3.84, 3.60, 2.28, 2.60, 2.19, 1.59, 2.07, 1.65, 1.09, 3.19, 2.99, 3.50],
  xi_203 = [2.75, 2.12, 1.24, 1.31, 1.72, 1.83, 1.21, 1.21, 2.32, 3.80, 2.94, 2.55, 2.81, 1.93, 3.06, 3.54, 3.71, 1.10, 2.54, 2.84],
  xi_204 = [2.00, 2.52, 1.85, 2.96, 3.99, 1.75, 2.09, 1.07, 3.13, 1.43, 3.44, 1.48, 2.68, 1.75, 2.76, 1.14, 2.62, 3.14, 2.84, 2.48],
  xi_205 = [3.15, 3.67, 3.25, 2.96, 3.13, 1.66, 2.24, 2.74, 2.78, 3.40, 1.65, 1.66, 2.22, 2.79, 1.64, 2.70, 2.89, 1.87, 3.12, 2.78],
  xi_211 = [6.52, 5.06, 4.85, 4.38, 4.51, 5.15, 4.50, 5.29, 5.55, 5.86, 6.74, 5.97, 6.82, 5.39, 5.85, 4.10, 6.97, 6.06, 6.89, 5.13],
  xi_212 = [6.36, 4.62, 6.99, 4.42, 4.36, 4.75, 6.44, 5.78, 5.64, 4.63, 6.08, 5.02, 4.36, 5.29, 5.16, 4.08, 5.59, 5.72, 5.17, 5.06],
  xi_213 = [4.96, 5.72, 6.58, 4.88, 6.57, 5.25, 6.93, 5.13, 4.78, 4.25, 5.69, 6.86, 5.98, 6.63, 4.73, 4.71, 4.33, 5.51, 5.25, 4.57],
  xi_214 = [4.40, 4.49, 6.87, 4.37, 5.69, 5.80, 6.29, 4.33, 5.75, 6.14, 5.90, 5.30, 4.24, 6.95, 4.57, 4.15, 5.30, 4.76, 5.86, 4.17],
  xi_215 = [6.60, 6.51, 6.80, 5.10, 5.78, 4.90, 5.95, 4.15, 4.59, 6.32, 6.46, 5.31, 4.59, 6.78, 4.01, 6.16, 4.88, 6.56, 4.41, 4.73],
  xi_221 = [5.64, 5.46, 4.61, 6.13, 4.36, 5.61, 6.87, 6.67, 4.58, 6.61, 5.37, 4.37, 4.85, 6.48, 6.91, 5.48, 6.46, 6.10, 4.02, 4.46],
  xi_222 = [5.45, 6.88, 4.91, 6.49, 4.08, 4.37, 4.40, 6.45, 6.20, 4.90, 6.64, 6.42, 4.64, 4.61, 6.80, 4.08, 5.89, 5.21, 5.48, 5.13],
  xi_223 = [6.71, 5.54, 5.77, 5.40, 5.43, 6.14, 6.42, 6.70, 4.74, 5.27, 5.16, 4.10, 6.63, 6.14, 6.86, 5.27, 4.06, 4.13, 5.01, 6.97],
  xi_224 = [6.91, 4.17, 4.75, 5.91, 6.98, 5.75, 4.98, 4.57, 5.79, 4.56, 5.06, 6.80, 6.94, 6.76, 4.39, 5.09, 5.02, 5.31, 6.18, 6.75],
  xi_225 = [6.19, 4.81, 6.90, 6.87, 5.61, 4.28, 6.40, 6.43, 6.32, 4.80, 6.97, 5.92, 5.18, 4.43, 6.73, 4.46, 6.27, 6.53, 6.92, 5.39],
  xi_231 = [1.36, 2.93, 1.42, 1.91, 1.96, 2.49, 3.79, 1.58, 3.32, 2.82, 1.70, 3.27, 1.98, 1.03, 3.67, 1.59, 1.42, 2.33, 3.29, 3.59],
  xi_232 = [3.94, 3.14, 3.04, 2.98, 1.76, 2.04, 2.21, 2.10, 1.45, 2.44, 3.49, 2.03, 2.82, 2.90, 3.71, 1.82, 1.83, 3.90, 1.31, 2.60],
  xi_233 = [3.68, 3.48, 1.06, 3.17, 2.34, 3.78, 2.51, 3.87, 2.33, 2.46, 2.39, 2.50, 2.01, 1.15, 3.73, 2.35, 3.81, 2.66, 3.61, 1.35],
  xi_234 = [3.20, 3.39, 3.96, 2.28, 3.81, 2.41, 1.32, 1.20, 1.60, 2.23, 1.06, 2.07, 3.54, 2.18, 1.88, 2.42, 2.25, 3.44, 3.98, 3.52],
  xi_235 = [2.86, 3.56, 3.26, 2.79, 1.25, 3.22, 1.06, 2.51, 1.33, 3.19, 3.00, 2.07, 2.71, 1.94, 3.02, 2.47, 1.97, 1.18, 2.79, 3.61],
  xi_241 = [6.71, 6.78, 4.44, 6.47, 5.56, 5.43, 6.56, 4.79, 4.01, 6.01, 6.27, 6.85, 4.22, 6.99, 4.82, 5.24, 4.38, 5.39, 6.86, 6.40],
  xi_242 = [6.65, 6.13, 4.69, 4.31, 4.12, 5.27, 4.30, 5.69, 6.08, 5.82, 4.68, 5.48, 6.19, 5.40, 6.50, 4.97, 5.76, 6.21, 6.61, 6.61],
  xi_243 = [6.27, 6.44, 5.65, 5.41, 4.24, 5.40, 4.71, 4.83, 4.39, 5.84, 5.39, 5.64, 4.74, 6.32, 4.34, 6.24, 5.23, 5.90, 4.64, 5.78],
  xi_244 = [4.04, 5.42, 4.86, 6.86, 4.98, 4.26, 5.11, 5.01, 5.28, 6.54, 4.34, 4.52, 4.68, 4.50, 5.38, 6.37, 5.17, 6.18, 5.72, 4.89],
  xi_245 = [5.30, 6.60, 5.42, 5.38, 5.75, 5.57, 6.56, 4.30, 5.53, 6.61, 5.04, 6.82, 5.05, 4.62, 4.08, 6.10, 6.68, 5.65, 6.26, 6.54],
  xi_251 = [7.83, 8.19, 7.19, 7.82, 9.67, 9.81, 9.81, 8.28, 8.88, 8.69, 9.90, 8.99, 8.09, 9.17, 7.64, 7.13, 8.91, 8.94, 8.49, 7.11],
  xi_252 = [7.08, 7.11, 9.18, 9.13, 9.08, 8.02, 9.98, 8.52, 7.77, 7.19, 9.14, 7.79, 7.67, 9.03, 9.21, 9.71, 7.18, 9.21, 9.67, 8.89],
  xi_253 = [9.80, 7.02, 9.62, 7.98, 9.92, 9.03, 9.63, 7.75, 7.12, 8.74, 7.63, 9.03, 8.74, 8.57, 8.01, 9.48, 8.22, 7.64, 9.63, 9.80],
  xi_254 = [7.79, 9.70, 8.90, 9.55, 8.46, 9.54, 7.11, 9.47, 7.39, 7.37, 8.33, 7.88, 8.61, 8.61, 8.18, 8.72, 9.07, 8.71, 8.16, 7.85],
  xi_255 = [7.76, 7.40, 7.13, 7.48, 8.52, 7.91, 8.70, 7.10, 8.74, 9.44, 8.42, 7.25, 8.21, 8.88, 7.66, 7.62, 9.20, 9.42, 7.64, 7.08],
  xi_261 = [5.33, 6.19, 4.94, 5.50, 6.92, 4.60, 4.63, 4.86, 6.60, 5.54, 4.57, 4.87, 6.54, 4.89, 4.88, 5.76, 6.35, 4.22, 6.28, 6.01],
  xi_262 = [4.50, 6.93, 6.33, 5.81, 6.65, 5.40, 4.98, 6.81, 4.75, 5.81, 5.16, 5.89, 4.86, 6.58, 4.34, 5.21, 5.87, 6.74, 5.42, 6.15],
  xi_263 = [6.20, 4.16, 5.92, 4.21, 5.73, 5.98, 6.97, 4.10, 5.56, 4.32, 5.29, 6.38, 5.82, 4.15, 5.91, 4.20, 6.31, 6.37, 4.02, 5.28],
  xi_264 = [6.71, 5.32, 4.54, 5.08, 4.69, 4.90, 5.49, 5.40, 4.79, 4.48, 5.10, 6.85, 4.85, 4.33, 5.68, 6.50, 6.84, 4.61, 5.37, 6.31],
  xi_265 = [5.53, 4.40, 4.78, 6.00, 6.71, 6.08, 6.98, 5.46, 6.15, 4.43, 4.45, 6.41, 4.22, 4.90, 4.55, 5.83, 6.25, 5.61, 5.29, 4.36],
  xi_271 = [4.84, 5.49, 5.59, 6.31, 5.45, 6.84, 5.80, 6.14, 6.54, 4.58, 4.37, 4.54, 5.03, 6.48, 4.84, 6.36, 4.94, 5.82, 5.34, 5.86],
  xi_272 = [6.23, 5.98, 6.23, 6.16, 4.66, 6.57, 5.13, 5.90, 4.45, 4.36, 6.89, 6.27, 5.80, 5.34, 6.47, 6.38, 6.33, 5.66, 4.87, 4.62],
  xi_273 = [4.79, 4.01, 6.73, 5.24, 6.69, 5.61, 6.78, 5.18, 4.82, 4.19, 5.97, 4.43, 4.45, 5.47, 6.86, 6.93, 6.47, 5.38, 5.84, 6.06],
  xi_274 = [6.06, 4.56, 5.92, 6.30, 4.80, 5.41, 6.58, 6.13, 5.85, 5.70, 6.84, 5.35, 4.42, 5.55, 5.61, 5.16, 5.88, 5.12, 5.32, 5.68],
  xi_275 = [6.75, 6.48, 6.74, 4.71, 6.59, 5.78, 6.02, 4.48, 4.92, 4.40, 6.89, 5.31, 4.73, 6.97, 5.00, 4.67, 4.22, 4.33, 6.95, 4.72],
  xi_281 = [5.52, 4.55, 4.54, 5.08, 5.24, 4.93, 5.13, 4.96, 5.27, 5.78, 6.29, 6.30, 6.23, 6.82, 6.58, 4.62, 6.39, 6.54, 6.09, 4.18],
  xi_282 = [5.46, 5.56, 5.87, 4.33, 4.41, 5.92, 6.84, 4.24, 4.60, 6.54, 6.83, 4.60, 4.66, 5.03, 4.18, 5.52, 6.41, 4.11, 6.11, 4.91],
  xi_283 = [4.03, 6.37, 4.22, 6.70, 6.39, 5.65, 4.50, 6.66, 4.95, 5.78, 6.77, 6.66, 5.89, 5.94, 5.78, 6.34, 4.68, 6.62, 6.28, 5.35],
  xi_284 = [6.97, 6.81, 5.21, 4.31, 4.56, 4.74, 6.59, 6.03, 4.26, 4.32, 5.17, 6.80, 6.70, 5.84, 4.58, 6.09, 4.08, 6.26, 5.42, 5.85],
  xi_285 = [6.41, 5.43, 4.63, 4.62, 5.14, 6.18, 6.01, 6.32, 5.06, 6.45, 4.17, 6.62, 4.23, 5.94, 5.76, 5.54, 6.74, 6.79, 4.27, 6.79],
  xi_291 = [5.22, 5.95, 6.60, 4.58, 4.29, 6.18, 4.29, 5.79, 4.08, 5.17, 4.01, 5.70, 4.16, 6.66, 4.13, 6.56, 4.74, 6.26, 6.08, 4.53],
  xi_292 = [5.98, 6.07, 4.78, 4.75, 5.39, 6.39, 6.13, 4.92, 6.59, 4.37, 6.81, 6.71, 6.95, 5.23, 5.94, 6.65, 4.91, 5.43, 4.39, 5.69],
  xi_293 = [5.96, 6.87, 5.74, 6.71, 6.39, 5.55, 4.70, 4.49, 6.87, 6.17, 5.98, 4.39, 6.21, 6.87, 5.88, 4.39, 4.00, 5.63, 4.64, 4.83],
  xi_294 = [5.59, 5.89, 5.94, 5.61, 5.88, 5.75, 6.42, 5.50, 4.15, 5.11, 4.33, 4.77, 5.61, 4.56, 5.44, 4.95, 6.41, 6.80, 4.70, 4.86],
  xi_295 = [4.75, 5.02, 4.84, 5.19, 5.87, 4.32, 6.91, 6.31, 4.92, 4.33, 5.43, 6.03, 6.35, 4.11, 4.40, 4.63, 5.18, 5.72, 4.80, 4.16],
  xi_301 = [8.11, 8.58, 9.25, 9.22, 7.09, 9.34, 9.59, 9.92, 7.71, 8.21, 7.02, 7.15, 7.93, 9.62, 7.34, 9.55, 9.98, 9.49, 8.96, 9.59],
  xi_302 = [8.78, 8.06, 7.58, 7.05, 7.30, 8.41, 8.60, 9.24, 8.34, 9.66, 7.67, 8.52, 8.04, 8.52, 8.11, 8.81, 9.90, 8.50, 9.11, 7.76],
  xi_303 = [9.26, 8.48, 9.25, 7.16, 7.46, 7.04, 7.17, 7.76, 8.73, 9.47, 9.67, 7.56, 9.94, 7.83, 7.40, 9.94, 7.07, 9.55, 8.79, 7.64],
  xi_304 = [7.29, 7.40, 9.06, 8.83, 7.05, 9.98, 8.73, 9.94, 8.20, 8.77, 7.89, 9.76, 9.79, 7.07, 7.17, 9.62, 8.21, 7.59, 9.17, 8.44],
  xi_305 = [9.25, 7.42, 7.78, 8.67, 9.36, 9.35, 8.58, 7.51, 9.32, 7.48, 8.15, 7.01, 8.08, 9.28, 7.72, 9.86, 9.75, 7.96, 9.38, 9.47],
  xi_311 = [6.26, 6.36, 5.83, 4.13, 4.10, 4.50, 5.66, 5.83, 6.41, 4.99, 6.99, 4.80, 4.15, 4.18, 5.76, 4.98, 5.53, 5.28, 5.04, 6.44],
  xi_312 = [5.88, 4.76, 6.86, 6.70, 6.15, 5.64, 4.68, 6.28, 6.69, 6.31, 5.52, 5.69, 6.20, 4.47, 4.69, 6.70, 5.35, 4.51, 5.70, 6.50],
  xi_313 = [5.41, 4.51, 6.12, 5.53, 6.90, 4.54, 6.20, 5.09, 5.99, 5.71, 6.64, 5.16, 5.43, 6.95, 5.87, 4.56, 6.19, 4.75, 4.52, 6.49],
  xi_314 = [4.48, 4.71, 6.92, 6.04, 6.76, 6.20, 4.33, 6.55, 4.91, 6.01, 5.70, 4.24, 6.75, 4.74, 4.79, 5.13, 4.97, 5.03, 6.50, 6.80],
  xi_315 = [6.22, 6.23, 4.54, 4.51, 6.99, 4.06, 5.80, 6.82, 6.19, 4.88, 5.57, 4.24, 5.85, 6.90, 4.56, 6.89, 5.01, 6.52, 5.66, 6.25],
  xi_321 = [5.21, 5.92, 6.19, 4.58, 4.05, 5.24, 4.34, 6.70, 5.65, 5.65, 5.08, 5.16, 4.42, 4.90, 5.21, 5.47, 4.72, 4.40, 4.92, 6.67],
  xi_322 = [6.49, 5.63, 6.71, 6.35, 4.67, 6.13, 4.16, 4.24, 4.27, 4.08, 5.38, 6.21, 5.57, 5.46, 5.01, 4.59, 6.04, 4.76, 6.25, 6.45],
  xi_323 = [6.45, 4.34, 5.52, 6.77, 4.97, 5.02, 5.35, 4.95, 6.56, 4.96, 4.53, 4.75, 6.36, 6.07, 5.02, 6.24, 5.96, 4.94, 5.24, 6.93],
  xi_324 = [5.27, 4.25, 5.90, 5.58, 5.94, 4.67, 6.71, 6.95, 6.03, 5.61, 5.36, 6.18, 4.59, 6.32, 5.59, 4.91, 4.92, 4.79, 5.71, 6.67],
  xi_325 = [4.49, 6.81, 6.38, 6.22, 5.53, 5.27, 4.41, 5.43, 5.42, 6.92, 6.99, 6.99, 6.67, 4.73, 4.38, 5.08, 6.46, 6.04, 4.61, 4.35],
  xi_331 = [8.36, 8.01, 8.63, 8.09, 7.08, 9.29, 9.84, 9.74, 8.93, 9.12, 7.53, 9.51, 8.61, 7.40, 9.84, 7.29, 7.23, 7.73, 7.14, 8.49],
  xi_332 = [8.80, 9.70, 8.52, 9.21, 8.58, 8.32, 8.59, 7.35, 9.40, 9.51, 9.47, 7.77, 9.11, 9.74, 7.02, 8.03, 8.57, 9.90, 7.26, 9.30],
  xi_333 = [8.12, 9.71, 7.57, 8.70, 8.53, 7.95, 7.91, 9.61, 7.11, 7.63, 7.28, 7.84, 7.13, 7.54, 9.58, 8.16, 9.20, 9.86, 9.28, 9.45],
  xi_334 = [8.86, 9.48, 7.95, 7.51, 7.29, 8.44, 8.55, 9.38, 9.11, 8.49, 9.22, 7.51, 8.48, 7.67, 7.87, 7.72, 9.19, 9.78, 9.04, 7.95],
  xi_335 = [9.13, 7.97, 9.60, 8.76, 9.03, 8.94, 8.75, 9.24, 9.74, 9.78, 7.91, 9.47, 9.48, 7.58, 7.14, 7.57, 8.89, 7.53, 8.63, 9.66],
  xi_341 = [8.22, 8.32, 9.30, 9.86, 9.50, 7.36, 9.55, 9.77, 9.21, 9.08, 7.77, 9.28, 9.20, 8.02, 9.87, 9.69, 7.35, 7.09, 9.94, 9.29],
  xi_342 = [7.80, 9.72, 9.22, 8.45, 7.62, 7.86, 9.69, 7.91, 8.01, 7.57, 7.84, 8.65, 9.32, 7.21, 8.59, 8.27, 7.49, 7.49, 9.94, 8.35],
  xi_343 = [9.45, 8.48, 7.38, 7.61, 8.16, 8.01, 9.29, 8.42, 8.82, 7.17, 7.73, 7.40, 9.88, 8.38, 9.18, 8.83, 9.99, 9.78, 7.58, 9.91],
  xi_344 = [7.71, 8.42, 8.56, 8.64, 7.29, 7.97, 7.64, 9.39, 8.25, 9.91, 8.02, 7.47, 9.75, 7.91, 9.39, 8.78, 8.17, 7.99, 8.34, 9.52],
  xi_345 = [8.76, 9.50, 9.73, 9.75, 9.39, 7.93, 9.00, 9.54, 7.62, 9.53, 9.65, 8.13, 9.54, 9.02, 7.89, 8.96, 7.88, 9.07, 7.55, 8.31],
  xi_351 = [1.20, 3.43, 3.14, 2.13, 3.16, 1.47, 1.89, 2.54, 3.47, 3.80, 2.55, 1.99, 1.43, 2.52, 2.72, 3.70, 2.69, 1.39, 1.82, 1.31],
  xi_352 = [1.33, 1.71, 2.64, 3.71, 1.98, 2.09, 3.98, 3.06, 1.81, 3.89, 1.42, 1.90, 2.79, 3.27, 2.69, 1.99, 2.95, 3.39, 2.57, 1.08],
  xi_353 = [3.81, 2.57, 2.22, 2.71, 3.45, 1.36, 3.05, 1.90, 1.07, 3.51, 1.97, 3.60, 2.36, 1.43, 3.41, 3.58, 3.09, 2.21, 3.91, 1.39],
  xi_354 = [2.61, 1.63, 3.76, 2.13, 2.33, 2.76, 3.01, 1.97, 3.60, 1.47, 1.46, 1.31, 1.93, 3.24, 1.38, 2.30, 3.73, 1.76, 2.23, 2.54],
  xi_355 = [2.81, 2.72, 3.82, 3.26, 1.19, 3.76, 3.21, 1.26, 1.81, 2.11, 3.81, 2.71, 3.59, 2.89, 1.89, 2.18, 2.24, 2.18, 1.22, 2.60],
  xi_361 = [9.58, 7.87, 8.41, 8.93, 8.87, 8.46, 8.76, 9.47, 7.41, 9.08, 9.64, 8.72, 7.21, 7.67, 7.03, 9.22, 8.56, 9.52, 7.51, 8.65],
  xi_362 = [7.43, 7.11, 7.11, 7.94, 9.68, 8.38, 8.96, 8.83, 8.91, 7.70, 8.07, 7.45, 8.51, 7.61, 9.91, 7.66, 7.05, 8.44, 9.96, 8.30],
  xi_363 = [9.40, 8.47, 9.22, 7.03, 9.31, 7.41, 7.69, 7.63, 8.66, 7.56, 8.44, 9.15, 8.97, 8.60, 7.75, 8.38, 9.09, 8.43, 7.30, 8.45],
  xi_364 = [9.22, 8.03, 8.39, 8.13, 8.85, 8.26, 7.94, 9.95, 8.38, 7.57, 7.27, 8.88, 7.82, 9.23, 9.61, 7.94, 9.80, 8.86, 7.51, 8.44],
  xi_365 = [9.62, 7.55, 8.94, 7.45, 7.73, 7.01, 7.32, 7.86, 8.02, 9.96, 9.91, 9.63, 7.51, 8.99, 8.67, 7.80, 8.09, 8.52, 9.91, 9.38],
  xi_371 = [4.69, 5.25, 6.91, 5.49, 4.95, 6.60, 4.39, 4.19, 6.42, 5.87, 6.67, 5.10, 5.65, 6.04, 5.59, 4.28, 5.08, 6.33, 4.51, 4.44],
  xi_372 = [6.81, 6.52, 4.50, 4.89, 6.59, 4.50, 5.38, 5.71, 4.84, 4.76, 5.96, 6.65, 5.06, 4.57, 6.53, 5.56, 5.78, 5.73, 5.19, 5.15],
  xi_373 = [6.26, 4.99, 5.32, 6.15, 4.71, 5.37, 4.25, 5.38, 4.45, 4.71, 6.20, 5.70, 4.40, 4.35, 5.83, 6.40, 5.62, 6.26, 5.21, 4.64],
  xi_374 = [5.67, 5.08, 5.85, 4.51, 6.63, 5.23, 4.45, 6.23, 5.30, 4.84, 6.53, 4.09, 5.65, 6.00, 5.49, 4.40, 4.94, 4.94, 6.61, 5.10],
  xi_375 = [4.75, 4.79, 6.63, 6.36, 5.43, 5.75, 5.16, 5.37, 4.23, 4.74, 4.97, 5.42, 5.36, 4.44, 5.63, 4.40, 4.20, 4.32, 4.29, 6.97],
  xi_381 = [4.29, 5.01, 4.81, 5.19, 5.72, 4.44, 5.29, 4.94, 6.02, 5.40, 6.20, 5.01, 4.76, 4.76, 5.66, 4.88, 5.30, 4.04, 5.55, 6.73],
  xi_382 = [6.29, 6.68, 5.57, 5.60, 5.91, 4.57, 6.77, 5.32, 6.39, 5.04, 5.68, 4.45, 4.10, 6.44, 6.58, 5.22, 4.91, 4.08, 6.40, 6.18],
  xi_383 = [6.38, 5.48, 6.39, 6.99, 4.14, 5.49, 6.20, 5.44, 5.67, 5.18, 6.54, 5.23, 4.30, 6.84, 4.22, 6.18, 4.68, 4.87, 5.93, 4.09],
  xi_384 = [6.06, 6.50, 5.00, 5.89, 6.35, 6.90, 5.27, 6.02, 5.18, 4.11, 5.33, 5.72, 5.91, 6.25, 4.46, 6.81, 5.09, 5.94, 6.79, 6.04],
  xi_385 = [4.40, 6.47, 6.92, 5.39, 5.22, 5.89, 6.28, 6.80, 4.31, 5.96, 4.91, 6.44, 4.95, 6.01, 4.25, 5.48, 5.63, 5.27, 4.42, 5.54],
  xi_391 = [7.69, 7.17, 9.19, 7.09, 7.90, 7.01, 9.51, 9.52, 8.25, 9.59, 9.35, 7.83, 8.30, 9.77, 9.88, 9.37, 8.26, 7.26, 8.26, 8.01],
  xi_392 = [9.26, 9.55, 8.19, 7.61, 8.30, 8.63, 8.19, 8.32, 7.96, 8.98, 7.02, 7.44, 7.90, 7.87, 7.42, 8.35, 9.11, 9.94, 8.84, 9.89],
  xi_393 = [9.28, 7.33, 7.13, 9.19, 7.30, 9.34, 8.57, 7.08, 9.12, 9.74, 7.52, 9.51, 9.19, 8.65, 9.50, 8.05, 7.58, 7.89, 8.76, 9.01],
  xi_394 = [7.18, 9.51, 9.41, 8.96, 8.16, 8.59, 8.90, 7.76, 8.50, 8.46, 9.86, 9.24, 9.78, 9.57, 7.75, 9.29, 7.09, 7.73, 8.27, 8.68],
  xi_395 = [9.40, 9.79, 7.46, 8.46, 7.60, 9.49, 8.18, 8.92, 9.98, 9.29, 9.05, 9.85, 9.27, 9.34, 8.24, 7.52, 7.24, 8.29, 9.98, 9.80],
  xi_401 = [9.72, 8.49, 7.04, 8.81, 8.69, 7.78, 7.79, 7.63, 8.78, 7.19, 9.63, 9.91, 7.05, 8.79, 9.74, 8.11, 9.21, 7.42, 8.28, 7.42],
  xi_402 = [7.16, 9.57, 9.10, 7.78, 8.32, 9.81, 9.21, 9.17, 8.00, 9.83, 9.25, 8.57, 8.64, 8.85, 7.39, 9.74, 8.28, 7.17, 9.28, 8.45],
  xi_403 = [7.76, 7.52, 7.28, 7.34, 8.30, 9.06, 9.48, 8.48, 7.07, 9.27, 8.55, 7.36, 9.66, 9.62, 7.68, 7.65, 9.22, 8.91, 9.00, 9.15],
  xi_404 = [9.13, 7.37, 9.66, 8.63, 8.20, 8.08, 7.14, 9.70, 7.36, 8.72, 9.16, 8.69, 9.79, 7.80, 9.11, 7.48, 8.30, 9.34, 8.31, 7.11],
  xi_405 = [9.83, 9.56, 8.66, 8.22, 7.39, 9.29, 8.95, 7.62, 8.99, 8.20, 9.74, 9.35, 8.25, 7.56, 9.58, 8.27, 7.76, 9.82, 8.58, 7.47],
]

Transportation Costs (cjk) = [
  [5.37, 7.94, 1.67, 1.07, 8.43],
  [4.98, 8.23, 2.13, 7.42, 2.92],
  [4.58, 4.22, 5.25, 0.98, 9.08],
  [6.59, 3.07, 3.99, 3.49, 0.96],
  [5.66, 3.02, 7.60, 6.20, 4.12],
  [5.85, 8.79, 4.71, 3.03, 2.85],
  [7.59, 1.87, 8.76, 3.44, 6.60],
  [1.00, 1.94, 3.58, 9.53, 0.98],
  [3.11, 6.70, 4.83, 8.45, 8.88],
  [3.45, 7.14, 7.10, 3.52, 5.53],
  [4.06, 4.23, 2.03, 8.96, 0.81],
  [4.09, 2.32, 9.51, 3.96, 2.03],
  [0.84, 8.60, 1.01, 4.69, 6.09],
  [5.58, 1.02, 6.46, 1.11, 4.98],
  [3.42, 1.20, 3.17, 5.63, 6.39],
  [1.19, 5.55, 3.17, 4.32, 0.75],
  [2.94, 1.85, 0.85, 6.18, 0.97],
  [2.20, 7.97, 8.99, 4.87, 7.12],
  [9.08, 2.54, 6.46, 3.24, 7.70],
  [0.84, 9.60, 1.06, 1.03, 5.99],
  [6.02, 2.13, 0.77, 5.04, 4.85],
  [5.12, 5.25, 2.63, 6.14, 1.86],
  [6.48, 4.15, 5.33, 4.88, 7.30],
  [3.94, 3.34, 4.22, 2.74, 9.73],
  [8.62, 5.81, 5.98, 8.25, 9.35],
  [5.76, 2.22, 0.91, 2.51, 4.30],
  [4.20, 6.13, 9.15, 6.63, 7.66],
  [2.17, 1.89, 4.50, 6.28, 7.71],
  [7.46, 8.46, 5.19, 8.13, 5.40],
  [4.29, 4.87, 0.69, 4.94, 7.32],
  [1.83, 2.08, 6.89, 1.68, 0.98],
  [3.14, 0.85, 2.08, 8.20, 5.50],
  [5.47, 8.77, 6.10, 0.90, 8.14],
  [8.34, 6.99, 6.35, 4.15, 7.49],
  [8.11, 9.09, 5.60, 8.51, 5.09],
  [3.22, 5.62, 9.41, 7.45, 1.83],
  [3.71, 6.68, 2.69, 8.35, 1.89],
  [3.17, 3.90, 3.15, 6.35, 1.03],
  [3.05, 2.83, 5.95, 0.93, 1.04],
  [8.68, 3.80, 4.37, 6.45, 7.76],
]

Mean Service Times (¦Ì_{jk}) = [
  mu_11 = [5.39],
  mu_12 = [5.69],
  mu_13 = [5.40],
  mu_14 = [5.64],
  mu_15 = [5.45],
  mu_21 = [2.69],
  mu_22 = [2.69],
  mu_23 = [2.45],
  mu_24 = [2.67],
  mu_25 = [2.63],
  mu_31 = [8.53],
  mu_32 = [8.10],
  mu_33 = [8.27],
  mu_34 = [8.54],
  mu_35 = [8.48],
  mu_41 = [8.62],
  mu_42 = [8.34],
  mu_43 = [8.59],
  mu_44 = [8.45],
  mu_45 = [8.22],
  mu_51 = [5.69],
  mu_52 = [5.38],
  mu_53 = [5.75],
  mu_54 = [5.56],
  mu_55 = [5.53],
  mu_61 = [8.52],
  mu_62 = [8.34],
  mu_63 = [8.41],
  mu_64 = [8.51],
  mu_65 = [8.31],
  mu_71 = [2.35],
  mu_72 = [2.38],
  mu_73 = [2.31],
  mu_74 = [2.28],
  mu_75 = [2.63],
  mu_81 = [5.59],
  mu_82 = [5.09],
  mu_83 = [5.35],
  mu_84 = [5.67],
  mu_85 = [5.51],
  mu_91 = [8.49],
  mu_92 = [8.60],
  mu_93 = [8.46],
  mu_94 = [8.52],
  mu_95 = [8.47],
  mu_101 = [8.52],
  mu_102 = [8.25],
  mu_103 = [8.58],
  mu_104 = [8.45],
  mu_105 = [8.46],
  mu_111 = [2.04],
  mu_112 = [2.34],
  mu_113 = [2.50],
  mu_114 = [2.48],
  mu_115 = [2.60],
  mu_121 = [5.61],
  mu_122 = [5.53],
  mu_123 = [5.62],
  mu_124 = [5.31],
  mu_125 = [5.13],
  mu_131 = [5.66],
  mu_132 = [5.65],
  mu_133 = [5.44],
  mu_134 = [5.31],
  mu_135 = [5.47],
  mu_141 = [5.70],
  mu_142 = [5.97],
  mu_143 = [5.48],
  mu_144 = [5.32],
  mu_145 = [5.27],
  mu_151 = [2.69],
  mu_152 = [2.46],
  mu_153 = [2.38],
  mu_154 = [2.57],
  mu_155 = [2.72],
  mu_161 = [2.42],
  mu_162 = [2.70],
  mu_163 = [2.74],
  mu_164 = [2.49],
  mu_165 = [2.59],
  mu_171 = [8.70],
  mu_172 = [8.59],
  mu_173 = [8.59],
  mu_174 = [8.42],
  mu_175 = [8.60],
  mu_181 = [5.52],
  mu_182 = [5.57],
  mu_183 = [5.48],
  mu_184 = [5.67],
  mu_185 = [5.74],
  mu_191 = [5.46],
  mu_192 = [5.15],
  mu_193 = [5.62],
  mu_194 = [5.30],
  mu_195 = [5.28],
  mu_201 = [2.48],
  mu_202 = [2.42],
  mu_203 = [2.33],
  mu_204 = [2.36],
  mu_205 = [2.62],
  mu_211 = [5.58],
  mu_212 = [5.28],
  mu_213 = [5.47],
  mu_214 = [5.27],
  mu_215 = [5.53],
  mu_221 = [5.55],
  mu_222 = [5.45],
  mu_223 = [5.62],
  mu_224 = [5.63],
  mu_225 = [5.87],
  mu_231 = [2.37],
  mu_232 = [2.58],
  mu_233 = [2.71],
  mu_234 = [2.59],
  mu_235 = [2.49],
  mu_241 = [5.71],
  mu_242 = [5.57],
  mu_243 = [5.37],
  mu_244 = [5.21],
  mu_245 = [5.69],
  mu_251 = [8.53],
  mu_252 = [8.53],
  mu_253 = [8.67],
  mu_254 = [8.47],
  mu_255 = [8.08],
  mu_261 = [5.47],
  mu_262 = [5.71],
  mu_263 = [5.34],
  mu_264 = [5.39],
  mu_265 = [5.42],
  mu_271 = [5.56],
  mu_272 = [5.72],
  mu_273 = [5.59],
  mu_274 = [5.61],
  mu_275 = [5.53],
  mu_281 = [5.55],
  mu_282 = [5.31],
  mu_283 = [5.78],
  mu_284 = [5.53],
  mu_285 = [5.66],
  mu_291 = [5.25],
  mu_292 = [5.70],
  mu_293 = [5.61],
  mu_294 = [5.41],
  mu_295 = [5.16],
  mu_301 = [8.68],
  mu_302 = [8.40],
  mu_303 = [8.36],
  mu_304 = [8.50],
  mu_305 = [8.57],
  mu_311 = [5.36],
  mu_312 = [5.76],
  mu_313 = [5.63],
  mu_314 = [5.58],
  mu_315 = [5.68],
  mu_321 = [5.22],
  mu_322 = [5.42],
  mu_323 = [5.55],
  mu_324 = [5.60],
  mu_325 = [5.66],
  mu_331 = [8.39],
  mu_332 = [8.71],
  mu_333 = [8.41],
  mu_334 = [8.48],
  mu_335 = [8.74],
  mu_341 = [8.88],
  mu_342 = [8.35],
  mu_343 = [8.57],
  mu_344 = [8.46],
  mu_345 = [8.84],
  mu_351 = [2.42],
  mu_352 = [2.51],
  mu_353 = [2.63],
  mu_354 = [2.36],
  mu_355 = [2.56],
  mu_361 = [8.53],
  mu_362 = [8.25],
  mu_363 = [8.35],
  mu_364 = [8.50],
  mu_365 = [8.49],
  mu_371 = [5.42],
  mu_372 = [5.54],
  mu_373 = [5.31],
  mu_374 = [5.38],
  mu_375 = [5.16],
  mu_381 = [5.20],
  mu_382 = [5.61],
  mu_383 = [5.51],
  mu_384 = [5.78],
  mu_385 = [5.53],
  mu_391 = [8.46],
  mu_392 = [8.44],
  mu_393 = [8.49],
  mu_394 = [8.63],
  mu_395 = [8.86],
  mu_401 = [8.37],
  mu_402 = [8.68],
  mu_403 = [8.42],
  mu_404 = [8.45],
  mu_405 = [8.65],
]

Mean Transportation Times (¦Ó_{jk}) = [
  tau_11 = [4.31],
  tau_12 = [4.20],
  tau_13 = [4.32],
  tau_14 = [4.35],
  tau_15 = [4.35],
  tau_21 = [1.72],
  tau_22 = [1.55],
  tau_23 = [1.67],
  tau_24 = [1.73],
  tau_25 = [1.60],
  tau_31 = [1.80],
  tau_32 = [1.63],
  tau_33 = [1.67],
  tau_34 = [1.66],
  tau_35 = [1.66],
  tau_41 = [4.30],
  tau_42 = [4.22],
  tau_43 = [4.36],
  tau_44 = [4.36],
  tau_45 = [4.38],
  tau_51 = [4.46],
  tau_52 = [4.35],
  tau_53 = [4.29],
  tau_54 = [4.31],
  tau_55 = [4.29],
  tau_61 = [1.70],
  tau_62 = [1.58],
  tau_63 = [1.69],
  tau_64 = [1.59],
  tau_65 = [1.80],
  tau_71 = [4.24],
  tau_72 = [4.49],
  tau_73 = [4.36],
  tau_74 = [4.39],
  tau_75 = [4.19],
  tau_81 = [2.90],
  tau_82 = [2.99],
  tau_83 = [2.93],
  tau_84 = [2.91],
  tau_85 = [3.07],
  tau_91 = [2.94],
  tau_92 = [2.98],
  tau_93 = [2.98],
  tau_94 = [2.94],
  tau_95 = [3.01],
  tau_101 = [4.29],
  tau_102 = [4.25],
  tau_103 = [4.36],
  tau_104 = [4.39],
  tau_105 = [4.51],
  tau_111 = [1.51],
  tau_112 = [1.60],
  tau_113 = [1.75],
  tau_114 = [1.68],
  tau_115 = [1.59],
  tau_121 = [2.93],
  tau_122 = [3.16],
  tau_123 = [2.88],
  tau_124 = [2.98],
  tau_125 = [3.08],
  tau_131 = [1.63],
  tau_132 = [1.79],
  tau_133 = [1.53],
  tau_134 = [1.72],
  tau_135 = [1.63],
  tau_141 = [4.40],
  tau_142 = [4.26],
  tau_143 = [4.33],
  tau_144 = [4.27],
  tau_145 = [4.38],
  tau_151 = [2.84],
  tau_152 = [3.08],
  tau_153 = [3.03],
  tau_154 = [2.97],
  tau_155 = [2.94],
  tau_161 = [1.68],
  tau_162 = [1.64],
  tau_163 = [1.59],
  tau_164 = [1.67],
  tau_165 = [1.71],
  tau_171 = [1.66],
  tau_172 = [1.59],
  tau_173 = [1.70],
  tau_174 = [1.74],
  tau_175 = [1.60],
  tau_181 = [1.63],
  tau_182 = [1.78],
  tau_183 = [1.53],
  tau_184 = [1.67],
  tau_185 = [1.66],
  tau_191 = [1.70],
  tau_192 = [1.67],
  tau_193 = [1.74],
  tau_194 = [1.76],
  tau_195 = [1.77],
  tau_201 = [1.64],
  tau_202 = [1.46],
  tau_203 = [1.59],
  tau_204 = [1.53],
  tau_205 = [1.73],
  tau_211 = [4.38],
  tau_212 = [4.39],
  tau_213 = [4.37],
  tau_214 = [4.45],
  tau_215 = [4.44],
  tau_221 = [4.27],
  tau_222 = [4.24],
  tau_223 = [4.41],
  tau_224 = [4.28],
  tau_225 = [4.19],
  tau_231 = [3.02],
  tau_232 = [2.95],
  tau_233 = [2.99],
  tau_234 = [2.92],
  tau_235 = [3.08],
  tau_241 = [1.58],
  tau_242 = [1.70],
  tau_243 = [1.79],
  tau_244 = [1.65],
  tau_245 = [1.79],
  tau_251 = [1.65],
  tau_252 = [1.70],
  tau_253 = [1.62],
  tau_254 = [1.68],
  tau_255 = [1.88],
  tau_261 = [1.70],
  tau_262 = [1.60],
  tau_263 = [1.75],
  tau_264 = [1.44],
  tau_265 = [1.56],
  tau_271 = [2.94],
  tau_272 = [2.96],
  tau_273 = [3.03],
  tau_274 = [3.10],
  tau_275 = [2.96],
  tau_281 = [1.77],
  tau_282 = [1.67],
  tau_283 = [1.64],
  tau_284 = [1.65],
  tau_285 = [1.65],
  tau_291 = [3.03],
  tau_292 = [2.91],
  tau_293 = [3.07],
  tau_294 = [2.95],
  tau_295 = [3.01],
  tau_301 = [1.63],
  tau_302 = [1.65],
  tau_303 = [1.62],
  tau_304 = [1.60],
  tau_305 = [1.62],
  tau_311 = [4.19],
  tau_312 = [4.42],
  tau_313 = [4.15],
  tau_314 = [4.38],
  tau_315 = [4.28],
  tau_321 = [2.99],
  tau_322 = [3.04],
  tau_323 = [3.04],
  tau_324 = [2.97],
  tau_325 = [3.08],
  tau_331 = [3.06],
  tau_332 = [2.97],
  tau_333 = [3.03],
  tau_334 = [3.00],
  tau_335 = [3.02],
  tau_341 = [4.23],
  tau_342 = [4.25],
  tau_343 = [4.37],
  tau_344 = [4.46],
  tau_345 = [4.40],
  tau_351 = [3.04],
  tau_352 = [3.14],
  tau_353 = [2.99],
  tau_354 = [3.09],
  tau_355 = [2.83],
  tau_361 = [4.37],
  tau_362 = [4.31],
  tau_363 = [4.33],
  tau_364 = [4.36],
  tau_365 = [4.38],
  tau_371 = [1.82],
  tau_372 = [1.74],
  tau_373 = [1.69],
  tau_374 = [1.62],
  tau_375 = [1.64],
  tau_381 = [1.55],
  tau_382 = [1.68],
  tau_383 = [1.75],
  tau_384 = [1.65],
  tau_385 = [1.71],
  tau_391 = [1.74],
  tau_392 = [1.74],
  tau_393 = [1.83],
  tau_394 = [1.58],
  tau_395 = [1.72],
  tau_401 = [4.21],
  tau_402 = [4.12],
  tau_403 = [4.28],
  tau_404 = [4.35],
  tau_405 = [4.29],
]

Epsilon + ¦Ì_{jk} = [
  epsilon_plus_mu_11 = [8.08],
  epsilon_plus_mu_12 = [8.54],
  epsilon_plus_mu_13 = [8.10],
  epsilon_plus_mu_14 = [8.46],
  epsilon_plus_mu_15 = [8.17],
  epsilon_plus_mu_21 = [4.04],
  epsilon_plus_mu_22 = [4.04],
  epsilon_plus_mu_23 = [3.68],
  epsilon_plus_mu_24 = [4.00],
  epsilon_plus_mu_25 = [3.95],
  epsilon_plus_mu_31 = [12.79],
  epsilon_plus_mu_32 = [12.15],
  epsilon_plus_mu_33 = [12.41],
  epsilon_plus_mu_34 = [12.82],
  epsilon_plus_mu_35 = [12.72],
  epsilon_plus_mu_41 = [12.93],
  epsilon_plus_mu_42 = [12.51],
  epsilon_plus_mu_43 = [12.88],
  epsilon_plus_mu_44 = [12.68],
  epsilon_plus_mu_45 = [12.33],
  epsilon_plus_mu_51 = [8.53],
  epsilon_plus_mu_52 = [8.07],
  epsilon_plus_mu_53 = [8.63],
  epsilon_plus_mu_54 = [8.33],
  epsilon_plus_mu_55 = [8.30],
  epsilon_plus_mu_61 = [12.78],
  epsilon_plus_mu_62 = [12.52],
  epsilon_plus_mu_63 = [12.62],
  epsilon_plus_mu_64 = [12.77],
  epsilon_plus_mu_65 = [12.46],
  epsilon_plus_mu_71 = [3.52],
  epsilon_plus_mu_72 = [3.57],
  epsilon_plus_mu_73 = [3.47],
  epsilon_plus_mu_74 = [3.43],
  epsilon_plus_mu_75 = [3.95],
  epsilon_plus_mu_81 = [8.38],
  epsilon_plus_mu_82 = [7.64],
  epsilon_plus_mu_83 = [8.02],
  epsilon_plus_mu_84 = [8.50],
  epsilon_plus_mu_85 = [8.26],
  epsilon_plus_mu_91 = [12.73],
  epsilon_plus_mu_92 = [12.90],
  epsilon_plus_mu_93 = [12.70],
  epsilon_plus_mu_94 = [12.79],
  epsilon_plus_mu_95 = [12.70],
  epsilon_plus_mu_101 = [12.78],
  epsilon_plus_mu_102 = [12.37],
  epsilon_plus_mu_103 = [12.87],
  epsilon_plus_mu_104 = [12.67],
  epsilon_plus_mu_105 = [12.70],
  epsilon_plus_mu_111 = [3.06],
  epsilon_plus_mu_112 = [3.51],
  epsilon_plus_mu_113 = [3.76],
  epsilon_plus_mu_114 = [3.72],
  epsilon_plus_mu_115 = [3.90],
  epsilon_plus_mu_121 = [8.42],
  epsilon_plus_mu_122 = [8.30],
  epsilon_plus_mu_123 = [8.43],
  epsilon_plus_mu_124 = [7.96],
  epsilon_plus_mu_125 = [7.69],
  epsilon_plus_mu_131 = [8.49],
  epsilon_plus_mu_132 = [8.48],
  epsilon_plus_mu_133 = [8.16],
  epsilon_plus_mu_134 = [7.96],
  epsilon_plus_mu_135 = [8.20],
  epsilon_plus_mu_141 = [8.55],
  epsilon_plus_mu_142 = [8.96],
  epsilon_plus_mu_143 = [8.22],
  epsilon_plus_mu_144 = [7.98],
  epsilon_plus_mu_145 = [7.91],
  epsilon_plus_mu_151 = [4.03],
  epsilon_plus_mu_152 = [3.69],
  epsilon_plus_mu_153 = [3.57],
  epsilon_plus_mu_154 = [3.86],
  epsilon_plus_mu_155 = [4.08],
  epsilon_plus_mu_161 = [3.63],
  epsilon_plus_mu_162 = [4.06],
  epsilon_plus_mu_163 = [4.11],
  epsilon_plus_mu_164 = [3.73],
  epsilon_plus_mu_165 = [3.89],
  epsilon_plus_mu_171 = [13.06],
  epsilon_plus_mu_172 = [12.88],
  epsilon_plus_mu_173 = [12.88],
  epsilon_plus_mu_174 = [12.63],
  epsilon_plus_mu_175 = [12.90],
  epsilon_plus_mu_181 = [8.29],
  epsilon_plus_mu_182 = [8.35],
  epsilon_plus_mu_183 = [8.22],
  epsilon_plus_mu_184 = [8.50],
  epsilon_plus_mu_185 = [8.62],
  epsilon_plus_mu_191 = [8.19],
  epsilon_plus_mu_192 = [7.73],
  epsilon_plus_mu_193 = [8.43],
  epsilon_plus_mu_194 = [7.96],
  epsilon_plus_mu_195 = [7.93],
  epsilon_plus_mu_201 = [3.72],
  epsilon_plus_mu_202 = [3.63],
  epsilon_plus_mu_203 = [3.49],
  epsilon_plus_mu_204 = [3.53],
  epsilon_plus_mu_205 = [3.92],
  epsilon_plus_mu_211 = [8.37],
  epsilon_plus_mu_212 = [7.91],
  epsilon_plus_mu_213 = [8.20],
  epsilon_plus_mu_214 = [7.90],
  epsilon_plus_mu_215 = [8.29],
  epsilon_plus_mu_221 = [8.33],
  epsilon_plus_mu_222 = [8.18],
  epsilon_plus_mu_223 = [8.43],
  epsilon_plus_mu_224 = [8.45],
  epsilon_plus_mu_225 = [8.81],
  epsilon_plus_mu_231 = [3.56],
  epsilon_plus_mu_232 = [3.86],
  epsilon_plus_mu_233 = [4.07],
  epsilon_plus_mu_234 = [3.88],
  epsilon_plus_mu_235 = [3.73],
  epsilon_plus_mu_241 = [8.56],
  epsilon_plus_mu_242 = [8.36],
  epsilon_plus_mu_243 = [8.05],
  epsilon_plus_mu_244 = [7.81],
  epsilon_plus_mu_245 = [8.54],
  epsilon_plus_mu_251 = [12.79],
  epsilon_plus_mu_252 = [12.79],
  epsilon_plus_mu_253 = [13.00],
  epsilon_plus_mu_254 = [12.71],
  epsilon_plus_mu_255 = [12.12],
  epsilon_plus_mu_261 = [8.21],
  epsilon_plus_mu_262 = [8.56],
  epsilon_plus_mu_263 = [8.02],
  epsilon_plus_mu_264 = [8.09],
  epsilon_plus_mu_265 = [8.13],
  epsilon_plus_mu_271 = [8.34],
  epsilon_plus_mu_272 = [8.57],
  epsilon_plus_mu_273 = [8.39],
  epsilon_plus_mu_274 = [8.42],
  epsilon_plus_mu_275 = [8.30],
  epsilon_plus_mu_281 = [8.33],
  epsilon_plus_mu_282 = [7.96],
  epsilon_plus_mu_283 = [8.67],
  epsilon_plus_mu_284 = [8.29],
  epsilon_plus_mu_285 = [8.48],
  epsilon_plus_mu_291 = [7.87],
  epsilon_plus_mu_292 = [8.56],
  epsilon_plus_mu_293 = [8.42],
  epsilon_plus_mu_294 = [8.12],
  epsilon_plus_mu_295 = [7.75],
  epsilon_plus_mu_301 = [13.02],
  epsilon_plus_mu_302 = [12.60],
  epsilon_plus_mu_303 = [12.54],
  epsilon_plus_mu_304 = [12.75],
  epsilon_plus_mu_305 = [12.85],
  epsilon_plus_mu_311 = [8.04],
  epsilon_plus_mu_312 = [8.65],
  epsilon_plus_mu_313 = [8.44],
  epsilon_plus_mu_314 = [8.37],
  epsilon_plus_mu_315 = [8.53],
  epsilon_plus_mu_321 = [7.84],
  epsilon_plus_mu_322 = [8.13],
  epsilon_plus_mu_323 = [8.32],
  epsilon_plus_mu_324 = [8.40],
  epsilon_plus_mu_325 = [8.49],
  epsilon_plus_mu_331 = [12.59],
  epsilon_plus_mu_332 = [13.06],
  epsilon_plus_mu_333 = [12.61],
  epsilon_plus_mu_334 = [12.71],
  epsilon_plus_mu_335 = [13.11],
  epsilon_plus_mu_341 = [13.33],
  epsilon_plus_mu_342 = [12.53],
  epsilon_plus_mu_343 = [12.86],
  epsilon_plus_mu_344 = [12.68],
  epsilon_plus_mu_345 = [13.26],
  epsilon_plus_mu_351 = [3.63],
  epsilon_plus_mu_352 = [3.77],
  epsilon_plus_mu_353 = [3.94],
  epsilon_plus_mu_354 = [3.54],
  epsilon_plus_mu_355 = [3.85],
  epsilon_plus_mu_361 = [12.79],
  epsilon_plus_mu_362 = [12.38],
  epsilon_plus_mu_363 = [12.52],
  epsilon_plus_mu_364 = [12.76],
  epsilon_plus_mu_365 = [12.74],
  epsilon_plus_mu_371 = [8.13],
  epsilon_plus_mu_372 = [8.30],
  epsilon_plus_mu_373 = [7.96],
  epsilon_plus_mu_374 = [8.07],
  epsilon_plus_mu_375 = [7.74],
  epsilon_plus_mu_381 = [7.80],
  epsilon_plus_mu_382 = [8.41],
  epsilon_plus_mu_383 = [8.27],
  epsilon_plus_mu_384 = [8.67],
  epsilon_plus_mu_385 = [8.29],
  epsilon_plus_mu_391 = [12.69],
  epsilon_plus_mu_392 = [12.66],
  epsilon_plus_mu_393 = [12.73],
  epsilon_plus_mu_394 = [12.95],
  epsilon_plus_mu_395 = [13.29],
  epsilon_plus_mu_401 = [12.56],
  epsilon_plus_mu_402 = [13.02],
  epsilon_plus_mu_403 = [12.63],
  epsilon_plus_mu_404 = [12.68],
  epsilon_plus_mu_405 = [12.98],
]

Epsilon - ¦Ì_{jk} = [
  epsilon_minus_mu_11 = [-2.69],
  epsilon_minus_mu_12 = [-2.85],
  epsilon_minus_mu_13 = [-2.70],
  epsilon_minus_mu_14 = [-2.82],
  epsilon_minus_mu_15 = [-2.72],
  epsilon_minus_mu_21 = [-1.35],
  epsilon_minus_mu_22 = [-1.35],
  epsilon_minus_mu_23 = [-1.23],
  epsilon_minus_mu_24 = [-1.33],
  epsilon_minus_mu_25 = [-1.32],
  epsilon_minus_mu_31 = [-4.26],
  epsilon_minus_mu_32 = [-4.05],
  epsilon_minus_mu_33 = [-4.14],
  epsilon_minus_mu_34 = [-4.27],
  epsilon_minus_mu_35 = [-4.24],
  epsilon_minus_mu_41 = [-4.31],
  epsilon_minus_mu_42 = [-4.17],
  epsilon_minus_mu_43 = [-4.29],
  epsilon_minus_mu_44 = [-4.23],
  epsilon_minus_mu_45 = [-4.11],
  epsilon_minus_mu_51 = [-2.84],
  epsilon_minus_mu_52 = [-2.69],
  epsilon_minus_mu_53 = [-2.88],
  epsilon_minus_mu_54 = [-2.78],
  epsilon_minus_mu_55 = [-2.77],
  epsilon_minus_mu_61 = [-4.26],
  epsilon_minus_mu_62 = [-4.17],
  epsilon_minus_mu_63 = [-4.21],
  epsilon_minus_mu_64 = [-4.26],
  epsilon_minus_mu_65 = [-4.15],
  epsilon_minus_mu_71 = [-1.17],
  epsilon_minus_mu_72 = [-1.19],
  epsilon_minus_mu_73 = [-1.16],
  epsilon_minus_mu_74 = [-1.14],
  epsilon_minus_mu_75 = [-1.32],
  epsilon_minus_mu_81 = [-2.79],
  epsilon_minus_mu_82 = [-2.55],
  epsilon_minus_mu_83 = [-2.67],
  epsilon_minus_mu_84 = [-2.83],
  epsilon_minus_mu_85 = [-2.75],
  epsilon_minus_mu_91 = [-4.24],
  epsilon_minus_mu_92 = [-4.30],
  epsilon_minus_mu_93 = [-4.23],
  epsilon_minus_mu_94 = [-4.26],
  epsilon_minus_mu_95 = [-4.23],
  epsilon_minus_mu_101 = [-4.26],
  epsilon_minus_mu_102 = [-4.12],
  epsilon_minus_mu_103 = [-4.29],
  epsilon_minus_mu_104 = [-4.22],
  epsilon_minus_mu_105 = [-4.23],
  epsilon_minus_mu_111 = [-1.02],
  epsilon_minus_mu_112 = [-1.17],
  epsilon_minus_mu_113 = [-1.25],
  epsilon_minus_mu_114 = [-1.24],
  epsilon_minus_mu_115 = [-1.30],
  epsilon_minus_mu_121 = [-2.81],
  epsilon_minus_mu_122 = [-2.77],
  epsilon_minus_mu_123 = [-2.81],
  epsilon_minus_mu_124 = [-2.65],
  epsilon_minus_mu_125 = [-2.56],
  epsilon_minus_mu_131 = [-2.83],
  epsilon_minus_mu_132 = [-2.83],
  epsilon_minus_mu_133 = [-2.72],
  epsilon_minus_mu_134 = [-2.65],
  epsilon_minus_mu_135 = [-2.73],
  epsilon_minus_mu_141 = [-2.85],
  epsilon_minus_mu_142 = [-2.99],
  epsilon_minus_mu_143 = [-2.74],
  epsilon_minus_mu_144 = [-2.66],
  epsilon_minus_mu_145 = [-2.64],
  epsilon_minus_mu_151 = [-1.34],
  epsilon_minus_mu_152 = [-1.23],
  epsilon_minus_mu_153 = [-1.19],
  epsilon_minus_mu_154 = [-1.29],
  epsilon_minus_mu_155 = [-1.36],
  epsilon_minus_mu_161 = [-1.21],
  epsilon_minus_mu_162 = [-1.35],
  epsilon_minus_mu_163 = [-1.37],
  epsilon_minus_mu_164 = [-1.24],
  epsilon_minus_mu_165 = [-1.30],
  epsilon_minus_mu_171 = [-4.35],
  epsilon_minus_mu_172 = [-4.29],
  epsilon_minus_mu_173 = [-4.29],
  epsilon_minus_mu_174 = [-4.21],
  epsilon_minus_mu_175 = [-4.30],
  epsilon_minus_mu_181 = [-2.76],
  epsilon_minus_mu_182 = [-2.78],
  epsilon_minus_mu_183 = [-2.74],
  epsilon_minus_mu_184 = [-2.83],
  epsilon_minus_mu_185 = [-2.87],
  epsilon_minus_mu_191 = [-2.73],
  epsilon_minus_mu_192 = [-2.58],
  epsilon_minus_mu_193 = [-2.81],
  epsilon_minus_mu_194 = [-2.65],
  epsilon_minus_mu_195 = [-2.64],
  epsilon_minus_mu_201 = [-1.24],
  epsilon_minus_mu_202 = [-1.21],
  epsilon_minus_mu_203 = [-1.16],
  epsilon_minus_mu_204 = [-1.18],
  epsilon_minus_mu_205 = [-1.31],
  epsilon_minus_mu_211 = [-2.79],
  epsilon_minus_mu_212 = [-2.64],
  epsilon_minus_mu_213 = [-2.73],
  epsilon_minus_mu_214 = [-2.63],
  epsilon_minus_mu_215 = [-2.76],
  epsilon_minus_mu_221 = [-2.78],
  epsilon_minus_mu_222 = [-2.73],
  epsilon_minus_mu_223 = [-2.81],
  epsilon_minus_mu_224 = [-2.82],
  epsilon_minus_mu_225 = [-2.94],
  epsilon_minus_mu_231 = [-1.19],
  epsilon_minus_mu_232 = [-1.29],
  epsilon_minus_mu_233 = [-1.36],
  epsilon_minus_mu_234 = [-1.29],
  epsilon_minus_mu_235 = [-1.24],
  epsilon_minus_mu_241 = [-2.85],
  epsilon_minus_mu_242 = [-2.79],
  epsilon_minus_mu_243 = [-2.68],
  epsilon_minus_mu_244 = [-2.60],
  epsilon_minus_mu_245 = [-2.85],
  epsilon_minus_mu_251 = [-4.26],
  epsilon_minus_mu_252 = [-4.26],
  epsilon_minus_mu_253 = [-4.33],
  epsilon_minus_mu_254 = [-4.24],
  epsilon_minus_mu_255 = [-4.04],
  epsilon_minus_mu_261 = [-2.74],
  epsilon_minus_mu_262 = [-2.85],
  epsilon_minus_mu_263 = [-2.67],
  epsilon_minus_mu_264 = [-2.70],
  epsilon_minus_mu_265 = [-2.71],
  epsilon_minus_mu_271 = [-2.78],
  epsilon_minus_mu_272 = [-2.86],
  epsilon_minus_mu_273 = [-2.80],
  epsilon_minus_mu_274 = [-2.81],
  epsilon_minus_mu_275 = [-2.77],
  epsilon_minus_mu_281 = [-2.78],
  epsilon_minus_mu_282 = [-2.65],
  epsilon_minus_mu_283 = [-2.89],
  epsilon_minus_mu_284 = [-2.76],
  epsilon_minus_mu_285 = [-2.83],
  epsilon_minus_mu_291 = [-2.62],
  epsilon_minus_mu_292 = [-2.85],
  epsilon_minus_mu_293 = [-2.81],
  epsilon_minus_mu_294 = [-2.71],
  epsilon_minus_mu_295 = [-2.58],
  epsilon_minus_mu_301 = [-4.34],
  epsilon_minus_mu_302 = [-4.20],
  epsilon_minus_mu_303 = [-4.18],
  epsilon_minus_mu_304 = [-4.25],
  epsilon_minus_mu_305 = [-4.28],
  epsilon_minus_mu_311 = [-2.68],
  epsilon_minus_mu_312 = [-2.88],
  epsilon_minus_mu_313 = [-2.81],
  epsilon_minus_mu_314 = [-2.79],
  epsilon_minus_mu_315 = [-2.84],
  epsilon_minus_mu_321 = [-2.61],
  epsilon_minus_mu_322 = [-2.71],
  epsilon_minus_mu_323 = [-2.77],
  epsilon_minus_mu_324 = [-2.80],
  epsilon_minus_mu_325 = [-2.83],
  epsilon_minus_mu_331 = [-4.20],
  epsilon_minus_mu_332 = [-4.35],
  epsilon_minus_mu_333 = [-4.20],
  epsilon_minus_mu_334 = [-4.24],
  epsilon_minus_mu_335 = [-4.37],
  epsilon_minus_mu_341 = [-4.44],
  epsilon_minus_mu_342 = [-4.18],
  epsilon_minus_mu_343 = [-4.29],
  epsilon_minus_mu_344 = [-4.23],
  epsilon_minus_mu_345 = [-4.42],
  epsilon_minus_mu_351 = [-1.21],
  epsilon_minus_mu_352 = [-1.26],
  epsilon_minus_mu_353 = [-1.31],
  epsilon_minus_mu_354 = [-1.18],
  epsilon_minus_mu_355 = [-1.28],
  epsilon_minus_mu_361 = [-4.26],
  epsilon_minus_mu_362 = [-4.13],
  epsilon_minus_mu_363 = [-4.17],
  epsilon_minus_mu_364 = [-4.25],
  epsilon_minus_mu_365 = [-4.25],
  epsilon_minus_mu_371 = [-2.71],
  epsilon_minus_mu_372 = [-2.77],
  epsilon_minus_mu_373 = [-2.65],
  epsilon_minus_mu_374 = [-2.69],
  epsilon_minus_mu_375 = [-2.58],
  epsilon_minus_mu_381 = [-2.60],
  epsilon_minus_mu_382 = [-2.80],
  epsilon_minus_mu_383 = [-2.76],
  epsilon_minus_mu_384 = [-2.89],
  epsilon_minus_mu_385 = [-2.76],
  epsilon_minus_mu_391 = [-4.23],
  epsilon_minus_mu_392 = [-4.22],
  epsilon_minus_mu_393 = [-4.24],
  epsilon_minus_mu_394 = [-4.32],
  epsilon_minus_mu_395 = [-4.43],
  epsilon_minus_mu_401 = [-4.19],
  epsilon_minus_mu_402 = [-4.34],
  epsilon_minus_mu_403 = [-4.21],
  epsilon_minus_mu_404 = [-4.23],
  epsilon_minus_mu_405 = [-4.33],
]

Sigma + ¦Ó_{jk} = [
  sigma_plus_tau_11 = [6.46],
  sigma_plus_tau_12 = [6.30],
  sigma_plus_tau_13 = [6.48],
  sigma_plus_tau_14 = [6.53],
  sigma_plus_tau_15 = [6.52],
  sigma_plus_tau_21 = [2.58],
  sigma_plus_tau_22 = [2.32],
  sigma_plus_tau_23 = [2.51],
  sigma_plus_tau_24 = [2.59],
  sigma_plus_tau_25 = [2.39],
  sigma_plus_tau_31 = [2.70],
  sigma_plus_tau_32 = [2.45],
  sigma_plus_tau_33 = [2.50],
  sigma_plus_tau_34 = [2.49],
  sigma_plus_tau_35 = [2.49],
  sigma_plus_tau_41 = [6.46],
  sigma_plus_tau_42 = [6.33],
  sigma_plus_tau_43 = [6.54],
  sigma_plus_tau_44 = [6.55],
  sigma_plus_tau_45 = [6.57],
  sigma_plus_tau_51 = [6.69],
  sigma_plus_tau_52 = [6.53],
  sigma_plus_tau_53 = [6.44],
  sigma_plus_tau_54 = [6.47],
  sigma_plus_tau_55 = [6.44],
  sigma_plus_tau_61 = [2.55],
  sigma_plus_tau_62 = [2.37],
  sigma_plus_tau_63 = [2.54],
  sigma_plus_tau_64 = [2.38],
  sigma_plus_tau_65 = [2.71],
  sigma_plus_tau_71 = [6.37],
  sigma_plus_tau_72 = [6.73],
  sigma_plus_tau_73 = [6.54],
  sigma_plus_tau_74 = [6.59],
  sigma_plus_tau_75 = [6.29],
  sigma_plus_tau_81 = [4.36],
  sigma_plus_tau_82 = [4.49],
  sigma_plus_tau_83 = [4.40],
  sigma_plus_tau_84 = [4.36],
  sigma_plus_tau_85 = [4.60],
  sigma_plus_tau_91 = [4.41],
  sigma_plus_tau_92 = [4.47],
  sigma_plus_tau_93 = [4.46],
  sigma_plus_tau_94 = [4.40],
  sigma_plus_tau_95 = [4.51],
  sigma_plus_tau_101 = [6.43],
  sigma_plus_tau_102 = [6.38],
  sigma_plus_tau_103 = [6.54],
  sigma_plus_tau_104 = [6.58],
  sigma_plus_tau_105 = [6.77],
  sigma_plus_tau_111 = [2.26],
  sigma_plus_tau_112 = [2.40],
  sigma_plus_tau_113 = [2.62],
  sigma_plus_tau_114 = [2.52],
  sigma_plus_tau_115 = [2.39],
  sigma_plus_tau_121 = [4.39],
  sigma_plus_tau_122 = [4.74],
  sigma_plus_tau_123 = [4.33],
  sigma_plus_tau_124 = [4.48],
  sigma_plus_tau_125 = [4.62],
  sigma_plus_tau_131 = [2.45],
  sigma_plus_tau_132 = [2.69],
  sigma_plus_tau_133 = [2.30],
  sigma_plus_tau_134 = [2.57],
  sigma_plus_tau_135 = [2.44],
  sigma_plus_tau_141 = [6.60],
  sigma_plus_tau_142 = [6.39],
  sigma_plus_tau_143 = [6.49],
  sigma_plus_tau_144 = [6.41],
  sigma_plus_tau_145 = [6.57],
  sigma_plus_tau_151 = [4.26],
  sigma_plus_tau_152 = [4.62],
  sigma_plus_tau_153 = [4.54],
  sigma_plus_tau_154 = [4.45],
  sigma_plus_tau_155 = [4.41],
  sigma_plus_tau_161 = [2.53],
  sigma_plus_tau_162 = [2.47],
  sigma_plus_tau_163 = [2.38],
  sigma_plus_tau_164 = [2.50],
  sigma_plus_tau_165 = [2.57],
  sigma_plus_tau_171 = [2.49],
  sigma_plus_tau_172 = [2.39],
  sigma_plus_tau_173 = [2.54],
  sigma_plus_tau_174 = [2.61],
  sigma_plus_tau_175 = [2.40],
  sigma_plus_tau_181 = [2.44],
  sigma_plus_tau_182 = [2.66],
  sigma_plus_tau_183 = [2.30],
  sigma_plus_tau_184 = [2.50],
  sigma_plus_tau_185 = [2.48],
  sigma_plus_tau_191 = [2.55],
  sigma_plus_tau_192 = [2.50],
  sigma_plus_tau_193 = [2.61],
  sigma_plus_tau_194 = [2.64],
  sigma_plus_tau_195 = [2.66],
  sigma_plus_tau_201 = [2.45],
  sigma_plus_tau_202 = [2.19],
  sigma_plus_tau_203 = [2.39],
  sigma_plus_tau_204 = [2.30],
  sigma_plus_tau_205 = [2.60],
  sigma_plus_tau_211 = [6.57],
  sigma_plus_tau_212 = [6.59],
  sigma_plus_tau_213 = [6.55],
  sigma_plus_tau_214 = [6.68],
  sigma_plus_tau_215 = [6.67],
  sigma_plus_tau_221 = [6.41],
  sigma_plus_tau_222 = [6.37],
  sigma_plus_tau_223 = [6.62],
  sigma_plus_tau_224 = [6.41],
  sigma_plus_tau_225 = [6.28],
  sigma_plus_tau_231 = [4.53],
  sigma_plus_tau_232 = [4.43],
  sigma_plus_tau_233 = [4.48],
  sigma_plus_tau_234 = [4.39],
  sigma_plus_tau_235 = [4.62],
  sigma_plus_tau_241 = [2.38],
  sigma_plus_tau_242 = [2.55],
  sigma_plus_tau_243 = [2.69],
  sigma_plus_tau_244 = [2.47],
  sigma_plus_tau_245 = [2.68],
  sigma_plus_tau_251 = [2.48],
  sigma_plus_tau_252 = [2.55],
  sigma_plus_tau_253 = [2.43],
  sigma_plus_tau_254 = [2.52],
  sigma_plus_tau_255 = [2.82],
  sigma_plus_tau_261 = [2.55],
  sigma_plus_tau_262 = [2.39],
  sigma_plus_tau_263 = [2.62],
  sigma_plus_tau_264 = [2.16],
  sigma_plus_tau_265 = [2.34],
  sigma_plus_tau_271 = [4.42],
  sigma_plus_tau_272 = [4.43],
  sigma_plus_tau_273 = [4.54],
  sigma_plus_tau_274 = [4.65],
  sigma_plus_tau_275 = [4.44],
  sigma_plus_tau_281 = [2.66],
  sigma_plus_tau_282 = [2.51],
  sigma_plus_tau_283 = [2.45],
  sigma_plus_tau_284 = [2.47],
  sigma_plus_tau_285 = [2.47],
  sigma_plus_tau_291 = [4.55],
  sigma_plus_tau_292 = [4.37],
  sigma_plus_tau_293 = [4.61],
  sigma_plus_tau_294 = [4.42],
  sigma_plus_tau_295 = [4.52],
  sigma_plus_tau_301 = [2.45],
  sigma_plus_tau_302 = [2.48],
  sigma_plus_tau_303 = [2.43],
  sigma_plus_tau_304 = [2.40],
  sigma_plus_tau_305 = [2.43],
  sigma_plus_tau_311 = [6.28],
  sigma_plus_tau_312 = [6.63],
  sigma_plus_tau_313 = [6.22],
  sigma_plus_tau_314 = [6.57],
  sigma_plus_tau_315 = [6.42],
  sigma_plus_tau_321 = [4.49],
  sigma_plus_tau_322 = [4.56],
  sigma_plus_tau_323 = [4.55],
  sigma_plus_tau_324 = [4.45],
  sigma_plus_tau_325 = [4.62],
  sigma_plus_tau_331 = [4.59],
  sigma_plus_tau_332 = [4.45],
  sigma_plus_tau_333 = [4.54],
  sigma_plus_tau_334 = [4.50],
  sigma_plus_tau_335 = [4.52],
  sigma_plus_tau_341 = [6.35],
  sigma_plus_tau_342 = [6.37],
  sigma_plus_tau_343 = [6.55],
  sigma_plus_tau_344 = [6.69],
  sigma_plus_tau_345 = [6.60],
  sigma_plus_tau_351 = [4.56],
  sigma_plus_tau_352 = [4.72],
  sigma_plus_tau_353 = [4.48],
  sigma_plus_tau_354 = [4.63],
  sigma_plus_tau_355 = [4.25],
  sigma_plus_tau_361 = [6.55],
  sigma_plus_tau_362 = [6.47],
  sigma_plus_tau_363 = [6.49],
  sigma_plus_tau_364 = [6.55],
  sigma_plus_tau_365 = [6.57],
  sigma_plus_tau_371 = [2.73],
  sigma_plus_tau_372 = [2.60],
  sigma_plus_tau_373 = [2.53],
  sigma_plus_tau_374 = [2.44],
  sigma_plus_tau_375 = [2.46],
  sigma_plus_tau_381 = [2.33],
  sigma_plus_tau_382 = [2.52],
  sigma_plus_tau_383 = [2.62],
  sigma_plus_tau_384 = [2.47],
  sigma_plus_tau_385 = [2.56],
  sigma_plus_tau_391 = [2.62],
  sigma_plus_tau_392 = [2.62],
  sigma_plus_tau_393 = [2.74],
  sigma_plus_tau_394 = [2.37],
  sigma_plus_tau_395 = [2.58],
  sigma_plus_tau_401 = [6.32],
  sigma_plus_tau_402 = [6.18],
  sigma_plus_tau_403 = [6.42],
  sigma_plus_tau_404 = [6.53],
  sigma_plus_tau_405 = [6.44],
]

Sigma - ¦Ó_{jk} = [
  sigma_minus_tau_11 = [-2.15],
  sigma_minus_tau_12 = [-2.10],
  sigma_minus_tau_13 = [-2.16],
  sigma_minus_tau_14 = [-2.18],
  sigma_minus_tau_15 = [-2.17],
  sigma_minus_tau_21 = [-0.86],
  sigma_minus_tau_22 = [-0.77],
  sigma_minus_tau_23 = [-0.84],
  sigma_minus_tau_24 = [-0.86],
  sigma_minus_tau_25 = [-0.80],
  sigma_minus_tau_31 = [-0.90],
  sigma_minus_tau_32 = [-0.82],
  sigma_minus_tau_33 = [-0.83],
  sigma_minus_tau_34 = [-0.83],
  sigma_minus_tau_35 = [-0.83],
  sigma_minus_tau_41 = [-2.15],
  sigma_minus_tau_42 = [-2.11],
  sigma_minus_tau_43 = [-2.18],
  sigma_minus_tau_44 = [-2.18],
  sigma_minus_tau_45 = [-2.19],
  sigma_minus_tau_51 = [-2.23],
  sigma_minus_tau_52 = [-2.18],
  sigma_minus_tau_53 = [-2.15],
  sigma_minus_tau_54 = [-2.16],
  sigma_minus_tau_55 = [-2.15],
  sigma_minus_tau_61 = [-0.85],
  sigma_minus_tau_62 = [-0.79],
  sigma_minus_tau_63 = [-0.85],
  sigma_minus_tau_64 = [-0.79],
  sigma_minus_tau_65 = [-0.90],
  sigma_minus_tau_71 = [-2.12],
  sigma_minus_tau_72 = [-2.24],
  sigma_minus_tau_73 = [-2.18],
  sigma_minus_tau_74 = [-2.20],
  sigma_minus_tau_75 = [-2.10],
  sigma_minus_tau_81 = [-1.45],
  sigma_minus_tau_82 = [-1.50],
  sigma_minus_tau_83 = [-1.47],
  sigma_minus_tau_84 = [-1.45],
  sigma_minus_tau_85 = [-1.53],
  sigma_minus_tau_91 = [-1.47],
  sigma_minus_tau_92 = [-1.49],
  sigma_minus_tau_93 = [-1.49],
  sigma_minus_tau_94 = [-1.47],
  sigma_minus_tau_95 = [-1.50],
  sigma_minus_tau_101 = [-2.14],
  sigma_minus_tau_102 = [-2.13],
  sigma_minus_tau_103 = [-2.18],
  sigma_minus_tau_104 = [-2.19],
  sigma_minus_tau_105 = [-2.26],
  sigma_minus_tau_111 = [-0.75],
  sigma_minus_tau_112 = [-0.80],
  sigma_minus_tau_113 = [-0.87],
  sigma_minus_tau_114 = [-0.84],
  sigma_minus_tau_115 = [-0.80],
  sigma_minus_tau_121 = [-1.46],
  sigma_minus_tau_122 = [-1.58],
  sigma_minus_tau_123 = [-1.44],
  sigma_minus_tau_124 = [-1.49],
  sigma_minus_tau_125 = [-1.54],
  sigma_minus_tau_131 = [-0.82],
  sigma_minus_tau_132 = [-0.90],
  sigma_minus_tau_133 = [-0.77],
  sigma_minus_tau_134 = [-0.86],
  sigma_minus_tau_135 = [-0.81],
  sigma_minus_tau_141 = [-2.20],
  sigma_minus_tau_142 = [-2.13],
  sigma_minus_tau_143 = [-2.16],
  sigma_minus_tau_144 = [-2.14],
  sigma_minus_tau_145 = [-2.19],
  sigma_minus_tau_151 = [-1.42],
  sigma_minus_tau_152 = [-1.54],
  sigma_minus_tau_153 = [-1.51],
  sigma_minus_tau_154 = [-1.48],
  sigma_minus_tau_155 = [-1.47],
  sigma_minus_tau_161 = [-0.84],
  sigma_minus_tau_162 = [-0.82],
  sigma_minus_tau_163 = [-0.79],
  sigma_minus_tau_164 = [-0.83],
  sigma_minus_tau_165 = [-0.86],
  sigma_minus_tau_171 = [-0.83],
  sigma_minus_tau_172 = [-0.80],
  sigma_minus_tau_173 = [-0.85],
  sigma_minus_tau_174 = [-0.87],
  sigma_minus_tau_175 = [-0.80],
  sigma_minus_tau_181 = [-0.81],
  sigma_minus_tau_182 = [-0.89],
  sigma_minus_tau_183 = [-0.77],
  sigma_minus_tau_184 = [-0.83],
  sigma_minus_tau_185 = [-0.83],
  sigma_minus_tau_191 = [-0.85],
  sigma_minus_tau_192 = [-0.83],
  sigma_minus_tau_193 = [-0.87],
  sigma_minus_tau_194 = [-0.88],
  sigma_minus_tau_195 = [-0.89],
  sigma_minus_tau_201 = [-0.82],
  sigma_minus_tau_202 = [-0.73],
  sigma_minus_tau_203 = [-0.80],
  sigma_minus_tau_204 = [-0.77],
  sigma_minus_tau_205 = [-0.87],
  sigma_minus_tau_211 = [-2.19],
  sigma_minus_tau_212 = [-2.20],
  sigma_minus_tau_213 = [-2.18],
  sigma_minus_tau_214 = [-2.23],
  sigma_minus_tau_215 = [-2.22],
  sigma_minus_tau_221 = [-2.14],
  sigma_minus_tau_222 = [-2.12],
  sigma_minus_tau_223 = [-2.21],
  sigma_minus_tau_224 = [-2.14],
  sigma_minus_tau_225 = [-2.09],
  sigma_minus_tau_231 = [-1.51],
  sigma_minus_tau_232 = [-1.48],
  sigma_minus_tau_233 = [-1.49],
  sigma_minus_tau_234 = [-1.46],
  sigma_minus_tau_235 = [-1.54],
  sigma_minus_tau_241 = [-0.79],
  sigma_minus_tau_242 = [-0.85],
  sigma_minus_tau_243 = [-0.90],
  sigma_minus_tau_244 = [-0.82],
  sigma_minus_tau_245 = [-0.89],
  sigma_minus_tau_251 = [-0.83],
  sigma_minus_tau_252 = [-0.85],
  sigma_minus_tau_253 = [-0.81],
  sigma_minus_tau_254 = [-0.84],
  sigma_minus_tau_255 = [-0.94],
  sigma_minus_tau_261 = [-0.85],
  sigma_minus_tau_262 = [-0.80],
  sigma_minus_tau_263 = [-0.87],
  sigma_minus_tau_264 = [-0.72],
  sigma_minus_tau_265 = [-0.78],
  sigma_minus_tau_271 = [-1.47],
  sigma_minus_tau_272 = [-1.48],
  sigma_minus_tau_273 = [-1.51],
  sigma_minus_tau_274 = [-1.55],
  sigma_minus_tau_275 = [-1.48],
  sigma_minus_tau_281 = [-0.89],
  sigma_minus_tau_282 = [-0.84],
  sigma_minus_tau_283 = [-0.82],
  sigma_minus_tau_284 = [-0.82],
  sigma_minus_tau_285 = [-0.82],
  sigma_minus_tau_291 = [-1.52],
  sigma_minus_tau_292 = [-1.46],
  sigma_minus_tau_293 = [-1.54],
  sigma_minus_tau_294 = [-1.47],
  sigma_minus_tau_295 = [-1.51],
  sigma_minus_tau_301 = [-0.82],
  sigma_minus_tau_302 = [-0.83],
  sigma_minus_tau_303 = [-0.81],
  sigma_minus_tau_304 = [-0.80],
  sigma_minus_tau_305 = [-0.81],
  sigma_minus_tau_311 = [-2.09],
  sigma_minus_tau_312 = [-2.21],
  sigma_minus_tau_313 = [-2.07],
  sigma_minus_tau_314 = [-2.19],
  sigma_minus_tau_315 = [-2.14],
  sigma_minus_tau_321 = [-1.50],
  sigma_minus_tau_322 = [-1.52],
  sigma_minus_tau_323 = [-1.52],
  sigma_minus_tau_324 = [-1.48],
  sigma_minus_tau_325 = [-1.54],
  sigma_minus_tau_331 = [-1.53],
  sigma_minus_tau_332 = [-1.48],
  sigma_minus_tau_333 = [-1.51],
  sigma_minus_tau_334 = [-1.50],
  sigma_minus_tau_335 = [-1.51],
  sigma_minus_tau_341 = [-2.12],
  sigma_minus_tau_342 = [-2.12],
  sigma_minus_tau_343 = [-2.18],
  sigma_minus_tau_344 = [-2.23],
  sigma_minus_tau_345 = [-2.20],
  sigma_minus_tau_351 = [-1.52],
  sigma_minus_tau_352 = [-1.57],
  sigma_minus_tau_353 = [-1.49],
  sigma_minus_tau_354 = [-1.54],
  sigma_minus_tau_355 = [-1.42],
  sigma_minus_tau_361 = [-2.18],
  sigma_minus_tau_362 = [-2.16],
  sigma_minus_tau_363 = [-2.16],
  sigma_minus_tau_364 = [-2.18],
  sigma_minus_tau_365 = [-2.19],
  sigma_minus_tau_371 = [-0.91],
  sigma_minus_tau_372 = [-0.87],
  sigma_minus_tau_373 = [-0.84],
  sigma_minus_tau_374 = [-0.81],
  sigma_minus_tau_375 = [-0.82],
  sigma_minus_tau_381 = [-0.78],
  sigma_minus_tau_382 = [-0.84],
  sigma_minus_tau_383 = [-0.87],
  sigma_minus_tau_384 = [-0.82],
  sigma_minus_tau_385 = [-0.85],
  sigma_minus_tau_391 = [-0.87],
  sigma_minus_tau_392 = [-0.87],
  sigma_minus_tau_393 = [-0.91],
  sigma_minus_tau_394 = [-0.79],
  sigma_minus_tau_395 = [-0.86],
  sigma_minus_tau_401 = [-2.11],
  sigma_minus_tau_402 = [-2.06],
  sigma_minus_tau_403 = [-2.14],
  sigma_minus_tau_404 = [-2.18],
  sigma_minus_tau_405 = [-2.15],
]

Probabilities (p_s) = [
0.05, 0.05, 0.05, 0.05, 0.05, 0.05, 0.05, 0.05, 0.05, 0.05, 0.05, 0.05, 0.05, 0.05, 0.05, 0.05, 0.05, 0.05, 0.05, 0.05
]

c_bar = 5.88
