Jobs = 40
Machines = 5
Scenarios = 20

Ready Times (rj) = [
0.00, 0.00, 0.00, 0.00, 0.00, 0.00, 0.00, 0.00, 0.00, 0.00, 0.00, 0.00, 0.00, 0.00, 0.00, 0.00, 0.00, 0.00, 0.00, 0.00, 0.00, 0.00, 0.00, 0.00, 0.00, 0.00, 0.00, 0.00, 0.00, 0.00, 0.00, 0.00, 0.00, 0.00, 0.00, 0.00, 0.00, 0.00, 0.00, 0.00
]

Transportation Times (tjk^s) = [
  tjk_11 = [5.00, 5.00, 1.00, 1.37, 1.48, 2.61, 4.64, 3.10, 4.68, 1.40, 2.71, 1.66, 1.49, 3.26, 3.19, 4.58, 1.69, 1.00, 1.49, 1.57],
  tjk_12 = [3.78, 3.16, 5.00, 1.90, 2.75, 3.94, 5.00, 2.08, 5.00, 2.52, 2.91, 3.04, 4.09, 4.66, 1.49, 4.65, 2.84, 3.59, 5.00, 3.26],
  tjk_13 = [3.74, 3.74, 2.11, 2.02, 3.06, 2.81, 1.38, 3.22, 2.91, 2.54, 1.00, 2.90, 2.84, 2.39, 5.00, 5.00, 2.90, 2.12, 5.00, 5.00],
  tjk_14 = [1.00, 5.00, 5.00, 3.07, 3.43, 5.00, 5.00, 1.83, 1.09, 3.41, 5.00, 4.11, 3.94, 4.96, 4.76, 3.90, 1.51, 4.43, 1.78, 3.09],
  tjk_15 = [5.00, 2.34, 3.08, 2.39, 2.38, 2.08, 5.00, 2.63, 5.00, 2.05, 1.01, 3.96, 2.27, 2.38, 5.00, 1.80, 1.96, 2.24, 1.55, 2.71],
  tjk_21 = [1.54, 2.46, 1.81, 4.22, 2.69, 4.09, 2.47, 3.02, 3.61, 2.49, 2.57, 1.71, 3.39, 3.46, 3.06, 1.42, 2.58, 2.97, 5.00, 5.00],
  tjk_22 = [1.90, 1.50, 2.98, 1.00, 5.00, 4.37, 4.44, 3.36, 2.04, 1.30, 2.47, 2.83, 1.41, 5.00, 3.30, 4.39, 1.58, 2.93, 2.83, 5.00],
  tjk_23 = [2.82, 1.00, 3.70, 3.38, 2.40, 2.05, 3.93, 4.18, 3.21, 1.65, 1.92, 2.85, 1.84, 5.00, 3.08, 1.45, 1.94, 2.18, 4.05, 2.14],
  tjk_24 = [1.70, 1.86, 5.00, 2.26, 1.45, 3.41, 2.74, 2.60, 3.73, 2.55, 3.08, 1.92, 5.00, 3.58, 5.00, 5.00, 5.00, 2.52, 3.08, 4.33],
  tjk_25 = [3.40, 3.52, 3.65, 1.42, 1.94, 4.46, 1.63, 2.81, 2.35, 5.00, 3.07, 1.81, 1.16, 2.60, 2.54, 5.00, 1.45, 2.82, 2.04, 4.56],
  tjk_31 = [3.31, 2.73, 3.11, 4.37, 2.92, 3.60, 5.00, 1.37, 2.37, 5.00, 2.38, 1.58, 3.16, 3.18, 5.00, 1.16, 1.74, 3.02, 3.09, 2.46],
  tjk_32 = [4.27, 2.59, 3.66, 1.98, 3.00, 5.00, 5.00, 2.48, 3.87, 1.80, 3.63, 1.00, 5.00, 1.06, 2.93, 1.55, 3.73, 1.00, 1.00, 1.75],
  tjk_33 = [2.09, 2.43, 2.39, 4.04, 3.14, 1.83, 3.15, 3.06, 4.75, 5.00, 1.56, 1.60, 2.69, 2.77, 1.13, 1.66, 3.28, 4.27, 1.84, 2.86],
  tjk_34 = [3.42, 2.36, 3.49, 1.41, 1.26, 3.24, 2.19, 3.41, 2.05, 3.03, 1.73, 4.55, 1.60, 3.32, 2.43, 5.00, 1.27, 3.11, 2.22, 3.22],
  tjk_35 = [2.12, 5.00, 3.25, 4.05, 3.41, 2.13, 5.00, 5.00, 5.00, 4.56, 2.83, 2.02, 2.66, 5.00, 1.49, 3.24, 3.62, 4.44, 1.38, 4.60],
  tjk_41 = [3.23, 2.56, 4.22, 3.52, 2.25, 5.00, 5.00, 2.84, 1.00, 1.37, 3.96, 2.93, 2.16, 1.35, 2.53, 5.00, 1.86, 2.65, 3.04, 3.13],
  tjk_42 = [5.00, 5.00, 3.17, 5.00, 1.72, 5.00, 3.82, 1.22, 3.78, 5.00, 2.45, 2.12, 2.15, 2.23, 2.13, 2.95, 5.00, 2.44, 3.73, 5.00],
  tjk_43 = [3.19, 1.58, 5.00, 1.03, 2.51, 1.92, 2.39, 3.57, 4.56, 3.79, 1.40, 2.59, 2.59, 5.00, 2.43, 1.50, 2.26, 2.18, 1.00, 2.54],
  tjk_44 = [5.00, 1.82, 2.02, 4.43, 3.78, 2.21, 5.00, 1.00, 3.18, 1.85, 2.28, 3.21, 1.58, 2.94, 1.93, 3.01, 5.00, 1.55, 5.00, 5.00],
  tjk_45 = [3.67, 2.50, 1.98, 5.00, 1.48, 2.31, 2.06, 2.41, 4.06, 1.70, 1.03, 5.00, 1.90, 1.32, 1.78, 2.06, 3.76, 5.00, 4.12, 3.28],
  tjk_51 = [1.64, 1.15, 1.55, 1.00, 1.82, 2.09, 1.00, 1.87, 1.21, 2.24, 1.96, 1.56, 2.02, 1.48, 1.28, 1.95, 1.91, 1.21, 1.33, 1.50],
  tjk_52 = [1.24, 1.26, 1.57, 1.81, 1.41, 1.50, 1.59, 1.80, 2.80, 2.40, 1.39, 2.24, 1.65, 1.00, 1.56, 1.76, 2.32, 1.21, 1.42, 2.37],
  tjk_53 = [1.43, 2.29, 1.79, 1.22, 2.21, 1.10, 1.70, 1.55, 1.18, 2.22, 1.77, 1.83, 1.41, 1.54, 1.94, 1.65, 1.63, 1.16, 1.45, 1.52],
  tjk_54 = [1.98, 1.02, 1.17, 1.32, 2.02, 1.77, 2.36, 1.99, 1.33, 1.26, 1.40, 2.09, 2.00, 1.81, 1.36, 2.76, 1.47, 1.90, 2.11, 1.85],
  tjk_55 = [1.57, 1.70, 1.65, 1.00, 2.39, 1.60, 2.85, 1.70, 1.25, 2.19, 2.56, 1.16, 2.14, 1.91, 1.87, 1.94, 2.34, 1.19, 2.05, 1.03],
  tjk_61 = [1.21, 1.80, 1.24, 1.22, 1.14, 1.17, 2.29, 1.25, 1.69, 1.69, 1.11, 1.47, 1.90, 1.53, 1.37, 1.48, 2.31, 1.51, 2.44, 1.57],
  tjk_62 = [1.15, 1.31, 1.57, 1.81, 1.74, 1.02, 1.20, 1.36, 1.65, 1.11, 1.70, 1.37, 1.73, 2.25, 1.39, 2.21, 1.04, 1.66, 2.00, 2.56],
  tjk_63 = [1.92, 1.32, 1.67, 2.01, 1.46, 1.74, 1.27, 1.46, 1.56, 1.29, 1.81, 1.96, 1.15, 1.89, 1.45, 2.07, 1.00, 1.42, 1.95, 1.60],
  tjk_64 = [1.32, 2.14, 2.55, 2.44, 2.13, 1.12, 1.35, 1.90, 1.00, 1.18, 1.78, 1.27, 1.35, 1.60, 1.70, 1.78, 1.84, 1.38, 2.00, 1.20],
  tjk_65 = [1.55, 1.46, 2.24, 1.56, 1.75, 1.55, 1.27, 1.00, 1.44, 2.22, 1.36, 2.33, 1.75, 1.50, 1.75, 2.70, 1.62, 1.77, 2.25, 2.58],
  tjk_71 = [5.00, 5.00, 5.00, 2.95, 3.03, 2.62, 1.27, 2.11, 3.06, 1.84, 4.11, 3.60, 1.94, 2.55, 2.33, 2.97, 5.00, 5.00, 3.35, 1.00],
  tjk_72 = [2.90, 4.42, 2.48, 2.31, 5.00, 1.83, 3.65, 1.42, 2.12, 1.04, 2.33, 4.43, 5.00, 3.62, 5.00, 2.32, 3.34, 1.34, 2.46, 1.92],
  tjk_73 = [5.00, 3.32, 5.00, 3.04, 2.02, 2.40, 3.09, 3.11, 1.68, 2.07, 4.61, 1.00, 5.00, 5.00, 2.15, 2.30, 2.24, 2.84, 5.00, 2.94],
  tjk_74 = [2.37, 3.28, 1.93, 3.78, 3.86, 2.07, 4.07, 2.48, 5.00, 3.44, 2.22, 1.70, 3.71, 2.49, 5.00, 4.95, 2.72, 1.63, 1.84, 1.19],
  tjk_75 = [3.45, 3.50, 4.99, 1.64, 4.71, 2.16, 1.25, 4.57, 2.07, 5.00, 1.46, 4.03, 4.55, 2.91, 5.00, 4.30, 2.60, 2.87, 3.52, 5.00],
  tjk_81 = [5.00, 1.06, 1.60, 2.79, 2.38, 2.68, 1.61, 2.68, 1.53, 5.00, 1.34, 2.17, 1.52, 4.12, 5.00, 2.95, 4.22, 2.08, 2.99, 2.32],
  tjk_82 = [2.30, 3.91, 1.86, 1.78, 1.00, 2.26, 1.52, 1.57, 2.84, 1.89, 2.27, 5.00, 2.13, 5.00, 3.46, 1.04, 3.87, 1.78, 4.39, 3.72],
  tjk_83 = [2.29, 2.55, 3.50, 4.42, 5.00, 3.24, 2.46, 2.16, 5.00, 5.00, 3.91, 2.01, 2.51, 5.00, 4.25, 4.65, 2.98, 2.35, 3.27, 4.17],
  tjk_84 = [1.00, 2.59, 3.55, 3.52, 3.27, 2.43, 5.00, 4.89, 1.20, 5.00, 2.55, 1.85, 4.07, 3.59, 2.49, 2.42, 1.66, 2.35, 3.18, 2.58],
  tjk_85 = [3.43, 5.00, 2.37, 2.66, 5.00, 1.09, 2.23, 3.06, 3.16, 5.00, 1.97, 5.00, 2.64, 4.46, 1.33, 4.02, 1.13, 3.86, 5.00, 2.55],
  tjk_91 = [1.73, 5.00, 3.86, 2.56, 3.79, 5.00, 5.00, 5.00, 5.00, 5.00, 5.00, 3.02, 2.13, 2.67, 1.93, 2.75, 4.68, 3.72, 2.66, 4.52],
  tjk_92 = [3.65, 4.03, 2.06, 3.88, 2.29, 3.53, 5.00, 2.53, 3.57, 5.00, 2.81, 2.37, 3.78, 3.22, 1.71, 4.19, 3.18, 2.77, 1.28, 2.00],
  tjk_93 = [2.58, 2.97, 3.22, 3.03, 5.00, 5.00, 1.96, 2.91, 5.00, 1.73, 2.15, 5.00, 2.31, 5.00, 4.40, 1.90, 1.07, 3.29, 4.66, 3.94],
  tjk_94 = [2.87, 5.00, 1.00, 1.00, 4.45, 1.27, 5.00, 3.54, 2.50, 2.38, 2.74, 1.48, 4.38, 5.00, 2.28, 2.89, 1.66, 3.19, 5.00, 3.41],
  tjk_95 = [3.52, 2.46, 2.39, 1.78, 3.64, 5.00, 2.11, 3.16, 1.66, 1.99, 3.60, 3.22, 1.35, 2.13, 2.04, 5.00, 2.66, 3.83, 4.54, 2.63],
  tjk_101 = [1.63, 1.87, 2.07, 2.35, 1.35, 1.17, 1.47, 1.44, 1.37, 1.73, 2.30, 2.28, 1.39, 1.76, 1.59, 1.79, 1.23, 1.31, 2.32, 1.34],
  tjk_102 = [1.57, 1.41, 1.68, 1.67, 1.78, 1.14, 1.71, 1.22, 1.42, 2.28, 2.08, 1.71, 1.85, 1.78, 1.49, 1.32, 2.25, 2.07, 1.87, 2.14],
  tjk_103 = [1.88, 2.05, 1.72, 2.93, 1.46, 1.25, 2.10, 2.40, 1.33, 1.18, 1.41, 1.51, 1.64, 1.30, 2.10, 2.27, 1.52, 1.68, 1.78, 1.68],
  tjk_104 = [1.72, 1.78, 1.34, 1.84, 1.97, 1.26, 2.35, 2.03, 1.84, 1.94, 1.46, 1.88, 2.04, 1.24, 1.68, 1.02, 1.28, 1.99, 2.08, 1.30],
  tjk_105 = [1.53, 1.74, 1.78, 1.75, 1.29, 2.37, 1.00, 2.59, 1.54, 2.40, 1.24, 2.00, 1.07, 2.60, 2.21, 1.84, 1.82, 1.41, 2.09, 1.06],
  tjk_111 = [5.00, 2.62, 1.68, 1.31, 5.00, 3.02, 2.76, 1.80, 1.83, 3.79, 4.48, 3.76, 3.47, 3.42, 5.00, 3.21, 3.85, 3.07, 1.41, 5.00],
  tjk_112 = [2.65, 1.04, 3.11, 5.00, 4.80, 5.00, 4.47, 5.00, 3.29, 1.55, 3.93, 3.54, 4.62, 3.28, 3.08, 4.58, 3.86, 5.00, 4.77, 5.00],
  tjk_113 = [2.86, 3.96, 4.08, 3.71, 4.58, 2.50, 1.00, 2.92, 5.00, 2.18, 3.56, 3.48, 1.75, 1.41, 2.67, 1.82, 1.07, 3.07, 1.62, 4.47],
  tjk_114 = [5.00, 5.00, 5.00, 1.38, 1.25, 5.00, 5.00, 2.02, 2.62, 4.24, 5.00, 5.00, 5.00, 1.76, 1.91, 1.36, 4.30, 5.00, 1.85, 5.00],
  tjk_115 = [2.68, 1.61, 1.63, 2.14, 2.88, 2.64, 2.37, 2.23, 1.48, 4.29, 3.24, 1.89, 3.40, 1.67, 5.00, 2.92, 5.00, 1.16, 2.47, 4.16],
  tjk_121 = [2.26, 1.41, 1.31, 1.86, 1.28, 1.63, 1.71, 1.70, 1.91, 1.81, 2.10, 1.59, 2.34, 2.14, 1.77, 2.61, 1.75, 1.60, 2.14, 2.08],
  tjk_122 = [1.16, 1.14, 2.13, 1.77, 1.50, 1.55, 1.53, 1.20, 2.30, 1.66, 1.60, 1.70, 2.70, 1.46, 1.59, 1.85, 1.02, 1.06, 2.12, 1.79],
  tjk_123 = [1.24, 1.36, 1.55, 1.84, 1.73, 1.74, 1.73, 1.44, 2.42, 1.70, 2.23, 1.53, 1.38, 1.66, 1.53, 1.82, 1.96, 1.25, 1.65, 1.55],
  tjk_124 = [2.15, 2.08, 1.25, 1.39, 1.42, 1.75, 1.38, 1.78, 2.59, 2.18, 2.05, 1.29, 1.02, 1.73, 1.47, 1.19, 1.34, 1.39, 1.41, 1.61],
  tjk_125 = [2.51, 1.95, 2.00, 2.35, 1.08, 1.15, 1.39, 1.14, 2.66, 1.49, 1.80, 1.98, 1.54, 1.72, 1.39, 1.92, 1.87, 1.69, 1.03, 1.73],
  tjk_131 = [3.72, 2.25, 2.72, 1.74, 1.63, 2.33, 2.09, 2.46, 2.21, 1.89, 1.66, 1.80, 2.39, 1.41, 1.90, 1.93, 1.27, 2.30, 1.19, 1.85],
  tjk_132 = [1.53, 1.70, 1.54, 1.31, 3.17, 2.55, 1.89, 1.77, 1.70, 1.67, 1.20, 2.13, 1.71, 1.40, 1.57, 1.41, 1.63, 1.00, 1.76, 2.18],
  tjk_133 = [1.71, 1.79, 1.03, 1.46, 1.59, 2.11, 2.07, 1.67, 1.93, 1.52, 1.44, 1.77, 1.23, 2.02, 1.66, 1.34, 1.47, 1.18, 2.29, 2.08],
  tjk_134 = [1.65, 2.44, 1.88, 2.31, 1.34, 1.62, 1.57, 2.30, 1.28, 2.33, 1.45, 1.95, 1.00, 1.21, 2.61, 1.00, 1.40, 1.53, 1.82, 1.26],
  tjk_135 = [2.24, 1.83, 1.31, 1.66, 2.18, 1.55, 1.59, 1.52, 1.66, 1.00, 2.20, 1.14, 1.73, 2.42, 2.42, 2.43, 1.79, 1.97, 1.11, 2.33],
  tjk_141 = [1.40, 5.00, 5.00, 4.06, 1.83, 1.84, 2.40, 1.96, 1.00, 3.41, 5.00, 3.32, 5.00, 5.00, 5.00, 4.50, 5.00, 3.73, 5.00, 1.71],
  tjk_142 = [5.00, 5.00, 5.00, 5.00, 4.58, 4.99, 2.67, 1.95, 5.00, 5.00, 4.25, 2.84, 4.41, 5.00, 2.43, 5.00, 3.82, 3.79, 5.00, 2.96],
  tjk_143 = [4.35, 1.00, 1.75, 1.50, 5.00, 1.22, 5.00, 3.56, 5.00, 2.76, 2.87, 5.00, 5.00, 1.85, 5.00, 2.31, 3.65, 2.27, 3.14, 3.76],
  tjk_144 = [5.00, 4.17, 5.00, 3.34, 1.89, 5.00, 5.00, 3.62, 5.00, 5.00, 5.00, 4.86, 5.00, 5.00, 1.95, 5.00, 5.00, 5.00, 5.00, 2.86],
  tjk_145 = [1.73, 2.80, 3.67, 4.69, 5.00, 3.25, 4.28, 3.83, 5.00, 5.00, 4.68, 1.35, 5.00, 3.69, 2.58, 5.00, 5.00, 1.74, 4.85, 4.99],
  tjk_151 = [3.44, 4.97, 1.05, 2.87, 1.34, 1.89, 5.00, 3.23, 3.68, 3.27, 2.39, 2.76, 3.94, 2.95, 2.28, 2.80, 5.00, 2.06, 3.60, 1.34],
  tjk_152 = [5.00, 2.77, 3.65, 3.39, 5.00, 2.69, 5.00, 3.69, 5.00, 5.00, 5.00, 1.80, 1.70, 2.25, 2.23, 2.37, 1.70, 4.33, 5.00, 1.00],
  tjk_153 = [1.21, 2.11, 3.60, 3.53, 2.11, 3.44, 3.75, 2.62, 5.00, 2.44, 1.45, 1.71, 2.49, 3.37, 2.96, 2.00, 3.87, 5.00, 3.35, 1.40],
  tjk_154 = [2.31, 2.96, 3.51, 5.00, 5.00, 1.86, 3.92, 2.57, 2.05, 5.00, 2.48, 3.71, 1.66, 1.26, 1.73, 3.20, 5.00, 4.52, 1.95, 2.45],
  tjk_155 = [1.33, 2.97, 5.00, 3.15, 1.47, 4.76, 5.00, 5.00, 1.92, 2.26, 4.46, 4.19, 5.00, 5.00, 3.16, 3.08, 2.85, 3.79, 2.66, 2.29],
  tjk_161 = [5.00, 3.05, 5.00, 2.51, 5.00, 2.81, 5.00, 3.28, 3.72, 1.52, 1.52, 3.08, 2.19, 2.59, 5.00, 1.42, 3.52, 2.50, 3.14, 4.66],
  tjk_162 = [5.00, 3.58, 2.12, 2.18, 2.99, 4.38, 2.24, 1.99, 3.98, 1.05, 5.00, 3.08, 1.19, 1.39, 3.27, 3.87, 1.80, 2.86, 3.30, 2.20],
  tjk_163 = [3.00, 5.00, 4.36, 3.17, 3.01, 2.30, 3.24, 1.07, 1.29, 3.63, 4.27, 5.00, 5.00, 1.82, 2.09, 5.00, 3.12, 4.97, 2.18, 5.00],
  tjk_164 = [2.28, 1.46, 2.44, 2.31, 4.59, 2.14, 5.00, 2.78, 3.26, 3.07, 5.00, 5.00, 2.60, 5.00, 4.36, 3.24, 4.07, 2.92, 2.05, 1.92],
  tjk_165 = [1.77, 2.06, 1.87, 3.77, 5.00, 2.37, 1.00, 4.73, 2.51, 2.11, 1.62, 1.19, 1.57, 1.61, 2.91, 1.00, 4.17, 1.66, 1.97, 2.14],
  tjk_171 = [3.85, 1.97, 5.00, 5.00, 1.91, 5.00, 2.02, 2.87, 1.66, 5.00, 1.77, 5.00, 3.41, 4.63, 3.16, 2.28, 5.00, 2.25, 5.00, 3.10],
  tjk_172 = [2.11, 1.36, 2.88, 4.43, 2.89, 3.88, 5.00, 3.74, 1.13, 5.00, 5.00, 2.74, 2.48, 1.33, 1.49, 3.12, 2.21, 1.68, 2.49, 2.53],
  tjk_173 = [4.89, 3.64, 2.38, 2.51, 2.64, 1.06, 5.00, 1.89, 1.00, 4.81, 2.01, 1.90, 3.52, 2.58, 2.67, 3.74, 2.21, 1.65, 1.92, 2.32],
  tjk_174 = [1.49, 3.15, 3.16, 2.33, 2.87, 2.45, 3.99, 2.04, 1.46, 1.48, 3.13, 5.00, 1.37, 5.00, 4.03, 5.00, 1.62, 1.87, 1.00, 4.38],
  tjk_175 = [1.06, 1.04, 5.00, 2.04, 2.67, 5.00, 5.00, 3.59, 5.00, 5.00, 3.06, 3.12, 2.22, 1.95, 1.00, 2.76, 3.65, 5.00, 2.37, 5.00],
  tjk_181 = [1.96, 1.14, 2.93, 1.51, 2.11, 3.88, 2.04, 1.59, 3.10, 3.90, 3.84, 1.87, 3.68, 2.78, 4.82, 3.09, 4.51, 2.66, 5.00, 3.23],
  tjk_182 = [2.91, 2.72, 2.50, 2.71, 2.40, 2.56, 3.99, 2.35, 4.26, 5.00, 1.70, 5.00, 4.00, 2.94, 3.90, 2.76, 3.25, 1.94, 1.79, 4.92],
  tjk_183 = [3.13, 5.00, 1.43, 2.78, 5.00, 3.92, 3.67, 1.93, 2.61, 2.68, 1.30, 5.00, 1.76, 4.52, 2.29, 3.75, 1.00, 4.48, 4.18, 3.88],
  tjk_184 = [1.82, 1.00, 4.57, 2.44, 3.19, 5.00, 2.83, 2.32, 2.33, 3.55, 2.29, 3.44, 3.06, 2.50, 2.30, 3.48, 3.80, 5.00, 2.35, 4.38],
  tjk_185 = [5.00, 3.03, 1.97, 1.64, 1.82, 1.96, 1.90, 2.46, 4.83, 5.00, 1.70, 5.00, 2.04, 4.53, 1.00, 3.83, 1.59, 3.84, 1.41, 4.85],
  tjk_191 = [1.01, 2.21, 1.94, 2.06, 2.79, 1.96, 1.63, 2.40, 1.86, 2.31, 1.62, 2.48, 2.43, 2.02, 1.50, 1.90, 2.05, 1.55, 1.22, 1.07],
  tjk_192 = [1.37, 2.24, 2.35, 1.16, 1.83, 2.52, 1.37, 1.00, 2.49, 1.34, 1.84, 1.44, 1.69, 2.72, 2.12, 1.34, 2.36, 1.00, 1.79, 1.91],
  tjk_193 = [2.19, 1.53, 2.03, 1.59, 1.96, 1.60, 2.27, 2.74, 1.50, 1.54, 1.88, 1.39, 1.55, 2.41, 1.82, 1.79, 1.30, 1.62, 1.20, 1.41],
  tjk_194 = [2.15, 1.63, 1.05, 2.51, 2.64, 2.72, 1.59, 1.42, 1.41, 1.64, 2.92, 1.96, 1.53, 2.59, 1.39, 1.82, 1.99, 1.03, 1.35, 1.09],
  tjk_195 = [1.96, 1.82, 1.59, 1.42, 1.06, 1.65, 1.37, 1.15, 1.69, 1.50, 1.54, 1.66, 1.90, 1.38, 1.45, 1.59, 1.61, 1.84, 1.32, 1.46],
  tjk_201 = [1.00, 1.49, 1.12, 1.62, 2.18, 1.49, 2.17, 1.21, 1.45, 1.52, 1.58, 1.75, 1.85, 2.08, 1.83, 1.65, 1.45, 2.43, 2.17, 1.00],
  tjk_202 = [1.46, 2.67, 1.14, 1.04, 1.28, 1.53, 1.65, 1.66, 1.12, 2.36, 1.83, 1.65, 2.00, 1.48, 1.87, 1.20, 1.86, 1.81, 1.49, 1.95],
  tjk_203 = [1.51, 1.41, 1.12, 1.65, 2.07, 1.50, 2.14, 1.53, 1.29, 1.44, 1.90, 1.99, 1.08, 1.56, 1.88, 1.00, 2.16, 2.05, 1.30, 1.06],
  tjk_204 = [1.47, 2.85, 1.46, 1.58, 1.41, 1.74, 2.00, 1.28, 2.10, 1.57, 1.32, 1.17, 2.05, 1.68, 2.50, 2.15, 2.12, 2.02, 1.16, 1.73],
  tjk_205 = [2.03, 1.36, 2.03, 1.84, 1.67, 1.41, 2.00, 1.26, 1.48, 1.00, 2.28, 1.33, 1.26, 1.06, 2.47, 2.16, 2.25, 1.67, 1.17, 2.03],
  tjk_211 = [1.86, 1.73, 1.98, 1.14, 2.30, 1.84, 1.37, 1.56, 1.95, 2.38, 2.05, 2.39, 1.85, 1.31, 1.00, 1.67, 2.08, 1.91, 1.55, 2.76],
  tjk_212 = [1.33, 1.62, 1.76, 1.73, 2.01, 2.09, 1.51, 2.14, 2.59, 1.18, 2.52, 2.06, 2.17, 1.57, 1.67, 1.46, 2.98, 1.68, 1.24, 1.21],
  tjk_213 = [1.00, 1.50, 2.84, 1.86, 1.13, 1.18, 1.01, 2.06, 1.91, 2.89, 1.16, 1.70, 1.54, 1.45, 1.93, 2.17, 1.42, 1.50, 2.49, 1.69],
  tjk_214 = [1.50, 1.00, 1.68, 2.20, 1.41, 1.54, 2.11, 2.15, 1.76, 1.12, 1.31, 1.42, 1.71, 1.62, 1.03, 1.84, 1.42, 1.26, 1.70, 1.35],
  tjk_215 = [1.98, 1.99, 2.19, 1.77, 1.77, 1.33, 1.17, 1.75, 1.26, 1.58, 1.95, 1.94, 1.78, 1.39, 1.34, 2.01, 2.16, 1.55, 1.00, 1.64],
  tjk_221 = [1.91, 2.15, 1.84, 1.65, 1.48, 1.74, 1.10, 1.56, 1.17, 1.62, 1.87, 1.54, 1.82, 1.72, 1.75, 2.00, 1.00, 1.91, 1.60, 1.43],
  tjk_222 = [1.20, 2.26, 2.09, 1.10, 1.50, 1.18, 2.14, 1.15, 1.78, 1.36, 1.42, 1.42, 1.94, 2.23, 1.38, 1.59, 1.16, 1.83, 1.38, 2.10],
  tjk_223 = [2.12, 1.10, 2.09, 1.28, 1.83, 1.29, 1.75, 1.55, 2.52, 2.68, 1.48, 1.42, 1.66, 1.32, 1.74, 1.52, 1.91, 1.78, 2.29, 1.70],
  tjk_224 = [1.80, 1.23, 1.00, 2.16, 1.41, 1.27, 1.83, 1.31, 1.50, 1.21, 2.19, 1.63, 1.95, 2.32, 2.44, 1.40, 1.70, 3.06, 1.10, 2.25],
  tjk_225 = [1.54, 1.69, 1.34, 1.41, 1.79, 1.60, 1.77, 1.40, 2.21, 1.77, 1.39, 1.80, 1.64, 2.29, 1.72, 1.59, 1.10, 1.65, 2.04, 1.95],
  tjk_231 = [2.75, 5.00, 3.22, 4.87, 3.63, 2.48, 3.34, 5.00, 1.96, 2.15, 4.45, 1.61, 1.68, 5.00, 4.64, 3.19, 2.01, 5.00, 2.41, 1.98],
  tjk_232 = [5.00, 1.58, 2.58, 5.00, 5.00, 2.23, 1.00, 4.56, 5.00, 2.76, 5.00, 3.38, 3.34, 2.31, 2.53, 1.99, 5.00, 4.55, 3.19, 4.60],
  tjk_233 = [1.71, 1.24, 3.26, 4.15, 3.49, 3.16, 2.38, 4.49, 1.25, 3.79, 3.44, 5.00, 3.24, 3.06, 4.63, 2.55, 1.55, 3.83, 2.92, 4.33],
  tjk_234 = [3.33, 5.00, 3.46, 2.33, 1.33, 1.40, 1.66, 2.19, 5.00, 4.14, 1.47, 3.52, 3.01, 5.00, 4.61, 1.35, 3.87, 1.49, 5.00, 1.94],
  tjk_235 = [1.75, 3.17, 2.01, 5.00, 3.98, 5.00, 1.71, 1.76, 3.75, 2.86, 5.00, 5.00, 3.80, 3.69, 5.00, 5.00, 1.96, 1.93, 4.49, 3.71],
  tjk_241 = [1.55, 1.91, 1.73, 1.45, 2.21, 1.63, 1.38, 2.37, 3.32, 2.00, 1.92, 2.21, 2.33, 2.17, 2.77, 1.71, 2.16, 2.33, 1.66, 1.53],
  tjk_242 = [1.61, 1.55, 1.91, 1.49, 1.60, 1.00, 1.97, 1.23, 1.50, 1.61, 1.73, 1.88, 1.96, 1.00, 1.88, 1.66, 1.21, 2.01, 1.55, 1.67],
  tjk_243 = [1.50, 2.57, 1.38, 1.88, 1.00, 1.38, 2.24, 2.33, 1.45, 1.95, 1.17, 2.22, 1.54, 1.67, 1.71, 1.88, 2.05, 2.86, 2.31, 1.61],
  tjk_244 = [2.15, 1.07, 1.60, 1.50, 1.42, 1.84, 1.60, 1.88, 2.15, 1.22, 1.57, 2.10, 2.03, 1.51, 1.54, 2.45, 1.93, 1.70, 1.75, 1.60],
  tjk_245 = [1.93, 1.65, 1.18, 1.25, 1.57, 1.95, 2.00, 1.94, 2.18, 1.61, 1.24, 1.00, 1.21, 1.24, 1.64, 1.15, 1.62, 2.30, 1.91, 1.66],
  tjk_251 = [3.42, 5.00, 3.85, 2.20, 1.39, 1.97, 2.92, 3.72, 3.41, 3.41, 1.00, 2.12, 1.00, 1.42, 4.16, 2.68, 1.00, 3.15, 1.47, 3.25],
  tjk_252 = [3.54, 2.79, 4.95, 2.21, 1.00, 4.45, 4.50, 2.65, 1.31, 2.77, 1.92, 5.00, 2.52, 4.06, 1.64, 3.30, 4.35, 2.43, 2.55, 3.45],
  tjk_253 = [4.26, 4.42, 3.68, 1.53, 5.00, 2.46, 2.98, 5.00, 3.39, 4.34, 3.25, 2.52, 1.43, 5.00, 5.00, 2.32, 2.06, 2.59, 2.31, 5.00],
  tjk_254 = [5.00, 2.98, 2.19, 4.28, 5.00, 2.49, 4.55, 4.10, 5.00, 3.39, 1.30, 5.00, 3.74, 1.12, 2.53, 5.00, 3.99, 5.00, 1.64, 5.00],
  tjk_255 = [5.00, 2.33, 1.50, 3.18, 1.29, 2.25, 2.47, 3.41, 5.00, 5.00, 4.12, 2.91, 2.79, 3.10, 1.83, 1.65, 1.88, 2.11, 3.49, 1.70],
  tjk_261 = [5.00, 3.47, 4.37, 3.10, 2.18, 3.33, 5.00, 2.48, 4.42, 1.00, 1.98, 4.00, 3.43, 2.60, 3.36, 1.48, 3.16, 3.87, 2.45, 5.00],
  tjk_262 = [4.02, 3.22, 2.67, 2.38, 5.00, 3.31, 2.89, 2.72, 2.40, 1.67, 1.51, 3.85, 4.72, 4.69, 2.36, 4.58, 4.50, 2.86, 5.00, 2.45],
  tjk_263 = [2.24, 2.08, 3.61, 2.06, 2.67, 1.56, 5.00, 4.78, 3.76, 4.48, 4.06, 1.62, 1.17, 2.35, 1.84, 1.00, 1.82, 2.29, 3.25, 1.88],
  tjk_264 = [1.00, 1.34, 2.32, 3.35, 2.42, 5.00, 2.18, 1.08, 1.59, 4.00, 4.43, 2.62, 2.14, 2.75, 5.00, 4.78, 3.26, 5.00, 2.69, 1.11],
  tjk_265 = [4.91, 2.70, 2.29, 1.11, 2.49, 5.00, 3.13, 1.96, 1.94, 4.99, 4.37, 3.74, 2.78, 1.00, 5.00, 1.05, 1.04, 3.10, 5.00, 1.00],
  tjk_271 = [1.82, 3.92, 3.81, 2.32, 3.60, 3.03, 3.19, 5.00, 1.94, 4.50, 2.78, 3.25, 2.05, 4.11, 2.60, 1.83, 4.97, 2.88, 4.98, 2.74],
  tjk_272 = [4.36, 5.00, 1.29, 1.00, 4.03, 5.00, 5.00, 5.00, 1.93, 2.11, 1.48, 2.17, 4.04, 1.04, 1.80, 1.84, 5.00, 2.87, 1.22, 5.00],
  tjk_273 = [2.08, 3.70, 3.15, 5.00, 5.00, 5.00, 2.35, 4.23, 3.12, 2.38, 2.28, 3.78, 5.00, 5.00, 1.30, 5.00, 2.29, 4.80, 3.12, 3.01],
  tjk_274 = [2.82, 2.30, 1.31, 3.26, 1.30, 5.00, 3.23, 2.48, 4.27, 3.86, 2.72, 3.44, 1.41, 5.00, 3.10, 2.56, 1.10, 3.01, 2.26, 1.38],
  tjk_275 = [5.00, 2.82, 2.10, 3.75, 3.29, 5.00, 5.00, 5.00, 1.09, 3.13, 2.66, 5.00, 1.62, 4.32, 2.96, 4.54, 4.21, 3.74, 2.27, 1.34],
  tjk_281 = [1.21, 2.61, 1.77, 1.68, 1.29, 2.62, 1.00, 1.82, 1.65, 1.50, 1.28, 1.72, 1.45, 1.24, 1.10, 1.07, 1.49, 1.26, 1.04, 1.42],
  tjk_282 = [1.46, 1.44, 1.85, 1.55, 1.29, 1.28, 1.75, 1.70, 1.37, 2.06, 1.29, 1.99, 1.14, 1.63, 1.72, 1.63, 2.11, 2.92, 2.21, 1.91],
  tjk_283 = [1.82, 1.36, 2.32, 1.82, 1.17, 1.50, 2.30, 2.17, 1.00, 1.77, 1.45, 1.42, 1.80, 1.49, 1.63, 2.95, 1.45, 1.47, 2.34, 1.53],
  tjk_284 = [2.32, 1.47, 1.21, 1.08, 1.81, 1.68, 1.86, 1.83, 1.66, 1.48, 1.47, 1.00, 1.49, 2.39, 1.89, 2.15, 1.11, 2.71, 1.88, 2.13],
  tjk_285 = [1.43, 1.06, 1.77, 1.38, 1.44, 2.84, 1.48, 2.03, 2.04, 1.15, 1.81, 1.68, 1.56, 1.19, 1.63, 1.64, 1.70, 1.79, 1.08, 1.91],
  tjk_291 = [2.18, 1.55, 1.80, 1.26, 1.61, 1.60, 1.22, 1.92, 2.16, 2.28, 1.56, 2.40, 1.45, 1.06, 1.52, 1.13, 1.74, 2.00, 1.44, 1.68],
  tjk_292 = [2.02, 1.00, 1.42, 1.57, 1.15, 2.37, 2.01, 1.54, 2.79, 1.27, 1.67, 1.34, 1.18, 1.00, 1.83, 1.95, 1.77, 1.10, 1.70, 1.21],
  tjk_293 = [1.96, 1.36, 1.40, 1.37, 2.27, 1.00, 1.90, 1.28, 2.16, 2.06, 1.32, 1.91, 1.00, 2.22, 1.83, 1.53, 1.73, 1.64, 1.28, 1.57],
  tjk_294 = [1.97, 1.17, 1.67, 1.47, 1.60, 2.52, 1.12, 1.70, 1.54, 1.57, 2.06, 1.71, 1.68, 2.25, 1.78, 2.43, 1.95, 1.49, 1.57, 1.42],
  tjk_295 = [1.13, 1.62, 1.85, 1.59, 1.58, 1.58, 1.41, 1.71, 1.53, 1.56, 1.57, 1.38, 1.22, 1.02, 2.21, 1.57, 1.06, 1.96, 1.27, 1.46],
  tjk_301 = [1.24, 1.05, 1.23, 1.87, 1.00, 1.74, 1.92, 1.30, 2.34, 1.57, 1.31, 1.82, 2.15, 1.39, 1.77, 1.94, 1.10, 2.04, 1.21, 1.40],
  tjk_302 = [1.61, 1.49, 2.39, 1.56, 1.49, 1.00, 2.09, 2.23, 1.89, 1.47, 1.63, 1.48, 1.70, 1.92, 1.56, 2.57, 1.38, 1.07, 1.19, 2.21],
  tjk_303 = [1.16, 1.53, 1.83, 1.09, 1.59, 1.57, 1.51, 1.64, 1.60, 2.01, 1.86, 1.86, 1.35, 1.25, 2.44, 1.33, 1.73, 1.00, 1.91, 1.57],
  tjk_304 = [1.89, 1.28, 1.57, 1.60, 1.81, 1.75, 2.33, 1.08, 1.94, 1.06, 1.00, 1.29, 1.00, 1.39, 1.41, 2.03, 1.21, 1.28, 1.94, 1.64],
  tjk_305 = [1.80, 1.54, 2.53, 2.13, 1.23, 1.50, 1.91, 1.50, 2.47, 1.12, 2.32, 2.13, 2.20, 1.11, 1.90, 1.36, 1.30, 1.51, 1.22, 1.96],
  tjk_311 = [5.00, 5.00, 1.87, 5.00, 2.73, 1.58, 3.94, 5.00, 1.18, 5.00, 5.00, 5.00, 2.80, 2.20, 3.73, 5.00, 2.23, 2.47, 3.54, 1.44],
  tjk_312 = [2.76, 4.15, 5.00, 1.38, 2.07, 3.32, 4.72, 5.00, 2.21, 1.68, 1.41, 3.59, 1.46, 1.97, 3.74, 2.39, 3.98, 4.38, 2.84, 5.00],
  tjk_313 = [1.00, 3.19, 2.95, 4.37, 2.77, 1.50, 1.66, 1.21, 5.00, 2.47, 1.44, 2.90, 1.15, 2.52, 3.49, 2.55, 2.55, 3.64, 2.93, 5.00],
  tjk_314 = [1.89, 5.00, 1.40, 5.00, 3.15, 5.00, 1.56, 1.55, 4.34, 5.00, 5.00, 1.00, 2.23, 3.95, 1.15, 2.50, 2.19, 3.40, 4.01, 5.00],
  tjk_315 = [5.00, 1.13, 5.00, 5.00, 1.73, 1.95, 1.71, 5.00, 1.69, 4.99, 1.74, 3.51, 5.00, 2.65, 1.95, 2.58, 2.22, 2.41, 3.04, 3.31],
  tjk_321 = [4.65, 1.41, 2.92, 3.54, 5.00, 2.40, 2.79, 1.88, 4.88, 5.00, 1.34, 4.03, 3.81, 3.83, 2.44, 1.48, 3.77, 2.25, 3.02, 2.15],
  tjk_322 = [3.58, 2.19, 5.00, 2.21, 4.70, 3.61, 1.80, 3.63, 5.00, 2.40, 4.44, 1.58, 1.36, 4.17, 3.36, 2.79, 3.37, 3.07, 5.00, 1.78],
  tjk_323 = [3.93, 4.41, 2.37, 1.09, 2.91, 2.03, 5.00, 1.47, 1.58, 3.51, 3.51, 1.69, 5.00, 3.10, 3.58, 2.78, 1.83, 5.00, 5.00, 2.81],
  tjk_324 = [5.00, 1.68, 1.76, 4.58, 4.58, 3.67, 2.15, 1.77, 2.84, 2.12, 1.57, 1.92, 2.33, 5.00, 2.15, 2.54, 5.00, 5.00, 1.74, 1.51],
  tjk_325 = [2.27, 1.00, 5.00, 5.00, 3.86, 3.87, 5.00, 2.51, 2.95, 3.41, 1.53, 5.00, 4.82, 2.05, 1.35, 4.59, 2.82, 2.86, 2.11, 5.00],
  tjk_331 = [2.17, 1.97, 1.20, 1.26, 2.59, 1.69, 1.14, 1.98, 1.90, 1.77, 1.11, 2.08, 2.02, 1.44, 2.11, 1.46, 1.73, 2.55, 1.71, 1.43],
  tjk_332 = [1.56, 1.30, 2.54, 2.19, 2.73, 1.76, 1.52, 1.89, 1.24, 2.33, 3.51, 1.38, 1.37, 1.43, 1.99, 1.16, 1.33, 1.00, 1.58, 3.09],
  tjk_333 = [2.00, 1.93, 1.45, 1.64, 1.88, 1.71, 1.39, 1.34, 2.03, 1.63, 1.37, 1.53, 1.64, 1.45, 1.69, 1.86, 2.96, 1.59, 1.45, 2.47],
  tjk_334 = [1.49, 1.81, 1.26, 2.14, 1.00, 2.19, 1.74, 2.62, 1.59, 1.75, 1.60, 1.73, 1.00, 1.42, 1.70, 2.04, 1.89, 2.08, 1.89, 1.55],
  tjk_335 = [1.79, 1.83, 1.85, 2.01, 1.71, 1.04, 1.69, 2.08, 1.75, 1.70, 1.69, 2.36, 1.91, 1.36, 1.66, 1.66, 1.57, 1.50, 1.99, 1.48],
  tjk_341 = [2.02, 1.53, 2.83, 1.73, 2.11, 1.73, 2.31, 1.54, 1.60, 1.34, 1.43, 2.31, 2.86, 1.86, 1.76, 1.63, 1.76, 1.14, 1.96, 1.00],
  tjk_342 = [2.72, 1.85, 1.14, 1.73, 2.60, 3.89, 1.07, 1.43, 2.18, 1.87, 2.39, 1.45, 2.46, 1.98, 1.78, 1.37, 1.36, 1.81, 1.60, 1.44],
  tjk_343 = [1.44, 1.72, 1.38, 2.32, 1.50, 2.23, 2.02, 1.66, 1.89, 1.34, 1.54, 2.28, 1.58, 1.36, 1.65, 2.35, 2.48, 1.67, 1.17, 1.38],
  tjk_344 = [1.61, 2.01, 1.40, 1.89, 2.47, 1.52, 1.12, 1.70, 3.05, 1.51, 1.14, 1.39, 1.00, 2.37, 2.29, 1.50, 1.33, 2.13, 2.01, 2.47],
  tjk_345 = [1.74, 1.78, 1.54, 1.59, 2.07, 1.79, 2.55, 1.00, 1.42, 1.97, 1.29, 1.77, 1.78, 1.75, 1.20, 1.79, 1.70, 2.51, 2.17, 1.04],
  tjk_351 = [1.48, 2.37, 1.22, 1.53, 2.40, 2.07, 1.87, 1.32, 2.07, 1.28, 1.05, 3.00, 1.84, 1.95, 1.88, 2.24, 1.50, 1.24, 2.14, 2.18],
  tjk_352 = [2.46, 1.44, 1.55, 1.88, 2.05, 2.26, 1.79, 1.71, 1.38, 2.11, 1.84, 1.35, 1.08, 1.15, 1.97, 1.84, 1.38, 1.22, 1.98, 2.14],
  tjk_353 = [1.58, 2.96, 1.47, 1.86, 2.56, 1.25, 2.13, 2.51, 2.64, 1.97, 1.61, 1.18, 1.54, 1.96, 1.86, 1.40, 1.61, 1.31, 1.39, 1.70],
  tjk_354 = [1.97, 1.40, 2.12, 1.83, 1.91, 1.60, 1.84, 1.61, 1.22, 2.21, 1.57, 1.42, 2.28, 1.65, 1.62, 1.57, 1.71, 1.65, 1.91, 1.00],
  tjk_355 = [1.87, 1.12, 2.81, 1.40, 1.63, 2.80, 1.57, 1.45, 1.38, 2.74, 1.24, 1.76, 1.24, 3.02, 1.71, 1.85, 2.02, 1.29, 1.06, 1.21],
  tjk_361 = [3.00, 4.57, 5.00, 3.74, 1.84, 2.53, 4.45, 2.82, 3.14, 4.16, 3.98, 5.00, 5.00, 1.36, 3.88, 1.51, 2.92, 1.43, 2.49, 5.00],
  tjk_362 = [2.37, 1.38, 5.00, 5.00, 2.87, 2.10, 1.86, 2.11, 2.49, 3.43, 3.95, 5.00, 1.18, 3.84, 2.25, 5.00, 3.32, 5.00, 5.00, 3.00],
  tjk_363 = [4.30, 1.57, 1.47, 3.35, 2.95, 1.66, 2.60, 2.10, 2.42, 3.26, 1.00, 1.80, 2.37, 4.49, 3.50, 4.10, 2.71, 3.47, 1.63, 1.00],
  tjk_364 = [5.00, 5.00, 2.55, 2.72, 1.99, 5.00, 1.18, 5.00, 2.29, 5.00, 2.70, 2.06, 2.89, 5.00, 1.61, 3.77, 1.69, 2.86, 1.09, 2.70],
  tjk_365 = [2.30, 4.06, 1.76, 1.77, 5.00, 3.71, 2.33, 4.23, 4.06, 1.76, 2.50, 1.99, 2.68, 3.16, 1.94, 1.32, 2.62, 2.27, 2.14, 5.00],
  tjk_371 = [1.68, 1.36, 2.01, 1.76, 1.81, 1.52, 1.93, 1.83, 1.00, 2.49, 2.15, 2.72, 1.03, 1.57, 2.82, 1.92, 1.56, 1.87, 1.94, 1.30],
  tjk_372 = [2.19, 1.12, 1.59, 1.46, 1.58, 2.76, 1.84, 1.63, 2.00, 1.56, 1.75, 1.75, 2.40, 2.66, 2.32, 2.31, 1.99, 1.29, 2.42, 1.24],
  tjk_373 = [2.78, 1.56, 1.80, 1.57, 1.58, 1.71, 1.63, 1.59, 1.00, 2.27, 2.12, 1.68, 1.41, 1.74, 1.67, 1.56, 2.74, 1.67, 1.65, 2.27],
  tjk_374 = [1.15, 3.21, 1.23, 1.74, 1.22, 1.54, 2.28, 2.01, 2.18, 1.91, 1.80, 1.71, 1.82, 1.84, 2.09, 1.59, 1.41, 1.59, 1.81, 2.03],
  tjk_375 = [2.28, 1.86, 1.39, 1.13, 2.10, 1.72, 1.61, 1.24, 1.11, 1.81, 2.39, 1.13, 1.21, 1.33, 2.40, 1.06, 1.65, 1.16, 1.80, 2.48],
  tjk_381 = [2.71, 1.45, 1.18, 1.88, 1.76, 2.39, 2.07, 1.72, 1.61, 1.56, 2.00, 1.21, 1.70, 2.15, 1.67, 1.36, 2.07, 1.25, 2.26, 3.39],
  tjk_382 = [1.37, 1.86, 1.29, 1.54, 2.14, 1.31, 1.65, 1.09, 1.87, 1.97, 1.86, 1.82, 2.09, 1.00, 2.33, 1.60, 1.63, 2.26, 1.93, 2.29],
  tjk_383 = [1.39, 1.62, 2.11, 2.24, 1.68, 1.13, 1.81, 1.50, 1.34, 1.88, 1.35, 1.66, 1.74, 1.16, 1.98, 2.15, 2.18, 3.20, 1.36, 1.58],
  tjk_384 = [1.86, 2.19, 1.84, 1.50, 1.99, 1.81, 2.09, 1.72, 1.79, 2.30, 1.00, 1.42, 1.69, 1.98, 2.68, 1.41, 1.00, 1.14, 1.43, 1.52],
  tjk_385 = [2.46, 1.41, 1.55, 2.24, 1.92, 1.29, 2.46, 1.82, 1.71, 1.42, 1.11, 1.87, 1.52, 1.92, 1.56, 1.23, 1.73, 1.25, 1.37, 1.90],
  tjk_391 = [1.80, 1.66, 3.82, 3.51, 1.01, 3.63, 3.76, 2.63, 1.98, 5.00, 3.65, 5.00, 4.45, 3.42, 3.37, 2.94, 1.88, 5.00, 1.81, 5.00],
  tjk_392 = [1.74, 3.12, 1.79, 2.97, 1.88, 2.61, 3.05, 5.00, 2.07, 4.15, 1.00, 5.00, 5.00, 2.02, 2.15, 1.32, 1.94, 2.32, 3.44, 4.94],
  tjk_393 = [3.84, 2.23, 5.00, 3.40, 2.19, 3.59, 2.05, 1.72, 3.79, 2.58, 2.09, 2.41, 1.82, 2.64, 3.62, 3.06, 3.81, 2.53, 1.59, 1.86],
  tjk_394 = [5.00, 4.89, 2.35, 5.00, 1.00, 4.51, 3.36, 2.75, 2.15, 1.55, 1.87, 4.28, 5.00, 1.33, 1.58, 1.04, 3.51, 1.17, 2.99, 5.00],
  tjk_395 = [1.69, 3.54, 2.98, 3.28, 3.61, 3.17, 1.08, 3.03, 5.00, 1.48, 2.98, 5.00, 2.60, 5.00, 1.36, 3.40, 1.37, 1.71, 2.02, 3.11],
  tjk_401 = [1.92, 1.69, 1.76, 1.27, 1.75, 1.09, 1.76, 1.19, 1.64, 1.77, 2.49, 1.79, 1.75, 1.85, 1.89, 1.20, 1.13, 1.48, 1.42, 1.72],
  tjk_402 = [2.29, 1.00, 2.29, 2.06, 1.37, 1.31, 1.43, 2.04, 1.98, 1.97, 1.85, 2.06, 1.52, 1.59, 1.39, 1.13, 1.52, 1.41, 1.57, 1.80],
  tjk_403 = [1.62, 1.95, 1.94, 1.45, 1.59, 1.06, 1.67, 1.51, 1.54, 1.76, 1.78, 1.87, 1.45, 1.00, 2.90, 1.58, 1.64, 1.58, 2.42, 1.86],
  tjk_404 = [1.39, 1.56, 1.49, 1.88, 2.12, 2.04, 1.11, 1.59, 2.01, 2.24, 1.00, 2.39, 1.54, 1.60, 1.66, 1.34, 2.06, 1.39, 1.86, 2.61],
  tjk_405 = [2.25, 1.54, 2.29, 1.89, 2.02, 1.52, 1.67, 2.68, 1.19, 1.36, 1.92, 1.45, 2.59, 2.45, 1.31, 1.66, 1.02, 2.83, 1.97, 1.28],
]

Service Times (¦Î_{jk}^s) = [
  xi_11 = [4.03, 4.96, 1.50, 1.00, 6.01, 2.38, 3.97, 2.04, 1.28, 3.21, 1.96, 1.58, 2.41, 2.00, 2.15, 2.88, 2.20, 4.56, 2.90, 1.03],
  xi_12 = [3.91, 1.00, 2.40, 2.74, 2.54, 3.92, 2.47, 5.83, 1.10, 2.68, 2.60, 3.53, 1.87, 2.81, 6.37, 3.20, 2.85, 1.96, 2.32, 1.00],
  xi_13 = [2.26, 2.06, 2.20, 3.10, 2.74, 1.84, 3.59, 2.73, 1.82, 1.35, 3.49, 3.98, 2.68, 2.04, 7.06, 2.63, 1.37, 2.16, 1.50, 2.89],
  xi_14 = [3.62, 4.14, 1.32, 3.17, 4.18, 2.61, 2.12, 5.02, 2.32, 2.28, 2.39, 5.96, 1.99, 1.96, 2.64, 2.77, 1.99, 2.48, 2.31, 3.35],
  xi_15 = [1.62, 2.89, 1.81, 2.62, 4.47, 2.60, 7.28, 3.45, 4.32, 1.88, 1.43, 1.48, 2.08, 4.48, 1.37, 2.48, 3.33, 2.72, 2.92, 2.62],
  xi_21 = [10.00, 2.20, 5.79, 10.00, 4.77, 10.00, 10.00, 10.00, 10.00, 7.05, 10.00, 6.28, 10.00, 10.00, 10.00, 10.00, 10.00, 8.56, 10.00, 2.20],
  xi_22 = [10.00, 1.45, 6.43, 10.00, 4.96, 10.00, 10.00, 10.00, 2.55, 6.08, 10.00, 10.00, 10.00, 10.00, 3.55, 10.00, 10.00, 8.21, 5.85, 10.00],
  xi_23 = [8.07, 3.30, 10.00, 6.81, 10.00, 10.00, 6.05, 10.00, 10.00, 10.00, 3.65, 10.00, 10.00, 10.00, 7.07, 1.30, 4.00, 10.00, 10.00, 10.00],
  xi_24 = [8.16, 10.00, 2.62, 3.34, 10.00, 10.00, 10.00, 4.76, 5.46, 6.21, 6.15, 1.81, 10.00, 3.50, 5.61, 10.00, 2.19, 10.00, 1.52, 1.58],
  xi_25 = [10.00, 10.00, 7.05, 5.21, 10.00, 2.89, 10.00, 8.10, 10.00, 7.25, 4.57, 6.89, 8.62, 1.79, 10.00, 1.00, 10.00, 7.91, 2.10, 10.00],
  xi_31 = [2.46, 4.63, 1.39, 3.03, 1.71, 1.00, 4.29, 1.77, 4.45, 2.85, 3.20, 2.47, 6.37, 3.00, 1.19, 2.13, 3.92, 2.81, 2.18, 1.02],
  xi_32 = [4.41, 4.01, 1.00, 2.08, 2.82, 4.28, 1.89, 2.44, 2.54, 3.24, 2.52, 2.20, 5.17, 5.00, 3.04, 2.59, 2.82, 2.97, 1.39, 3.03],
  xi_33 = [2.97, 1.38, 1.76, 2.03, 7.65, 2.22, 2.63, 1.78, 5.67, 2.99, 1.94, 1.15, 4.69, 1.15, 4.37, 1.81, 3.10, 5.04, 6.66, 1.67],
  xi_34 = [2.19, 1.97, 3.91, 3.50, 1.48, 1.75, 3.52, 2.96, 2.57, 4.93, 1.67, 2.43, 2.52, 1.47, 4.02, 2.37, 1.59, 2.22, 7.18, 1.83],
  xi_35 = [3.03, 3.14, 1.30, 2.46, 2.60, 1.87, 1.78, 2.49, 1.14, 3.02, 1.49, 3.16, 2.51, 2.72, 1.23, 1.54, 2.21, 3.76, 1.00, 3.69],
  xi_41 = [3.77, 1.68, 1.36, 2.62, 1.67, 2.57, 4.10, 4.35, 2.21, 1.87, 3.03, 1.99, 1.14, 1.22, 4.45, 2.73, 3.08, 3.35, 3.68, 3.97],
  xi_42 = [2.47, 1.73, 4.02, 2.44, 4.39, 4.68, 1.00, 4.73, 3.77, 3.96, 3.40, 1.45, 3.14, 2.86, 1.88, 1.54, 4.18, 3.47, 6.58, 2.66],
  xi_43 = [4.03, 3.35, 1.78, 1.88, 3.85, 5.19, 1.35, 2.49, 1.22, 3.47, 3.33, 4.57, 1.50, 3.85, 1.83, 3.14, 2.71, 3.35, 1.39, 2.53],
  xi_44 = [1.67, 2.94, 1.53, 1.84, 1.67, 2.09, 3.32, 2.36, 6.76, 4.09, 10.00, 3.39, 2.53, 2.61, 4.92, 1.06, 1.00, 2.45, 6.81, 2.36],
  xi_45 = [1.33, 1.90, 6.56, 3.44, 2.62, 2.35, 1.49, 1.97, 1.25, 1.41, 3.22, 4.58, 2.82, 2.88, 1.94, 3.38, 1.13, 2.15, 2.47, 1.79],
  xi_51 = [10.00, 10.00, 1.00, 10.00, 6.82, 10.00, 4.22, 10.00, 4.21, 2.27, 10.00, 3.83, 7.87, 10.00, 10.00, 10.00, 10.00, 5.66, 1.49, 10.00],
  xi_52 = [3.04, 8.89, 4.67, 7.03, 10.00, 10.00, 10.00, 9.34, 10.00, 4.72, 10.00, 10.00, 1.00, 6.01, 1.18, 6.14, 10.00, 6.42, 10.00, 10.00],
  xi_53 = [6.43, 10.00, 4.03, 6.51, 2.32, 10.00, 10.00, 10.00, 10.00, 1.00, 1.37, 3.04, 10.00, 2.23, 1.72, 8.67, 5.33, 3.86, 4.97, 3.47],
  xi_54 = [7.27, 1.06, 1.20, 8.56, 10.00, 10.00, 3.72, 1.04, 10.00, 10.00, 10.00, 10.00, 1.82, 10.00, 6.65, 5.10, 6.33, 7.31, 10.00, 5.03],
  xi_55 = [7.83, 5.00, 10.00, 10.00, 10.00, 1.84, 10.00, 10.00, 10.00, 9.42, 2.24, 3.68, 10.00, 2.86, 6.85, 2.74, 7.49, 9.98, 9.57, 10.00],
  xi_61 = [4.57, 7.54, 8.15, 10.00, 6.38, 4.36, 8.05, 5.94, 9.57, 2.81, 8.88, 4.89, 10.00, 4.85, 7.77, 10.00, 10.00, 7.26, 2.11, 4.23],
  xi_62 = [1.00, 4.26, 10.00, 9.26, 10.00, 10.00, 10.00, 1.59, 3.64, 1.36, 10.00, 3.20, 2.76, 4.37, 4.22, 4.35, 2.51, 3.03, 4.22, 4.67],
  xi_63 = [3.28, 4.40, 2.07, 10.00, 7.94, 3.68, 3.21, 2.79, 4.98, 8.30, 10.00, 3.08, 7.58, 4.67, 10.00, 3.23, 3.87, 10.00, 3.81, 8.42],
  xi_64 = [10.00, 1.00, 6.70, 4.53, 10.00, 2.19, 10.00, 3.14, 9.18, 8.90, 2.56, 1.39, 9.07, 10.00, 10.00, 1.75, 1.09, 10.00, 4.51, 10.00],
  xi_65 = [5.61, 10.00, 7.00, 9.00, 2.08, 9.18, 3.45, 8.08, 3.47, 3.14, 10.00, 10.00, 4.41, 3.61, 5.84, 2.77, 4.96, 6.75, 10.00, 1.00],
  xi_71 = [4.02, 1.78, 3.19, 6.13, 7.51, 5.35, 6.65, 10.00, 6.50, 7.61, 10.00, 1.12, 4.06, 10.00, 5.51, 2.46, 2.88, 10.00, 8.56, 2.90],
  xi_72 = [8.36, 3.26, 7.41, 2.75, 2.98, 1.24, 10.00, 3.68, 1.55, 2.32, 1.26, 7.54, 10.00, 3.22, 7.05, 10.00, 3.49, 7.68, 10.00, 1.47],
  xi_73 = [1.00, 4.24, 2.69, 1.00, 8.16, 4.31, 6.33, 2.60, 10.00, 6.11, 10.00, 2.45, 8.53, 2.66, 1.41, 4.03, 1.88, 10.00, 2.54, 9.77],
  xi_74 = [2.29, 10.00, 10.00, 3.42, 10.00, 3.83, 4.38, 9.05, 4.71, 1.92, 2.78, 2.55, 5.84, 2.15, 5.23, 6.34, 9.41, 6.69, 9.80, 1.67],
  xi_75 = [10.00, 1.95, 8.49, 4.72, 10.00, 10.00, 6.35, 2.06, 3.69, 4.81, 10.00, 4.39, 2.50, 4.60, 10.00, 1.06, 6.18, 10.00, 2.62, 3.96],
  xi_81 = [10.00, 10.00, 5.50, 10.00, 8.66, 10.00, 10.00, 10.00, 6.21, 9.01, 2.86, 1.52, 2.88, 10.00, 2.94, 4.59, 10.00, 10.00, 6.42, 10.00],
  xi_82 = [10.00, 10.00, 6.15, 2.32, 3.61, 10.00, 5.42, 8.09, 10.00, 3.67, 3.06, 2.86, 1.42, 4.16, 10.00, 3.04, 3.92, 10.00, 10.00, 10.00],
  xi_83 = [3.48, 3.56, 10.00, 10.00, 6.19, 10.00, 2.21, 10.00, 5.18, 10.00, 5.82, 10.00, 7.95, 10.00, 10.00, 2.77, 4.87, 3.82, 10.00, 5.13],
  xi_84 = [5.39, 10.00, 1.93, 10.00, 10.00, 3.46, 1.00, 5.46, 10.00, 10.00, 10.00, 10.00, 1.80, 4.92, 9.79, 10.00, 4.91, 10.00, 10.00, 6.27],
  xi_85 = [5.51, 10.00, 4.67, 10.00, 10.00, 10.00, 5.55, 10.00, 8.44, 5.06, 7.71, 6.23, 10.00, 10.00, 2.38, 10.00, 1.84, 5.98, 1.49, 4.12],
  xi_91 = [5.84, 10.00, 4.34, 9.03, 10.00, 10.00, 4.16, 10.00, 10.00, 9.21, 6.48, 2.66, 10.00, 3.60, 1.80, 9.89, 10.00, 10.00, 2.49, 6.49],
  xi_92 = [8.41, 2.03, 10.00, 10.00, 1.37, 2.39, 2.37, 5.30, 9.62, 3.46, 1.04, 10.00, 5.48, 6.33, 8.41, 4.44, 10.00, 4.26, 8.77, 3.67],
  xi_93 = [10.00, 10.00, 10.00, 6.40, 10.00, 2.43, 10.00, 5.61, 3.97, 8.88, 6.63, 5.82, 10.00, 10.00, 3.70, 10.00, 10.00, 6.08, 1.28, 10.00],
  xi_94 = [6.51, 10.00, 10.00, 10.00, 9.21, 3.48, 5.24, 6.01, 3.62, 2.77, 10.00, 10.00, 4.18, 10.00, 7.53, 10.00, 1.83, 10.00, 8.00, 3.58],
  xi_95 = [10.00, 10.00, 1.74, 5.36, 10.00, 10.00, 3.38, 10.00, 2.52, 10.00, 3.25, 10.00, 10.00, 10.00, 2.18, 10.00, 10.00, 10.00, 5.52, 4.14],
  xi_101 = [10.00, 4.07, 10.00, 3.77, 10.00, 10.00, 1.00, 8.11, 10.00, 10.00, 10.00, 10.00, 3.66, 6.83, 4.25, 3.33, 10.00, 10.00, 10.00, 10.00],
  xi_102 = [1.00, 9.25, 10.00, 1.98, 10.00, 10.00, 10.00, 1.80, 10.00, 10.00, 6.22, 3.09, 10.00, 1.50, 9.56, 10.00, 1.40, 3.51, 5.88, 1.00],
  xi_103 = [10.00, 1.31, 10.00, 5.46, 3.56, 5.81, 10.00, 10.00, 10.00, 7.35, 2.01, 6.39, 10.00, 7.84, 10.00, 10.00, 10.00, 10.00, 10.00, 3.92],
  xi_104 = [7.66, 1.95, 10.00, 10.00, 10.00, 6.00, 10.00, 4.07, 9.35, 7.12, 7.17, 10.00, 10.00, 10.00, 7.00, 10.00, 9.51, 10.00, 3.78, 9.21],
  xi_105 = [4.02, 10.00, 7.05, 10.00, 5.07, 4.10, 5.89, 10.00, 3.95, 8.85, 3.49, 2.18, 3.26, 1.19, 3.49, 2.29, 10.00, 10.00, 10.00, 6.24],
  xi_111 = [2.00, 1.39, 1.65, 10.00, 3.60, 10.00, 5.91, 1.37, 4.74, 9.72, 3.34, 6.27, 10.00, 3.59, 3.20, 1.08, 3.50, 10.00, 10.00, 6.91],
  xi_112 = [1.00, 4.11, 1.00, 8.08, 7.66, 4.28, 10.00, 7.43, 6.90, 10.00, 6.51, 5.85, 9.72, 3.42, 4.14, 6.55, 5.43, 9.79, 10.00, 5.94],
  xi_113 = [1.91, 3.72, 4.08, 7.20, 4.32, 9.42, 4.98, 4.50, 5.08, 10.00, 10.00, 3.72, 1.14, 2.47, 10.00, 6.48, 10.00, 10.00, 5.70, 3.79],
  xi_114 = [8.13, 7.04, 6.80, 1.18, 9.51, 6.84, 3.50, 5.52, 5.13, 8.08, 5.92, 3.83, 2.31, 10.00, 3.18, 3.78, 2.04, 1.00, 5.67, 3.78],
  xi_115 = [5.12, 5.08, 10.00, 10.00, 5.13, 10.00, 10.00, 2.38, 10.00, 8.04, 2.40, 4.50, 10.00, 5.74, 10.00, 5.72, 8.58, 1.94, 5.27, 5.46],
  xi_121 = [1.63, 5.92, 1.85, 5.74, 10.00, 4.63, 10.00, 10.00, 10.00, 10.00, 1.65, 10.00, 10.00, 6.11, 10.00, 10.00, 10.00, 10.00, 10.00, 10.00],
  xi_122 = [2.37, 10.00, 10.00, 3.39, 7.90, 10.00, 10.00, 8.74, 7.10, 10.00, 3.73, 3.07, 10.00, 7.00, 2.46, 3.83, 9.73, 2.02, 10.00, 3.31],
  xi_123 = [4.18, 10.00, 3.15, 10.00, 10.00, 3.85, 7.16, 4.74, 10.00, 6.00, 2.85, 7.35, 10.00, 6.13, 10.00, 6.87, 7.89, 10.00, 1.00, 5.30],
  xi_124 = [10.00, 10.00, 6.36, 10.00, 3.29, 6.84, 10.00, 9.42, 10.00, 10.00, 10.00, 10.00, 3.88, 10.00, 5.38, 6.87, 2.28, 10.00, 4.29, 4.35],
  xi_125 = [10.00, 10.00, 6.31, 2.71, 10.00, 3.61, 10.00, 3.35, 1.03, 10.00, 10.00, 10.00, 10.00, 10.00, 5.06, 1.58, 10.00, 10.00, 10.00, 1.51],
  xi_131 = [1.78, 10.00, 10.00, 10.00, 5.75, 4.32, 5.03, 9.47, 5.51, 9.58, 10.00, 5.16, 10.00, 10.00, 1.25, 10.00, 4.91, 10.00, 10.00, 10.00],
  xi_132 = [10.00, 1.16, 10.00, 4.21, 10.00, 6.14, 7.08, 8.65, 10.00, 4.85, 5.73, 10.00, 2.68, 8.86, 10.00, 6.85, 7.58, 3.31, 9.01, 7.33],
  xi_133 = [10.00, 10.00, 10.00, 1.48, 10.00, 8.67, 10.00, 10.00, 4.46, 10.00, 10.00, 5.01, 10.00, 8.98, 10.00, 6.29, 8.94, 5.72, 8.64, 2.93],
  xi_134 = [1.00, 1.73, 4.18, 6.83, 10.00, 10.00, 3.94, 2.35, 10.00, 7.53, 10.00, 10.00, 10.00, 5.43, 10.00, 10.00, 4.71, 10.00, 4.38, 2.32],
  xi_135 = [10.00, 4.81, 7.91, 7.14, 8.85, 10.00, 8.52, 10.00, 2.22, 10.00, 4.70, 10.00, 3.06, 9.42, 10.00, 1.84, 7.49, 2.10, 1.13, 5.54],
  xi_141 = [10.00, 1.33, 7.04, 5.59, 1.00, 10.00, 2.72, 10.00, 4.32, 1.00, 10.00, 10.00, 9.54, 7.36, 10.00, 3.97, 4.68, 10.00, 5.56, 6.82],
  xi_142 = [10.00, 7.93, 10.00, 2.12, 7.48, 2.05, 3.96, 7.62, 3.46, 1.76, 6.26, 9.57, 10.00, 1.00, 10.00, 10.00, 6.53, 1.17, 4.38, 7.09],
  xi_143 = [2.38, 10.00, 2.23, 2.89, 3.18, 5.96, 4.43, 4.78, 10.00, 8.49, 6.00, 9.96, 6.52, 3.72, 6.47, 10.00, 1.60, 7.50, 7.43, 8.52],
  xi_144 = [7.28, 3.24, 10.00, 1.71, 8.35, 7.01, 3.89, 6.12, 10.00, 3.80, 1.00, 1.02, 8.35, 5.15, 1.93, 9.85, 10.00, 1.95, 4.41, 5.33],
  xi_145 = [10.00, 10.00, 8.89, 4.47, 10.00, 10.00, 1.41, 10.00, 5.41, 10.00, 4.18, 6.16, 4.83, 10.00, 2.06, 4.64, 7.32, 7.31, 8.87, 10.00],
  xi_151 = [6.96, 2.45, 5.99, 4.32, 1.92, 1.89, 3.74, 4.28, 4.72, 2.77, 2.29, 2.31, 2.51, 5.10, 1.29, 1.00, 2.09, 4.46, 1.93, 2.17],
  xi_152 = [2.70, 1.58, 1.00, 3.08, 2.67, 3.45, 1.97, 6.58, 5.07, 2.58, 1.00, 2.15, 3.20, 2.90, 2.39, 1.63, 3.81, 4.13, 1.69, 2.55],
  xi_153 = [1.71, 1.15, 1.37, 1.94, 4.01, 2.05, 2.40, 1.61, 1.72, 1.75, 6.32, 2.52, 1.80, 3.00, 4.39, 1.73, 3.69, 1.73, 2.23, 1.62],
  xi_154 = [2.55, 2.20, 3.74, 1.57, 3.05, 3.54, 1.00, 1.00, 3.75, 1.41, 5.06, 1.37, 3.33, 1.54, 1.03, 2.32, 1.00, 2.42, 4.28, 1.25],
  xi_155 = [1.59, 1.49, 6.71, 2.92, 4.76, 1.01, 3.08, 2.54, 1.90, 2.10, 1.97, 3.30, 2.01, 1.48, 3.45, 3.31, 1.35, 2.39, 4.75, 3.27],
  xi_161 = [9.94, 8.62, 10.00, 10.00, 10.00, 2.13, 6.37, 10.00, 1.92, 2.39, 10.00, 5.17, 1.98, 10.00, 7.32, 1.17, 1.67, 10.00, 1.00, 3.46],
  xi_162 = [4.62, 3.95, 2.74, 10.00, 6.37, 4.29, 2.21, 10.00, 10.00, 3.74, 1.02, 3.74, 10.00, 10.00, 6.17, 10.00, 4.66, 10.00, 3.76, 2.25],
  xi_163 = [2.26, 10.00, 2.47, 7.11, 4.04, 8.28, 5.33, 3.91, 3.45, 4.05, 4.70, 6.06, 1.00, 8.15, 9.37, 2.04, 4.28, 8.40, 2.62, 1.49],
  xi_164 = [10.00, 2.13, 6.28, 10.00, 2.36, 9.95, 10.00, 10.00, 4.04, 5.07, 3.53, 7.96, 1.05, 6.71, 10.00, 5.86, 4.93, 3.87, 9.20, 1.00],
  xi_165 = [5.65, 10.00, 7.89, 10.00, 5.15, 7.73, 2.50, 10.00, 4.27, 4.31, 8.31, 10.00, 10.00, 5.39, 5.68, 6.68, 10.00, 2.06, 10.00, 7.46],
  xi_171 = [2.77, 4.10, 1.69, 1.51, 5.31, 4.39, 3.29, 9.42, 10.00, 5.97, 3.98, 5.41, 1.94, 2.01, 3.30, 7.04, 8.51, 5.70, 1.00, 1.00],
  xi_172 = [4.54, 1.99, 3.79, 2.38, 1.00, 4.98, 10.00, 4.61, 10.00, 10.00, 8.39, 1.72, 3.03, 1.19, 10.00, 6.14, 5.68, 3.77, 8.84, 8.18],
  xi_173 = [9.49, 7.16, 9.14, 4.63, 7.05, 3.47, 10.00, 4.93, 7.63, 3.79, 7.42, 7.47, 6.53, 6.03, 4.57, 6.09, 3.19, 4.90, 3.10, 10.00],
  xi_174 = [2.42, 10.00, 7.69, 6.66, 7.94, 7.51, 3.99, 1.00, 10.00, 1.83, 10.00, 3.32, 10.00, 1.24, 7.94, 5.06, 6.04, 6.19, 5.34, 4.22],
  xi_175 = [2.04, 4.56, 4.10, 3.74, 2.57, 5.96, 7.25, 10.00, 10.00, 9.76, 7.60, 9.03, 9.42, 7.04, 10.00, 3.27, 10.00, 3.72, 4.53, 8.04],
  xi_181 = [4.50, 2.17, 1.19, 1.10, 2.13, 2.18, 2.62, 3.20, 1.00, 1.66, 3.40, 2.63, 7.24, 4.78, 2.12, 2.32, 1.26, 3.52, 2.64, 4.86],
  xi_182 = [4.56, 5.83, 1.75, 3.55, 2.26, 1.35, 3.43, 2.61, 5.48, 8.82, 3.90, 3.03, 4.98, 5.09, 4.01, 3.37, 1.42, 1.36, 3.06, 1.89],
  xi_183 = [3.03, 4.89, 3.58, 2.18, 2.53, 2.56, 10.00, 1.63, 3.26, 3.88, 1.54, 2.22, 1.05, 1.76, 2.52, 2.79, 4.52, 1.00, 2.09, 3.04],
  xi_184 = [2.23, 2.01, 4.56, 1.01, 2.99, 3.74, 2.37, 4.52, 2.00, 1.97, 7.18, 2.68, 1.57, 2.40, 1.53, 3.69, 5.22, 1.22, 1.75, 3.44],
  xi_185 = [2.86, 5.18, 2.42, 2.05, 2.07, 1.48, 1.59, 1.73, 1.78, 2.78, 2.37, 1.83, 2.45, 2.53, 2.74, 2.97, 3.56, 1.46, 3.41, 2.07],
  xi_191 = [3.52, 5.67, 4.71, 10.00, 1.07, 8.74, 10.00, 10.00, 10.00, 10.00, 10.00, 4.04, 2.06, 8.84, 1.30, 10.00, 10.00, 4.78, 3.80, 3.91],
  xi_192 = [9.55, 4.82, 10.00, 10.00, 5.93, 6.77, 2.13, 1.57, 8.33, 5.84, 5.65, 4.96, 2.73, 3.94, 10.00, 7.69, 8.57, 2.65, 10.00, 5.80],
  xi_193 = [7.99, 5.63, 10.00, 1.00, 10.00, 2.00, 7.46, 8.98, 9.36, 6.99, 10.00, 10.00, 6.79, 10.00, 10.00, 7.46, 10.00, 6.80, 10.00, 2.23],
  xi_194 = [5.81, 4.24, 10.00, 7.59, 10.00, 5.25, 10.00, 10.00, 1.00, 2.20, 10.00, 1.21, 1.26, 10.00, 5.29, 6.90, 8.19, 10.00, 8.26, 6.71],
  xi_195 = [1.32, 5.04, 10.00, 2.82, 10.00, 3.78, 10.00, 10.00, 10.00, 10.00, 8.82, 10.00, 10.00, 10.00, 10.00, 8.06, 10.00, 3.87, 10.00, 7.70],
  xi_201 = [10.00, 9.34, 10.00, 10.00, 6.69, 10.00, 9.89, 10.00, 4.89, 1.42, 2.24, 10.00, 6.85, 10.00, 10.00, 10.00, 1.80, 10.00, 10.00, 10.00],
  xi_202 = [4.20, 10.00, 10.00, 10.00, 4.97, 10.00, 10.00, 5.52, 10.00, 10.00, 2.60, 10.00, 10.00, 10.00, 9.95, 10.00, 10.00, 10.00, 5.21, 10.00],
  xi_203 = [10.00, 10.00, 4.49, 10.00, 10.00, 4.88, 7.95, 10.00, 5.75, 1.33, 10.00, 3.27, 8.16, 10.00, 10.00, 3.55, 1.20, 10.00, 8.12, 10.00],
  xi_204 = [3.95, 10.00, 3.77, 1.69, 10.00, 10.00, 5.42, 10.00, 10.00, 4.60, 4.85, 1.48, 8.32, 10.00, 10.00, 4.03, 10.00, 10.00, 1.61, 9.20],
  xi_205 = [10.00, 3.61, 8.18, 10.00, 10.00, 10.00, 10.00, 10.00, 10.00, 5.70, 2.39, 2.17, 10.00, 8.48, 10.00, 5.12, 7.90, 3.12, 10.00, 2.23],
  xi_211 = [10.00, 10.00, 10.00, 9.73, 3.24, 3.68, 10.00, 3.55, 10.00, 10.00, 10.00, 10.00, 1.93, 5.90, 3.72, 2.46, 10.00, 5.87, 10.00, 2.74],
  xi_212 = [9.97, 4.35, 6.94, 8.73, 10.00, 10.00, 10.00, 10.00, 10.00, 4.19, 2.51, 1.00, 7.11, 10.00, 10.00, 7.35, 3.96, 5.42, 2.80, 8.52],
  xi_213 = [9.26, 8.25, 10.00, 10.00, 9.71, 4.88, 10.00, 8.53, 2.83, 6.17, 5.73, 5.92, 10.00, 10.00, 7.91, 7.39, 10.00, 6.15, 1.88, 10.00],
  xi_214 = [2.23, 9.12, 9.39, 10.00, 7.90, 6.68, 10.00, 1.12, 10.00, 3.58, 9.95, 4.41, 10.00, 10.00, 1.81, 4.04, 2.13, 4.79, 8.57, 1.74],
  xi_215 = [4.39, 10.00, 8.54, 10.00, 10.00, 4.85, 4.56, 3.75, 10.00, 4.79, 7.22, 7.57, 8.33, 10.00, 3.54, 10.00, 10.00, 1.26, 1.00, 3.18],
  xi_221 = [2.20, 3.39, 1.31, 2.43, 4.26, 2.30, 6.04, 1.24, 1.82, 3.33, 3.71, 3.83, 2.69, 3.12, 1.59, 2.06, 5.13, 6.84, 4.58, 5.31],
  xi_222 = [2.30, 1.20, 2.16, 4.80, 1.91, 2.32, 6.14, 2.13, 3.23, 4.70, 4.62, 2.43, 1.37, 2.13, 2.45, 1.17, 3.54, 1.80, 1.78, 2.57],
  xi_223 = [2.31, 1.61, 2.83, 1.60, 2.32, 1.95, 2.04, 1.64, 1.27, 1.01, 1.47, 3.00, 4.18, 4.34, 3.24, 3.41, 1.29, 1.36, 4.49, 3.97],
  xi_224 = [2.49, 2.97, 2.84, 1.90, 1.62, 3.86, 1.26, 1.75, 2.28, 1.87, 2.49, 2.89, 1.74, 1.27, 2.11, 2.68, 2.51, 2.83, 1.98, 2.21],
  xi_225 = [3.94, 4.64, 3.24, 1.43, 1.99, 3.30, 4.89, 1.37, 3.34, 4.84, 4.49, 2.89, 2.07, 3.78, 5.97, 1.71, 1.49, 1.45, 5.38, 2.43],
  xi_231 = [10.00, 8.48, 5.33, 6.09, 1.75, 10.00, 3.66, 3.22, 7.80, 3.58, 4.31, 4.33, 5.71, 4.11, 10.00, 6.43, 7.09, 7.17, 2.81, 1.98],
  xi_232 = [4.93, 10.00, 2.77, 6.12, 9.58, 10.00, 1.56, 10.00, 10.00, 8.60, 4.19, 1.63, 10.00, 4.81, 10.00, 9.45, 2.17, 6.60, 1.31, 4.75],
  xi_233 = [9.66, 7.15, 1.92, 3.25, 10.00, 7.73, 3.24, 8.75, 4.24, 6.30, 10.00, 4.72, 10.00, 2.31, 2.55, 10.00, 2.84, 1.20, 1.98, 10.00],
  xi_234 = [3.49, 10.00, 5.21, 3.84, 9.83, 10.00, 8.33, 4.81, 10.00, 10.00, 2.14, 2.34, 9.09, 3.58, 10.00, 10.00, 3.00, 10.00, 10.00, 5.09],
  xi_235 = [1.74, 4.50, 4.13, 1.00, 10.00, 4.18, 2.06, 4.98, 10.00, 7.29, 10.00, 3.95, 1.42, 2.46, 4.43, 10.00, 7.04, 3.82, 2.52, 4.13],
  xi_241 = [4.15, 10.00, 1.00, 1.73, 4.81, 1.40, 2.13, 3.98, 3.76, 1.01, 2.03, 5.53, 10.00, 5.21, 8.91, 6.37, 8.46, 10.00, 1.85, 2.67],
  xi_242 = [1.00, 10.00, 10.00, 7.71, 10.00, 3.76, 4.81, 5.62, 1.00, 10.00, 7.37, 1.94, 10.00, 6.90, 6.59, 1.76, 1.83, 10.00, 4.29, 2.07],
  xi_243 = [9.33, 4.54, 2.27, 3.43, 7.19, 3.14, 1.83, 10.00, 3.27, 7.96, 1.07, 4.02, 7.26, 1.08, 9.30, 1.00, 6.16, 2.05, 1.60, 10.00],
  xi_244 = [5.93, 3.95, 2.05, 7.21, 5.43, 2.53, 3.51, 10.00, 7.24, 10.00, 9.38, 6.30, 4.40, 5.28, 10.00, 5.74, 10.00, 5.72, 3.48, 10.00],
  xi_245 = [10.00, 4.41, 3.64, 4.76, 2.57, 6.87, 1.98, 10.00, 1.00, 5.53, 2.90, 6.11, 10.00, 7.69, 2.65, 10.00, 4.89, 10.00, 3.52, 3.14],
  xi_251 = [1.70, 8.52, 6.17, 10.00, 6.41, 5.65, 10.00, 7.30, 10.00, 3.63, 10.00, 5.87, 10.00, 7.76, 3.44, 8.32, 8.68, 10.00, 10.00, 10.00],
  xi_252 = [10.00, 10.00, 10.00, 10.00, 8.23, 10.00, 1.56, 3.99, 7.15, 10.00, 10.00, 9.34, 10.00, 1.72, 10.00, 10.00, 8.32, 7.78, 1.72, 1.16],
  xi_253 = [6.88, 6.20, 7.37, 2.66, 5.85, 3.61, 10.00, 10.00, 9.05, 10.00, 10.00, 7.20, 10.00, 10.00, 6.10, 10.00, 10.00, 8.11, 10.00, 10.00],
  xi_254 = [10.00, 10.00, 2.89, 6.14, 5.40, 1.10, 10.00, 10.00, 7.03, 10.00, 10.00, 10.00, 10.00, 2.10, 2.89, 7.38, 10.00, 10.00, 10.00, 10.00],
  xi_255 = [8.80, 7.94, 10.00, 10.00, 8.07, 1.70, 1.00, 6.01, 9.35, 10.00, 8.20, 10.00, 5.31, 10.00, 10.00, 2.51, 10.00, 1.00, 2.48, 6.84],
  xi_261 = [1.89, 2.89, 1.46, 2.66, 2.65, 4.39, 3.14, 1.97, 2.71, 1.44, 1.42, 7.05, 1.26, 5.09, 5.58, 3.87, 3.38, 4.76, 2.15, 2.22],
  xi_262 = [3.56, 1.49, 3.09, 2.86, 1.31, 2.90, 3.17, 2.73, 2.65, 1.97, 2.67, 2.19, 2.33, 2.39, 10.00, 2.73, 2.30, 4.29, 1.99, 4.10],
  xi_263 = [3.28, 2.30, 3.85, 2.31, 1.19, 2.89, 1.55, 1.88, 5.55, 1.00, 3.25, 1.97, 3.32, 2.33, 2.51, 3.60, 1.19, 2.56, 5.35, 1.98],
  xi_264 = [2.07, 1.14, 1.04, 1.76, 2.19, 2.31, 1.99, 5.31, 2.56, 2.49, 2.01, 2.26, 1.65, 1.89, 1.75, 2.10, 1.82, 2.18, 2.94, 2.92],
  xi_265 = [2.49, 3.26, 1.41, 2.08, 1.00, 1.70, 2.96, 1.51, 2.02, 1.17, 1.27, 1.81, 2.32, 2.38, 2.49, 2.68, 5.73, 4.00, 2.38, 2.05],
  xi_271 = [10.00, 10.00, 10.00, 6.23, 2.64, 5.74, 2.89, 6.38, 3.96, 3.26, 7.28, 8.03, 8.26, 10.00, 2.33, 3.40, 1.91, 1.87, 1.00, 1.58],
  xi_272 = [8.67, 1.54, 10.00, 6.92, 5.00, 3.68, 10.00, 10.00, 5.75, 6.53, 8.73, 10.00, 10.00, 10.00, 3.10, 3.37, 1.42, 10.00, 4.44, 2.69],
  xi_273 = [10.00, 1.07, 6.79, 4.11, 10.00, 5.81, 2.78, 3.11, 1.00, 10.00, 10.00, 4.66, 2.94, 2.59, 4.53, 10.00, 10.00, 3.10, 2.70, 10.00],
  xi_274 = [2.03, 8.66, 1.08, 5.71, 6.13, 1.55, 10.00, 8.70, 2.03, 3.53, 1.11, 4.34, 5.59, 10.00, 10.00, 3.27, 7.44, 6.49, 2.89, 10.00],
  xi_275 = [4.29, 3.65, 9.11, 1.76, 10.00, 7.16, 2.64, 7.76, 10.00, 3.10, 6.93, 3.47, 3.96, 1.97, 3.19, 10.00, 3.22, 4.92, 2.46, 10.00],
  xi_281 = [8.21, 8.07, 5.85, 4.63, 2.56, 2.10, 10.00, 4.05, 8.13, 2.20, 4.84, 10.00, 5.68, 1.00, 2.79, 7.01, 10.00, 3.37, 1.50, 4.29],
  xi_282 = [9.18, 5.88, 6.01, 1.97, 6.57, 5.09, 10.00, 10.00, 2.63, 7.55, 10.00, 10.00, 2.26, 3.17, 8.63, 6.22, 5.51, 9.68, 4.43, 4.21],
  xi_283 = [2.97, 3.67, 8.95, 1.33, 4.26, 1.10, 3.65, 4.85, 10.00, 10.00, 7.28, 10.00, 3.87, 8.19, 10.00, 4.97, 8.73, 7.16, 6.69, 1.00],
  xi_284 = [6.50, 1.72, 2.99, 3.73, 4.17, 8.22, 2.96, 6.52, 2.57, 2.70, 1.63, 1.80, 9.94, 5.17, 3.40, 5.39, 2.76, 10.00, 10.00, 10.00],
  xi_285 = [2.24, 3.56, 5.81, 10.00, 10.00, 1.00, 10.00, 4.39, 8.44, 2.68, 5.33, 10.00, 1.00, 10.00, 10.00, 8.85, 3.69, 10.00, 2.95, 2.33],
  xi_291 = [2.97, 1.00, 10.00, 7.42, 1.87, 3.00, 10.00, 10.00, 4.92, 6.18, 3.82, 10.00, 3.91, 2.66, 3.33, 10.00, 10.00, 10.00, 1.84, 2.50],
  xi_292 = [5.25, 6.58, 10.00, 10.00, 2.19, 4.45, 4.40, 3.93, 2.67, 2.83, 10.00, 10.00, 1.87, 2.42, 1.91, 5.44, 2.30, 3.92, 10.00, 3.73],
  xi_293 = [2.11, 3.22, 2.11, 3.26, 10.00, 10.00, 10.00, 10.00, 1.01, 3.25, 1.41, 6.89, 10.00, 1.72, 10.00, 8.66, 1.85, 10.00, 10.00, 10.00],
  xi_294 = [8.67, 10.00, 5.65, 7.07, 3.57, 3.31, 10.00, 5.36, 3.54, 7.33, 4.15, 3.45, 10.00, 8.44, 10.00, 10.00, 5.60, 5.60, 2.34, 4.73],
  xi_295 = [4.64, 7.38, 4.11, 10.00, 9.34, 2.81, 10.00, 1.00, 7.73, 4.89, 7.32, 6.33, 10.00, 9.60, 10.00, 3.00, 8.81, 10.00, 7.47, 8.25],
  xi_301 = [10.00, 10.00, 7.91, 6.43, 6.01, 3.21, 4.27, 2.55, 7.37, 2.75, 5.90, 10.00, 1.39, 7.56, 4.50, 1.39, 2.73, 9.08, 1.00, 10.00],
  xi_302 = [8.47, 6.25, 2.08, 4.22, 5.94, 10.00, 10.00, 10.00, 3.93, 8.08, 2.68, 7.08, 6.29, 5.48, 1.76, 9.57, 4.46, 10.00, 10.00, 4.94],
  xi_303 = [8.15, 10.00, 10.00, 8.06, 2.50, 1.79, 10.00, 1.00, 4.99, 5.66, 10.00, 10.00, 2.22, 5.50, 3.10, 5.51, 10.00, 1.30, 3.93, 6.31],
  xi_304 = [7.67, 7.96, 6.81, 2.23, 6.40, 8.93, 4.11, 10.00, 2.38, 10.00, 4.42, 3.60, 1.16, 9.65, 4.21, 6.91, 2.87, 1.76, 5.19, 2.89],
  xi_305 = [3.00, 10.00, 9.94, 5.74, 5.32, 4.59, 7.72, 2.91, 8.35, 3.89, 4.30, 1.96, 7.91, 6.97, 2.71, 2.46, 1.80, 5.14, 6.12, 5.20],
  xi_311 = [9.29, 4.52, 3.03, 4.22, 9.50, 3.44, 10.00, 3.52, 2.87, 3.91, 4.78, 1.19, 2.67, 1.52, 8.10, 4.97, 5.11, 5.30, 6.70, 2.21],
  xi_312 = [5.07, 7.51, 4.83, 4.74, 8.65, 1.30, 4.47, 10.00, 2.15, 4.47, 3.04, 5.56, 10.00, 10.00, 9.50, 4.86, 10.00, 4.30, 6.92, 2.91],
  xi_313 = [2.06, 10.00, 4.29, 10.00, 5.28, 2.71, 6.43, 6.70, 5.13, 1.50, 10.00, 2.34, 9.44, 4.22, 10.00, 7.37, 1.86, 1.66, 3.43, 1.94],
  xi_314 = [9.07, 4.38, 2.14, 10.00, 4.73, 7.92, 1.78, 9.31, 9.86, 3.25, 7.37, 4.02, 4.72, 4.59, 3.43, 6.18, 4.91, 4.97, 5.04, 1.22],
  xi_315 = [5.22, 4.98, 7.52, 2.90, 6.37, 5.74, 3.87, 10.00, 5.81, 1.78, 2.10, 4.45, 6.27, 10.00, 5.32, 2.86, 2.62, 8.41, 3.25, 8.57],
  xi_321 = [6.38, 9.42, 10.00, 1.93, 3.04, 3.76, 1.79, 10.00, 10.00, 4.21, 10.00, 5.41, 10.00, 1.97, 3.51, 3.72, 7.33, 7.42, 3.51, 9.28],
  xi_322 = [2.98, 10.00, 1.00, 3.51, 4.36, 4.82, 2.48, 10.00, 10.00, 10.00, 6.80, 4.63, 1.91, 1.34, 3.51, 4.59, 1.89, 4.96, 10.00, 1.50],
  xi_323 = [5.63, 7.03, 7.11, 6.20, 4.93, 10.00, 1.07, 10.00, 4.81, 7.70, 1.18, 10.00, 4.31, 9.34, 4.02, 3.65, 1.00, 10.00, 1.01, 10.00],
  xi_324 = [3.67, 6.45, 3.19, 5.07, 1.67, 7.57, 5.04, 5.12, 6.98, 2.45, 3.73, 1.79, 1.17, 7.12, 7.61, 5.68, 2.67, 3.58, 10.00, 2.25],
  xi_325 = [5.44, 3.94, 2.20, 4.23, 10.00, 1.56, 5.26, 10.00, 5.61, 7.88, 2.41, 10.00, 4.57, 3.18, 5.57, 4.68, 8.39, 1.29, 3.24, 7.23],
  xi_331 = [2.17, 1.84, 2.17, 2.93, 4.96, 2.62, 3.50, 3.45, 2.48, 3.00, 2.49, 1.06, 1.55, 2.22, 3.21, 1.81, 2.67, 3.35, 1.00, 3.80],
  xi_332 = [4.30, 5.18, 1.00, 2.48, 1.77, 4.51, 1.90, 1.62, 1.05, 3.63, 3.41, 1.70, 3.65, 1.53, 3.84, 2.61, 1.74, 1.83, 1.62, 2.71],
  xi_333 = [4.29, 2.44, 1.49, 3.69, 2.33, 5.29, 1.79, 3.30, 4.14, 3.74, 4.04, 2.18, 7.17, 6.65, 3.77, 1.26, 1.01, 2.21, 2.02, 4.32],
  xi_334 = [4.73, 1.94, 3.05, 4.53, 3.14, 2.04, 2.34, 6.71, 2.31, 4.12, 2.72, 3.18, 4.45, 3.03, 1.28, 5.42, 3.44, 2.22, 2.34, 1.86],
  xi_335 = [1.57, 2.64, 5.36, 2.27, 2.80, 1.05, 2.64, 5.14, 1.42, 2.43, 2.54, 2.42, 1.18, 2.40, 3.13, 2.24, 1.65, 2.75, 2.89, 3.95],
  xi_341 = [2.85, 2.03, 2.30, 2.18, 1.00, 2.89, 3.17, 3.16, 1.17, 1.37, 2.54, 1.34, 2.57, 2.25, 1.00, 2.14, 5.24, 4.82, 2.25, 2.06],
  xi_342 = [4.65, 3.49, 8.26, 3.03, 2.27, 2.60, 1.53, 1.84, 2.69, 4.03, 3.36, 1.95, 1.00, 2.10, 2.52, 3.16, 4.01, 2.43, 1.54, 1.85],
  xi_343 = [2.00, 3.36, 2.23, 1.77, 3.41, 5.97, 1.90, 5.52, 2.46, 3.17, 4.54, 4.94, 3.35, 5.43, 1.18, 2.25, 2.51, 3.88, 2.15, 2.01],
  xi_344 = [3.33, 1.50, 4.07, 2.74, 1.66, 2.83, 2.85, 2.60, 5.88, 4.78, 2.25, 3.13, 1.70, 3.77, 2.90, 1.42, 5.24, 2.19, 3.73, 2.54],
  xi_345 = [3.65, 2.37, 2.86, 3.38, 2.25, 2.94, 2.11, 10.00, 3.45, 1.82, 3.69, 2.22, 1.75, 3.08, 2.86, 1.55, 2.65, 1.85, 2.17, 1.09],
  xi_351 = [4.84, 2.72, 1.42, 10.00, 10.00, 6.84, 6.86, 2.95, 2.68, 10.00, 7.66, 5.21, 4.77, 4.14, 2.46, 1.71, 1.00, 1.41, 2.81, 2.83],
  xi_352 = [10.00, 10.00, 7.26, 10.00, 3.55, 8.86, 10.00, 2.27, 4.04, 6.73, 10.00, 10.00, 1.27, 5.40, 3.93, 1.41, 7.44, 3.92, 5.42, 10.00],
  xi_353 = [9.29, 10.00, 4.17, 4.47, 7.63, 7.47, 3.16, 4.39, 3.56, 6.76, 5.05, 7.94, 4.65, 7.25, 10.00, 2.03, 4.02, 4.02, 2.78, 6.15],
  xi_354 = [10.00, 4.24, 2.60, 8.07, 6.30, 8.41, 7.79, 4.70, 4.50, 7.34, 10.00, 4.46, 7.11, 3.15, 3.26, 1.00, 8.96, 8.36, 10.00, 8.64],
  xi_355 = [6.24, 10.00, 10.00, 1.30, 4.89, 10.00, 10.00, 3.75, 7.04, 4.58, 2.02, 3.38, 2.79, 4.95, 2.11, 5.74, 2.99, 2.34, 4.10, 6.46],
  xi_361 = [2.07, 2.62, 2.20, 3.13, 1.89, 4.69, 2.03, 1.38, 1.32, 3.68, 1.80, 2.06, 1.64, 3.38, 5.62, 3.07, 3.40, 3.16, 3.04, 3.13],
  xi_362 = [2.83, 6.34, 1.36, 3.11, 2.11, 3.14, 1.85, 1.63, 4.26, 1.07, 2.08, 2.37, 1.78, 2.21, 1.00, 5.61, 1.51, 2.67, 3.09, 2.95],
  xi_363 = [3.40, 1.62, 1.68, 3.02, 3.18, 1.47, 3.77, 1.59, 2.80, 1.14, 2.00, 4.39, 2.49, 2.15, 3.75, 1.66, 1.97, 5.20, 1.75, 3.08],
  xi_364 = [1.00, 2.13, 1.19, 1.36, 3.82, 2.41, 1.11, 3.83, 3.32, 3.97, 2.77, 1.12, 3.64, 3.10, 2.11, 4.05, 1.60, 3.67, 1.53, 3.35],
  xi_365 = [4.56, 1.87, 2.34, 4.12, 4.31, 4.73, 2.12, 2.66, 3.18, 3.46, 1.30, 2.62, 5.04, 1.93, 7.13, 2.13, 2.71, 1.09, 2.43, 3.12],
  xi_371 = [1.88, 1.35, 10.00, 3.17, 10.00, 5.88, 10.00, 10.00, 2.93, 10.00, 3.16, 8.13, 1.00, 10.00, 6.83, 7.56, 10.00, 2.40, 6.26, 10.00],
  xi_372 = [8.63, 10.00, 10.00, 10.00, 10.00, 5.31, 7.02, 10.00, 3.42, 10.00, 10.00, 10.00, 5.81, 2.88, 10.00, 10.00, 10.00, 10.00, 10.00, 10.00],
  xi_373 = [2.54, 5.84, 10.00, 10.00, 8.30, 5.44, 10.00, 4.34, 6.62, 10.00, 3.98, 8.51, 10.00, 10.00, 10.00, 10.00, 5.16, 3.92, 10.00, 6.37],
  xi_374 = [10.00, 2.64, 7.38, 5.96, 10.00, 4.90, 2.33, 10.00, 10.00, 1.00, 9.81, 10.00, 1.00, 6.98, 7.21, 10.00, 3.18, 10.00, 3.59, 10.00],
  xi_375 = [6.68, 10.00, 10.00, 10.00, 10.00, 6.41, 10.00, 4.63, 10.00, 6.24, 10.00, 1.59, 3.50, 7.15, 9.51, 10.00, 3.22, 10.00, 10.00, 10.00],
  xi_381 = [6.04, 10.00, 10.00, 10.00, 3.15, 4.31, 6.25, 10.00, 10.00, 10.00, 9.42, 10.00, 9.61, 3.65, 10.00, 10.00, 10.00, 5.59, 5.20, 10.00],
  xi_382 = [3.28, 7.46, 10.00, 10.00, 10.00, 6.75, 5.29, 10.00, 10.00, 6.30, 9.88, 1.00, 5.10, 10.00, 8.11, 9.02, 2.49, 10.00, 10.00, 10.00],
  xi_383 = [7.33, 3.03, 10.00, 8.75, 5.06, 10.00, 10.00, 1.57, 6.95, 10.00, 2.48, 1.46, 9.68, 10.00, 10.00, 5.36, 4.40, 10.00, 1.66, 5.46],
  xi_384 = [6.21, 3.78, 8.98, 10.00, 5.44, 6.05, 5.93, 10.00, 1.84, 1.89, 9.71, 5.94, 6.08, 2.71, 10.00, 10.00, 6.61, 10.00, 3.17, 7.52],
  xi_385 = [7.31, 10.00, 8.15, 10.00, 10.00, 3.80, 10.00, 2.68, 10.00, 10.00, 9.05, 5.84, 9.86, 10.00, 10.00, 1.20, 7.08, 1.95, 10.00, 5.58],
  xi_391 = [5.15, 6.63, 5.30, 5.77, 10.00, 3.74, 10.00, 10.00, 10.00, 10.00, 10.00, 10.00, 10.00, 10.00, 10.00, 10.00, 10.00, 6.14, 5.98, 10.00],
  xi_392 = [2.78, 2.28, 2.54, 2.69, 10.00, 5.37, 3.50, 5.79, 3.47, 7.07, 10.00, 10.00, 10.00, 10.00, 10.00, 4.28, 10.00, 10.00, 10.00, 7.45],
  xi_393 = [6.82, 10.00, 10.00, 10.00, 3.25, 10.00, 10.00, 10.00, 9.14, 10.00, 3.41, 10.00, 4.03, 10.00, 10.00, 10.00, 10.00, 1.07, 10.00, 10.00],
  xi_394 = [2.70, 10.00, 9.33, 2.15, 4.39, 4.95, 10.00, 1.22, 10.00, 10.00, 7.97, 10.00, 7.17, 10.00, 2.88, 10.00, 10.00, 10.00, 1.70, 8.88],
  xi_395 = [10.00, 4.97, 10.00, 10.00, 8.74, 10.00, 8.32, 1.86, 5.99, 10.00, 1.97, 4.62, 2.65, 10.00, 3.43, 10.00, 3.27, 6.25, 10.00, 10.00],
  xi_401 = [4.02, 6.84, 2.84, 1.34, 2.83, 2.09, 5.59, 1.39, 1.00, 2.90, 1.49, 1.91, 1.97, 2.52, 1.55, 1.16, 1.41, 3.66, 2.69, 1.94],
  xi_402 = [1.58, 2.02, 1.65, 2.11, 3.15, 1.00, 1.51, 3.53, 2.19, 2.99, 3.51, 2.46, 1.41, 1.36, 1.94, 1.98, 2.72, 1.20, 4.22, 3.61],
  xi_403 = [1.94, 3.40, 2.32, 2.15, 1.29, 4.49, 2.13, 1.66, 7.28, 2.27, 3.48, 3.40, 2.13, 2.64, 1.10, 2.30, 6.45, 3.40, 3.22, 2.34],
  xi_404 = [2.42, 2.37, 1.64, 2.96, 3.70, 2.88, 3.11, 1.60, 2.45, 4.44, 4.47, 1.60, 2.25, 1.15, 1.73, 1.00, 3.66, 1.72, 2.36, 1.39],
  xi_405 = [2.60, 3.05, 2.93, 2.24, 2.05, 2.10, 2.27, 2.31, 2.92, 5.19, 2.49, 3.97, 3.55, 3.32, 4.45, 2.33, 2.98, 2.96, 1.40, 2.75],
]

Transportation Costs (cjk) = [
  [6.55, 2.22, 0.10, 11.16, 0.10],
  [2.11, 7.89, 22.38, 0.10, 20.54],
  [7.84, 1.70, 1.54, 0.10, 0.10],
  [13.23, 10.83, 0.10, 5.63, 18.92],
  [0.10, 0.10, 1.67, 1.24, 0.10],
  [4.49, 11.23, 15.41, 8.99, 7.70],
  [1.92, 0.10, 0.61, 0.93, 8.65],
  [18.73, 13.96, 3.66, 0.60, 9.23],
  [0.10, 0.10, 0.10, 4.87, 3.83],
  [2.35, 0.10, 10.53, 2.79, 0.10],
  [21.66, 22.05, 0.10, 10.95, 14.79],
  [2.78, 0.10, 8.41, 0.10, 0.10],
  [0.10, 2.72, 9.61, 0.10, 4.48],
  [3.65, 0.10, 24.84, 16.70, 2.93],
  [14.48, 6.41, 3.81, 16.02, 2.33],
  [2.06, 0.10, 0.10, 7.22, 0.10],
  [19.15, 18.99, 9.22, 8.24, 0.10],
  [0.10, 0.10, 0.10, 30.45, 6.92],
  [10.87, 16.29, 11.68, 15.80, 0.10],
  [3.88, 21.01, 0.10, 0.10, 6.55],
  [3.71, 1.80, 1.79, 4.59, 6.65],
  [0.10, 1.22, 6.52, 6.80, 30.01],
  [0.10, 26.63, 3.13, 0.10, 22.76],
  [0.10, 2.57, 0.10, 2.11, 19.14],
  [0.10, 18.28, 0.36, 4.60, 0.10],
  [12.31, 14.42, 30.47, 0.10, 5.55],
  [5.48, 1.11, 11.68, 6.73, 4.50],
  [1.85, 0.45, 0.10, 0.10, 0.10],
  [2.45, 15.03, 44.13, 13.51, 8.64],
  [1.60, 11.24, 18.56, 0.10, 22.03],
  [0.10, 0.10, 0.10, 13.85, 0.10],
  [11.38, 29.19, 0.10, 0.10, 0.10],
  [16.11, 0.10, 12.34, 2.02, 6.00],
  [1.80, 0.10, 0.10, 10.76, 0.10],
  [0.84, 2.72, 18.87, 27.79, 0.23],
  [14.27, 3.80, 0.10, 6.63, 0.10],
  [3.65, 2.39, 0.10, 0.10, 3.48],
  [0.10, 3.48, 5.16, 3.94, 14.88],
  [0.10, 8.69, 4.17, 1.23, 1.62],
  [0.10, 0.10, 5.19, 9.73, 0.10],
]

Mean Service Times (¦Ì_{jk}) = [
  mu_11 = [2.70],
  mu_12 = [2.85],
  mu_13 = [2.67],
  mu_14 = [2.93],
  mu_15 = [2.89],
  mu_21 = [8.34],
  mu_22 = [7.95],
  mu_23 = [8.01],
  mu_24 = [6.15],
  mu_25 = [7.17],
  mu_31 = [2.79],
  mu_32 = [2.97],
  mu_33 = [3.13],
  mu_34 = [2.80],
  mu_35 = [2.31],
  mu_41 = [2.74],
  mu_42 = [3.22],
  mu_43 = [2.84],
  mu_44 = [3.27],
  mu_45 = [2.53],
  mu_51 = [7.37],
  mu_52 = [7.42],
  mu_53 = [5.75],
  mu_54 = [6.76],
  mu_55 = [7.47],
  mu_61 = [6.87],
  mu_62 = [5.22],
  mu_63 = [5.77],
  mu_64 = [6.30],
  mu_65 = [6.02],
  mu_71 = [5.81],
  mu_72 = [5.26],
  mu_73 = [4.99],
  mu_74 = [5.60],
  mu_75 = [5.87],
  mu_81 = [7.53],
  mu_82 = [6.39],
  mu_83 = [7.05],
  mu_84 = [7.25],
  mu_85 = [6.95],
  mu_91 = [7.30],
  mu_92 = [5.87],
  mu_93 = [7.54],
  mu_94 = [7.10],
  mu_95 = [7.40],
  mu_101 = [7.75],
  mu_102 = [6.31],
  mu_103 = [7.68],
  mu_104 = [8.14],
  mu_105 = [6.05],
  mu_111 = [5.41],
  mu_112 = [6.39],
  mu_113 = [5.92],
  mu_114 = [5.16],
  mu_115 = [6.77],
  mu_121 = [7.88],
  mu_122 = [6.73],
  mu_123 = [6.82],
  mu_124 = [7.65],
  mu_125 = [7.26],
  mu_131 = [7.64],
  mu_132 = [7.17],
  mu_133 = [8.06],
  mu_134 = [6.72],
  mu_135 = [6.74],
  mu_141 = [6.55],
  mu_142 = [6.12],
  mu_143 = [6.10],
  mu_144 = [5.52],
  mu_145 = [7.28],
  mu_151 = [3.21],
  mu_152 = [2.81],
  mu_153 = [2.44],
  mu_154 = [2.37],
  mu_155 = [2.77],
  mu_161 = [6.16],
  mu_162 = [5.98],
  mu_163 = [4.95],
  mu_164 = [6.20],
  mu_165 = [7.15],
  mu_171 = [4.42],
  mu_172 = [5.51],
  mu_173 = [6.33],
  mu_174 = [5.92],
  mu_175 = [6.63],
  mu_181 = [2.83],
  mu_182 = [3.59],
  mu_183 = [3.00],
  mu_184 = [2.90],
  mu_185 = [2.47],
  mu_191 = [6.62],
  mu_192 = [6.35],
  mu_193 = [7.63],
  mu_194 = [6.70],
  mu_195 = [8.07],
  mu_201 = [8.16],
  mu_202 = [8.62],
  mu_203 = [7.44],
  mu_204 = [6.95],
  mu_205 = [7.44],
  mu_211 = [7.14],
  mu_212 = [7.14],
  mu_213 = [7.73],
  mu_214 = [6.37],
  mu_215 = [6.65],
  mu_221 = [3.36],
  mu_222 = [2.74],
  mu_223 = [2.47],
  mu_224 = [2.28],
  mu_225 = [3.23],
  mu_231 = [5.69],
  mu_232 = [6.42],
  mu_233 = [5.89],
  mu_234 = [7.04],
  mu_235 = [4.98],
  mu_241 = [4.75],
  mu_242 = [5.83],
  mu_243 = [4.82],
  mu_244 = [6.41],
  mu_245 = [5.58],
  mu_251 = [7.67],
  mu_252 = [7.55],
  mu_253 = [8.15],
  mu_254 = [7.75],
  mu_255 = [6.96],
  mu_261 = [3.10],
  mu_262 = [3.04],
  mu_263 = [2.69],
  mu_264 = [2.22],
  mu_265 = [2.34],
  mu_271 = [5.34],
  mu_272 = [6.59],
  mu_273 = [5.76],
  mu_274 = [5.53],
  mu_275 = [5.48],
  mu_281 = [5.31],
  mu_282 = [6.45],
  mu_283 = [5.93],
  mu_284 = [5.11],
  mu_285 = [6.11],
  mu_291 = [5.77],
  mu_292 = [5.20],
  mu_293 = [6.28],
  mu_294 = [6.44],
  mu_295 = [7.13],
  mu_301 = [5.70],
  mu_302 = [6.56],
  mu_303 = [6.00],
  mu_304 = [5.46],
  mu_305 = [5.30],
  mu_311 = [4.84],
  mu_312 = [6.01],
  mu_313 = [5.32],
  mu_314 = [5.44],
  mu_315 = [5.40],
  mu_321 = [6.13],
  mu_322 = [5.01],
  mu_323 = [5.95],
  mu_324 = [4.64],
  mu_325 = [5.33],
  mu_331 = [2.61],
  mu_332 = [2.60],
  mu_333 = [3.36],
  mu_334 = [3.24],
  mu_335 = [2.62],
  mu_341 = [2.42],
  mu_342 = [2.92],
  mu_343 = [3.20],
  mu_344 = [3.06],
  mu_345 = [2.89],
  mu_351 = [4.61],
  mu_352 = [6.58],
  mu_353 = [5.74],
  mu_354 = [6.45],
  mu_355 = [5.23],
  mu_361 = [2.77],
  mu_362 = [2.65],
  mu_363 = [2.61],
  mu_364 = [2.55],
  mu_365 = [3.14],
  mu_371 = [6.53],
  mu_372 = [8.65],
  mu_373 = [7.55],
  mu_374 = [6.80],
  mu_375 = [7.95],
  mu_381 = [8.16],
  mu_382 = [7.73],
  mu_383 = [6.66],
  mu_384 = [6.59],
  mu_385 = [7.63],
  mu_391 = [8.44],
  mu_392 = [6.86],
  mu_393 = [8.39],
  mu_394 = [7.17],
  mu_395 = [7.10],
  mu_401 = [2.56],
  mu_402 = [2.31],
  mu_403 = [2.97],
  mu_404 = [2.44],
  mu_405 = [2.89],
]

Mean Transportation Times (¦Ó_{jk}) = [
  tau_11 = [2.65],
  tau_12 = [3.53],
  tau_13 = [3.08],
  tau_14 = [3.56],
  tau_15 = [2.84],
  tau_21 = [2.98],
  tau_22 = [2.98],
  tau_23 = [2.74],
  tau_24 = [3.29],
  tau_25 = [2.86],
  tau_31 = [3.03],
  tau_32 = [2.82],
  tau_33 = [2.78],
  tau_34 = [2.72],
  tau_35 = [3.54],
  tau_41 = [2.98],
  tau_42 = [3.45],
  tau_43 = [2.65],
  tau_44 = [3.09],
  tau_45 = [2.82],
  tau_51 = [1.59],
  tau_52 = [1.71],
  tau_53 = [1.63],
  tau_54 = [1.75],
  tau_55 = [1.80],
  tau_61 = [1.57],
  tau_62 = [1.59],
  tau_63 = [1.60],
  tau_64 = [1.65],
  tau_65 = [1.78],
  tau_71 = [3.19],
  tau_72 = [2.95],
  tau_73 = [3.19],
  tau_74 = [2.99],
  tau_75 = [3.48],
  tau_81 = [2.75],
  tau_82 = [2.68],
  tau_83 = [3.54],
  tau_84 = [2.96],
  tau_85 = [3.25],
  tau_91 = [3.75],
  tau_92 = [3.14],
  tau_93 = [3.36],
  tau_94 = [3.05],
  tau_95 = [2.93],
  tau_101 = [1.69],
  tau_102 = [1.72],
  tau_103 = [1.76],
  tau_104 = [1.70],
  tau_105 = [1.77],
  tau_111 = [3.27],
  tau_112 = [3.88],
  tau_113 = [2.89],
  tau_114 = [3.63],
  tau_115 = [2.74],
  tau_121 = [1.85],
  tau_122 = [1.64],
  tau_123 = [1.67],
  tau_124 = [1.62],
  tau_125 = [1.72],
  tau_131 = [2.04],
  tau_132 = [1.74],
  tau_133 = [1.67],
  tau_134 = [1.70],
  tau_135 = [1.80],
  tau_141 = [3.56],
  tau_142 = [4.18],
  tau_143 = [3.30],
  tau_144 = [4.38],
  tau_145 = [3.91],
  tau_151 = [2.99],
  tau_152 = [3.43],
  tau_153 = [2.87],
  tau_154 = [3.11],
  tau_155 = [3.47],
  tau_161 = [3.33],
  tau_162 = [2.87],
  tau_163 = [3.43],
  tau_164 = [3.27],
  tau_165 = [2.35],
  tau_171 = [3.49],
  tau_172 = [2.87],
  tau_173 = [2.72],
  tau_174 = [2.84],
  tau_175 = [3.28],
  tau_181 = [2.98],
  tau_182 = [3.18],
  tau_183 = [3.22],
  tau_184 = [3.08],
  tau_185 = [2.97],
  tau_191 = [1.90],
  tau_192 = [1.79],
  tau_193 = [1.77],
  tau_194 = [1.82],
  tau_195 = [1.55],
  tau_201 = [1.65],
  tau_202 = [1.65],
  tau_203 = [1.58],
  tau_204 = [1.77],
  tau_205 = [1.69],
  tau_211 = [1.83],
  tau_212 = [1.83],
  tau_213 = [1.72],
  tau_214 = [1.56],
  tau_215 = [1.68],
  tau_221 = [1.64],
  tau_222 = [1.61],
  tau_223 = [1.75],
  tau_224 = [1.74],
  tau_225 = [1.68],
  tau_231 = [3.32],
  tau_232 = [3.53],
  tau_233 = [3.17],
  tau_234 = [3.06],
  tau_235 = [3.53],
  tau_241 = [2.02],
  tau_242 = [1.60],
  tau_243 = [1.83],
  tau_244 = [1.73],
  tau_245 = [1.61],
  tau_251 = [2.63],
  tau_252 = [3.07],
  tau_253 = [3.43],
  tau_254 = [3.67],
  tau_255 = [2.85],
  tau_261 = [3.28],
  tau_262 = [3.34],
  tau_263 = [2.68],
  tau_264 = [2.90],
  tau_265 = [2.93],
  tau_271 = [3.27],
  tau_272 = [3.06],
  tau_273 = [3.58],
  tau_274 = [2.79],
  tau_275 = [3.44],
  tau_281 = [1.51],
  tau_282 = [1.71],
  tau_283 = [1.74],
  tau_284 = [1.73],
  tau_285 = [1.63],
  tau_291 = [1.68],
  tau_292 = [1.60],
  tau_293 = [1.64],
  tau_294 = [1.73],
  tau_295 = [1.51],
  tau_301 = [1.57],
  tau_302 = [1.70],
  tau_303 = [1.59],
  tau_304 = [1.53],
  tau_305 = [1.74],
  tau_311 = [3.49],
  tau_312 = [3.15],
  tau_313 = [2.71],
  tau_314 = [3.22],
  tau_315 = [3.08],
  tau_321 = [3.13],
  tau_322 = [3.25],
  tau_323 = [3.13],
  tau_324 = [2.95],
  tau_325 = [3.35],
  tau_331 = [1.77],
  tau_332 = [1.84],
  tau_333 = [1.75],
  tau_334 = [1.72],
  tau_335 = [1.73],
  tau_341 = [1.82],
  tau_342 = [1.91],
  tau_343 = [1.75],
  tau_344 = [1.80],
  tau_345 = [1.72],
  tau_351 = [1.83],
  tau_352 = [1.73],
  tau_353 = [1.82],
  tau_354 = [1.71],
  tau_355 = [1.76],
  tau_361 = [3.39],
  tau_362 = [3.31],
  tau_363 = [2.59],
  tau_364 = [3.10],
  tau_365 = [2.83],
  tau_371 = [1.81],
  tau_372 = [1.89],
  tau_373 = [1.80],
  tau_374 = [1.81],
  tau_375 = [1.64],
  tau_381 = [1.87],
  tau_382 = [1.75],
  tau_383 = [1.75],
  tau_384 = [1.72],
  tau_385 = [1.69],
  tau_391 = [3.27],
  tau_392 = [2.88],
  tau_393 = [2.79],
  tau_394 = [3.02],
  tau_395 = [2.87],
  tau_401 = [1.63],
  tau_402 = [1.68],
  tau_403 = [1.71],
  tau_404 = [1.74],
  tau_405 = [1.84],
]

Epsilon + ¦Ì_{jk} = [
  epsilon_plus_mu_11 = [4.05],
  epsilon_plus_mu_12 = [4.28],
  epsilon_plus_mu_13 = [4.01],
  epsilon_plus_mu_14 = [4.40],
  epsilon_plus_mu_15 = [4.34],
  epsilon_plus_mu_21 = [12.51],
  epsilon_plus_mu_22 = [11.93],
  epsilon_plus_mu_23 = [12.02],
  epsilon_plus_mu_24 = [9.22],
  epsilon_plus_mu_25 = [10.75],
  epsilon_plus_mu_31 = [4.19],
  epsilon_plus_mu_32 = [4.46],
  epsilon_plus_mu_33 = [4.70],
  epsilon_plus_mu_34 = [4.21],
  epsilon_plus_mu_35 = [3.46],
  epsilon_plus_mu_41 = [4.11],
  epsilon_plus_mu_42 = [4.83],
  epsilon_plus_mu_43 = [4.26],
  epsilon_plus_mu_44 = [4.91],
  epsilon_plus_mu_45 = [3.80],
  epsilon_plus_mu_51 = [11.05],
  epsilon_plus_mu_52 = [11.13],
  epsilon_plus_mu_53 = [8.62],
  epsilon_plus_mu_54 = [10.13],
  epsilon_plus_mu_55 = [11.21],
  epsilon_plus_mu_61 = [10.30],
  epsilon_plus_mu_62 = [7.83],
  epsilon_plus_mu_63 = [8.65],
  epsilon_plus_mu_64 = [9.45],
  epsilon_plus_mu_65 = [9.03],
  epsilon_plus_mu_71 = [8.72],
  epsilon_plus_mu_72 = [7.89],
  epsilon_plus_mu_73 = [7.48],
  epsilon_plus_mu_74 = [8.40],
  epsilon_plus_mu_75 = [8.80],
  epsilon_plus_mu_81 = [11.29],
  epsilon_plus_mu_82 = [9.58],
  epsilon_plus_mu_83 = [10.57],
  epsilon_plus_mu_84 = [10.87],
  epsilon_plus_mu_85 = [10.42],
  epsilon_plus_mu_91 = [10.95],
  epsilon_plus_mu_92 = [8.80],
  epsilon_plus_mu_93 = [11.31],
  epsilon_plus_mu_94 = [10.65],
  epsilon_plus_mu_95 = [11.11],
  epsilon_plus_mu_101 = [11.63],
  epsilon_plus_mu_102 = [9.46],
  epsilon_plus_mu_103 = [11.52],
  epsilon_plus_mu_104 = [12.21],
  epsilon_plus_mu_105 = [9.08],
  epsilon_plus_mu_111 = [8.12],
  epsilon_plus_mu_112 = [9.59],
  epsilon_plus_mu_113 = [8.89],
  epsilon_plus_mu_114 = [7.74],
  epsilon_plus_mu_115 = [10.15],
  epsilon_plus_mu_121 = [11.82],
  epsilon_plus_mu_122 = [10.10],
  epsilon_plus_mu_123 = [10.24],
  epsilon_plus_mu_124 = [11.47],
  epsilon_plus_mu_125 = [10.89],
  epsilon_plus_mu_131 = [11.46],
  epsilon_plus_mu_132 = [10.76],
  epsilon_plus_mu_133 = [12.09],
  epsilon_plus_mu_134 = [10.08],
  epsilon_plus_mu_135 = [10.10],
  epsilon_plus_mu_141 = [9.82],
  epsilon_plus_mu_142 = [9.18],
  epsilon_plus_mu_143 = [9.15],
  epsilon_plus_mu_144 = [8.28],
  epsilon_plus_mu_145 = [10.92],
  epsilon_plus_mu_151 = [4.81],
  epsilon_plus_mu_152 = [4.21],
  epsilon_plus_mu_153 = [3.66],
  epsilon_plus_mu_154 = [3.56],
  epsilon_plus_mu_155 = [4.15],
  epsilon_plus_mu_161 = [9.24],
  epsilon_plus_mu_162 = [8.96],
  epsilon_plus_mu_163 = [7.43],
  epsilon_plus_mu_164 = [9.30],
  epsilon_plus_mu_165 = [10.73],
  epsilon_plus_mu_171 = [6.63],
  epsilon_plus_mu_172 = [8.27],
  epsilon_plus_mu_173 = [9.49],
  epsilon_plus_mu_174 = [8.88],
  epsilon_plus_mu_175 = [9.95],
  epsilon_plus_mu_181 = [4.24],
  epsilon_plus_mu_182 = [5.38],
  epsilon_plus_mu_183 = [4.51],
  epsilon_plus_mu_184 = [4.36],
  epsilon_plus_mu_185 = [3.70],
  epsilon_plus_mu_191 = [9.93],
  epsilon_plus_mu_192 = [9.52],
  epsilon_plus_mu_193 = [11.45],
  epsilon_plus_mu_194 = [10.04],
  epsilon_plus_mu_195 = [12.11],
  epsilon_plus_mu_201 = [12.23],
  epsilon_plus_mu_202 = [12.93],
  epsilon_plus_mu_203 = [11.15],
  epsilon_plus_mu_204 = [10.42],
  epsilon_plus_mu_205 = [11.17],
  epsilon_plus_mu_211 = [10.71],
  epsilon_plus_mu_212 = [10.72],
  epsilon_plus_mu_213 = [11.60],
  epsilon_plus_mu_214 = [9.56],
  epsilon_plus_mu_215 = [9.97],
  epsilon_plus_mu_221 = [5.04],
  epsilon_plus_mu_222 = [4.11],
  epsilon_plus_mu_223 = [3.70],
  epsilon_plus_mu_224 = [3.42],
  epsilon_plus_mu_225 = [4.85],
  epsilon_plus_mu_231 = [8.54],
  epsilon_plus_mu_232 = [9.64],
  epsilon_plus_mu_233 = [8.84],
  epsilon_plus_mu_234 = [10.56],
  epsilon_plus_mu_235 = [7.47],
  epsilon_plus_mu_241 = [7.13],
  epsilon_plus_mu_242 = [8.75],
  epsilon_plus_mu_243 = [7.24],
  epsilon_plus_mu_244 = [9.61],
  epsilon_plus_mu_245 = [8.38],
  epsilon_plus_mu_251 = [11.51],
  epsilon_plus_mu_252 = [11.32],
  epsilon_plus_mu_253 = [12.23],
  epsilon_plus_mu_254 = [11.62],
  epsilon_plus_mu_255 = [10.44],
  epsilon_plus_mu_261 = [4.65],
  epsilon_plus_mu_262 = [4.55],
  epsilon_plus_mu_263 = [4.04],
  epsilon_plus_mu_264 = [3.33],
  epsilon_plus_mu_265 = [3.51],
  epsilon_plus_mu_271 = [8.01],
  epsilon_plus_mu_272 = [9.89],
  epsilon_plus_mu_273 = [8.64],
  epsilon_plus_mu_274 = [8.29],
  epsilon_plus_mu_275 = [8.22],
  epsilon_plus_mu_281 = [7.97],
  epsilon_plus_mu_282 = [9.68],
  epsilon_plus_mu_283 = [8.90],
  epsilon_plus_mu_284 = [7.66],
  epsilon_plus_mu_285 = [9.17],
  epsilon_plus_mu_291 = [8.66],
  epsilon_plus_mu_292 = [7.79],
  epsilon_plus_mu_293 = [9.41],
  epsilon_plus_mu_294 = [9.66],
  epsilon_plus_mu_295 = [10.70],
  epsilon_plus_mu_301 = [8.55],
  epsilon_plus_mu_302 = [9.84],
  epsilon_plus_mu_303 = [9.00],
  epsilon_plus_mu_304 = [8.19],
  epsilon_plus_mu_305 = [7.95],
  epsilon_plus_mu_311 = [7.26],
  epsilon_plus_mu_312 = [9.02],
  epsilon_plus_mu_313 = [7.98],
  epsilon_plus_mu_314 = [8.17],
  epsilon_plus_mu_315 = [8.10],
  epsilon_plus_mu_321 = [9.20],
  epsilon_plus_mu_322 = [7.52],
  epsilon_plus_mu_323 = [8.93],
  epsilon_plus_mu_324 = [6.96],
  epsilon_plus_mu_325 = [8.00],
  epsilon_plus_mu_331 = [3.92],
  epsilon_plus_mu_332 = [3.91],
  epsilon_plus_mu_333 = [5.04],
  epsilon_plus_mu_334 = [4.86],
  epsilon_plus_mu_335 = [3.94],
  epsilon_plus_mu_341 = [3.62],
  epsilon_plus_mu_342 = [4.37],
  epsilon_plus_mu_343 = [4.80],
  epsilon_plus_mu_344 = [4.58],
  epsilon_plus_mu_345 = [4.33],
  epsilon_plus_mu_351 = [6.92],
  epsilon_plus_mu_352 = [9.86],
  epsilon_plus_mu_353 = [8.61],
  epsilon_plus_mu_354 = [9.67],
  epsilon_plus_mu_355 = [7.85],
  epsilon_plus_mu_361 = [4.15],
  epsilon_plus_mu_362 = [3.97],
  epsilon_plus_mu_363 = [3.91],
  epsilon_plus_mu_364 = [3.83],
  epsilon_plus_mu_365 = [4.72],
  epsilon_plus_mu_371 = [9.79],
  epsilon_plus_mu_372 = [12.98],
  epsilon_plus_mu_373 = [11.33],
  epsilon_plus_mu_374 = [10.20],
  epsilon_plus_mu_375 = [11.92],
  epsilon_plus_mu_381 = [12.24],
  epsilon_plus_mu_382 = [11.60],
  epsilon_plus_mu_383 = [9.99],
  epsilon_plus_mu_384 = [9.89],
  epsilon_plus_mu_385 = [11.44],
  epsilon_plus_mu_391 = [12.65],
  epsilon_plus_mu_392 = [10.29],
  epsilon_plus_mu_393 = [12.58],
  epsilon_plus_mu_394 = [10.75],
  epsilon_plus_mu_395 = [10.66],
  epsilon_plus_mu_401 = [3.84],
  epsilon_plus_mu_402 = [3.46],
  epsilon_plus_mu_403 = [4.45],
  epsilon_plus_mu_404 = [3.67],
  epsilon_plus_mu_405 = [4.34],
]

Epsilon - ¦Ì_{jk} = [
  epsilon_minus_mu_11 = [-1.35],
  epsilon_minus_mu_12 = [-1.43],
  epsilon_minus_mu_13 = [-1.34],
  epsilon_minus_mu_14 = [-1.47],
  epsilon_minus_mu_15 = [-1.45],
  epsilon_minus_mu_21 = [-4.17],
  epsilon_minus_mu_22 = [-3.98],
  epsilon_minus_mu_23 = [-4.01],
  epsilon_minus_mu_24 = [-3.07],
  epsilon_minus_mu_25 = [-3.58],
  epsilon_minus_mu_31 = [-1.40],
  epsilon_minus_mu_32 = [-1.49],
  epsilon_minus_mu_33 = [-1.57],
  epsilon_minus_mu_34 = [-1.40],
  epsilon_minus_mu_35 = [-1.15],
  epsilon_minus_mu_41 = [-1.37],
  epsilon_minus_mu_42 = [-1.61],
  epsilon_minus_mu_43 = [-1.42],
  epsilon_minus_mu_44 = [-1.64],
  epsilon_minus_mu_45 = [-1.27],
  epsilon_minus_mu_51 = [-3.68],
  epsilon_minus_mu_52 = [-3.71],
  epsilon_minus_mu_53 = [-2.87],
  epsilon_minus_mu_54 = [-3.38],
  epsilon_minus_mu_55 = [-3.74],
  epsilon_minus_mu_61 = [-3.43],
  epsilon_minus_mu_62 = [-2.61],
  epsilon_minus_mu_63 = [-2.88],
  epsilon_minus_mu_64 = [-3.15],
  epsilon_minus_mu_65 = [-3.01],
  epsilon_minus_mu_71 = [-2.91],
  epsilon_minus_mu_72 = [-2.63],
  epsilon_minus_mu_73 = [-2.49],
  epsilon_minus_mu_74 = [-2.80],
  epsilon_minus_mu_75 = [-2.93],
  epsilon_minus_mu_81 = [-3.76],
  epsilon_minus_mu_82 = [-3.19],
  epsilon_minus_mu_83 = [-3.52],
  epsilon_minus_mu_84 = [-3.62],
  epsilon_minus_mu_85 = [-3.47],
  epsilon_minus_mu_91 = [-3.65],
  epsilon_minus_mu_92 = [-2.93],
  epsilon_minus_mu_93 = [-3.77],
  epsilon_minus_mu_94 = [-3.55],
  epsilon_minus_mu_95 = [-3.70],
  epsilon_minus_mu_101 = [-3.88],
  epsilon_minus_mu_102 = [-3.15],
  epsilon_minus_mu_103 = [-3.84],
  epsilon_minus_mu_104 = [-4.07],
  epsilon_minus_mu_105 = [-3.03],
  epsilon_minus_mu_111 = [-2.71],
  epsilon_minus_mu_112 = [-3.20],
  epsilon_minus_mu_113 = [-2.96],
  epsilon_minus_mu_114 = [-2.58],
  epsilon_minus_mu_115 = [-3.38],
  epsilon_minus_mu_121 = [-3.94],
  epsilon_minus_mu_122 = [-3.37],
  epsilon_minus_mu_123 = [-3.41],
  epsilon_minus_mu_124 = [-3.82],
  epsilon_minus_mu_125 = [-3.63],
  epsilon_minus_mu_131 = [-3.82],
  epsilon_minus_mu_132 = [-3.59],
  epsilon_minus_mu_133 = [-4.03],
  epsilon_minus_mu_134 = [-3.36],
  epsilon_minus_mu_135 = [-3.37],
  epsilon_minus_mu_141 = [-3.27],
  epsilon_minus_mu_142 = [-3.06],
  epsilon_minus_mu_143 = [-3.05],
  epsilon_minus_mu_144 = [-2.76],
  epsilon_minus_mu_145 = [-3.64],
  epsilon_minus_mu_151 = [-1.60],
  epsilon_minus_mu_152 = [-1.40],
  epsilon_minus_mu_153 = [-1.22],
  epsilon_minus_mu_154 = [-1.19],
  epsilon_minus_mu_155 = [-1.38],
  epsilon_minus_mu_161 = [-3.08],
  epsilon_minus_mu_162 = [-2.99],
  epsilon_minus_mu_163 = [-2.48],
  epsilon_minus_mu_164 = [-3.10],
  epsilon_minus_mu_165 = [-3.58],
  epsilon_minus_mu_171 = [-2.21],
  epsilon_minus_mu_172 = [-2.76],
  epsilon_minus_mu_173 = [-3.16],
  epsilon_minus_mu_174 = [-2.96],
  epsilon_minus_mu_175 = [-3.32],
  epsilon_minus_mu_181 = [-1.41],
  epsilon_minus_mu_182 = [-1.79],
  epsilon_minus_mu_183 = [-1.50],
  epsilon_minus_mu_184 = [-1.45],
  epsilon_minus_mu_185 = [-1.23],
  epsilon_minus_mu_191 = [-3.31],
  epsilon_minus_mu_192 = [-3.17],
  epsilon_minus_mu_193 = [-3.82],
  epsilon_minus_mu_194 = [-3.35],
  epsilon_minus_mu_195 = [-4.04],
  epsilon_minus_mu_201 = [-4.08],
  epsilon_minus_mu_202 = [-4.31],
  epsilon_minus_mu_203 = [-3.72],
  epsilon_minus_mu_204 = [-3.47],
  epsilon_minus_mu_205 = [-3.72],
  epsilon_minus_mu_211 = [-3.57],
  epsilon_minus_mu_212 = [-3.57],
  epsilon_minus_mu_213 = [-3.87],
  epsilon_minus_mu_214 = [-3.19],
  epsilon_minus_mu_215 = [-3.32],
  epsilon_minus_mu_221 = [-1.68],
  epsilon_minus_mu_222 = [-1.37],
  epsilon_minus_mu_223 = [-1.23],
  epsilon_minus_mu_224 = [-1.14],
  epsilon_minus_mu_225 = [-1.62],
  epsilon_minus_mu_231 = [-2.85],
  epsilon_minus_mu_232 = [-3.21],
  epsilon_minus_mu_233 = [-2.95],
  epsilon_minus_mu_234 = [-3.52],
  epsilon_minus_mu_235 = [-2.49],
  epsilon_minus_mu_241 = [-2.38],
  epsilon_minus_mu_242 = [-2.92],
  epsilon_minus_mu_243 = [-2.41],
  epsilon_minus_mu_244 = [-3.20],
  epsilon_minus_mu_245 = [-2.79],
  epsilon_minus_mu_251 = [-3.84],
  epsilon_minus_mu_252 = [-3.77],
  epsilon_minus_mu_253 = [-4.08],
  epsilon_minus_mu_254 = [-3.87],
  epsilon_minus_mu_255 = [-3.48],
  epsilon_minus_mu_261 = [-1.55],
  epsilon_minus_mu_262 = [-1.52],
  epsilon_minus_mu_263 = [-1.35],
  epsilon_minus_mu_264 = [-1.11],
  epsilon_minus_mu_265 = [-1.17],
  epsilon_minus_mu_271 = [-2.67],
  epsilon_minus_mu_272 = [-3.30],
  epsilon_minus_mu_273 = [-2.88],
  epsilon_minus_mu_274 = [-2.76],
  epsilon_minus_mu_275 = [-2.74],
  epsilon_minus_mu_281 = [-2.66],
  epsilon_minus_mu_282 = [-3.23],
  epsilon_minus_mu_283 = [-2.97],
  epsilon_minus_mu_284 = [-2.55],
  epsilon_minus_mu_285 = [-3.06],
  epsilon_minus_mu_291 = [-2.89],
  epsilon_minus_mu_292 = [-2.60],
  epsilon_minus_mu_293 = [-3.14],
  epsilon_minus_mu_294 = [-3.22],
  epsilon_minus_mu_295 = [-3.57],
  epsilon_minus_mu_301 = [-2.85],
  epsilon_minus_mu_302 = [-3.28],
  epsilon_minus_mu_303 = [-3.00],
  epsilon_minus_mu_304 = [-2.73],
  epsilon_minus_mu_305 = [-2.65],
  epsilon_minus_mu_311 = [-2.42],
  epsilon_minus_mu_312 = [-3.01],
  epsilon_minus_mu_313 = [-2.66],
  epsilon_minus_mu_314 = [-2.72],
  epsilon_minus_mu_315 = [-2.70],
  epsilon_minus_mu_321 = [-3.07],
  epsilon_minus_mu_322 = [-2.51],
  epsilon_minus_mu_323 = [-2.98],
  epsilon_minus_mu_324 = [-2.32],
  epsilon_minus_mu_325 = [-2.67],
  epsilon_minus_mu_331 = [-1.31],
  epsilon_minus_mu_332 = [-1.30],
  epsilon_minus_mu_333 = [-1.68],
  epsilon_minus_mu_334 = [-1.62],
  epsilon_minus_mu_335 = [-1.31],
  epsilon_minus_mu_341 = [-1.21],
  epsilon_minus_mu_342 = [-1.46],
  epsilon_minus_mu_343 = [-1.60],
  epsilon_minus_mu_344 = [-1.53],
  epsilon_minus_mu_345 = [-1.44],
  epsilon_minus_mu_351 = [-2.31],
  epsilon_minus_mu_352 = [-3.29],
  epsilon_minus_mu_353 = [-2.87],
  epsilon_minus_mu_354 = [-3.22],
  epsilon_minus_mu_355 = [-2.62],
  epsilon_minus_mu_361 = [-1.38],
  epsilon_minus_mu_362 = [-1.32],
  epsilon_minus_mu_363 = [-1.30],
  epsilon_minus_mu_364 = [-1.28],
  epsilon_minus_mu_365 = [-1.57],
  epsilon_minus_mu_371 = [-3.26],
  epsilon_minus_mu_372 = [-4.33],
  epsilon_minus_mu_373 = [-3.78],
  epsilon_minus_mu_374 = [-3.40],
  epsilon_minus_mu_375 = [-3.97],
  epsilon_minus_mu_381 = [-4.08],
  epsilon_minus_mu_382 = [-3.87],
  epsilon_minus_mu_383 = [-3.33],
  epsilon_minus_mu_384 = [-3.30],
  epsilon_minus_mu_385 = [-3.81],
  epsilon_minus_mu_391 = [-4.22],
  epsilon_minus_mu_392 = [-3.43],
  epsilon_minus_mu_393 = [-4.19],
  epsilon_minus_mu_394 = [-3.58],
  epsilon_minus_mu_395 = [-3.55],
  epsilon_minus_mu_401 = [-1.28],
  epsilon_minus_mu_402 = [-1.15],
  epsilon_minus_mu_403 = [-1.48],
  epsilon_minus_mu_404 = [-1.22],
  epsilon_minus_mu_405 = [-1.45],
]

Sigma + ¦Ó_{jk} = [
  sigma_plus_tau_11 = [3.97],
  sigma_plus_tau_12 = [5.30],
  sigma_plus_tau_13 = [4.63],
  sigma_plus_tau_14 = [5.35],
  sigma_plus_tau_15 = [4.26],
  sigma_plus_tau_21 = [4.47],
  sigma_plus_tau_22 = [4.47],
  sigma_plus_tau_23 = [4.11],
  sigma_plus_tau_24 = [4.94],
  sigma_plus_tau_25 = [4.29],
  sigma_plus_tau_31 = [4.54],
  sigma_plus_tau_32 = [4.22],
  sigma_plus_tau_33 = [4.17],
  sigma_plus_tau_34 = [4.07],
  sigma_plus_tau_35 = [5.31],
  sigma_plus_tau_41 = [4.47],
  sigma_plus_tau_42 = [5.17],
  sigma_plus_tau_43 = [3.98],
  sigma_plus_tau_44 = [4.63],
  sigma_plus_tau_45 = [4.23],
  sigma_plus_tau_51 = [2.38],
  sigma_plus_tau_52 = [2.57],
  sigma_plus_tau_53 = [2.45],
  sigma_plus_tau_54 = [2.62],
  sigma_plus_tau_55 = [2.71],
  sigma_plus_tau_61 = [2.36],
  sigma_plus_tau_62 = [2.39],
  sigma_plus_tau_63 = [2.40],
  sigma_plus_tau_64 = [2.48],
  sigma_plus_tau_65 = [2.68],
  sigma_plus_tau_71 = [4.78],
  sigma_plus_tau_72 = [4.42],
  sigma_plus_tau_73 = [4.79],
  sigma_plus_tau_74 = [4.48],
  sigma_plus_tau_75 = [5.22],
  sigma_plus_tau_81 = [4.13],
  sigma_plus_tau_82 = [4.02],
  sigma_plus_tau_83 = [5.30],
  sigma_plus_tau_84 = [4.44],
  sigma_plus_tau_85 = [4.87],
  sigma_plus_tau_91 = [5.63],
  sigma_plus_tau_92 = [4.71],
  sigma_plus_tau_93 = [5.03],
  sigma_plus_tau_94 = [4.58],
  sigma_plus_tau_95 = [4.40],
  sigma_plus_tau_101 = [2.53],
  sigma_plus_tau_102 = [2.58],
  sigma_plus_tau_103 = [2.64],
  sigma_plus_tau_104 = [2.55],
  sigma_plus_tau_105 = [2.65],
  sigma_plus_tau_111 = [4.91],
  sigma_plus_tau_112 = [5.82],
  sigma_plus_tau_113 = [4.33],
  sigma_plus_tau_114 = [5.45],
  sigma_plus_tau_115 = [4.11],
  sigma_plus_tau_121 = [2.78],
  sigma_plus_tau_122 = [2.46],
  sigma_plus_tau_123 = [2.50],
  sigma_plus_tau_124 = [2.43],
  sigma_plus_tau_125 = [2.58],
  sigma_plus_tau_131 = [3.05],
  sigma_plus_tau_132 = [2.61],
  sigma_plus_tau_133 = [2.50],
  sigma_plus_tau_134 = [2.55],
  sigma_plus_tau_135 = [2.71],
  sigma_plus_tau_141 = [5.34],
  sigma_plus_tau_142 = [6.28],
  sigma_plus_tau_143 = [4.95],
  sigma_plus_tau_144 = [6.58],
  sigma_plus_tau_145 = [5.86],
  sigma_plus_tau_151 = [4.49],
  sigma_plus_tau_152 = [5.14],
  sigma_plus_tau_153 = [4.31],
  sigma_plus_tau_154 = [4.66],
  sigma_plus_tau_155 = [5.20],
  sigma_plus_tau_161 = [4.99],
  sigma_plus_tau_162 = [4.31],
  sigma_plus_tau_163 = [5.14],
  sigma_plus_tau_164 = [4.91],
  sigma_plus_tau_165 = [3.53],
  sigma_plus_tau_171 = [5.24],
  sigma_plus_tau_172 = [4.31],
  sigma_plus_tau_173 = [4.08],
  sigma_plus_tau_174 = [4.26],
  sigma_plus_tau_175 = [4.92],
  sigma_plus_tau_181 = [4.47],
  sigma_plus_tau_182 = [4.77],
  sigma_plus_tau_183 = [4.83],
  sigma_plus_tau_184 = [4.62],
  sigma_plus_tau_185 = [4.46],
  sigma_plus_tau_191 = [2.85],
  sigma_plus_tau_192 = [2.69],
  sigma_plus_tau_193 = [2.65],
  sigma_plus_tau_194 = [2.73],
  sigma_plus_tau_195 = [2.32],
  sigma_plus_tau_201 = [2.48],
  sigma_plus_tau_202 = [2.48],
  sigma_plus_tau_203 = [2.37],
  sigma_plus_tau_204 = [2.65],
  sigma_plus_tau_205 = [2.53],
  sigma_plus_tau_211 = [2.75],
  sigma_plus_tau_212 = [2.74],
  sigma_plus_tau_213 = [2.58],
  sigma_plus_tau_214 = [2.33],
  sigma_plus_tau_215 = [2.52],
  sigma_plus_tau_221 = [2.46],
  sigma_plus_tau_222 = [2.42],
  sigma_plus_tau_223 = [2.63],
  sigma_plus_tau_224 = [2.61],
  sigma_plus_tau_225 = [2.53],
  sigma_plus_tau_231 = [4.98],
  sigma_plus_tau_232 = [5.29],
  sigma_plus_tau_233 = [4.76],
  sigma_plus_tau_234 = [4.58],
  sigma_plus_tau_235 = [5.29],
  sigma_plus_tau_241 = [3.03],
  sigma_plus_tau_242 = [2.40],
  sigma_plus_tau_243 = [2.75],
  sigma_plus_tau_244 = [2.60],
  sigma_plus_tau_245 = [2.42],
  sigma_plus_tau_251 = [3.94],
  sigma_plus_tau_252 = [4.60],
  sigma_plus_tau_253 = [5.14],
  sigma_plus_tau_254 = [5.50],
  sigma_plus_tau_255 = [4.28],
  sigma_plus_tau_261 = [4.93],
  sigma_plus_tau_262 = [5.01],
  sigma_plus_tau_263 = [4.01],
  sigma_plus_tau_264 = [4.35],
  sigma_plus_tau_265 = [4.39],
  sigma_plus_tau_271 = [4.90],
  sigma_plus_tau_272 = [4.59],
  sigma_plus_tau_273 = [5.37],
  sigma_plus_tau_274 = [4.19],
  sigma_plus_tau_275 = [5.16],
  sigma_plus_tau_281 = [2.26],
  sigma_plus_tau_282 = [2.57],
  sigma_plus_tau_283 = [2.61],
  sigma_plus_tau_284 = [2.60],
  sigma_plus_tau_285 = [2.45],
  sigma_plus_tau_291 = [2.52],
  sigma_plus_tau_292 = [2.39],
  sigma_plus_tau_293 = [2.46],
  sigma_plus_tau_294 = [2.60],
  sigma_plus_tau_295 = [2.27],
  sigma_plus_tau_301 = [2.36],
  sigma_plus_tau_302 = [2.55],
  sigma_plus_tau_303 = [2.39],
  sigma_plus_tau_304 = [2.29],
  sigma_plus_tau_305 = [2.61],
  sigma_plus_tau_311 = [5.23],
  sigma_plus_tau_312 = [4.73],
  sigma_plus_tau_313 = [4.07],
  sigma_plus_tau_314 = [4.82],
  sigma_plus_tau_315 = [4.62],
  sigma_plus_tau_321 = [4.69],
  sigma_plus_tau_322 = [4.88],
  sigma_plus_tau_323 = [4.69],
  sigma_plus_tau_324 = [4.42],
  sigma_plus_tau_325 = [5.02],
  sigma_plus_tau_331 = [2.65],
  sigma_plus_tau_332 = [2.77],
  sigma_plus_tau_333 = [2.63],
  sigma_plus_tau_334 = [2.59],
  sigma_plus_tau_335 = [2.60],
  sigma_plus_tau_341 = [2.73],
  sigma_plus_tau_342 = [2.86],
  sigma_plus_tau_343 = [2.62],
  sigma_plus_tau_344 = [2.69],
  sigma_plus_tau_345 = [2.58],
  sigma_plus_tau_351 = [2.75],
  sigma_plus_tau_352 = [2.59],
  sigma_plus_tau_353 = [2.74],
  sigma_plus_tau_354 = [2.56],
  sigma_plus_tau_355 = [2.64],
  sigma_plus_tau_361 = [5.09],
  sigma_plus_tau_362 = [4.96],
  sigma_plus_tau_363 = [3.88],
  sigma_plus_tau_364 = [4.66],
  sigma_plus_tau_365 = [4.24],
  sigma_plus_tau_371 = [2.72],
  sigma_plus_tau_372 = [2.84],
  sigma_plus_tau_373 = [2.70],
  sigma_plus_tau_374 = [2.71],
  sigma_plus_tau_375 = [2.47],
  sigma_plus_tau_381 = [2.80],
  sigma_plus_tau_382 = [2.62],
  sigma_plus_tau_383 = [2.63],
  sigma_plus_tau_384 = [2.58],
  sigma_plus_tau_385 = [2.53],
  sigma_plus_tau_391 = [4.90],
  sigma_plus_tau_392 = [4.31],
  sigma_plus_tau_393 = [4.19],
  sigma_plus_tau_394 = [4.52],
  sigma_plus_tau_395 = [4.31],
  sigma_plus_tau_401 = [2.44],
  sigma_plus_tau_402 = [2.52],
  sigma_plus_tau_403 = [2.56],
  sigma_plus_tau_404 = [2.62],
  sigma_plus_tau_405 = [2.77],
]

Sigma - ¦Ó_{jk} = [
  sigma_minus_tau_11 = [-1.32],
  sigma_minus_tau_12 = [-1.77],
  sigma_minus_tau_13 = [-1.54],
  sigma_minus_tau_14 = [-1.78],
  sigma_minus_tau_15 = [-1.42],
  sigma_minus_tau_21 = [-1.49],
  sigma_minus_tau_22 = [-1.49],
  sigma_minus_tau_23 = [-1.37],
  sigma_minus_tau_24 = [-1.65],
  sigma_minus_tau_25 = [-1.43],
  sigma_minus_tau_31 = [-1.51],
  sigma_minus_tau_32 = [-1.41],
  sigma_minus_tau_33 = [-1.39],
  sigma_minus_tau_34 = [-1.36],
  sigma_minus_tau_35 = [-1.77],
  sigma_minus_tau_41 = [-1.49],
  sigma_minus_tau_42 = [-1.72],
  sigma_minus_tau_43 = [-1.33],
  sigma_minus_tau_44 = [-1.54],
  sigma_minus_tau_45 = [-1.41],
  sigma_minus_tau_51 = [-0.79],
  sigma_minus_tau_52 = [-0.86],
  sigma_minus_tau_53 = [-0.82],
  sigma_minus_tau_54 = [-0.87],
  sigma_minus_tau_55 = [-0.90],
  sigma_minus_tau_61 = [-0.79],
  sigma_minus_tau_62 = [-0.80],
  sigma_minus_tau_63 = [-0.80],
  sigma_minus_tau_64 = [-0.83],
  sigma_minus_tau_65 = [-0.89],
  sigma_minus_tau_71 = [-1.59],
  sigma_minus_tau_72 = [-1.47],
  sigma_minus_tau_73 = [-1.60],
  sigma_minus_tau_74 = [-1.49],
  sigma_minus_tau_75 = [-1.74],
  sigma_minus_tau_81 = [-1.38],
  sigma_minus_tau_82 = [-1.34],
  sigma_minus_tau_83 = [-1.77],
  sigma_minus_tau_84 = [-1.48],
  sigma_minus_tau_85 = [-1.62],
  sigma_minus_tau_91 = [-1.88],
  sigma_minus_tau_92 = [-1.57],
  sigma_minus_tau_93 = [-1.68],
  sigma_minus_tau_94 = [-1.53],
  sigma_minus_tau_95 = [-1.47],
  sigma_minus_tau_101 = [-0.84],
  sigma_minus_tau_102 = [-0.86],
  sigma_minus_tau_103 = [-0.88],
  sigma_minus_tau_104 = [-0.85],
  sigma_minus_tau_105 = [-0.88],
  sigma_minus_tau_111 = [-1.64],
  sigma_minus_tau_112 = [-1.94],
  sigma_minus_tau_113 = [-1.44],
  sigma_minus_tau_114 = [-1.82],
  sigma_minus_tau_115 = [-1.37],
  sigma_minus_tau_121 = [-0.93],
  sigma_minus_tau_122 = [-0.82],
  sigma_minus_tau_123 = [-0.83],
  sigma_minus_tau_124 = [-0.81],
  sigma_minus_tau_125 = [-0.86],
  sigma_minus_tau_131 = [-1.02],
  sigma_minus_tau_132 = [-0.87],
  sigma_minus_tau_133 = [-0.83],
  sigma_minus_tau_134 = [-0.85],
  sigma_minus_tau_135 = [-0.90],
  sigma_minus_tau_141 = [-1.78],
  sigma_minus_tau_142 = [-2.09],
  sigma_minus_tau_143 = [-1.65],
  sigma_minus_tau_144 = [-2.19],
  sigma_minus_tau_145 = [-1.95],
  sigma_minus_tau_151 = [-1.50],
  sigma_minus_tau_152 = [-1.71],
  sigma_minus_tau_153 = [-1.44],
  sigma_minus_tau_154 = [-1.55],
  sigma_minus_tau_155 = [-1.73],
  sigma_minus_tau_161 = [-1.66],
  sigma_minus_tau_162 = [-1.44],
  sigma_minus_tau_163 = [-1.71],
  sigma_minus_tau_164 = [-1.64],
  sigma_minus_tau_165 = [-1.18],
  sigma_minus_tau_171 = [-1.75],
  sigma_minus_tau_172 = [-1.44],
  sigma_minus_tau_173 = [-1.36],
  sigma_minus_tau_174 = [-1.42],
  sigma_minus_tau_175 = [-1.64],
  sigma_minus_tau_181 = [-1.49],
  sigma_minus_tau_182 = [-1.59],
  sigma_minus_tau_183 = [-1.61],
  sigma_minus_tau_184 = [-1.54],
  sigma_minus_tau_185 = [-1.49],
  sigma_minus_tau_191 = [-0.95],
  sigma_minus_tau_192 = [-0.90],
  sigma_minus_tau_193 = [-0.88],
  sigma_minus_tau_194 = [-0.91],
  sigma_minus_tau_195 = [-0.77],
  sigma_minus_tau_201 = [-0.83],
  sigma_minus_tau_202 = [-0.83],
  sigma_minus_tau_203 = [-0.79],
  sigma_minus_tau_204 = [-0.88],
  sigma_minus_tau_205 = [-0.84],
  sigma_minus_tau_211 = [-0.92],
  sigma_minus_tau_212 = [-0.91],
  sigma_minus_tau_213 = [-0.86],
  sigma_minus_tau_214 = [-0.78],
  sigma_minus_tau_215 = [-0.84],
  sigma_minus_tau_221 = [-0.82],
  sigma_minus_tau_222 = [-0.81],
  sigma_minus_tau_223 = [-0.88],
  sigma_minus_tau_224 = [-0.87],
  sigma_minus_tau_225 = [-0.84],
  sigma_minus_tau_231 = [-1.66],
  sigma_minus_tau_232 = [-1.76],
  sigma_minus_tau_233 = [-1.59],
  sigma_minus_tau_234 = [-1.53],
  sigma_minus_tau_235 = [-1.76],
  sigma_minus_tau_241 = [-1.01],
  sigma_minus_tau_242 = [-0.80],
  sigma_minus_tau_243 = [-0.92],
  sigma_minus_tau_244 = [-0.87],
  sigma_minus_tau_245 = [-0.81],
  sigma_minus_tau_251 = [-1.31],
  sigma_minus_tau_252 = [-1.53],
  sigma_minus_tau_253 = [-1.71],
  sigma_minus_tau_254 = [-1.83],
  sigma_minus_tau_255 = [-1.43],
  sigma_minus_tau_261 = [-1.64],
  sigma_minus_tau_262 = [-1.67],
  sigma_minus_tau_263 = [-1.34],
  sigma_minus_tau_264 = [-1.45],
  sigma_minus_tau_265 = [-1.46],
  sigma_minus_tau_271 = [-1.63],
  sigma_minus_tau_272 = [-1.53],
  sigma_minus_tau_273 = [-1.79],
  sigma_minus_tau_274 = [-1.40],
  sigma_minus_tau_275 = [-1.72],
  sigma_minus_tau_281 = [-0.75],
  sigma_minus_tau_282 = [-0.86],
  sigma_minus_tau_283 = [-0.87],
  sigma_minus_tau_284 = [-0.87],
  sigma_minus_tau_285 = [-0.82],
  sigma_minus_tau_291 = [-0.84],
  sigma_minus_tau_292 = [-0.80],
  sigma_minus_tau_293 = [-0.82],
  sigma_minus_tau_294 = [-0.87],
  sigma_minus_tau_295 = [-0.76],
  sigma_minus_tau_301 = [-0.79],
  sigma_minus_tau_302 = [-0.85],
  sigma_minus_tau_303 = [-0.80],
  sigma_minus_tau_304 = [-0.76],
  sigma_minus_tau_305 = [-0.87],
  sigma_minus_tau_311 = [-1.74],
  sigma_minus_tau_312 = [-1.58],
  sigma_minus_tau_313 = [-1.36],
  sigma_minus_tau_314 = [-1.61],
  sigma_minus_tau_315 = [-1.54],
  sigma_minus_tau_321 = [-1.56],
  sigma_minus_tau_322 = [-1.63],
  sigma_minus_tau_323 = [-1.56],
  sigma_minus_tau_324 = [-1.47],
  sigma_minus_tau_325 = [-1.67],
  sigma_minus_tau_331 = [-0.88],
  sigma_minus_tau_332 = [-0.92],
  sigma_minus_tau_333 = [-0.88],
  sigma_minus_tau_334 = [-0.86],
  sigma_minus_tau_335 = [-0.87],
  sigma_minus_tau_341 = [-0.91],
  sigma_minus_tau_342 = [-0.95],
  sigma_minus_tau_343 = [-0.87],
  sigma_minus_tau_344 = [-0.90],
  sigma_minus_tau_345 = [-0.86],
  sigma_minus_tau_351 = [-0.92],
  sigma_minus_tau_352 = [-0.86],
  sigma_minus_tau_353 = [-0.91],
  sigma_minus_tau_354 = [-0.85],
  sigma_minus_tau_355 = [-0.88],
  sigma_minus_tau_361 = [-1.70],
  sigma_minus_tau_362 = [-1.65],
  sigma_minus_tau_363 = [-1.29],
  sigma_minus_tau_364 = [-1.55],
  sigma_minus_tau_365 = [-1.41],
  sigma_minus_tau_371 = [-0.91],
  sigma_minus_tau_372 = [-0.95],
  sigma_minus_tau_373 = [-0.90],
  sigma_minus_tau_374 = [-0.90],
  sigma_minus_tau_375 = [-0.82],
  sigma_minus_tau_381 = [-0.93],
  sigma_minus_tau_382 = [-0.87],
  sigma_minus_tau_383 = [-0.88],
  sigma_minus_tau_384 = [-0.86],
  sigma_minus_tau_385 = [-0.84],
  sigma_minus_tau_391 = [-1.63],
  sigma_minus_tau_392 = [-1.44],
  sigma_minus_tau_393 = [-1.40],
  sigma_minus_tau_394 = [-1.51],
  sigma_minus_tau_395 = [-1.44],
  sigma_minus_tau_401 = [-0.81],
  sigma_minus_tau_402 = [-0.84],
  sigma_minus_tau_403 = [-0.85],
  sigma_minus_tau_404 = [-0.87],
  sigma_minus_tau_405 = [-0.92],
]

Probabilities (p_s) = [
0.05, 0.05, 0.05, 0.05, 0.05, 0.05, 0.05, 0.05, 0.05, 0.05, 0.05, 0.05, 0.05, 0.05, 0.05, 0.05, 0.05, 0.05, 0.05, 0.05
]

c_bar = 5.50
