Jobs = 40
Machines = 5
Scenarios = 20

Ready Times (rj) = [
0.00, 0.00, 0.00, 0.00, 0.00, 0.00, 0.00, 0.00, 0.00, 0.00, 0.00, 0.00, 0.00, 0.00, 0.00, 0.00, 0.00, 0.00, 0.00, 0.00, 0.00, 0.00, 0.00, 0.00, 0.00, 0.00, 0.00, 0.00, 0.00, 0.00, 0.00, 0.00, 0.00, 0.00, 0.00, 0.00, 0.00, 0.00, 0.00, 0.00
]

Transportation Times (tjk^s) = [
  tjk_11 = [2.31, 1.11, 1.00, 1.18, 2.36, 1.90, 3.33, 1.59, 1.26, 2.05, 1.00, 2.45, 1.00, 3.36, 2.44, 1.72, 2.33, 2.32, 1.05, 2.32],
  tjk_12 = [1.80, 1.93, 1.66, 1.66, 1.36, 1.94, 1.16, 1.71, 1.00, 1.98, 1.65, 3.44, 1.05, 1.00, 1.33, 1.64, 2.12, 2.43, 1.55, 1.57],
  tjk_13 = [2.22, 2.04, 2.29, 1.04, 1.84, 1.38, 1.78, 1.40, 2.73, 1.39, 1.42, 2.00, 1.00, 2.28, 1.62, 2.23, 1.01, 1.18, 2.55, 1.72],
  tjk_14 = [3.04, 2.15, 1.41, 1.92, 1.97, 1.74, 1.66, 1.66, 1.04, 1.14, 3.44, 1.23, 2.15, 1.96, 1.00, 1.00, 1.25, 1.55, 1.90, 1.00],
  tjk_15 = [1.02, 1.29, 1.34, 2.00, 1.32, 1.51, 1.15, 1.98, 1.00, 1.86, 1.47, 1.70, 2.43, 1.92, 1.68, 2.21, 1.52, 1.00, 1.00, 1.54],
  tjk_21 = [1.79, 2.69, 2.21, 2.59, 1.30, 2.54, 2.79, 1.29, 1.15, 1.60, 1.00, 1.00, 1.70, 2.40, 2.35, 1.06, 2.52, 1.13, 1.00, 2.64],
  tjk_22 = [3.20, 2.68, 2.80, 2.05, 1.25, 1.48, 1.89, 2.80, 2.65, 1.00, 2.69, 1.96, 1.33, 1.13, 2.31, 2.50, 1.18, 2.05, 1.72, 1.00],
  tjk_23 = [1.00, 2.18, 2.41, 1.02, 2.41, 2.02, 1.00, 2.17, 2.10, 2.62, 1.00, 2.08, 1.00, 3.57, 1.28, 1.91, 1.76, 1.20, 1.44, 2.78],
  tjk_24 = [2.97, 2.50, 1.00, 2.39, 2.16, 1.94, 1.78, 1.00, 1.75, 1.29, 2.99, 1.93, 1.49, 3.29, 1.00, 2.43, 1.44, 1.22, 1.90, 3.93],
  tjk_25 = [1.72, 1.45, 3.05, 1.58, 1.03, 1.39, 1.00, 1.16, 1.66, 1.00, 2.05, 1.66, 2.32, 1.00, 2.34, 2.72, 1.50, 2.38, 2.57, 2.60],
  tjk_31 = [1.62, 1.00, 1.00, 1.57, 1.32, 1.00, 1.46, 2.28, 1.00, 1.00, 2.22, 2.27, 1.83, 3.41, 1.72, 1.81, 3.06, 2.70, 3.05, 2.15],
  tjk_32 = [1.00, 2.75, 1.00, 2.89, 1.31, 1.00, 1.67, 2.49, 1.30, 1.00, 1.23, 2.59, 1.00, 1.63, 2.06, 2.61, 3.28, 1.00, 1.59, 1.88],
  tjk_33 = [1.46, 1.82, 2.31, 1.00, 2.71, 2.13, 1.36, 1.00, 1.27, 1.74, 2.63, 1.00, 1.41, 1.03, 1.49, 1.37, 3.11, 1.63, 1.00, 1.68],
  tjk_34 = [1.00, 1.00, 3.14, 1.68, 2.29, 2.76, 3.82, 1.82, 2.24, 1.00, 1.19, 1.37, 1.00, 2.76, 1.00, 2.02, 2.05, 1.40, 1.32, 1.11],
  tjk_35 = [1.00, 2.67, 1.00, 1.16, 1.00, 1.00, 1.58, 1.92, 1.89, 3.46, 1.66, 1.00, 1.00, 1.52, 2.20, 2.29, 2.00, 1.26, 2.54, 1.91],
  tjk_41 = [4.23, 5.00, 5.00, 5.00, 4.57, 1.77, 4.18, 5.00, 5.00, 3.18, 3.48, 1.21, 5.00, 1.00, 4.54, 4.18, 4.82, 4.60, 1.67, 4.75],
  tjk_42 = [3.46, 3.50, 5.00, 5.00, 4.52, 3.48, 5.00, 4.22, 1.00, 1.00, 1.00, 4.53, 5.00, 4.11, 4.44, 4.19, 3.94, 1.20, 3.64, 3.13],
  tjk_43 = [5.00, 1.00, 5.00, 5.00, 5.00, 2.83, 2.74, 1.40, 2.68, 5.00, 5.00, 1.00, 1.00, 5.00, 1.75, 5.00, 5.00, 1.00, 1.76, 4.90],
  tjk_44 = [2.71, 1.46, 3.14, 5.00, 4.06, 2.85, 3.32, 3.94, 1.00, 2.29, 2.67, 5.00, 4.19, 5.00, 5.00, 1.89, 5.00, 2.88, 1.00, 5.00],
  tjk_45 = [4.21, 5.00, 5.00, 1.00, 3.56, 4.07, 1.79, 1.76, 1.00, 5.00, 4.54, 4.89, 4.45, 5.00, 2.02, 2.77, 1.00, 5.00, 5.00, 3.50],
  tjk_51 = [3.50, 3.50, 4.79, 1.00, 2.50, 3.80, 4.10, 3.59, 1.49, 5.00, 3.53, 1.77, 1.22, 4.55, 3.63, 1.58, 2.49, 1.74, 3.91, 5.00],
  tjk_52 = [4.83, 3.62, 5.00, 1.00, 1.51, 4.95, 1.00, 3.74, 1.99, 2.70, 2.31, 1.00, 3.05, 1.69, 4.24, 4.13, 2.72, 2.52, 4.65, 4.29],
  tjk_53 = [5.00, 1.98, 2.42, 1.53, 1.13, 3.71, 1.27, 5.00, 3.53, 1.00, 2.57, 1.19, 3.42, 2.07, 2.68, 5.00, 1.00, 2.97, 4.33, 3.00],
  tjk_54 = [2.56, 1.00, 2.96, 2.64, 5.00, 1.98, 2.70, 4.38, 2.93, 1.69, 2.04, 3.27, 4.37, 4.29, 1.00, 1.77, 2.01, 3.44, 2.66, 1.00],
  tjk_55 = [2.30, 1.64, 3.97, 2.78, 3.30, 1.69, 2.29, 1.94, 3.51, 1.00, 1.26, 4.89, 2.75, 2.48, 4.77, 4.03, 1.98, 1.54, 5.00, 2.32],
  tjk_61 = [1.24, 1.50, 2.85, 3.14, 1.00, 1.00, 1.07, 1.00, 2.64, 2.89, 1.00, 2.78, 1.44, 1.86, 1.00, 2.48, 2.55, 3.38, 1.89, 1.00],
  tjk_62 = [2.07, 2.02, 2.58, 1.64, 2.35, 2.64, 2.61, 1.32, 3.02, 2.96, 1.00, 2.55, 3.92, 1.79, 2.38, 1.74, 1.00, 1.72, 1.77, 1.26],
  tjk_63 = [1.51, 2.31, 2.07, 1.00, 2.95, 1.95, 1.13, 2.06, 1.14, 2.24, 2.17, 1.00, 1.60, 1.56, 1.00, 2.32, 1.82, 1.21, 2.12, 1.51],
  tjk_64 = [2.42, 3.14, 1.00, 2.35, 1.47, 1.56, 1.36, 1.56, 2.24, 1.05, 1.28, 1.17, 1.02, 1.75, 1.00, 2.01, 1.99, 1.90, 2.00, 2.55],
  tjk_65 = [1.04, 2.04, 2.87, 1.00, 2.24, 3.00, 1.00, 1.42, 2.10, 2.02, 1.79, 3.32, 1.00, 2.15, 1.34, 2.62, 2.10, 2.78, 1.27, 1.55],
  tjk_71 = [2.07, 2.57, 1.00, 3.11, 2.71, 2.94, 3.59, 2.91, 2.99, 4.62, 3.88, 3.59, 3.15, 4.13, 3.10, 4.33, 2.07, 1.79, 1.00, 4.00],
  tjk_72 = [1.50, 2.84, 4.37, 5.00, 4.88, 3.32, 3.29, 1.00, 3.86, 1.46, 1.56, 3.95, 1.00, 3.77, 1.00, 3.02, 1.00, 3.48, 2.08, 3.38],
  tjk_73 = [2.73, 3.38, 1.47, 1.00, 4.66, 5.00, 3.21, 3.01, 3.76, 3.60, 1.00, 2.33, 2.71, 5.00, 3.73, 2.01, 2.79, 5.00, 5.00, 5.00],
  tjk_74 = [4.42, 5.00, 3.49, 5.00, 4.41, 3.28, 2.85, 3.69, 4.13, 2.65, 3.31, 1.11, 1.98, 3.90, 3.83, 2.21, 3.34, 3.24, 2.99, 2.42],
  tjk_75 = [2.13, 4.05, 1.00, 4.78, 1.00, 3.31, 3.25, 3.92, 2.56, 3.56, 5.00, 2.66, 2.41, 2.43, 2.61, 4.57, 4.50, 1.05, 3.10, 3.52],
  tjk_81 = [1.00, 1.69, 1.83, 2.02, 2.53, 1.98, 1.60, 2.44, 2.67, 1.46, 1.00, 1.00, 1.75, 1.00, 1.88, 3.17, 1.00, 1.00, 2.28, 1.28],
  tjk_82 = [1.80, 1.00, 1.36, 1.00, 2.08, 1.11, 2.11, 1.27, 1.95, 1.80, 1.75, 1.00, 1.60, 2.00, 2.88, 3.59, 1.00, 1.00, 1.16, 2.71],
  tjk_83 = [2.71, 1.66, 1.00, 2.12, 2.16, 2.40, 2.08, 2.66, 1.26, 2.31, 1.22, 1.12, 1.00, 1.02, 1.44, 1.01, 1.82, 1.16, 1.08, 1.00],
  tjk_84 = [1.13, 2.06, 1.17, 1.34, 1.00, 1.00, 1.95, 1.11, 2.36, 2.92, 1.00, 1.00, 1.00, 3.14, 2.48, 1.00, 1.21, 2.37, 1.23, 1.29],
  tjk_85 = [1.00, 1.00, 2.16, 2.80, 1.89, 2.13, 2.46, 1.29, 3.07, 1.46, 1.88, 1.85, 2.61, 1.34, 2.01, 2.73, 1.00, 2.44, 1.00, 1.15],
  tjk_91 = [3.69, 5.00, 2.84, 1.53, 1.00, 2.25, 2.42, 1.15, 3.27, 2.28, 5.00, 4.38, 4.11, 3.36, 1.38, 3.21, 5.00, 3.14, 1.00, 2.02],
  tjk_92 = [1.00, 5.00, 5.00, 4.56, 5.00, 4.19, 1.00, 5.00, 1.82, 1.00, 2.77, 5.00, 3.89, 5.00, 5.00, 3.84, 5.00, 5.00, 5.00, 2.35],
  tjk_93 = [3.46, 1.77, 3.94, 5.00, 2.85, 2.85, 5.00, 5.00, 5.00, 4.70, 5.00, 5.00, 1.00, 1.75, 4.70, 2.51, 5.00, 5.00, 5.00, 4.36],
  tjk_94 = [3.51, 5.00, 2.96, 3.15, 3.22, 5.00, 5.00, 2.11, 2.55, 1.35, 5.00, 5.00, 5.00, 4.95, 4.09, 1.88, 5.00, 1.29, 4.04, 2.98],
  tjk_95 = [1.00, 4.55, 3.01, 4.99, 4.09, 3.08, 4.37, 3.66, 1.60, 5.00, 2.52, 3.95, 5.00, 4.74, 5.00, 2.19, 1.00, 2.46, 5.00, 2.68],
  tjk_101 = [1.53, 1.91, 1.00, 1.00, 1.00, 1.12, 1.30, 1.28, 2.53, 1.00, 1.76, 1.24, 1.00, 2.05, 2.05, 1.00, 1.46, 1.17, 2.23, 1.00],
  tjk_102 = [1.42, 2.06, 1.48, 1.61, 1.70, 1.71, 1.00, 1.00, 1.82, 3.09, 2.48, 1.85, 1.93, 2.72, 3.46, 1.27, 2.07, 1.00, 2.39, 1.33],
  tjk_103 = [3.00, 1.69, 1.91, 1.47, 1.77, 2.07, 2.08, 1.00, 2.22, 2.18, 2.10, 1.00, 2.77, 1.00, 2.47, 1.30, 1.18, 2.08, 1.71, 3.30],
  tjk_104 = [1.00, 2.91, 1.86, 1.23, 1.81, 1.72, 1.00, 1.20, 1.44, 1.00, 2.30, 1.00, 1.70, 1.17, 2.40, 1.84, 1.81, 1.98, 2.88, 1.71],
  tjk_105 = [1.41, 2.37, 2.11, 2.23, 1.97, 1.00, 2.70, 2.26, 2.09, 1.49, 1.63, 1.65, 1.39, 1.99, 3.66, 1.84, 1.62, 1.58, 1.54, 1.67],
  tjk_111 = [4.16, 5.00, 4.66, 5.00, 2.23, 5.00, 4.10, 5.00, 5.00, 1.60, 3.87, 1.82, 4.01, 3.02, 4.83, 3.27, 3.39, 5.00, 5.00, 5.00],
  tjk_112 = [4.89, 3.82, 2.75, 2.50, 4.52, 4.13, 2.43, 5.00, 4.82, 4.97, 3.19, 1.00, 1.97, 3.30, 4.23, 5.00, 5.00, 4.04, 5.00, 5.00],
  tjk_113 = [5.00, 5.00, 3.91, 2.37, 5.00, 5.00, 5.00, 5.00, 5.00, 3.18, 5.00, 4.14, 3.05, 2.67, 4.05, 1.81, 2.09, 3.10, 4.02, 3.29],
  tjk_114 = [4.44, 5.00, 2.35, 2.63, 5.00, 5.00, 5.00, 5.00, 3.02, 5.00, 4.19, 5.00, 3.76, 2.20, 5.00, 5.00, 3.30, 5.00, 5.00, 5.00],
  tjk_115 = [5.00, 4.81, 5.00, 2.85, 5.00, 4.82, 2.55, 4.79, 5.00, 4.02, 2.59, 5.00, 4.12, 5.00, 3.70, 3.69, 5.00, 5.00, 5.00, 5.00],
  tjk_121 = [3.15, 5.00, 3.83, 3.21, 2.84, 2.75, 2.32, 4.16, 2.33, 1.79, 3.58, 3.35, 2.55, 3.50, 1.00, 2.67, 4.10, 3.07, 4.26, 3.95],
  tjk_122 = [1.00, 4.61, 2.74, 4.01, 3.99, 1.00, 1.00, 5.00, 2.86, 2.84, 4.06, 4.08, 3.07, 4.83, 4.03, 3.39, 2.54, 1.90, 2.18, 3.32],
  tjk_123 = [3.31, 1.49, 3.64, 4.09, 3.17, 5.00, 1.19, 3.06, 4.65, 2.32, 4.48, 1.94, 3.51, 3.35, 2.93, 5.00, 2.69, 1.86, 1.92, 2.75],
  tjk_124 = [2.80, 2.57, 1.77, 3.34, 2.72, 1.00, 5.00, 2.81, 3.40, 1.84, 3.11, 3.08, 2.74, 3.79, 1.00, 1.00, 3.08, 1.00, 2.46, 3.42],
  tjk_125 = [1.97, 4.85, 3.08, 2.94, 3.99, 3.91, 3.08, 2.71, 1.00, 5.00, 5.00, 5.00, 3.77, 1.89, 2.55, 2.91, 3.12, 5.00, 5.00, 1.00],
  tjk_131 = [1.00, 3.72, 3.50, 5.00, 5.00, 4.72, 5.00, 5.00, 5.00, 5.00, 5.00, 1.00, 4.30, 2.81, 2.68, 5.00, 2.58, 4.41, 2.82, 1.88],
  tjk_132 = [1.66, 5.00, 5.00, 2.04, 2.47, 5.00, 3.07, 4.09, 5.00, 4.44, 4.73, 1.47, 1.00, 5.00, 1.00, 1.64, 4.58, 5.00, 4.75, 4.15],
  tjk_133 = [4.10, 5.00, 5.00, 4.58, 3.07, 4.56, 4.54, 4.47, 1.00, 5.00, 2.90, 5.00, 4.42, 4.68, 5.00, 3.62, 5.00, 5.00, 5.00, 4.45],
  tjk_134 = [2.83, 1.72, 4.36, 4.66, 3.53, 2.43, 3.70, 5.00, 1.18, 5.00, 5.00, 5.00, 5.00, 3.32, 1.06, 5.00, 1.86, 5.00, 5.00, 2.36],
  tjk_135 = [4.29, 1.72, 4.12, 4.49, 5.00, 1.00, 1.70, 4.17, 2.34, 4.48, 5.00, 1.30, 5.00, 5.00, 5.00, 3.19, 5.00, 4.20, 4.12, 4.01],
  tjk_141 = [3.90, 5.00, 4.68, 1.25, 3.18, 5.00, 4.51, 1.01, 5.00, 5.00, 2.71, 5.00, 3.35, 4.67, 1.10, 2.16, 5.00, 2.99, 2.90, 2.53],
  tjk_142 = [1.00, 3.74, 1.00, 3.89, 5.00, 4.85, 1.76, 5.00, 3.91, 5.00, 5.00, 3.02, 5.00, 5.00, 5.00, 5.00, 5.00, 5.00, 5.00, 5.00],
  tjk_143 = [5.00, 5.00, 3.77, 3.22, 4.33, 3.64, 2.75, 5.00, 5.00, 5.00, 1.69, 3.08, 1.00, 3.51, 5.00, 3.01, 5.00, 5.00, 5.00, 5.00],
  tjk_144 = [5.00, 4.41, 3.66, 2.51, 4.51, 3.81, 5.00, 5.00, 2.93, 2.46, 3.48, 1.25, 1.00, 3.48, 2.45, 3.17, 5.00, 4.41, 4.91, 4.02],
  tjk_145 = [5.00, 3.70, 3.34, 5.00, 5.00, 1.00, 1.00, 4.65, 5.00, 3.59, 1.00, 4.72, 4.22, 5.00, 1.00, 5.00, 1.70, 2.35, 5.00, 4.74],
  tjk_151 = [5.00, 3.64, 3.98, 4.45, 1.00, 5.00, 3.90, 5.00, 5.00, 3.60, 2.45, 1.00, 1.00, 4.97, 4.39, 5.00, 3.20, 5.00, 5.00, 2.38],
  tjk_152 = [5.00, 5.00, 4.56, 3.47, 2.21, 5.00, 3.20, 5.00, 1.79, 2.55, 2.50, 1.68, 4.89, 1.64, 5.00, 1.11, 5.00, 5.00, 5.00, 5.00],
  tjk_153 = [1.79, 5.00, 5.00, 5.00, 2.84, 1.00, 1.00, 5.00, 3.44, 2.90, 4.98, 5.00, 1.00, 2.81, 5.00, 5.00, 1.89, 1.00, 4.96, 3.90],
  tjk_154 = [1.00, 3.89, 5.00, 5.00, 5.00, 5.00, 5.00, 5.00, 1.17, 5.00, 5.00, 1.67, 1.00, 2.06, 5.00, 5.00, 1.12, 3.19, 5.00, 1.00],
  tjk_155 = [4.05, 1.00, 3.28, 5.00, 4.82, 5.00, 1.18, 3.99, 4.46, 3.83, 5.00, 5.00, 5.00, 3.18, 4.76, 1.00, 5.00, 3.71, 4.01, 5.00],
  tjk_161 = [1.21, 1.00, 1.00, 2.10, 1.81, 1.00, 1.07, 1.69, 1.76, 1.65, 1.98, 1.15, 1.76, 1.00, 1.51, 1.71, 1.97, 2.88, 2.36, 1.94],
  tjk_162 = [1.16, 1.79, 2.29, 1.00, 1.00, 1.00, 1.00, 3.43, 1.00, 1.00, 2.56, 1.69, 2.18, 1.90, 2.86, 1.73, 1.00, 1.00, 2.49, 2.30],
  tjk_163 = [2.20, 1.74, 1.01, 1.69, 1.78, 1.51, 1.00, 1.66, 1.00, 1.52, 1.21, 1.27, 2.90, 1.06, 1.82, 2.61, 1.00, 1.06, 2.02, 1.94],
  tjk_164 = [2.25, 2.33, 1.15, 2.18, 1.57, 1.00, 1.89, 2.83, 1.45, 1.65, 2.30, 3.05, 1.16, 1.25, 1.67, 2.53, 1.75, 1.82, 1.63, 1.24],
  tjk_165 = [1.00, 2.53, 1.00, 3.10, 1.99, 1.88, 1.75, 1.93, 1.00, 1.76, 1.00, 2.01, 1.00, 1.75, 1.00, 4.18, 1.20, 2.82, 1.17, 1.71],
  tjk_171 = [1.93, 1.89, 1.00, 1.90, 2.04, 1.49, 3.17, 2.53, 1.92, 1.75, 2.56, 1.42, 3.17, 1.44, 2.75, 3.61, 2.42, 1.00, 2.96, 1.48],
  tjk_172 = [1.37, 1.13, 1.53, 1.39, 1.86, 1.97, 1.69, 2.25, 2.45, 1.00, 1.15, 1.06, 1.59, 2.93, 1.00, 1.00, 2.56, 1.96, 1.40, 1.00],
  tjk_173 = [1.86, 2.34, 1.00, 1.68, 2.09, 2.04, 1.00, 2.25, 1.00, 1.00, 2.58, 1.91, 2.53, 3.10, 1.00, 2.18, 2.65, 1.60, 2.15, 1.90],
  tjk_174 = [1.07, 1.00, 1.42, 1.80, 1.00, 1.00, 1.93, 1.42, 1.71, 2.27, 1.00, 1.62, 2.61, 1.00, 2.80, 1.00, 2.09, 1.60, 2.38, 1.17],
  tjk_175 = [1.40, 1.01, 1.00, 2.62, 1.00, 2.79, 1.00, 1.00, 1.04, 1.91, 2.49, 1.00, 1.29, 2.02, 1.73, 3.36, 1.81, 3.26, 1.13, 1.74],
  tjk_181 = [4.35, 5.00, 5.00, 2.62, 1.00, 5.00, 4.54, 3.15, 5.00, 5.00, 2.77, 1.85, 5.00, 2.01, 2.96, 5.00, 5.00, 5.00, 5.00, 3.03],
  tjk_182 = [2.86, 2.06, 3.91, 4.96, 1.00, 5.00, 5.00, 4.65, 5.00, 5.00, 2.17, 2.91, 4.88, 2.95, 2.67, 2.32, 1.35, 3.63, 1.00, 5.00],
  tjk_183 = [1.00, 1.61, 5.00, 5.00, 5.00, 2.90, 4.48, 4.21, 3.79, 5.00, 4.89, 4.75, 2.92, 5.00, 1.00, 3.24, 5.00, 5.00, 5.00, 4.97],
  tjk_184 = [3.24, 2.98, 2.02, 5.00, 5.00, 2.31, 2.68, 1.00, 1.64, 3.24, 2.72, 1.00, 2.00, 1.00, 4.81, 1.00, 5.00, 2.83, 5.00, 1.00],
  tjk_185 = [4.29, 5.00, 3.08, 3.24, 3.38, 2.13, 5.00, 1.00, 3.46, 3.53, 3.25, 1.63, 2.25, 5.00, 5.00, 5.00, 5.00, 3.01, 2.69, 5.00],
  tjk_191 = [5.00, 3.94, 5.00, 1.00, 3.88, 5.00, 5.00, 5.00, 3.89, 5.00, 5.00, 1.00, 1.00, 4.03, 5.00, 2.50, 4.28, 4.02, 5.00, 5.00],
  tjk_192 = [5.00, 5.00, 2.22, 3.55, 4.19, 1.86, 5.00, 5.00, 5.00, 1.84, 5.00, 4.53, 4.20, 1.33, 1.25, 5.00, 2.70, 5.00, 3.78, 1.02],
  tjk_193 = [4.00, 4.42, 3.90, 2.34, 5.00, 5.00, 5.00, 4.59, 4.91, 5.00, 5.00, 3.80, 3.38, 1.00, 2.05, 2.93, 5.00, 3.31, 5.00, 1.00],
  tjk_194 = [1.00, 5.00, 5.00, 5.00, 4.51, 1.58, 4.50, 4.99, 5.00, 1.00, 1.00, 3.10, 1.00, 4.41, 5.00, 1.00, 4.85, 4.80, 5.00, 2.27],
  tjk_195 = [5.00, 4.88, 4.73, 4.38, 5.00, 5.00, 5.00, 2.33, 5.00, 5.00, 1.93, 2.28, 1.80, 3.50, 5.00, 5.00, 3.46, 5.00, 1.71, 5.00],
  tjk_201 = [1.00, 3.56, 4.93, 1.48, 5.00, 3.28, 5.00, 3.31, 1.36, 3.81, 1.99, 1.67, 2.59, 1.23, 3.57, 4.18, 1.68, 1.49, 1.80, 1.66],
  tjk_202 = [3.77, 3.91, 1.63, 2.81, 3.00, 4.81, 5.00, 3.36, 2.39, 1.00, 5.00, 1.00, 2.30, 2.35, 3.07, 1.00, 1.00, 1.20, 2.06, 1.56],
  tjk_203 = [4.19, 2.85, 5.00, 4.34, 3.33, 2.06, 4.37, 4.19, 3.03, 3.30, 4.75, 1.01, 4.84, 4.24, 1.67, 4.91, 2.54, 3.19, 4.13, 3.34],
  tjk_204 = [1.99, 4.98, 3.16, 5.00, 4.40, 3.83, 4.21, 3.13, 1.00, 3.54, 1.00, 2.06, 5.00, 4.90, 3.12, 3.68, 2.56, 1.28, 3.63, 1.26],
  tjk_205 = [5.00, 2.44, 3.03, 2.31, 3.27, 4.11, 2.35, 3.62, 4.39, 5.00, 4.67, 3.60, 4.80, 4.01, 3.70, 3.64, 1.19, 1.39, 3.29, 2.78],
  tjk_211 = [3.79, 4.64, 1.98, 5.00, 3.52, 3.70, 1.52, 1.40, 3.94, 2.16, 3.92, 3.24, 2.16, 3.60, 2.52, 4.41, 1.82, 3.72, 1.53, 3.57],
  tjk_212 = [1.32, 3.87, 1.06, 3.58, 3.78, 3.03, 5.00, 1.83, 3.43, 2.47, 5.00, 4.04, 2.42, 4.18, 3.87, 2.54, 3.76, 3.05, 5.00, 5.00],
  tjk_213 = [3.46, 3.08, 1.53, 4.36, 5.00, 1.09, 1.57, 4.70, 4.66, 5.00, 3.78, 4.86, 2.51, 4.04, 4.55, 3.57, 3.53, 1.40, 3.58, 2.62],
  tjk_214 = [2.30, 1.00, 3.55, 5.00, 4.31, 1.00, 1.00, 1.00, 2.95, 5.00, 1.00, 1.00, 3.86, 4.20, 4.27, 5.00, 1.78, 1.89, 4.61, 4.66],
  tjk_215 = [5.00, 4.58, 1.94, 5.00, 2.31, 5.00, 2.09, 3.12, 3.88, 4.15, 5.00, 5.00, 3.28, 1.97, 3.24, 2.91, 3.34, 2.67, 4.64, 3.24],
  tjk_221 = [3.16, 5.00, 1.00, 5.00, 5.00, 5.00, 4.24, 2.78, 5.00, 1.00, 2.58, 1.00, 5.00, 5.00, 3.25, 2.53, 3.36, 5.00, 5.00, 5.00],
  tjk_222 = [2.09, 2.23, 5.00, 1.00, 5.00, 4.75, 5.00, 4.70, 5.00, 5.00, 5.00, 5.00, 4.68, 5.00, 3.14, 5.00, 5.00, 5.00, 2.45, 5.00],
  tjk_223 = [5.00, 5.00, 4.90, 4.99, 5.00, 2.87, 4.23, 4.88, 5.00, 3.66, 5.00, 5.00, 5.00, 5.00, 3.06, 4.64, 5.00, 1.00, 3.69, 5.00],
  tjk_224 = [1.07, 5.00, 3.08, 1.00, 3.42, 2.94, 4.63, 3.47, 3.66, 2.33, 5.00, 3.66, 1.14, 4.96, 1.00, 4.51, 5.00, 3.79, 3.33, 4.20],
  tjk_225 = [2.06, 1.93, 2.77, 3.82, 5.00, 5.00, 5.00, 1.66, 5.00, 2.42, 1.00, 2.54, 5.00, 3.22, 5.00, 4.71, 3.90, 4.42, 5.00, 5.00],
  tjk_231 = [5.00, 3.45, 5.00, 5.00, 5.00, 5.00, 2.15, 2.75, 5.00, 4.20, 5.00, 2.92, 2.75, 5.00, 5.00, 2.97, 4.57, 3.58, 4.04, 5.00],
  tjk_232 = [4.74, 5.00, 5.00, 1.00, 4.77, 4.49, 5.00, 5.00, 2.86, 4.87, 4.67, 5.00, 3.07, 2.29, 5.00, 5.00, 5.00, 5.00, 4.09, 1.94],
  tjk_233 = [5.00, 3.23, 5.00, 5.00, 4.58, 1.81, 2.63, 5.00, 4.73, 2.75, 4.37, 4.13, 2.55, 2.81, 2.84, 4.39, 5.00, 4.81, 3.84, 5.00],
  tjk_234 = [4.72, 2.33, 3.38, 3.87, 5.00, 3.47, 4.26, 2.56, 5.00, 3.37, 5.00, 5.00, 5.00, 4.39, 2.87, 5.00, 5.00, 5.00, 5.00, 2.12],
  tjk_235 = [1.91, 3.36, 1.81, 4.49, 5.00, 2.15, 3.42, 3.62, 1.00, 3.93, 5.00, 2.64, 5.00, 1.00, 4.14, 2.75, 4.46, 3.72, 5.00, 5.00],
  tjk_241 = [3.30, 1.04, 2.67, 1.51, 2.01, 2.39, 1.23, 1.00, 1.00, 1.00, 1.56, 1.18, 1.00, 2.41, 2.12, 1.47, 1.00, 2.18, 1.61, 1.43],
  tjk_242 = [2.05, 1.98, 2.80, 1.69, 1.43, 1.00, 1.00, 1.64, 2.29, 1.29, 1.53, 1.86, 1.33, 3.96, 2.10, 3.98, 2.51, 1.69, 1.90, 2.32],
  tjk_243 = [1.99, 2.58, 1.00, 1.63, 2.65, 1.59, 1.54, 2.03, 1.08, 1.00, 2.39, 1.51, 2.56, 1.64, 1.28, 2.95, 2.18, 2.02, 1.30, 1.87],
  tjk_244 = [1.66, 3.00, 1.00, 2.40, 1.00, 2.44, 1.79, 1.41, 1.00, 1.00, 1.00, 1.43, 1.00, 1.00, 1.00, 2.41, 1.22, 2.43, 3.50, 1.75],
  tjk_245 = [1.00, 1.00, 2.61, 1.99, 1.97, 1.00, 1.71, 1.48, 1.22, 3.06, 1.92, 2.59, 1.81, 2.18, 1.00, 1.73, 2.33, 1.00, 1.67, 1.04],
  tjk_251 = [1.46, 2.44, 1.10, 1.80, 1.93, 1.00, 1.70, 1.73, 1.00, 1.56, 1.00, 1.00, 1.65, 1.00, 2.99, 1.60, 1.00, 1.14, 1.00, 2.20],
  tjk_252 = [2.73, 1.83, 1.60, 1.00, 2.00, 2.94, 2.72, 2.16, 1.00, 1.47, 2.19, 1.29, 1.00, 1.42, 1.79, 1.19, 2.65, 2.43, 1.87, 2.20],
  tjk_253 = [1.00, 1.00, 1.08, 1.53, 2.14, 1.61, 1.00, 1.86, 2.14, 1.00, 1.75, 2.03, 1.00, 1.59, 1.00, 1.43, 2.41, 1.00, 1.13, 2.42],
  tjk_254 = [2.48, 1.95, 1.00, 1.00, 1.70, 2.28, 1.60, 2.07, 1.51, 1.00, 1.00, 1.51, 1.00, 1.24, 2.17, 2.02, 1.34, 2.47, 1.77, 3.05],
  tjk_255 = [2.67, 1.82, 1.00, 2.84, 1.51, 1.66, 1.86, 1.00, 1.44, 1.88, 1.00, 1.65, 1.72, 1.78, 2.43, 1.43, 1.00, 2.24, 1.00, 1.59],
  tjk_261 = [5.00, 4.34, 3.24, 1.61, 5.00, 5.00, 4.80, 3.23, 4.27, 1.00, 1.96, 5.00, 3.38, 4.74, 3.23, 5.00, 1.00, 2.56, 4.93, 4.51],
  tjk_262 = [4.27, 3.66, 5.00, 4.68, 2.83, 5.00, 2.88, 1.00, 3.79, 5.00, 5.00, 3.38, 5.00, 3.67, 1.59, 2.60, 5.00, 3.29, 5.00, 1.00],
  tjk_263 = [1.88, 5.00, 3.81, 2.00, 5.00, 3.14, 1.64, 5.00, 4.59, 5.00, 5.00, 5.00, 5.00, 5.00, 2.67, 4.13, 5.00, 3.94, 1.43, 5.00],
  tjk_264 = [5.00, 5.00, 2.19, 5.00, 3.41, 4.78, 1.00, 1.79, 2.69, 4.40, 4.30, 3.79, 3.24, 5.00, 2.82, 5.00, 5.00, 5.00, 5.00, 3.08],
  tjk_265 = [5.00, 3.71, 5.00, 5.00, 5.00, 5.00, 3.67, 2.57, 5.00, 5.00, 1.00, 5.00, 4.43, 4.08, 4.39, 2.55, 4.07, 4.51, 2.69, 2.93],
  tjk_271 = [2.43, 2.82, 1.95, 2.53, 2.05, 1.44, 2.15, 3.09, 1.85, 1.90, 2.12, 1.00, 2.68, 1.51, 2.64, 3.12, 1.17, 3.02, 2.66, 2.00],
  tjk_272 = [1.61, 1.87, 2.85, 1.75, 1.68, 1.05, 1.00, 1.33, 1.01, 1.00, 1.79, 2.82, 1.64, 1.26, 1.00, 1.00, 1.69, 1.00, 3.06, 2.39],
  tjk_273 = [1.58, 1.62, 2.18, 1.70, 3.00, 1.80, 1.41, 1.65, 1.00, 1.79, 1.45, 1.02, 2.33, 1.92, 2.59, 1.00, 1.00, 1.00, 1.88, 1.77],
  tjk_274 = [1.87, 1.49, 2.82, 2.27, 1.42, 1.00, 1.27, 1.88, 2.10, 1.49, 1.00, 1.00, 1.85, 1.40, 1.00, 1.00, 1.08, 1.19, 1.00, 1.28],
  tjk_275 = [1.76, 1.00, 1.90, 1.52, 1.00, 2.12, 2.88, 3.20, 2.18, 1.00, 2.88, 3.64, 1.36, 1.18, 1.29, 2.63, 2.25, 1.00, 1.89, 3.11],
  tjk_281 = [4.49, 5.00, 5.00, 2.31, 1.00, 2.84, 3.86, 2.47, 3.78, 5.00, 5.00, 5.00, 5.00, 5.00, 3.34, 2.65, 4.47, 3.01, 2.48, 1.85],
  tjk_282 = [3.70, 5.00, 5.00, 1.89, 3.94, 1.37, 2.07, 4.57, 4.01, 5.00, 1.69, 5.00, 2.70, 5.00, 4.07, 4.49, 5.00, 2.59, 5.00, 5.00],
  tjk_283 = [3.65, 5.00, 5.00, 4.83, 3.77, 5.00, 4.75, 2.49, 5.00, 1.00, 4.15, 2.96, 4.07, 4.30, 4.48, 3.91, 4.98, 3.43, 5.00, 2.82],
  tjk_284 = [4.98, 5.00, 3.73, 5.00, 5.00, 5.00, 2.30, 3.79, 2.71, 3.53, 5.00, 3.79, 4.57, 3.87, 4.96, 4.86, 5.00, 5.00, 3.31, 3.88],
  tjk_285 = [4.66, 1.00, 3.38, 5.00, 5.00, 1.00, 4.20, 5.00, 2.51, 1.00, 2.95, 3.98, 5.00, 4.90, 5.00, 2.34, 5.00, 5.00, 5.00, 4.59],
  tjk_291 = [1.89, 1.55, 1.89, 1.16, 1.60, 1.00, 1.44, 3.32, 2.59, 1.20, 1.59, 1.78, 1.22, 2.57, 1.00, 2.39, 2.06, 1.00, 2.31, 2.54],
  tjk_292 = [2.38, 1.00, 2.75, 1.63, 1.06, 1.00, 1.84, 1.99, 2.47, 1.17, 1.09, 1.79, 3.50, 2.00, 2.12, 1.00, 1.67, 1.45, 1.00, 1.50],
  tjk_293 = [1.26, 2.51, 2.73, 3.77, 1.50, 1.00, 1.28, 1.00, 1.95, 1.97, 1.00, 1.07, 1.82, 1.34, 1.60, 1.24, 1.00, 1.00, 2.42, 1.00],
  tjk_294 = [1.00, 2.34, 1.16, 1.88, 1.00, 1.00, 2.52, 1.00, 2.70, 3.84, 1.00, 1.00, 2.14, 2.13, 1.26, 1.81, 1.00, 1.31, 1.82, 1.00],
  tjk_295 = [2.23, 1.71, 1.00, 1.34, 1.16, 2.22, 1.24, 1.00, 2.35, 1.00, 2.23, 2.15, 1.69, 1.64, 1.61, 1.00, 1.77, 1.00, 2.83, 1.43],
  tjk_301 = [5.00, 5.00, 5.00, 5.00, 3.51, 3.72, 3.77, 3.64, 1.55, 2.04, 5.00, 4.47, 2.20, 4.75, 2.66, 5.00, 2.58, 5.00, 4.36, 1.00],
  tjk_302 = [5.00, 4.16, 4.29, 3.04, 4.05, 1.89, 5.00, 3.46, 1.00, 5.00, 5.00, 5.00, 2.72, 3.66, 4.31, 5.00, 4.41, 2.37, 5.00, 4.02],
  tjk_303 = [1.00, 5.00, 4.23, 3.98, 4.74, 3.76, 5.00, 4.82, 4.66, 5.00, 4.62, 5.00, 2.56, 1.00, 2.83, 2.91, 2.84, 5.00, 5.00, 1.19],
  tjk_304 = [3.79, 5.00, 5.00, 1.24, 1.00, 5.00, 5.00, 5.00, 3.36, 3.82, 4.65, 3.61, 1.00, 1.00, 4.65, 4.52, 3.38, 4.59, 4.78, 5.00],
  tjk_305 = [3.35, 5.00, 3.12, 5.00, 5.00, 2.48, 5.00, 5.00, 2.47, 5.00, 5.00, 2.67, 2.28, 5.00, 5.00, 2.27, 4.11, 3.98, 3.33, 3.87],
  tjk_311 = [2.98, 4.44, 3.96, 5.00, 4.06, 5.00, 2.00, 4.63, 5.00, 5.00, 4.27, 1.55, 2.90, 5.00, 5.00, 3.24, 5.00, 5.00, 5.00, 2.91],
  tjk_312 = [3.42, 5.00, 5.00, 1.00, 3.75, 5.00, 1.93, 5.00, 4.79, 5.00, 2.63, 4.96, 5.00, 5.00, 3.97, 5.00, 4.18, 1.00, 5.00, 4.33],
  tjk_313 = [2.82, 5.00, 5.00, 5.00, 5.00, 1.32, 4.06, 3.66, 5.00, 5.00, 1.97, 1.00, 3.92, 5.00, 4.67, 5.00, 5.00, 3.46, 5.00, 5.00],
  tjk_314 = [3.24, 4.45, 1.00, 5.00, 5.00, 5.00, 1.00, 3.43, 5.00, 5.00, 4.10, 4.55, 1.49, 2.93, 3.24, 4.86, 5.00, 1.00, 5.00, 4.88],
  tjk_315 = [4.40, 2.68, 3.76, 2.88, 2.54, 4.30, 1.54, 3.77, 1.77, 5.00, 2.40, 5.00, 2.27, 2.37, 4.88, 5.00, 4.33, 3.62, 3.84, 4.67],
  tjk_321 = [5.00, 3.95, 3.41, 1.70, 4.95, 3.79, 3.13, 5.00, 5.00, 5.00, 4.36, 2.78, 4.46, 5.00, 4.23, 5.00, 2.19, 5.00, 4.05, 5.00],
  tjk_322 = [2.78, 3.55, 1.89, 5.00, 5.00, 5.00, 5.00, 3.88, 2.34, 3.78, 5.00, 1.83, 5.00, 4.81, 1.28, 4.65, 5.00, 3.28, 3.87, 4.42],
  tjk_323 = [5.00, 2.81, 1.39, 5.00, 2.63, 3.67, 4.68, 1.00, 1.77, 4.47, 1.00, 5.00, 2.46, 5.00, 5.00, 5.00, 5.00, 3.78, 4.94, 1.85],
  tjk_324 = [5.00, 5.00, 5.00, 5.00, 5.00, 1.67, 5.00, 1.38, 5.00, 2.15, 3.24, 2.56, 5.00, 5.00, 5.00, 4.98, 4.23, 1.00, 5.00, 3.00],
  tjk_325 = [3.31, 3.17, 5.00, 2.75, 2.91, 3.41, 5.00, 5.00, 2.10, 5.00, 5.00, 5.00, 5.00, 4.18, 1.18, 2.83, 2.94, 2.03, 5.00, 5.00],
  tjk_331 = [3.74, 3.81, 5.00, 5.00, 5.00, 4.38, 2.33, 2.77, 3.47, 5.00, 3.09, 5.00, 4.97, 4.86, 5.00, 4.61, 5.00, 5.00, 5.00, 4.96],
  tjk_332 = [5.00, 1.00, 2.04, 5.00, 4.96, 3.37, 4.20, 5.00, 5.00, 2.63, 3.70, 5.00, 5.00, 5.00, 5.00, 1.93, 5.00, 2.00, 2.04, 1.00],
  tjk_333 = [2.58, 4.50, 1.00, 3.53, 2.44, 1.00, 1.00, 4.33, 4.81, 3.27, 5.00, 5.00, 2.39, 5.00, 4.35, 3.01, 1.38, 2.89, 2.68, 5.00],
  tjk_334 = [5.00, 1.00, 5.00, 5.00, 4.11, 2.17, 5.00, 4.97, 4.87, 4.79, 5.00, 5.00, 3.70, 2.63, 5.00, 4.86, 5.00, 3.53, 4.20, 5.00],
  tjk_335 = [1.57, 3.29, 3.54, 5.00, 2.42, 5.00, 5.00, 2.89, 1.73, 1.27, 5.00, 3.65, 1.46, 3.79, 2.22, 5.00, 4.44, 5.00, 1.00, 5.00],
  tjk_341 = [2.83, 3.47, 2.43, 3.05, 2.17, 5.00, 2.12, 2.62, 4.79, 2.66, 1.15, 3.30, 2.55, 2.54, 4.84, 5.00, 2.76, 2.17, 1.00, 2.82],
  tjk_342 = [2.98, 2.59, 3.33, 2.43, 2.20, 2.75, 2.70, 1.72, 1.00, 1.50, 5.00, 3.69, 1.49, 4.76, 4.64, 2.86, 2.05, 1.57, 4.38, 3.23],
  tjk_343 = [3.64, 1.32, 2.28, 2.14, 1.13, 4.57, 3.09, 2.76, 3.32, 4.42, 2.76, 1.30, 4.11, 1.41, 2.26, 2.87, 2.32, 3.19, 3.41, 3.86],
  tjk_344 = [5.00, 1.00, 3.43, 3.09, 2.78, 4.94, 2.69, 1.14, 3.38, 1.57, 2.40, 4.05, 3.49, 2.12, 2.76, 2.30, 1.24, 1.00, 3.62, 2.47],
  tjk_345 = [4.19, 1.00, 3.49, 4.87, 5.00, 3.82, 2.79, 1.86, 2.35, 3.97, 3.78, 1.27, 3.61, 3.82, 2.36, 2.69, 5.00, 4.00, 1.00, 2.85],
  tjk_351 = [2.48, 5.00, 3.77, 4.30, 2.24, 5.00, 3.88, 1.00, 4.72, 1.00, 1.00, 2.63, 3.05, 4.83, 1.36, 1.82, 5.00, 2.45, 4.14, 1.00],
  tjk_352 = [3.30, 5.00, 2.19, 4.24, 3.27, 1.99, 3.38, 5.00, 1.83, 3.05, 3.68, 2.45, 4.57, 4.08, 4.37, 2.26, 1.00, 2.12, 2.60, 2.38],
  tjk_353 = [1.50, 2.66, 1.78, 1.27, 3.57, 2.69, 2.81, 2.38, 1.38, 5.00, 2.73, 4.82, 1.88, 3.66, 1.58, 3.49, 1.82, 4.50, 2.58, 2.27],
  tjk_354 = [3.72, 1.83, 1.68, 4.48, 2.63, 1.37, 4.29, 3.74, 1.83, 1.00, 2.07, 4.96, 1.00, 2.12, 2.59, 4.54, 2.79, 1.00, 3.49, 3.13],
  tjk_355 = [3.43, 3.35, 1.70, 1.64, 3.02, 2.10, 3.13, 3.82, 2.81, 3.47, 4.95, 3.46, 4.73, 3.20, 1.00, 3.50, 2.63, 4.96, 3.62, 4.10],
  tjk_361 = [3.10, 4.07, 4.39, 2.63, 3.47, 4.39, 2.24, 2.49, 2.20, 4.19, 3.73, 4.91, 2.21, 5.00, 3.47, 1.33, 2.40, 2.39, 5.00, 1.32],
  tjk_362 = [3.03, 3.70, 1.23, 4.42, 2.20, 4.26, 2.74, 4.19, 1.92, 4.09, 1.73, 1.40, 3.05, 2.78, 1.67, 4.29, 5.00, 3.48, 3.83, 1.41],
  tjk_363 = [2.27, 1.00, 2.57, 2.19, 2.98, 2.37, 2.20, 4.44, 5.00, 3.27, 1.00, 4.08, 1.00, 4.87, 3.36, 3.12, 1.02, 4.45, 3.93, 4.08],
  tjk_364 = [1.09, 4.79, 1.00, 3.39, 4.19, 3.86, 5.00, 3.84, 1.98, 2.44, 2.60, 2.09, 1.82, 1.09, 3.77, 3.12, 3.46, 3.11, 3.86, 4.17],
  tjk_365 = [2.33, 5.00, 4.84, 3.41, 2.69, 3.56, 1.14, 1.74, 4.67, 2.80, 3.20, 2.60, 3.98, 1.00, 4.45, 2.50, 5.00, 1.21, 5.00, 4.71],
  tjk_371 = [4.96, 2.82, 3.00, 3.80, 1.54, 1.28, 1.33, 2.59, 2.74, 5.00, 1.88, 1.00, 1.66, 4.83, 4.10, 3.28, 5.00, 5.00, 4.45, 5.00],
  tjk_372 = [3.59, 3.71, 1.00, 2.49, 1.00, 1.93, 2.27, 3.48, 2.66, 2.54, 2.82, 3.43, 4.77, 4.88, 5.00, 2.23, 1.00, 1.99, 1.00, 1.00],
  tjk_373 = [2.92, 5.00, 1.78, 2.53, 2.36, 4.48, 2.36, 4.54, 4.77, 2.91, 3.28, 2.47, 1.00, 1.75, 2.19, 2.78, 1.00, 1.40, 1.00, 3.53],
  tjk_374 = [1.97, 1.00, 3.25, 2.65, 5.00, 5.00, 4.00, 3.50, 4.20, 2.14, 1.00, 1.04, 3.80, 3.50, 5.00, 2.06, 5.00, 3.24, 1.89, 5.00],
  tjk_375 = [2.42, 5.00, 4.45, 2.91, 3.13, 3.23, 2.46, 2.83, 4.03, 3.27, 1.77, 1.69, 1.69, 5.00, 5.00, 2.88, 1.42, 3.53, 1.41, 3.82],
  tjk_381 = [2.81, 5.00, 3.57, 2.05, 5.00, 5.00, 3.83, 4.59, 5.00, 4.90, 5.00, 4.27, 1.25, 5.00, 5.00, 5.00, 2.67, 5.00, 2.23, 4.68],
  tjk_382 = [4.05, 5.00, 4.29, 1.77, 5.00, 1.80, 1.02, 2.01, 2.48, 3.76, 2.80, 4.90, 5.00, 4.43, 1.00, 5.00, 5.00, 5.00, 5.00, 3.04],
  tjk_383 = [3.69, 3.86, 4.22, 5.00, 5.00, 4.96, 4.10, 4.70, 5.00, 1.24, 1.00, 5.00, 2.05, 2.39, 4.36, 4.28, 4.86, 3.31, 5.00, 4.41],
  tjk_384 = [2.74, 4.94, 1.00, 1.80, 1.00, 4.55, 3.97, 5.00, 1.69, 1.53, 5.00, 2.88, 2.49, 5.00, 5.00, 3.26, 3.14, 2.91, 2.51, 5.00],
  tjk_385 = [5.00, 4.06, 1.00, 2.99, 4.83, 3.94, 5.00, 3.00, 1.43, 3.49, 5.00, 1.84, 3.11, 4.69, 4.83, 5.00, 5.00, 1.00, 4.47, 3.61],
  tjk_391 = [2.37, 1.00, 2.53, 1.22, 1.00, 5.00, 2.82, 3.85, 5.00, 1.40, 1.72, 2.28, 3.80, 3.09, 3.90, 3.25, 3.88, 2.72, 5.00, 4.59],
  tjk_392 = [3.94, 1.76, 1.76, 4.09, 3.48, 1.95, 1.00, 3.40, 3.43, 1.81, 2.97, 3.75, 2.93, 2.29, 5.00, 3.64, 3.26, 1.21, 1.53, 1.89],
  tjk_393 = [3.20, 3.50, 1.77, 3.51, 3.59, 2.81, 4.67, 2.47, 4.53, 5.00, 4.90, 4.38, 4.03, 4.83, 1.01, 2.30, 4.62, 2.45, 1.06, 4.27],
  tjk_394 = [3.33, 5.00, 4.02, 3.82, 5.00, 1.96, 3.48, 1.69, 1.50, 1.00, 4.21, 1.90, 4.89, 2.57, 2.82, 1.25, 2.66, 3.11, 3.78, 2.70],
  tjk_395 = [2.14, 5.00, 3.27, 5.00, 1.09, 1.00, 5.00, 2.83, 5.00, 4.77, 1.00, 1.44, 1.00, 1.00, 1.59, 1.00, 2.84, 4.51, 1.00, 4.12],
  tjk_401 = [3.60, 1.00, 2.83, 3.76, 2.43, 4.52, 1.00, 2.27, 1.89, 2.13, 5.00, 4.88, 3.58, 2.97, 4.69, 4.36, 2.41, 1.08, 2.14, 3.04],
  tjk_402 = [1.83, 1.85, 2.71, 3.49, 4.02, 4.54, 3.98, 1.63, 2.07, 2.52, 4.76, 1.13, 3.93, 1.12, 3.90, 1.00, 2.84, 2.97, 4.60, 4.63],
  tjk_403 = [2.09, 2.97, 3.22, 5.00, 4.28, 2.60, 1.32, 5.00, 3.21, 4.07, 4.14, 2.21, 1.00, 3.40, 3.59, 3.77, 2.64, 3.22, 5.00, 4.85],
  tjk_404 = [2.57, 2.51, 3.07, 2.66, 5.00, 4.30, 1.46, 3.84, 4.00, 2.20, 1.50, 4.40, 3.87, 4.08, 1.00, 3.61, 2.48, 3.62, 5.00, 3.81],
  tjk_405 = [1.70, 4.83, 1.94, 1.37, 1.00, 2.62, 5.00, 4.77, 2.12, 1.00, 2.78, 4.30, 2.62, 3.77, 5.00, 3.38, 2.52, 2.99, 3.22, 1.00],
]

Service Times (¦Î_{jk}^s) = [
  xi_11 = [4.98, 5.93, 4.61, 2.43, 5.19, 9.58, 7.20, 3.59, 4.82, 5.57, 6.72, 7.93, 11.09, 8.17, 4.08, 3.50, 4.58, 8.23, 4.10, 6.78],
  xi_12 = [9.02, 4.08, 5.01, 4.97, 6.81, 1.82, 5.72, 7.41, 1.00, 6.26, 12.42, 2.77, 6.76, 6.97, 7.79, 3.47, 5.32, 8.64, 8.93, 3.29],
  xi_13 = [5.06, 6.26, 2.61, 3.66, 8.73, 3.76, 8.37, 7.99, 3.28, 10.36, 4.31, 5.36, 6.50, 3.52, 8.45, 8.18, 1.21, 3.12, 4.39, 3.88],
  xi_14 = [5.76, 7.25, 5.85, 5.40, 4.22, 10.22, 6.32, 4.08, 5.09, 3.25, 7.08, 8.15, 6.27, 11.37, 6.80, 6.11, 6.37, 6.15, 2.37, 7.99],
  xi_15 = [1.00, 5.91, 5.17, 8.30, 4.52, 2.93, 4.43, 9.03, 7.43, 1.00, 4.11, 3.35, 3.39, 2.40, 4.33, 8.74, 3.15, 8.17, 6.46, 4.24],
  xi_21 = [5.20, 5.11, 4.43, 5.70, 3.06, 1.00, 2.43, 2.68, 3.08, 4.92, 7.24, 2.24, 6.15, 6.98, 1.00, 11.81, 6.78, 4.48, 6.80, 4.55],
  xi_22 = [1.00, 6.94, 2.97, 8.61, 6.00, 6.64, 4.41, 4.46, 5.35, 6.43, 5.90, 2.92, 5.16, 8.06, 6.92, 1.00, 7.79, 2.93, 6.26, 1.97],
  xi_23 = [5.75, 5.18, 5.57, 9.05, 1.97, 8.04, 12.07, 3.02, 6.66, 9.07, 6.03, 2.03, 4.07, 3.31, 1.79, 6.01, 3.62, 8.99, 9.87, 1.00],
  xi_24 = [1.88, 2.14, 2.99, 3.85, 2.61, 8.82, 3.06, 6.33, 6.54, 5.96, 9.91, 2.68, 3.33, 7.11, 9.39, 8.40, 8.08, 4.26, 6.96, 8.76],
  xi_25 = [1.00, 4.75, 8.56, 9.74, 2.93, 5.80, 2.96, 1.00, 3.83, 1.34, 9.02, 3.62, 1.70, 6.16, 1.07, 8.20, 7.29, 5.03, 7.10, 5.37],
  xi_31 = [2.83, 1.00, 5.48, 3.47, 6.61, 7.72, 1.00, 4.73, 5.99, 2.91, 7.20, 6.59, 3.38, 4.40, 4.60, 6.10, 2.08, 6.02, 4.70, 5.07],
  xi_32 = [7.59, 4.16, 13.27, 9.82, 2.96, 6.54, 2.06, 1.00, 6.54, 6.75, 2.96, 4.86, 7.30, 5.94, 3.06, 7.01, 4.09, 4.93, 6.63, 3.88],
  xi_33 = [2.96, 5.42, 7.54, 3.45, 1.00, 3.39, 6.35, 3.19, 2.63, 6.45, 6.79, 2.06, 5.87, 4.11, 10.45, 6.38, 5.29, 7.75, 4.20, 12.52],
  xi_34 = [4.71, 1.00, 9.94, 12.61, 5.23, 5.03, 10.54, 5.17, 5.68, 5.49, 7.31, 3.91, 5.73, 5.93, 9.33, 1.00, 1.00, 3.85, 9.58, 3.29],
  xi_35 = [6.22, 3.76, 6.71, 5.01, 7.11, 4.55, 9.66, 4.27, 2.00, 3.76, 8.74, 3.35, 1.93, 3.56, 9.25, 8.55, 7.69, 8.47, 1.00, 9.16],
  xi_41 = [5.22, 2.12, 10.38, 3.14, 6.35, 9.82, 10.83, 7.51, 12.73, 10.50, 1.00, 9.94, 6.18, 14.55, 1.00, 15.00, 9.97, 3.90, 4.31, 1.00],
  xi_42 = [7.01, 1.00, 10.45, 11.56, 2.38, 8.15, 4.76, 10.35, 6.87, 1.00, 1.81, 8.67, 11.78, 4.20, 15.00, 7.45, 10.01, 12.47, 7.14, 4.01],
  xi_43 = [10.66, 7.72, 6.73, 7.98, 11.82, 6.91, 7.03, 3.67, 15.00, 14.22, 2.90, 1.86, 7.17, 12.31, 9.41, 6.47, 15.00, 3.61, 2.93, 10.31],
  xi_44 = [7.51, 7.00, 11.17, 7.25, 15.00, 12.25, 9.88, 10.35, 9.91, 15.00, 15.00, 11.74, 11.61, 13.77, 7.14, 4.46, 13.19, 3.78, 3.03, 8.75],
  xi_45 = [8.00, 15.00, 7.67, 8.68, 7.60, 6.37, 13.32, 15.00, 8.19, 7.48, 2.09, 6.24, 10.61, 14.59, 9.71, 8.80, 9.15, 6.26, 10.32, 7.55],
  xi_51 = [4.34, 7.24, 4.13, 6.44, 10.89, 8.01, 4.24, 6.65, 5.54, 8.86, 6.38, 3.25, 11.83, 8.69, 7.64, 1.00, 3.33, 6.43, 7.55, 11.38],
  xi_52 = [5.10, 9.42, 1.00, 1.72, 3.54, 9.51, 6.53, 7.39, 6.50, 7.42, 1.83, 2.49, 4.62, 9.32, 4.93, 9.50, 5.01, 3.36, 2.47, 2.58],
  xi_53 = [7.15, 8.19, 8.27, 12.88, 4.81, 3.80, 11.31, 6.99, 2.84, 5.14, 5.73, 8.11, 3.07, 1.97, 7.01, 3.77, 4.74, 5.19, 2.50, 1.00],
  xi_54 = [9.42, 8.69, 1.22, 6.49, 3.37, 9.81, 6.77, 3.20, 8.23, 8.80, 6.40, 6.65, 10.21, 7.10, 6.34, 5.40, 5.14, 6.34, 9.37, 5.36],
  xi_55 = [5.48, 4.95, 6.09, 5.23, 4.06, 5.49, 2.52, 1.25, 3.89, 3.28, 6.07, 2.86, 5.32, 9.36, 2.97, 6.13, 4.25, 11.45, 5.25, 4.40],
  xi_61 = [5.26, 12.10, 7.53, 15.00, 15.00, 6.21, 9.09, 9.88, 15.00, 2.20, 11.22, 12.14, 11.81, 13.59, 7.93, 5.81, 4.30, 12.21, 4.68, 13.12],
  xi_62 = [5.66, 14.17, 10.44, 15.00, 11.19, 15.00, 8.56, 12.72, 11.84, 13.02, 9.07, 12.63, 14.91, 7.55, 10.73, 12.88, 4.97, 5.57, 6.95, 7.29],
  xi_63 = [15.00, 7.62, 11.02, 12.24, 11.49, 5.28, 1.00, 6.10, 8.14, 4.28, 2.55, 6.28, 7.97, 7.58, 3.39, 10.39, 13.08, 7.11, 1.00, 1.49],
  xi_64 = [8.45, 13.58, 6.97, 10.11, 10.75, 7.22, 7.62, 6.28, 13.52, 7.98, 7.40, 5.19, 12.80, 8.75, 11.36, 4.96, 13.55, 2.55, 7.52, 10.50],
  xi_65 = [8.67, 5.04, 4.97, 3.56, 7.71, 2.76, 12.11, 12.05, 10.29, 11.70, 12.81, 10.72, 12.36, 5.95, 8.18, 5.57, 9.76, 4.78, 5.53, 14.42],
  xi_71 = [1.85, 1.00, 7.49, 12.25, 4.05, 7.24, 2.95, 5.91, 2.71, 1.76, 8.33, 11.10, 5.46, 7.92, 1.00, 5.39, 3.55, 3.03, 7.29, 4.57],
  xi_72 = [5.03, 10.23, 10.06, 4.75, 6.83, 1.00, 1.00, 6.58, 1.96, 9.24, 10.21, 4.28, 7.17, 7.38, 8.39, 1.00, 9.35, 8.57, 1.00, 5.29],
  xi_73 = [8.78, 7.32, 1.24, 8.67, 1.58, 4.88, 2.80, 7.73, 1.08, 3.50, 11.20, 5.47, 4.31, 9.18, 5.30, 2.50, 4.46, 7.38, 2.11, 9.70],
  xi_74 = [2.88, 5.30, 3.46, 1.96, 8.48, 6.29, 3.66, 4.78, 5.13, 7.42, 3.84, 1.00, 10.64, 5.06, 7.74, 8.29, 3.59, 3.80, 5.08, 2.24],
  xi_75 = [6.49, 4.14, 8.90, 6.84, 10.35, 2.97, 3.45, 6.16, 6.19, 6.90, 5.65, 3.83, 2.57, 4.24, 2.86, 4.90, 6.38, 5.10, 10.11, 5.50],
  xi_81 = [5.74, 7.40, 8.63, 5.41, 4.97, 5.56, 5.46, 7.62, 7.34, 6.17, 2.90, 10.79, 11.40, 12.19, 2.87, 6.35, 10.25, 1.00, 2.42, 12.57],
  xi_82 = [4.02, 15.00, 10.36, 8.21, 5.34, 10.68, 10.13, 7.16, 4.13, 13.51, 8.76, 6.73, 12.23, 13.68, 3.06, 1.00, 15.00, 12.22, 5.76, 15.00],
  xi_83 = [14.21, 8.76, 7.92, 7.57, 1.26, 7.14, 8.24, 6.99, 1.92, 9.00, 15.00, 5.01, 13.15, 3.91, 3.48, 13.00, 7.08, 8.09, 5.66, 5.99],
  xi_84 = [1.61, 8.15, 8.27, 3.32, 10.30, 3.28, 5.31, 7.02, 5.24, 10.58, 6.73, 6.64, 1.69, 13.83, 9.75, 8.00, 2.09, 13.72, 8.04, 15.00],
  xi_85 = [14.50, 7.49, 10.27, 13.21, 8.63, 7.73, 13.55, 8.28, 11.03, 3.71, 8.58, 8.38, 8.19, 11.59, 1.86, 1.00, 1.00, 3.68, 5.59, 10.39],
  xi_91 = [5.19, 5.35, 6.65, 3.46, 6.59, 3.89, 1.00, 7.20, 3.86, 3.07, 6.50, 7.12, 7.15, 1.68, 5.59, 7.36, 8.30, 1.00, 7.48, 5.17],
  xi_92 = [3.23, 4.03, 8.96, 4.89, 4.30, 3.11, 2.64, 6.20, 5.19, 6.01, 7.54, 1.00, 3.91, 9.61, 1.00, 2.47, 1.00, 4.43, 1.76, 7.25],
  xi_93 = [7.02, 5.94, 6.29, 1.00, 10.06, 8.21, 11.95, 3.98, 3.00, 1.00, 3.33, 1.00, 1.00, 1.20, 4.17, 9.39, 5.90, 1.00, 9.50, 9.91],
  xi_94 = [5.00, 2.96, 1.00, 1.04, 5.23, 11.46, 1.89, 1.00, 6.44, 7.89, 9.81, 1.23, 10.41, 3.59, 6.31, 9.78, 5.81, 2.59, 4.66, 2.36],
  xi_95 = [6.79, 5.81, 8.20, 1.00, 6.44, 9.42, 3.78, 1.00, 5.71, 1.00, 3.36, 9.35, 1.00, 5.74, 7.93, 4.90, 1.00, 1.00, 5.92, 1.00],
  xi_101 = [7.16, 6.18, 6.95, 7.85, 12.16, 2.34, 4.21, 4.89, 5.10, 5.65, 5.36, 6.94, 4.49, 11.31, 6.20, 2.01, 4.51, 6.88, 4.12, 11.20],
  xi_102 = [7.98, 9.80, 6.45, 8.14, 9.75, 3.73, 6.15, 2.70, 3.61, 9.02, 7.67, 5.70, 5.90, 5.95, 3.77, 8.05, 6.97, 7.39, 5.47, 2.57],
  xi_103 = [6.92, 5.32, 6.14, 6.76, 2.05, 5.11, 3.26, 5.55, 6.31, 11.13, 4.90, 2.86, 1.00, 5.34, 5.38, 5.06, 7.74, 4.78, 4.83, 1.00],
  xi_104 = [7.02, 10.61, 8.96, 2.54, 2.50, 7.25, 11.82, 3.96, 4.67, 4.15, 1.00, 8.74, 5.41, 4.12, 11.03, 12.35, 7.05, 3.50, 7.78, 9.04],
  xi_105 = [9.77, 1.00, 5.80, 6.64, 5.78, 1.53, 5.65, 11.25, 4.84, 3.72, 3.68, 5.58, 10.35, 6.83, 1.88, 11.50, 3.06, 10.34, 9.20, 7.01],
  xi_111 = [9.01, 7.68, 15.00, 5.33, 12.17, 2.76, 13.03, 10.03, 15.00, 15.00, 9.76, 7.00, 9.84, 9.20, 12.53, 8.00, 1.00, 9.37, 11.65, 2.12],
  xi_112 = [13.58, 7.44, 10.71, 9.63, 4.22, 11.58, 5.32, 4.20, 15.00, 1.00, 7.97, 7.30, 8.79, 4.85, 1.00, 11.65, 4.07, 7.76, 4.28, 11.87],
  xi_113 = [1.00, 6.12, 5.84, 3.22, 9.65, 5.04, 9.17, 8.22, 8.11, 10.75, 15.00, 15.00, 2.53, 11.67, 9.61, 15.00, 7.12, 9.06, 4.50, 11.81],
  xi_114 = [8.88, 11.03, 1.69, 9.00, 15.00, 5.41, 8.44, 7.45, 10.70, 11.18, 3.80, 3.86, 9.64, 11.34, 9.24, 11.12, 2.71, 7.09, 15.00, 5.96],
  xi_115 = [15.00, 5.72, 12.70, 12.12, 8.82, 6.44, 11.80, 3.33, 5.20, 9.97, 7.24, 5.63, 11.71, 5.10, 4.74, 15.00, 1.00, 6.25, 5.69, 8.38],
  xi_121 = [2.25, 1.00, 2.99, 1.71, 1.97, 1.88, 2.48, 1.75, 1.79, 1.07, 2.72, 4.01, 2.68, 2.19, 3.39, 5.18, 1.80, 2.51, 3.20, 3.63],
  xi_122 = [5.14, 2.87, 2.72, 4.79, 1.95, 3.90, 2.03, 2.71, 3.53, 2.99, 3.70, 2.89, 3.48, 4.65, 2.14, 4.46, 3.40, 1.00, 3.02, 3.50],
  xi_123 = [2.89, 4.93, 1.00, 1.87, 2.07, 5.57, 2.98, 1.93, 2.99, 2.20, 1.62, 2.99, 2.73, 2.46, 2.86, 3.08, 1.36, 2.41, 2.21, 1.90],
  xi_124 = [1.54, 4.01, 2.46, 3.89, 4.80, 2.30, 1.00, 1.00, 1.63, 1.00, 1.43, 3.61, 3.06, 3.56, 1.82, 4.96, 3.33, 2.83, 3.35, 1.73],
  xi_125 = [4.38, 1.00, 3.18, 2.16, 2.48, 3.17, 1.75, 1.03, 2.55, 1.26, 2.32, 4.12, 1.98, 2.20, 3.44, 1.16, 1.12, 3.56, 3.00, 1.00],
  xi_131 = [7.74, 5.09, 7.10, 4.33, 4.50, 5.57, 6.59, 1.00, 7.34, 10.27, 6.25, 8.25, 10.28, 5.86, 8.23, 5.82, 1.00, 4.36, 9.45, 6.45],
  xi_132 = [6.49, 9.82, 8.08, 10.75, 7.69, 6.48, 8.03, 14.90, 8.54, 15.00, 4.85, 6.67, 8.29, 4.72, 12.28, 1.00, 7.59, 10.22, 6.25, 5.98],
  xi_133 = [5.65, 8.00, 4.84, 6.28, 10.76, 11.63, 9.82, 2.25, 1.37, 2.18, 5.47, 3.31, 13.93, 4.16, 8.89, 14.14, 12.79, 10.99, 5.47, 7.00],
  xi_134 = [15.00, 1.00, 8.20, 9.73, 8.42, 10.95, 11.53, 14.74, 11.06, 10.07, 10.39, 9.28, 11.10, 8.01, 1.00, 8.03, 11.49, 9.03, 6.00, 6.67],
  xi_135 = [10.29, 5.47, 3.95, 1.00, 5.06, 7.18, 15.00, 14.89, 10.42, 9.09, 10.30, 14.98, 3.35, 11.17, 5.35, 2.88, 12.13, 2.93, 7.97, 2.82],
  xi_141 = [3.26, 2.29, 7.16, 4.45, 4.72, 10.53, 8.95, 5.16, 1.00, 6.73, 10.72, 1.00, 7.36, 8.87, 7.77, 10.97, 3.67, 8.55, 8.69, 4.65],
  xi_142 = [7.68, 1.00, 6.80, 1.00, 3.96, 3.05, 5.42, 6.18, 3.61, 8.39, 7.61, 6.51, 8.34, 9.24, 4.33, 10.30, 7.50, 5.81, 8.83, 3.88],
  xi_143 = [6.06, 4.40, 7.62, 4.71, 1.00, 4.03, 4.06, 1.00, 8.96, 8.98, 5.80, 1.82, 6.40, 8.26, 9.84, 3.95, 1.50, 1.00, 6.50, 7.29],
  xi_144 = [4.51, 9.20, 5.45, 7.14, 3.39, 6.73, 5.46, 6.63, 11.99, 7.37, 7.73, 8.99, 4.39, 4.50, 7.64, 4.88, 3.35, 6.90, 11.89, 9.47],
  xi_145 = [7.07, 4.12, 2.46, 1.54, 2.90, 1.29, 6.40, 3.71, 4.59, 2.56, 7.51, 1.90, 3.80, 2.82, 3.93, 3.86, 10.34, 7.49, 4.24, 5.29],
  xi_151 = [3.02, 1.00, 3.12, 4.67, 3.92, 1.27, 3.86, 3.54, 1.00, 2.14, 4.08, 1.23, 5.08, 2.71, 3.42, 3.62, 2.27, 3.29, 1.00, 2.31],
  xi_152 = [2.36, 3.35, 2.82, 2.29, 3.06, 1.58, 2.89, 1.00, 2.91, 2.41, 1.00, 3.12, 1.00, 1.97, 3.86, 2.21, 1.02, 1.30, 2.02, 1.23],
  xi_153 = [4.92, 2.11, 2.98, 1.60, 2.21, 2.90, 3.10, 1.00, 2.75, 1.00, 3.01, 1.90, 3.04, 2.16, 2.47, 2.11, 1.68, 1.23, 1.99, 2.47],
  xi_154 = [3.07, 2.07, 3.60, 4.45, 2.74, 3.55, 2.28, 2.17, 2.28, 2.66, 1.34, 4.70, 3.11, 1.00, 2.45, 3.15, 1.00, 3.31, 3.46, 1.88],
  xi_155 = [1.57, 2.61, 1.49, 4.55, 3.07, 2.69, 1.00, 1.00, 3.16, 2.23, 1.92, 2.14, 1.89, 2.88, 4.09, 4.44, 3.39, 2.72, 2.81, 3.24],
  xi_161 = [8.62, 3.07, 13.29, 1.00, 6.83, 4.05, 11.30, 7.14, 3.44, 13.92, 13.10, 1.49, 7.73, 8.47, 7.35, 10.37, 7.76, 1.18, 10.35, 9.42],
  xi_162 = [8.48, 9.92, 13.10, 13.61, 9.92, 12.70, 2.40, 6.75, 12.10, 9.05, 6.68, 1.42, 1.00, 6.24, 9.97, 10.10, 2.29, 9.92, 6.55, 8.25],
  xi_163 = [8.31, 13.70, 6.44, 7.46, 5.53, 1.00, 11.65, 15.00, 3.66, 7.00, 8.89, 5.88, 7.56, 2.76, 13.15, 1.32, 6.78, 14.02, 7.70, 8.70],
  xi_164 = [13.15, 8.60, 14.60, 11.72, 10.38, 10.38, 8.59, 12.28, 14.00, 10.04, 14.89, 12.37, 8.95, 7.16, 3.74, 13.98, 7.69, 14.07, 10.14, 7.38],
  xi_165 = [8.49, 8.81, 9.25, 5.32, 15.00, 11.76, 10.80, 2.18, 8.17, 11.20, 1.00, 7.74, 12.04, 12.74, 12.93, 12.99, 4.65, 12.74, 6.79, 10.29],
  xi_171 = [3.09, 2.45, 3.45, 1.75, 1.68, 3.10, 1.80, 3.02, 2.88, 2.42, 3.33, 1.00, 4.51, 2.17, 1.00, 1.00, 2.30, 1.81, 1.62, 1.08],
  xi_172 = [2.01, 3.35, 3.38, 2.69, 4.71, 3.08, 1.00, 2.98, 1.57, 2.88, 5.37, 1.98, 1.89, 1.38, 2.53, 2.68, 4.45, 3.03, 1.67, 2.00],
  xi_173 = [3.07, 4.05, 1.87, 1.37, 1.86, 1.99, 2.27, 1.70, 1.00, 1.76, 1.29, 2.25, 2.05, 2.18, 1.59, 3.43, 1.25, 3.18, 2.56, 2.05],
  xi_174 = [1.55, 1.81, 2.31, 2.51, 1.00, 1.61, 4.47, 3.07, 1.00, 1.21, 2.72, 1.00, 1.00, 2.15, 1.00, 3.35, 1.00, 3.31, 3.79, 2.51],
  xi_175 = [2.03, 2.62, 2.30, 2.36, 1.85, 2.21, 3.78, 1.47, 2.73, 2.64, 3.17, 4.02, 2.18, 3.34, 2.81, 2.92, 1.00, 2.04, 2.82, 2.74],
  xi_181 = [2.65, 3.96, 3.21, 1.38, 1.52, 2.09, 2.46, 5.29, 1.81, 1.14, 1.38, 2.15, 4.72, 2.98, 2.19, 1.78, 1.00, 3.76, 2.35, 1.21],
  xi_182 = [1.44, 1.00, 1.61, 3.51, 3.43, 1.93, 2.90, 1.80, 1.22, 1.82, 1.94, 3.85, 2.75, 1.00, 4.68, 4.06, 2.99, 4.13, 3.08, 1.00],
  xi_183 = [3.90, 2.69, 1.72, 1.00, 3.61, 3.59, 3.85, 1.00, 1.73, 5.06, 2.67, 1.02, 1.00, 2.61, 1.00, 5.50, 1.51, 1.07, 4.49, 2.88],
  xi_184 = [1.38, 4.89, 4.91, 4.65, 3.00, 2.47, 4.60, 3.53, 4.47, 3.35, 1.66, 3.70, 1.88, 3.07, 3.18, 2.42, 4.05, 3.87, 2.76, 3.15],
  xi_185 = [2.68, 2.40, 5.08, 1.00, 2.53, 2.11, 1.00, 4.19, 1.00, 4.53, 1.63, 1.10, 3.27, 3.54, 3.63, 3.00, 1.47, 3.27, 2.55, 5.78],
  xi_191 = [1.15, 6.32, 1.00, 11.48, 5.22, 14.31, 7.12, 11.78, 7.51, 10.77, 1.00, 11.71, 13.47, 9.69, 8.07, 8.34, 8.74, 6.31, 10.71, 15.00],
  xi_192 = [8.81, 8.68, 5.01, 9.50, 8.77, 2.64, 4.60, 14.31, 11.08, 3.56, 5.09, 5.51, 1.24, 1.35, 7.79, 4.13, 11.74, 5.87, 6.92, 8.31],
  xi_193 = [11.63, 15.00, 8.50, 5.54, 10.30, 15.00, 14.27, 11.41, 10.20, 8.38, 8.36, 15.00, 11.64, 6.25, 5.28, 15.00, 9.99, 6.14, 15.00, 3.53],
  xi_194 = [10.00, 11.99, 6.81, 7.02, 1.00, 11.82, 5.58, 3.87, 5.07, 7.63, 2.22, 4.04, 12.20, 8.70, 1.00, 14.43, 8.26, 8.33, 7.89, 13.73],
  xi_195 = [9.15, 6.47, 8.74, 12.37, 13.40, 2.13, 11.63, 10.57, 6.53, 2.81, 10.33, 7.16, 13.21, 3.83, 11.14, 11.35, 1.00, 7.74, 14.29, 11.24],
  xi_201 = [2.97, 3.33, 2.15, 1.00, 2.22, 3.28, 1.00, 3.37, 1.54, 3.24, 5.39, 2.94, 2.06, 1.83, 1.73, 2.86, 3.30, 2.36, 5.12, 1.00],
  xi_202 = [3.54, 2.03, 3.10, 3.49, 3.06, 3.39, 2.98, 5.53, 1.20, 3.06, 2.21, 1.77, 1.76, 3.21, 1.00, 3.16, 3.41, 1.65, 3.92, 1.00],
  xi_203 = [2.31, 1.43, 2.22, 3.12, 3.02, 4.50, 1.69, 3.38, 4.75, 4.52, 3.19, 3.12, 2.87, 1.32, 2.84, 3.58, 2.34, 3.38, 3.22, 1.59],
  xi_204 = [1.61, 3.62, 1.63, 1.49, 3.57, 2.63, 4.67, 3.70, 4.20, 2.67, 2.28, 1.42, 3.70, 2.70, 1.18, 1.22, 1.45, 3.74, 2.98, 2.02],
  xi_205 = [1.00, 2.06, 2.32, 4.71, 1.77, 3.13, 2.76, 1.00, 2.52, 1.62, 1.98, 3.77, 1.40, 5.35, 2.37, 3.22, 2.26, 1.53, 3.01, 4.03],
  xi_211 = [13.08, 4.72, 6.62, 14.86, 9.37, 10.51, 3.77, 15.00, 9.10, 11.79, 9.37, 12.85, 11.78, 6.29, 15.00, 11.53, 14.14, 11.66, 1.00, 5.83],
  xi_212 = [8.59, 15.00, 10.85, 4.83, 14.17, 13.74, 12.28, 12.45, 6.88, 15.00, 9.31, 13.35, 10.25, 14.90, 6.94, 5.71, 4.22, 10.16, 10.33, 8.66],
  xi_213 = [11.24, 1.00, 11.80, 4.85, 7.13, 7.12, 7.44, 7.25, 1.12, 7.86, 13.69, 7.15, 10.56, 8.31, 15.00, 6.30, 4.70, 8.56, 10.17, 13.10],
  xi_214 = [15.00, 8.63, 5.16, 11.92, 9.66, 8.97, 9.67, 3.64, 6.16, 9.27, 6.54, 13.48, 10.82, 3.56, 13.31, 9.85, 5.69, 13.04, 10.49, 7.86],
  xi_215 = [8.11, 15.00, 6.99, 6.77, 6.28, 9.41, 1.00, 6.85, 11.50, 1.00, 3.34, 13.52, 12.22, 7.76, 10.45, 9.54, 6.71, 2.64, 15.00, 9.06],
  xi_221 = [3.07, 5.02, 1.58, 11.11, 4.24, 4.46, 7.30, 6.85, 5.93, 1.00, 8.73, 9.73, 1.00, 3.29, 7.78, 9.72, 6.88, 6.35, 8.68, 5.72],
  xi_222 = [6.27, 1.88, 4.85, 4.05, 4.62, 11.03, 5.64, 3.97, 5.14, 7.58, 6.63, 10.86, 10.26, 7.87, 8.64, 3.97, 1.80, 5.13, 1.00, 6.52],
  xi_223 = [7.36, 10.36, 9.66, 5.50, 7.51, 8.32, 3.59, 5.32, 3.99, 6.71, 8.13, 8.22, 6.18, 4.45, 6.61, 6.18, 2.94, 5.13, 5.70, 1.90],
  xi_224 = [1.00, 5.68, 2.91, 2.58, 4.45, 6.35, 6.22, 4.22, 5.15, 7.04, 5.42, 10.19, 3.42, 6.67, 8.43, 1.77, 4.03, 6.37, 5.51, 10.29],
  xi_225 = [4.29, 3.58, 5.56, 1.03, 5.07, 6.02, 2.12, 1.00, 8.22, 6.97, 3.89, 2.72, 5.33, 13.36, 9.45, 3.55, 6.11, 5.97, 7.31, 6.69],
  xi_231 = [7.95, 2.69, 7.17, 8.14, 4.52, 6.74, 8.69, 9.55, 6.56, 10.42, 7.21, 7.35, 8.40, 6.92, 3.38, 4.66, 5.80, 9.28, 6.53, 4.43],
  xi_232 = [5.67, 3.01, 2.37, 8.65, 6.84, 8.59, 8.62, 1.60, 9.86, 5.37, 9.05, 5.83, 3.37, 4.81, 3.77, 7.88, 2.30, 8.48, 5.94, 6.67],
  xi_233 = [11.19, 4.30, 7.74, 3.21, 5.27, 9.60, 7.87, 10.24, 4.34, 3.61, 1.91, 1.12, 4.07, 4.62, 8.18, 6.49, 1.92, 5.07, 4.61, 1.00],
  xi_234 = [5.58, 12.30, 1.00, 7.19, 9.63, 6.76, 5.74, 7.49, 7.71, 6.71, 10.12, 7.19, 6.77, 4.11, 10.69, 5.20, 6.43, 7.55, 6.02, 2.72],
  xi_235 = [7.12, 4.34, 7.70, 9.10, 4.31, 5.98, 8.48, 6.85, 7.80, 4.19, 6.33, 3.56, 6.95, 1.02, 6.38, 7.03, 1.37, 5.44, 1.94, 7.32],
  xi_241 = [4.13, 2.33, 4.22, 1.38, 1.32, 2.55, 3.22, 4.66, 1.59, 3.03, 2.66, 4.09, 3.81, 4.49, 2.61, 4.45, 2.29, 3.31, 2.53, 2.28],
  xi_242 = [1.71, 3.01, 2.64, 2.06, 1.64, 1.00, 4.39, 2.45, 2.85, 3.71, 1.55, 3.79, 1.00, 2.60, 1.00, 1.66, 2.42, 1.91, 3.24, 3.84],
  xi_243 = [1.42, 1.20, 3.11, 2.21, 3.00, 1.17, 3.92, 2.21, 1.00, 1.00, 4.54, 1.18, 2.85, 1.40, 3.41, 4.24, 2.55, 1.13, 1.49, 1.59],
  xi_244 = [3.50, 3.03, 1.00, 2.17, 2.89, 1.00, 4.22, 2.20, 4.99, 3.01, 3.54, 3.35, 3.37, 1.11, 2.45, 3.52, 1.63, 5.47, 3.66, 1.83],
  xi_245 = [2.08, 1.15, 3.47, 3.83, 3.62, 3.41, 1.03, 1.00, 2.17, 2.21, 1.48, 1.00, 1.74, 3.24, 2.00, 2.47, 1.00, 1.02, 1.60, 1.43],
  xi_251 = [6.14, 3.57, 1.02, 3.15, 10.98, 10.86, 5.81, 9.46, 9.26, 7.51, 7.49, 3.69, 6.22, 2.25, 7.88, 6.41, 1.00, 5.73, 10.02, 4.30],
  xi_252 = [5.28, 7.68, 2.95, 5.33, 5.94, 4.60, 1.84, 5.57, 11.53, 7.01, 6.01, 1.00, 4.50, 3.87, 6.39, 4.53, 8.67, 2.56, 3.76, 1.30],
  xi_253 = [4.78, 8.49, 2.57, 6.41, 7.62, 7.04, 2.76, 7.41, 10.02, 3.75, 7.35, 4.17, 4.32, 6.16, 4.60, 1.00, 5.74, 6.07, 10.92, 2.34],
  xi_254 = [1.00, 2.64, 2.80, 4.41, 5.08, 5.60, 9.26, 9.82, 4.58, 3.46, 6.20, 7.51, 1.00, 6.91, 1.27, 3.58, 4.30, 10.44, 11.03, 11.40],
  xi_255 = [2.88, 7.49, 1.09, 4.30, 7.46, 1.02, 2.73, 7.95, 2.43, 8.10, 2.99, 4.19, 6.61, 6.49, 1.32, 5.40, 2.49, 1.25, 2.53, 8.94],
  xi_261 = [1.00, 2.50, 2.76, 2.84, 2.09, 4.89, 2.20, 1.00, 1.14, 4.08, 1.71, 3.15, 1.32, 4.35, 1.00, 3.10, 1.88, 2.39, 1.86, 2.99],
  xi_262 = [1.43, 2.85, 2.82, 1.25, 3.55, 2.29, 1.87, 1.00, 1.92, 2.04, 1.58, 3.69, 3.93, 3.62, 2.76, 2.84, 2.86, 2.66, 1.97, 1.31],
  xi_263 = [4.04, 1.00, 1.00, 1.11, 1.50, 1.99, 4.78, 4.39, 1.00, 2.61, 2.58, 3.79, 2.54, 4.34, 2.66, 1.47, 2.76, 2.40, 2.59, 3.09],
  xi_264 = [3.46, 4.11, 1.00, 2.41, 5.06, 2.33, 1.00, 2.98, 3.21, 3.46, 1.82, 2.31, 2.22, 2.60, 3.05, 3.88, 1.00, 1.79, 2.50, 3.59],
  xi_265 = [3.39, 2.09, 1.77, 3.04, 1.00, 2.31, 1.00, 1.17, 1.21, 1.18, 2.36, 5.43, 2.69, 1.90, 1.00, 1.00, 1.00, 3.54, 2.96, 1.83],
  xi_271 = [1.67, 1.61, 3.96, 3.88, 4.98, 3.12, 1.83, 1.94, 4.41, 2.49, 3.34, 3.36, 4.01, 2.26, 1.37, 2.50, 3.09, 3.54, 3.11, 3.07],
  xi_272 = [2.44, 3.33, 1.00, 2.28, 4.02, 1.49, 1.40, 1.68, 2.49, 1.00, 2.28, 2.00, 2.33, 3.06, 1.92, 2.30, 2.78, 1.00, 1.70, 1.00],
  xi_273 = [4.15, 1.98, 1.00, 1.00, 4.25, 3.66, 3.80, 1.99, 1.77, 1.80, 3.78, 3.12, 2.28, 4.10, 1.99, 3.26, 1.88, 2.49, 3.36, 1.36],
  xi_274 = [2.37, 3.04, 2.28, 2.18, 3.53, 4.06, 1.16, 3.78, 3.38, 1.00, 2.20, 3.30, 4.41, 2.35, 3.39, 3.93, 4.91, 1.00, 1.64, 2.44],
  xi_275 = [1.00, 1.40, 2.47, 2.68, 4.57, 1.43, 1.00, 4.65, 2.89, 2.96, 1.13, 1.05, 2.77, 4.08, 1.00, 3.62, 1.09, 4.80, 4.71, 4.04],
  xi_281 = [2.80, 1.94, 6.64, 7.43, 10.35, 8.16, 4.50, 6.91, 7.00, 5.41, 4.43, 11.75, 10.35, 4.51, 6.32, 5.47, 3.24, 11.04, 2.83, 2.79],
  xi_282 = [4.55, 7.59, 5.78, 7.83, 5.00, 2.79, 6.13, 1.48, 3.09, 1.97, 2.88, 3.22, 9.13, 1.00, 6.08, 7.42, 3.91, 1.62, 12.23, 8.06],
  xi_283 = [9.25, 6.61, 3.95, 5.37, 4.15, 5.58, 3.85, 1.00, 5.45, 4.78, 5.41, 5.68, 9.44, 4.00, 3.73, 1.00, 5.69, 5.35, 9.13, 8.52],
  xi_284 = [4.56, 7.24, 1.27, 1.00, 1.95, 2.76, 1.00, 10.43, 6.26, 6.83, 4.16, 6.29, 7.91, 1.96, 5.58, 7.92, 8.07, 6.78, 9.47, 3.24],
  xi_285 = [1.00, 6.01, 5.52, 8.30, 4.19, 8.35, 6.06, 2.77, 10.02, 3.32, 5.96, 8.78, 6.96, 6.18, 8.43, 4.26, 8.13, 1.20, 6.92, 7.54],
  xi_291 = [1.00, 1.83, 2.46, 1.00, 2.22, 2.95, 1.94, 1.33, 3.70, 4.04, 2.46, 1.42, 1.00, 2.09, 2.48, 2.81, 2.17, 1.00, 1.74, 2.39],
  xi_292 = [3.71, 1.30, 2.37, 3.41, 3.18, 3.45, 3.17, 2.37, 1.00, 2.51, 2.13, 5.08, 4.01, 5.27, 2.78, 1.00, 1.89, 1.00, 2.71, 3.54],
  xi_293 = [4.09, 2.50, 1.94, 3.60, 3.86, 1.62, 2.86, 1.43, 2.08, 3.12, 1.63, 3.92, 2.62, 1.59, 2.90, 4.59, 1.92, 1.00, 3.56, 1.24],
  xi_294 = [2.92, 2.48, 1.62, 2.37, 2.75, 4.70, 2.85, 3.31, 1.00, 3.20, 3.37, 1.00, 2.38, 1.31, 1.74, 3.12, 2.33, 1.66, 4.19, 3.62],
  xi_295 = [3.59, 3.99, 1.62, 2.74, 1.51, 4.92, 1.64, 1.66, 3.42, 1.77, 1.29, 2.06, 1.00, 2.45, 2.53, 1.86, 5.44, 2.62, 1.87, 3.50],
  xi_301 = [1.18, 3.80, 2.35, 1.96, 2.48, 1.84, 1.70, 2.19, 2.00, 2.30, 1.00, 1.88, 2.76, 1.65, 1.41, 1.12, 2.65, 2.84, 2.60, 2.33],
  xi_302 = [1.46, 3.21, 2.66, 4.05, 1.00, 3.29, 1.95, 1.00, 1.40, 1.00, 3.53, 1.00, 1.00, 1.92, 2.25, 3.28, 3.93, 2.26, 2.36, 5.11],
  xi_303 = [3.39, 2.79, 1.37, 4.23, 3.14, 2.72, 1.46, 3.13, 1.82, 3.54, 4.13, 3.10, 2.15, 1.00, 1.13, 3.34, 2.71, 1.34, 2.65, 1.11],
  xi_304 = [3.47, 2.83, 1.00, 2.98, 2.63, 2.02, 3.54, 1.10, 2.88, 1.61, 2.54, 1.00, 1.09, 5.06, 3.01, 3.64, 2.39, 1.00, 2.65, 1.00],
  xi_305 = [2.78, 2.40, 3.69, 1.56, 3.33, 1.00, 2.87, 1.06, 2.13, 3.81, 2.63, 4.14, 3.28, 2.15, 2.89, 5.08, 1.75, 2.16, 1.89, 3.71],
  xi_311 = [3.58, 1.86, 4.05, 6.72, 2.73, 6.74, 7.36, 5.61, 2.51, 3.54, 6.00, 6.18, 1.92, 7.67, 3.23, 6.48, 11.51, 4.06, 7.36, 5.83],
  xi_312 = [4.19, 5.52, 4.59, 3.91, 6.70, 3.72, 5.37, 7.83, 3.21, 3.43, 7.90, 11.75, 3.88, 6.07, 3.82, 5.03, 8.79, 1.00, 8.59, 4.38],
  xi_313 = [1.00, 3.52, 9.17, 10.27, 2.79, 5.76, 4.59, 4.35, 3.40, 2.92, 7.83, 8.93, 1.00, 4.75, 3.89, 5.85, 3.90, 2.41, 7.62, 6.17],
  xi_314 = [6.08, 13.60, 9.84, 4.19, 5.26, 3.62, 6.06, 4.50, 8.91, 5.61, 8.41, 4.91, 9.42, 2.13, 2.36, 8.56, 2.79, 2.16, 10.51, 9.21],
  xi_315 = [2.68, 6.66, 10.40, 8.64, 9.00, 6.36, 9.82, 2.12, 5.14, 3.98, 5.85, 6.19, 6.41, 7.84, 1.78, 5.45, 3.19, 5.36, 7.34, 10.02],
  xi_321 = [6.36, 4.59, 8.48, 3.35, 9.78, 6.46, 6.27, 4.98, 7.00, 8.38, 6.94, 6.43, 5.73, 10.88, 11.10, 4.46, 3.31, 4.14, 8.40, 2.22],
  xi_322 = [1.00, 6.49, 7.75, 4.46, 10.11, 2.63, 3.37, 6.83, 3.66, 5.90, 5.74, 8.64, 3.76, 3.37, 5.28, 6.33, 4.32, 12.30, 7.76, 3.98],
  xi_323 = [3.71, 7.63, 13.47, 7.70, 6.37, 7.94, 4.22, 4.11, 1.00, 7.02, 5.61, 5.98, 3.14, 6.33, 3.18, 3.67, 8.29, 9.57, 4.63, 6.57],
  xi_324 = [6.16, 2.06, 3.65, 6.35, 4.96, 4.84, 6.19, 6.30, 1.06, 4.77, 6.76, 3.48, 1.00, 3.57, 6.94, 8.46, 5.76, 8.26, 7.13, 6.65],
  xi_325 = [5.47, 5.67, 3.45, 7.01, 3.15, 7.66, 8.55, 10.28, 2.20, 2.13, 7.67, 2.74, 4.28, 4.82, 8.06, 8.50, 1.60, 4.13, 6.79, 1.30],
  xi_331 = [5.64, 2.08, 2.66, 7.22, 4.99, 9.77, 4.95, 1.86, 4.53, 1.00, 11.99, 6.54, 1.98, 6.53, 3.05, 5.36, 8.38, 1.00, 6.36, 4.65],
  xi_332 = [9.12, 9.49, 1.11, 2.54, 13.92, 9.29, 7.83, 4.06, 2.29, 4.45, 2.05, 3.92, 3.18, 7.74, 2.81, 3.96, 8.29, 7.18, 3.04, 7.51],
  xi_333 = [5.64, 3.68, 4.55, 6.54, 4.88, 3.42, 4.62, 7.69, 8.30, 2.50, 5.89, 6.13, 1.94, 7.50, 7.04, 1.00, 7.64, 8.67, 2.06, 5.14],
  xi_334 = [8.78, 10.79, 7.69, 10.84, 4.03, 5.14, 4.81, 3.12, 5.39, 1.85, 2.13, 4.60, 2.40, 1.78, 1.00, 1.85, 8.69, 6.74, 7.02, 2.20],
  xi_335 = [7.19, 4.69, 8.04, 3.69, 6.56, 6.67, 2.65, 6.07, 5.67, 2.89, 1.48, 8.36, 8.89, 5.30, 6.14, 1.75, 3.91, 4.34, 4.68, 1.00],
  xi_341 = [7.26, 3.58, 6.87, 2.78, 11.17, 4.75, 7.37, 5.68, 1.00, 8.75, 4.75, 9.29, 10.81, 4.15, 2.98, 4.97, 1.00, 1.76, 3.71, 9.31],
  xi_342 = [10.36, 6.42, 1.58, 5.98, 4.98, 3.32, 8.65, 6.67, 7.76, 7.45, 4.16, 9.69, 3.63, 9.62, 6.16, 4.45, 7.07, 7.18, 6.16, 9.28],
  xi_343 = [4.07, 5.84, 1.00, 7.78, 7.79, 4.29, 6.14, 6.74, 4.08, 7.97, 6.67, 6.33, 5.43, 8.25, 6.51, 6.55, 7.12, 9.29, 4.79, 5.74],
  xi_344 = [7.29, 1.00, 5.80, 5.67, 7.73, 2.83, 4.15, 5.22, 5.69, 6.28, 9.60, 5.55, 11.08, 5.47, 5.14, 4.47, 8.93, 10.54, 1.00, 1.00],
  xi_345 = [7.28, 7.03, 7.30, 8.80, 3.69, 4.18, 4.80, 4.55, 1.21, 7.51, 4.20, 6.30, 6.54, 6.81, 6.87, 7.45, 5.82, 7.12, 1.00, 5.36],
  xi_351 = [9.42, 7.00, 9.99, 4.94, 1.00, 13.56, 3.32, 9.17, 14.00, 10.62, 2.31, 6.81, 10.93, 15.00, 5.78, 1.00, 8.97, 5.22, 11.24, 9.25],
  xi_352 = [15.00, 4.55, 15.00, 3.32, 8.35, 1.00, 10.19, 5.44, 12.65, 11.60, 1.00, 9.02, 4.06, 9.66, 2.31, 11.37, 11.80, 12.86, 10.70, 1.55],
  xi_353 = [1.63, 6.59, 5.87, 7.86, 7.71, 13.70, 7.20, 2.80, 7.24, 15.00, 4.12, 3.94, 1.00, 9.19, 11.48, 12.26, 9.79, 6.86, 11.41, 8.65],
  xi_354 = [9.56, 7.60, 8.55, 3.53, 5.25, 13.48, 4.51, 10.56, 8.96, 15.00, 8.28, 13.83, 10.15, 9.73, 7.95, 1.00, 9.86, 3.92, 8.60, 8.97],
  xi_355 = [14.20, 12.27, 7.59, 4.70, 15.00, 1.00, 9.90, 10.54, 6.67, 6.75, 14.17, 3.65, 7.66, 9.28, 11.01, 5.01, 15.00, 6.96, 11.62, 5.43],
  xi_361 = [9.90, 9.90, 15.00, 8.44, 10.21, 7.78, 7.10, 9.59, 5.30, 5.10, 10.99, 11.95, 8.24, 7.69, 3.51, 1.00, 6.75, 13.11, 10.57, 11.89],
  xi_362 = [13.52, 15.00, 8.46, 12.73, 8.09, 10.88, 3.73, 9.21, 5.42, 10.93, 5.67, 8.65, 1.00, 6.89, 9.78, 15.00, 11.35, 4.04, 9.41, 3.41],
  xi_363 = [1.00, 10.47, 3.55, 2.39, 4.72, 11.04, 3.65, 15.00, 7.21, 11.12, 2.97, 8.62, 9.05, 11.65, 13.95, 9.54, 9.85, 10.05, 8.50, 14.39],
  xi_364 = [8.11, 12.15, 7.45, 10.31, 8.90, 6.04, 9.58, 11.55, 13.12, 7.73, 8.75, 7.78, 9.90, 14.50, 5.45, 6.61, 10.94, 1.00, 7.28, 14.75],
  xi_365 = [8.57, 11.42, 8.02, 6.85, 7.94, 5.87, 7.55, 7.63, 12.72, 7.38, 8.79, 3.42, 3.28, 4.81, 10.72, 15.00, 1.94, 9.52, 9.90, 10.55],
  xi_371 = [7.82, 10.51, 6.99, 2.56, 1.03, 6.83, 1.00, 6.35, 6.93, 4.79, 1.00, 6.20, 7.46, 8.15, 5.13, 7.64, 5.45, 3.93, 6.43, 11.87],
  xi_372 = [5.40, 7.71, 10.07, 7.53, 4.06, 6.08, 5.58, 6.49, 4.39, 8.39, 6.82, 8.52, 5.31, 1.00, 7.87, 2.21, 5.73, 1.00, 7.76, 9.26],
  xi_373 = [6.43, 4.55, 5.70, 4.05, 6.30, 3.94, 3.09, 6.24, 6.18, 5.21, 6.00, 1.00, 4.10, 4.05, 2.86, 1.00, 7.85, 7.96, 7.75, 4.47],
  xi_374 = [6.13, 2.25, 6.08, 5.62, 4.00, 3.44, 3.85, 6.82, 2.82, 5.21, 3.27, 9.74, 3.52, 5.52, 3.09, 1.00, 10.26, 4.78, 5.52, 3.63],
  xi_375 = [3.16, 5.63, 1.00, 1.00, 3.12, 7.94, 8.94, 4.87, 7.77, 12.01, 7.62, 9.49, 5.42, 6.57, 4.77, 9.30, 7.09, 8.27, 7.52, 8.16],
  xi_381 = [7.37, 8.07, 6.52, 8.51, 4.12, 5.49, 8.34, 5.21, 8.92, 5.94, 3.93, 5.15, 5.98, 3.39, 3.32, 1.10, 6.89, 10.42, 4.27, 1.40],
  xi_382 = [7.39, 5.69, 2.93, 6.37, 4.83, 11.61, 8.83, 4.75, 2.96, 11.47, 3.44, 5.82, 4.66, 5.87, 1.32, 2.82, 4.76, 2.80, 4.69, 2.39],
  xi_383 = [3.41, 8.57, 4.03, 8.50, 7.80, 2.33, 5.99, 3.91, 4.85, 9.19, 6.20, 6.37, 4.20, 1.00, 3.65, 4.65, 1.21, 3.53, 2.13, 5.98],
  xi_384 = [3.88, 6.19, 2.70, 6.61, 8.06, 3.82, 3.25, 5.98, 4.24, 7.71, 6.81, 1.00, 6.05, 3.19, 4.22, 2.17, 1.00, 5.76, 7.25, 5.27],
  xi_385 = [6.37, 8.48, 4.85, 8.67, 9.38, 10.55, 4.45, 5.75, 2.13, 6.90, 1.00, 1.00, 10.44, 1.00, 4.52, 7.13, 6.75, 8.53, 7.01, 4.00],
  xi_391 = [1.63, 1.00, 2.55, 3.29, 3.86, 4.77, 1.77, 3.99, 2.38, 2.47, 3.28, 2.86, 2.98, 1.31, 1.18, 5.66, 4.80, 2.12, 1.00, 3.90],
  xi_392 = [1.92, 1.00, 1.00, 1.00, 1.00, 2.27, 3.90, 2.70, 3.07, 2.11, 3.72, 2.39, 2.21, 2.75, 1.00, 1.00, 4.52, 2.41, 1.86, 2.02],
  xi_393 = [1.81, 1.00, 1.40, 3.83, 2.55, 2.37, 1.00, 1.00, 1.87, 2.76, 1.44, 1.00, 1.95, 2.49, 1.00, 2.75, 4.27, 2.44, 1.83, 1.79],
  xi_394 = [3.03, 2.72, 1.00, 2.81, 2.89, 1.63, 2.57, 4.50, 2.75, 3.42, 3.17, 3.08, 1.00, 2.05, 2.01, 1.13, 1.44, 1.94, 1.00, 4.45],
  xi_395 = [3.73, 3.69, 1.00, 1.69, 2.80, 3.20, 4.81, 1.56, 1.29, 2.85, 1.00, 2.65, 3.35, 1.92, 3.45, 3.13, 2.33, 4.90, 5.03, 1.67],
  xi_401 = [3.88, 1.79, 1.88, 2.66, 3.28, 1.87, 3.32, 1.73, 3.27, 2.40, 1.56, 3.67, 3.43, 2.29, 2.22, 2.35, 3.55, 2.46, 3.65, 1.00],
  xi_402 = [3.30, 2.92, 1.69, 2.65, 3.44, 4.10, 1.00, 1.37, 1.00, 1.64, 1.00, 2.82, 2.83, 3.09, 2.49, 1.00, 1.85, 1.35, 4.80, 5.25],
  xi_403 = [4.19, 1.89, 1.00, 1.81, 3.23, 2.34, 3.16, 4.74, 1.31, 2.83, 1.00, 1.92, 2.26, 5.70, 1.00, 1.00, 2.03, 3.31, 3.39, 2.85],
  xi_404 = [1.00, 2.60, 1.78, 3.39, 1.38, 4.88, 1.73, 2.77, 3.00, 2.44, 3.01, 2.26, 2.83, 1.99, 1.75, 4.08, 2.58, 3.92, 2.11, 2.46],
  xi_405 = [1.00, 2.84, 1.00, 3.69, 3.18, 3.79, 1.81, 2.33, 1.68, 2.60, 2.76, 3.75, 2.23, 2.65, 4.89, 3.55, 3.17, 2.68, 2.96, 1.10],
]

Transportation Costs (cjk) = [
  [7.20, 8.65, 3.72, 1.06, 4.67],
  [5.12, 1.06, 18.39, 7.65, 6.14],
  [4.02, 4.32, 1.88, 12.03, 15.23],
  [3.49, 1.24, 0.74, 0.45, 0.85],
  [9.78, 6.06, 0.81, 3.06, 3.94],
  [4.73, 0.10, 9.57, 0.39, 0.10],
  [5.14, 1.63, 1.41, 6.34, 6.77],
  [7.49, 8.34, 5.49, 0.84, 6.60],
  [0.37, 3.18, 2.00, 3.71, 3.05],
  [2.62, 9.13, 1.83, 12.54, 0.93],
  [1.60, 5.71, 9.54, 0.63, 3.25],
  [2.17, 6.35, 3.94, 2.63, 1.12],
  [4.96, 7.33, 1.50, 12.13, 7.55],
  [3.01, 9.31, 9.65, 14.64, 1.48],
  [5.15, 6.96, 14.87, 11.59, 5.33],
  [10.31, 8.04, 6.54, 11.94, 0.85],
  [9.73, 11.09, 0.80, 0.54, 9.33],
  [6.38, 9.60, 4.47, 6.16, 3.46],
  [5.53, 8.28, 3.29, 9.69, 0.82],
  [3.08, 0.59, 9.70, 0.91, 5.09],
  [15.11, 7.47, 5.00, 0.43, 9.92],
  [16.26, 7.15, 2.21, 0.10, 3.48],
  [2.28, 7.01, 4.99, 7.05, 10.19],
  [12.65, 2.27, 4.85, 4.10, 9.78],
  [1.62, 4.15, 2.52, 0.10, 6.57],
  [3.52, 5.01, 1.63, 1.13, 6.74],
  [4.18, 9.54, 2.51, 1.27, 6.63],
  [7.55, 16.72, 1.05, 8.43, 2.29],
  [2.41, 1.65, 3.46, 3.61, 6.25],
  [4.05, 12.79, 4.58, 12.02, 1.65],
  [4.04, 3.30, 8.18, 12.45, 5.66],
  [6.39, 1.92, 7.32, 11.65, 0.10],
  [6.00, 11.76, 7.09, 17.94, 4.10],
  [8.55, 4.81, 5.47, 3.84, 8.74],
  [4.37, 6.58, 6.44, 11.63, 6.97],
  [3.08, 1.82, 14.15, 10.56, 0.89],
  [2.24, 3.54, 3.79, 11.10, 10.54],
  [6.05, 3.47, 1.83, 6.12, 5.33],
  [4.64, 0.76, 14.54, 2.10, 11.56],
  [5.28, 10.27, 1.47, 4.29, 0.14],
]

Mean Service Times (¦Ì_{jk}) = [
  mu_11 = [5.95],
  mu_12 = [5.92],
  mu_13 = [5.45],
  mu_14 = [6.30],
  mu_15 = [4.90],
  mu_21 = [4.78],
  mu_22 = [5.09],
  mu_23 = [5.66],
  mu_24 = [5.65],
  mu_25 = [4.82],
  mu_31 = [4.59],
  mu_32 = [5.57],
  mu_33 = [5.39],
  mu_34 = [5.82],
  mu_35 = [5.74],
  mu_41 = [7.27],
  mu_42 = [7.30],
  mu_43 = [8.19],
  mu_44 = [9.89],
  mu_45 = [9.13],
  mu_51 = [6.69],
  mu_52 = [5.21],
  mu_53 = [5.72],
  mu_54 = [6.72],
  mu_55 = [5.02],
  mu_61 = [9.70],
  mu_62 = [10.51],
  mu_63 = [7.15],
  mu_64 = [8.85],
  mu_65 = [8.45],
  mu_71 = [5.24],
  mu_72 = [5.97],
  mu_73 = [5.46],
  mu_74 = [5.03],
  mu_75 = [5.68],
  mu_81 = [6.85],
  mu_82 = [9.10],
  mu_83 = [7.67],
  mu_84 = [7.43],
  mu_85 = [7.93],
  mu_91 = [5.18],
  mu_92 = [4.43],
  mu_93 = [5.24],
  mu_94 = [5.02],
  mu_95 = [4.52],
  mu_101 = [6.27],
  mu_102 = [6.34],
  mu_103 = [5.07],
  mu_104 = [6.68],
  mu_105 = [6.27],
  mu_111 = [9.27],
  mu_112 = [7.61],
  mu_113 = [8.42],
  mu_114 = [8.43],
  mu_115 = [8.09],
  mu_121 = [2.51],
  mu_122 = [3.24],
  mu_123 = [2.60],
  mu_124 = [2.67],
  mu_125 = [2.34],
  mu_131 = [6.27],
  mu_132 = [8.18],
  mu_133 = [7.45],
  mu_134 = [9.09],
  mu_135 = [7.81],
  mu_141 = [6.32],
  mu_142 = [5.97],
  mu_143 = [5.16],
  mu_144 = [6.88],
  mu_145 = [4.39],
  mu_151 = [2.83],
  mu_152 = [2.17],
  mu_153 = [2.33],
  mu_154 = [2.71],
  mu_155 = [2.65],
  mu_161 = [7.49],
  mu_162 = [8.02],
  mu_163 = [7.83],
  mu_164 = [10.70],
  mu_165 = [9.25],
  mu_171 = [2.27],
  mu_172 = [2.73],
  mu_173 = [2.14],
  mu_174 = [2.12],
  mu_175 = [2.55],
  mu_181 = [2.45],
  mu_182 = [2.51],
  mu_183 = [2.59],
  mu_184 = [3.35],
  mu_185 = [2.79],
  mu_191 = [8.49],
  mu_192 = [6.75],
  mu_193 = [10.32],
  mu_194 = [7.58],
  mu_195 = [8.75],
  mu_201 = [2.63],
  mu_202 = [2.72],
  mu_203 = [2.92],
  mu_204 = [2.62],
  mu_205 = [2.59],
  mu_211 = [9.91],
  mu_212 = [10.38],
  mu_213 = [8.22],
  mu_214 = [9.14],
  mu_215 = [8.16],
  mu_221 = [5.92],
  mu_222 = [5.88],
  mu_223 = [6.19],
  mu_224 = [5.39],
  mu_225 = [5.41],
  mu_231 = [6.82],
  mu_232 = [5.93],
  mu_233 = [5.32],
  mu_234 = [6.85],
  mu_235 = [5.66],
  mu_241 = [3.05],
  mu_242 = [2.42],
  mu_243 = [2.23],
  mu_244 = [2.90],
  mu_245 = [2.05],
  mu_251 = [6.14],
  mu_252 = [5.02],
  mu_253 = [5.68],
  mu_254 = [5.61],
  mu_255 = [4.38],
  mu_261 = [2.41],
  mu_262 = [2.41],
  mu_263 = [2.58],
  mu_264 = [2.69],
  mu_265 = [2.09],
  mu_271 = [2.98],
  mu_272 = [2.08],
  mu_273 = [2.65],
  mu_274 = [2.82],
  mu_275 = [2.67],
  mu_281 = [6.19],
  mu_282 = [5.09],
  mu_283 = [5.40],
  mu_284 = [5.23],
  mu_285 = [5.99],
  mu_291 = [2.10],
  mu_292 = [2.79],
  mu_293 = [2.60],
  mu_294 = [2.60],
  mu_295 = [2.57],
  mu_301 = [2.10],
  mu_302 = [2.38],
  mu_303 = [2.51],
  mu_304 = [2.37],
  mu_305 = [2.72],
  mu_311 = [5.25],
  mu_312 = [5.48],
  mu_313 = [5.01],
  mu_314 = [6.41],
  mu_315 = [6.21],
  mu_321 = [6.46],
  mu_322 = [5.68],
  mu_323 = [6.01],
  mu_324 = [5.22],
  mu_325 = [5.27],
  mu_331 = [5.03],
  mu_332 = [5.69],
  mu_333 = [5.24],
  mu_334 = [5.04],
  mu_335 = [5.00],
  mu_341 = [5.60],
  mu_342 = [6.53],
  mu_343 = [6.12],
  mu_344 = [5.72],
  mu_345 = [5.69],
  mu_351 = [7.98],
  mu_352 = [8.07],
  mu_353 = [7.71],
  mu_354 = [8.47],
  mu_355 = [8.92],
  mu_361 = [8.70],
  mu_362 = [8.66],
  mu_363 = [8.44],
  mu_364 = [9.09],
  mu_365 = [8.09],
  mu_371 = [5.90],
  mu_372 = [6.06],
  mu_373 = [4.94],
  mu_374 = [4.83],
  mu_375 = [6.48],
  mu_381 = [5.72],
  mu_382 = [5.27],
  mu_383 = [4.87],
  mu_384 = [4.76],
  mu_385 = [5.95],
  mu_391 = [2.84],
  mu_392 = [2.19],
  mu_393 = [2.03],
  mu_394 = [2.43],
  mu_395 = [2.80],
  mu_401 = [2.61],
  mu_402 = [2.48],
  mu_403 = [2.55],
  mu_404 = [2.60],
  mu_405 = [2.68],
]

Mean Transportation Times (¦Ó_{jk}) = [
  tau_11 = [1.90],
  tau_12 = [1.70],
  tau_13 = [1.76],
  tau_14 = [1.71],
  tau_15 = [1.55],
  tau_21 = [1.84],
  tau_22 = [1.98],
  tau_23 = [1.85],
  tau_24 = [2.02],
  tau_25 = [1.81],
  tau_31 = [1.87],
  tau_32 = [1.76],
  tau_33 = [1.66],
  tau_34 = [1.80],
  tau_35 = [1.70],
  tau_41 = [3.91],
  tau_42 = [3.57],
  tau_43 = [3.35],
  tau_44 = [3.37],
  tau_45 = [3.53],
  tau_51 = [3.13],
  tau_52 = [3.05],
  tau_53 = [2.74],
  tau_54 = [2.68],
  tau_55 = [2.77],
  tau_61 = [1.88],
  tau_62 = [2.12],
  tau_63 = [1.73],
  tau_64 = [1.74],
  tau_65 = [1.93],
  tau_71 = [2.98],
  tau_72 = [2.79],
  tau_73 = [3.32],
  tau_74 = [3.36],
  tau_75 = [3.07],
  tau_81 = [1.73],
  tau_82 = [1.71],
  tau_83 = [1.61],
  tau_84 = [1.59],
  tau_85 = [1.86],
  tau_91 = [2.90],
  tau_92 = [3.82],
  tau_93 = [3.94],
  tau_94 = [3.65],
  tau_95 = [3.49],
  tau_101 = [1.43],
  tau_102 = [1.87],
  tau_103 = [1.91],
  tau_104 = [1.70],
  tau_105 = [1.91],
  tau_111 = [4.05],
  tau_112 = [3.88],
  tau_113 = [3.88],
  tau_114 = [4.29],
  tau_115 = [4.40],
  tau_121 = [3.17],
  tau_122 = [3.12],
  tau_123 = [3.12],
  tau_124 = [2.60],
  tau_125 = [3.39],
  tau_131 = [3.77],
  tau_132 = [3.55],
  tau_133 = [4.32],
  tau_134 = [3.65],
  tau_135 = [3.76],
  tau_141 = [3.55],
  tau_142 = [4.16],
  tau_143 = [4.00],
  tau_144 = [3.62],
  tau_145 = [3.60],
  tau_151 = [3.75],
  tau_152 = [3.73],
  tau_153 = [3.43],
  tau_154 = [3.55],
  tau_155 = [3.91],
  tau_161 = [1.63],
  tau_162 = [1.72],
  tau_163 = [1.60],
  tau_164 = [1.84],
  tau_165 = [1.79],
  tau_171 = [2.12],
  tau_172 = [1.61],
  tau_173 = [1.89],
  tau_174 = [1.59],
  tau_175 = [1.73],
  tau_181 = [3.91],
  tau_182 = [3.41],
  tau_183 = [3.99],
  tau_184 = [2.77],
  tau_185 = [3.60],
  tau_191 = [3.98],
  tau_192 = [3.62],
  tau_193 = [3.83],
  tau_194 = [3.50],
  tau_195 = [4.05],
  tau_201 = [2.73],
  tau_202 = [2.61],
  tau_203 = [3.56],
  tau_204 = [3.19],
  tau_205 = [3.43],
  tau_211 = [3.11],
  tau_212 = [3.41],
  tau_213 = [3.45],
  tau_214 = [2.97],
  tau_215 = [3.62],
  tau_221 = [3.74],
  tau_222 = [4.25],
  tau_223 = [4.40],
  tau_224 = [3.36],
  tau_225 = [3.72],
  tau_231 = [4.17],
  tau_232 = [4.19],
  tau_233 = [3.97],
  tau_234 = [4.12],
  tau_235 = [3.47],
  tau_241 = [1.65],
  tau_242 = [2.02],
  tau_243 = [1.84],
  tau_244 = [1.67],
  tau_245 = [1.72],
  tau_251 = [1.51],
  tau_252 = [1.87],
  tau_253 = [1.51],
  tau_254 = [1.71],
  tau_255 = [1.68],
  tau_261 = [3.69],
  tau_262 = [3.68],
  tau_263 = [3.96],
  tau_264 = [3.87],
  tau_265 = [4.03],
  tau_271 = [2.21],
  tau_272 = [1.64],
  tau_273 = [1.68],
  tau_274 = [1.47],
  tau_275 = [1.99],
  tau_281 = [3.68],
  tau_282 = [3.85],
  tau_283 = [4.03],
  tau_284 = [4.26],
  tau_285 = [3.83],
  tau_291 = [1.80],
  tau_292 = [1.72],
  tau_293 = [1.62],
  tau_294 = [1.65],
  tau_295 = [1.63],
  tau_301 = [3.76],
  tau_302 = [3.92],
  tau_303 = [3.76],
  tau_304 = [3.77],
  tau_305 = [3.95],
  tau_311 = [4.10],
  tau_312 = [4.05],
  tau_313 = [4.09],
  tau_314 = [3.76],
  tau_315 = [3.55],
  tau_321 = [4.15],
  tau_322 = [3.87],
  tau_323 = [3.57],
  tau_324 = [3.96],
  tau_325 = [3.79],
  tau_331 = [4.40],
  tau_332 = [3.69],
  tau_333 = [3.26],
  tau_334 = [4.29],
  tau_335 = [3.41],
  tau_341 = [2.96],
  tau_342 = [2.84],
  tau_343 = [2.81],
  tau_344 = [2.72],
  tau_345 = [3.19],
  tau_351 = [3.03],
  tau_352 = [3.14],
  tau_353 = [2.72],
  tau_354 = [2.71],
  tau_355 = [3.23],
  tau_361 = [3.25],
  tau_362 = [3.02],
  tau_363 = [2.96],
  tau_364 = [3.03],
  tau_365 = [3.29],
  tau_371 = [3.26],
  tau_372 = [2.64],
  tau_373 = [2.70],
  tau_374 = [3.21],
  tau_375 = [3.10],
  tau_381 = [4.09],
  tau_382 = [3.62],
  tau_383 = [3.92],
  tau_384 = [3.27],
  tau_385 = [3.66],
  tau_391 = [3.02],
  tau_392 = [2.75],
  tau_393 = [3.44],
  tau_394 = [3.03],
  tau_395 = [2.73],
  tau_401 = [2.98],
  tau_402 = [2.98],
  tau_403 = [3.38],
  tau_404 = [3.25],
  tau_405 = [2.90],
]

Epsilon + ¦Ì_{jk} = [
  epsilon_plus_mu_11 = [8.93],
  epsilon_plus_mu_12 = [8.88],
  epsilon_plus_mu_13 = [8.17],
  epsilon_plus_mu_14 = [9.46],
  epsilon_plus_mu_15 = [7.35],
  epsilon_plus_mu_21 = [7.17],
  epsilon_plus_mu_22 = [7.63],
  epsilon_plus_mu_23 = [8.48],
  epsilon_plus_mu_24 = [8.48],
  epsilon_plus_mu_25 = [7.24],
  epsilon_plus_mu_31 = [6.89],
  epsilon_plus_mu_32 = [8.35],
  epsilon_plus_mu_33 = [8.08],
  epsilon_plus_mu_34 = [8.73],
  epsilon_plus_mu_35 = [8.61],
  epsilon_plus_mu_41 = [10.91],
  epsilon_plus_mu_42 = [10.96],
  epsilon_plus_mu_43 = [12.28],
  epsilon_plus_mu_44 = [14.83],
  epsilon_plus_mu_45 = [13.70],
  epsilon_plus_mu_51 = [10.04],
  epsilon_plus_mu_52 = [7.82],
  epsilon_plus_mu_53 = [8.59],
  epsilon_plus_mu_54 = [10.07],
  epsilon_plus_mu_55 = [7.52],
  epsilon_plus_mu_61 = [14.56],
  epsilon_plus_mu_62 = [15.76],
  epsilon_plus_mu_63 = [10.72],
  epsilon_plus_mu_64 = [13.28],
  epsilon_plus_mu_65 = [12.67],
  epsilon_plus_mu_71 = [7.86],
  epsilon_plus_mu_72 = [8.95],
  epsilon_plus_mu_73 = [8.19],
  epsilon_plus_mu_74 = [7.55],
  epsilon_plus_mu_75 = [8.52],
  epsilon_plus_mu_81 = [10.28],
  epsilon_plus_mu_82 = [13.65],
  epsilon_plus_mu_83 = [11.50],
  epsilon_plus_mu_84 = [11.14],
  epsilon_plus_mu_85 = [11.90],
  epsilon_plus_mu_91 = [7.77],
  epsilon_plus_mu_92 = [6.64],
  epsilon_plus_mu_93 = [7.86],
  epsilon_plus_mu_94 = [7.54],
  epsilon_plus_mu_95 = [6.78],
  epsilon_plus_mu_101 = [9.41],
  epsilon_plus_mu_102 = [9.51],
  epsilon_plus_mu_103 = [7.61],
  epsilon_plus_mu_104 = [10.01],
  epsilon_plus_mu_105 = [9.40],
  epsilon_plus_mu_111 = [13.91],
  epsilon_plus_mu_112 = [11.42],
  epsilon_plus_mu_113 = [12.63],
  epsilon_plus_mu_114 = [12.64],
  epsilon_plus_mu_115 = [12.14],
  epsilon_plus_mu_121 = [3.76],
  epsilon_plus_mu_122 = [4.87],
  epsilon_plus_mu_123 = [3.90],
  epsilon_plus_mu_124 = [4.00],
  epsilon_plus_mu_125 = [3.51],
  epsilon_plus_mu_131 = [9.41],
  epsilon_plus_mu_132 = [12.27],
  epsilon_plus_mu_133 = [11.17],
  epsilon_plus_mu_134 = [13.63],
  epsilon_plus_mu_135 = [11.72],
  epsilon_plus_mu_141 = [9.49],
  epsilon_plus_mu_142 = [8.96],
  epsilon_plus_mu_143 = [7.74],
  epsilon_plus_mu_144 = [10.32],
  epsilon_plus_mu_145 = [6.59],
  epsilon_plus_mu_151 = [4.24],
  epsilon_plus_mu_152 = [3.25],
  epsilon_plus_mu_153 = [3.50],
  epsilon_plus_mu_154 = [4.07],
  epsilon_plus_mu_155 = [3.97],
  epsilon_plus_mu_161 = [11.24],
  epsilon_plus_mu_162 = [12.03],
  epsilon_plus_mu_163 = [11.74],
  epsilon_plus_mu_164 = [16.06],
  epsilon_plus_mu_165 = [13.87],
  epsilon_plus_mu_171 = [3.41],
  epsilon_plus_mu_172 = [4.10],
  epsilon_plus_mu_173 = [3.21],
  epsilon_plus_mu_174 = [3.18],
  epsilon_plus_mu_175 = [3.83],
  epsilon_plus_mu_181 = [3.68],
  epsilon_plus_mu_182 = [3.76],
  epsilon_plus_mu_183 = [3.89],
  epsilon_plus_mu_184 = [5.02],
  epsilon_plus_mu_185 = [4.18],
  epsilon_plus_mu_191 = [12.73],
  epsilon_plus_mu_192 = [10.12],
  epsilon_plus_mu_193 = [15.48],
  epsilon_plus_mu_194 = [11.37],
  epsilon_plus_mu_195 = [13.13],
  epsilon_plus_mu_201 = [3.95],
  epsilon_plus_mu_202 = [4.08],
  epsilon_plus_mu_203 = [4.38],
  epsilon_plus_mu_204 = [3.94],
  epsilon_plus_mu_205 = [3.88],
  epsilon_plus_mu_211 = [14.87],
  epsilon_plus_mu_212 = [15.57],
  epsilon_plus_mu_213 = [12.33],
  epsilon_plus_mu_214 = [13.70],
  epsilon_plus_mu_215 = [12.24],
  epsilon_plus_mu_221 = [8.88],
  epsilon_plus_mu_222 = [8.83],
  epsilon_plus_mu_223 = [9.28],
  epsilon_plus_mu_224 = [8.08],
  epsilon_plus_mu_225 = [8.12],
  epsilon_plus_mu_231 = [10.23],
  epsilon_plus_mu_232 = [8.90],
  epsilon_plus_mu_233 = [7.98],
  epsilon_plus_mu_234 = [10.27],
  epsilon_plus_mu_235 = [8.49],
  epsilon_plus_mu_241 = [4.57],
  epsilon_plus_mu_242 = [3.64],
  epsilon_plus_mu_243 = [3.35],
  epsilon_plus_mu_244 = [4.35],
  epsilon_plus_mu_245 = [3.07],
  epsilon_plus_mu_251 = [9.21],
  epsilon_plus_mu_252 = [7.52],
  epsilon_plus_mu_253 = [8.51],
  epsilon_plus_mu_254 = [8.42],
  epsilon_plus_mu_255 = [6.57],
  epsilon_plus_mu_261 = [3.62],
  epsilon_plus_mu_262 = [3.62],
  epsilon_plus_mu_263 = [3.87],
  epsilon_plus_mu_264 = [4.03],
  epsilon_plus_mu_265 = [3.14],
  epsilon_plus_mu_271 = [4.46],
  epsilon_plus_mu_272 = [3.11],
  epsilon_plus_mu_273 = [3.98],
  epsilon_plus_mu_274 = [4.23],
  epsilon_plus_mu_275 = [4.00],
  epsilon_plus_mu_281 = [9.29],
  epsilon_plus_mu_282 = [7.63],
  epsilon_plus_mu_283 = [8.10],
  epsilon_plus_mu_284 = [7.85],
  epsilon_plus_mu_285 = [8.99],
  epsilon_plus_mu_291 = [3.15],
  epsilon_plus_mu_292 = [4.19],
  epsilon_plus_mu_293 = [3.91],
  epsilon_plus_mu_294 = [3.89],
  epsilon_plus_mu_295 = [3.86],
  epsilon_plus_mu_301 = [3.15],
  epsilon_plus_mu_302 = [3.58],
  epsilon_plus_mu_303 = [3.77],
  epsilon_plus_mu_304 = [3.56],
  epsilon_plus_mu_305 = [4.07],
  epsilon_plus_mu_311 = [7.87],
  epsilon_plus_mu_312 = [8.23],
  epsilon_plus_mu_313 = [7.51],
  epsilon_plus_mu_314 = [9.61],
  epsilon_plus_mu_315 = [9.32],
  epsilon_plus_mu_321 = [9.70],
  epsilon_plus_mu_322 = [8.53],
  epsilon_plus_mu_323 = [9.01],
  epsilon_plus_mu_324 = [7.83],
  epsilon_plus_mu_325 = [7.91],
  epsilon_plus_mu_331 = [7.54],
  epsilon_plus_mu_332 = [8.54],
  epsilon_plus_mu_333 = [7.86],
  epsilon_plus_mu_334 = [7.56],
  epsilon_plus_mu_335 = [7.50],
  epsilon_plus_mu_341 = [8.40],
  epsilon_plus_mu_342 = [9.79],
  epsilon_plus_mu_343 = [9.18],
  epsilon_plus_mu_344 = [8.58],
  epsilon_plus_mu_345 = [8.53],
  epsilon_plus_mu_351 = [11.97],
  epsilon_plus_mu_352 = [12.11],
  epsilon_plus_mu_353 = [11.57],
  epsilon_plus_mu_354 = [12.70],
  epsilon_plus_mu_355 = [13.38],
  epsilon_plus_mu_361 = [13.05],
  epsilon_plus_mu_362 = [12.99],
  epsilon_plus_mu_363 = [12.65],
  epsilon_plus_mu_364 = [13.64],
  epsilon_plus_mu_365 = [12.14],
  epsilon_plus_mu_371 = [8.85],
  epsilon_plus_mu_372 = [9.09],
  epsilon_plus_mu_373 = [7.40],
  epsilon_plus_mu_374 = [7.24],
  epsilon_plus_mu_375 = [9.72],
  epsilon_plus_mu_381 = [8.57],
  epsilon_plus_mu_382 = [7.91],
  epsilon_plus_mu_383 = [7.31],
  epsilon_plus_mu_384 = [7.14],
  epsilon_plus_mu_385 = [8.92],
  epsilon_plus_mu_391 = [4.26],
  epsilon_plus_mu_392 = [3.29],
  epsilon_plus_mu_393 = [3.04],
  epsilon_plus_mu_394 = [3.64],
  epsilon_plus_mu_395 = [4.20],
  epsilon_plus_mu_401 = [3.92],
  epsilon_plus_mu_402 = [3.72],
  epsilon_plus_mu_403 = [3.82],
  epsilon_plus_mu_404 = [3.90],
  epsilon_plus_mu_405 = [4.02],
]

Epsilon - ¦Ì_{jk} = [
  epsilon_minus_mu_11 = [-2.98],
  epsilon_minus_mu_12 = [-2.96],
  epsilon_minus_mu_13 = [-2.72],
  epsilon_minus_mu_14 = [-3.15],
  epsilon_minus_mu_15 = [-2.45],
  epsilon_minus_mu_21 = [-2.39],
  epsilon_minus_mu_22 = [-2.54],
  epsilon_minus_mu_23 = [-2.83],
  epsilon_minus_mu_24 = [-2.83],
  epsilon_minus_mu_25 = [-2.41],
  epsilon_minus_mu_31 = [-2.30],
  epsilon_minus_mu_32 = [-2.78],
  epsilon_minus_mu_33 = [-2.69],
  epsilon_minus_mu_34 = [-2.91],
  epsilon_minus_mu_35 = [-2.87],
  epsilon_minus_mu_41 = [-3.64],
  epsilon_minus_mu_42 = [-3.65],
  epsilon_minus_mu_43 = [-4.09],
  epsilon_minus_mu_44 = [-4.94],
  epsilon_minus_mu_45 = [-4.57],
  epsilon_minus_mu_51 = [-3.35],
  epsilon_minus_mu_52 = [-2.61],
  epsilon_minus_mu_53 = [-2.86],
  epsilon_minus_mu_54 = [-3.36],
  epsilon_minus_mu_55 = [-2.51],
  epsilon_minus_mu_61 = [-4.85],
  epsilon_minus_mu_62 = [-5.25],
  epsilon_minus_mu_63 = [-3.57],
  epsilon_minus_mu_64 = [-4.43],
  epsilon_minus_mu_65 = [-4.22],
  epsilon_minus_mu_71 = [-2.62],
  epsilon_minus_mu_72 = [-2.98],
  epsilon_minus_mu_73 = [-2.73],
  epsilon_minus_mu_74 = [-2.52],
  epsilon_minus_mu_75 = [-2.84],
  epsilon_minus_mu_81 = [-3.43],
  epsilon_minus_mu_82 = [-4.55],
  epsilon_minus_mu_83 = [-3.83],
  epsilon_minus_mu_84 = [-3.71],
  epsilon_minus_mu_85 = [-3.97],
  epsilon_minus_mu_91 = [-2.59],
  epsilon_minus_mu_92 = [-2.21],
  epsilon_minus_mu_93 = [-2.62],
  epsilon_minus_mu_94 = [-2.51],
  epsilon_minus_mu_95 = [-2.26],
  epsilon_minus_mu_101 = [-3.14],
  epsilon_minus_mu_102 = [-3.17],
  epsilon_minus_mu_103 = [-2.54],
  epsilon_minus_mu_104 = [-3.34],
  epsilon_minus_mu_105 = [-3.13],
  epsilon_minus_mu_111 = [-4.64],
  epsilon_minus_mu_112 = [-3.81],
  epsilon_minus_mu_113 = [-4.21],
  epsilon_minus_mu_114 = [-4.21],
  epsilon_minus_mu_115 = [-4.05],
  epsilon_minus_mu_121 = [-1.25],
  epsilon_minus_mu_122 = [-1.62],
  epsilon_minus_mu_123 = [-1.30],
  epsilon_minus_mu_124 = [-1.33],
  epsilon_minus_mu_125 = [-1.17],
  epsilon_minus_mu_131 = [-3.14],
  epsilon_minus_mu_132 = [-4.09],
  epsilon_minus_mu_133 = [-3.72],
  epsilon_minus_mu_134 = [-4.54],
  epsilon_minus_mu_135 = [-3.91],
  epsilon_minus_mu_141 = [-3.16],
  epsilon_minus_mu_142 = [-2.99],
  epsilon_minus_mu_143 = [-2.58],
  epsilon_minus_mu_144 = [-3.44],
  epsilon_minus_mu_145 = [-2.20],
  epsilon_minus_mu_151 = [-1.41],
  epsilon_minus_mu_152 = [-1.08],
  epsilon_minus_mu_153 = [-1.17],
  epsilon_minus_mu_154 = [-1.36],
  epsilon_minus_mu_155 = [-1.32],
  epsilon_minus_mu_161 = [-3.75],
  epsilon_minus_mu_162 = [-4.01],
  epsilon_minus_mu_163 = [-3.91],
  epsilon_minus_mu_164 = [-5.35],
  epsilon_minus_mu_165 = [-4.62],
  epsilon_minus_mu_171 = [-1.14],
  epsilon_minus_mu_172 = [-1.37],
  epsilon_minus_mu_173 = [-1.07],
  epsilon_minus_mu_174 = [-1.06],
  epsilon_minus_mu_175 = [-1.28],
  epsilon_minus_mu_181 = [-1.23],
  epsilon_minus_mu_182 = [-1.25],
  epsilon_minus_mu_183 = [-1.30],
  epsilon_minus_mu_184 = [-1.67],
  epsilon_minus_mu_185 = [-1.39],
  epsilon_minus_mu_191 = [-4.24],
  epsilon_minus_mu_192 = [-3.37],
  epsilon_minus_mu_193 = [-5.16],
  epsilon_minus_mu_194 = [-3.79],
  epsilon_minus_mu_195 = [-4.38],
  epsilon_minus_mu_201 = [-1.32],
  epsilon_minus_mu_202 = [-1.36],
  epsilon_minus_mu_203 = [-1.46],
  epsilon_minus_mu_204 = [-1.31],
  epsilon_minus_mu_205 = [-1.29],
  epsilon_minus_mu_211 = [-4.96],
  epsilon_minus_mu_212 = [-5.19],
  epsilon_minus_mu_213 = [-4.11],
  epsilon_minus_mu_214 = [-4.57],
  epsilon_minus_mu_215 = [-4.08],
  epsilon_minus_mu_221 = [-2.96],
  epsilon_minus_mu_222 = [-2.94],
  epsilon_minus_mu_223 = [-3.09],
  epsilon_minus_mu_224 = [-2.69],
  epsilon_minus_mu_225 = [-2.71],
  epsilon_minus_mu_231 = [-3.41],
  epsilon_minus_mu_232 = [-2.97],
  epsilon_minus_mu_233 = [-2.66],
  epsilon_minus_mu_234 = [-3.42],
  epsilon_minus_mu_235 = [-2.83],
  epsilon_minus_mu_241 = [-1.52],
  epsilon_minus_mu_242 = [-1.21],
  epsilon_minus_mu_243 = [-1.12],
  epsilon_minus_mu_244 = [-1.45],
  epsilon_minus_mu_245 = [-1.02],
  epsilon_minus_mu_251 = [-3.07],
  epsilon_minus_mu_252 = [-2.51],
  epsilon_minus_mu_253 = [-2.84],
  epsilon_minus_mu_254 = [-2.81],
  epsilon_minus_mu_255 = [-2.19],
  epsilon_minus_mu_261 = [-1.21],
  epsilon_minus_mu_262 = [-1.21],
  epsilon_minus_mu_263 = [-1.29],
  epsilon_minus_mu_264 = [-1.34],
  epsilon_minus_mu_265 = [-1.05],
  epsilon_minus_mu_271 = [-1.49],
  epsilon_minus_mu_272 = [-1.04],
  epsilon_minus_mu_273 = [-1.33],
  epsilon_minus_mu_274 = [-1.41],
  epsilon_minus_mu_275 = [-1.33],
  epsilon_minus_mu_281 = [-3.10],
  epsilon_minus_mu_282 = [-2.54],
  epsilon_minus_mu_283 = [-2.70],
  epsilon_minus_mu_284 = [-2.62],
  epsilon_minus_mu_285 = [-3.00],
  epsilon_minus_mu_291 = [-1.05],
  epsilon_minus_mu_292 = [-1.40],
  epsilon_minus_mu_293 = [-1.30],
  epsilon_minus_mu_294 = [-1.30],
  epsilon_minus_mu_295 = [-1.29],
  epsilon_minus_mu_301 = [-1.05],
  epsilon_minus_mu_302 = [-1.19],
  epsilon_minus_mu_303 = [-1.26],
  epsilon_minus_mu_304 = [-1.19],
  epsilon_minus_mu_305 = [-1.36],
  epsilon_minus_mu_311 = [-2.62],
  epsilon_minus_mu_312 = [-2.74],
  epsilon_minus_mu_313 = [-2.50],
  epsilon_minus_mu_314 = [-3.20],
  epsilon_minus_mu_315 = [-3.11],
  epsilon_minus_mu_321 = [-3.23],
  epsilon_minus_mu_322 = [-2.84],
  epsilon_minus_mu_323 = [-3.00],
  epsilon_minus_mu_324 = [-2.61],
  epsilon_minus_mu_325 = [-2.64],
  epsilon_minus_mu_331 = [-2.51],
  epsilon_minus_mu_332 = [-2.85],
  epsilon_minus_mu_333 = [-2.62],
  epsilon_minus_mu_334 = [-2.52],
  epsilon_minus_mu_335 = [-2.50],
  epsilon_minus_mu_341 = [-2.80],
  epsilon_minus_mu_342 = [-3.26],
  epsilon_minus_mu_343 = [-3.06],
  epsilon_minus_mu_344 = [-2.86],
  epsilon_minus_mu_345 = [-2.84],
  epsilon_minus_mu_351 = [-3.99],
  epsilon_minus_mu_352 = [-4.04],
  epsilon_minus_mu_353 = [-3.86],
  epsilon_minus_mu_354 = [-4.23],
  epsilon_minus_mu_355 = [-4.46],
  epsilon_minus_mu_361 = [-4.35],
  epsilon_minus_mu_362 = [-4.33],
  epsilon_minus_mu_363 = [-4.22],
  epsilon_minus_mu_364 = [-4.55],
  epsilon_minus_mu_365 = [-4.05],
  epsilon_minus_mu_371 = [-2.95],
  epsilon_minus_mu_372 = [-3.03],
  epsilon_minus_mu_373 = [-2.47],
  epsilon_minus_mu_374 = [-2.41],
  epsilon_minus_mu_375 = [-3.24],
  epsilon_minus_mu_381 = [-2.86],
  epsilon_minus_mu_382 = [-2.64],
  epsilon_minus_mu_383 = [-2.44],
  epsilon_minus_mu_384 = [-2.38],
  epsilon_minus_mu_385 = [-2.97],
  epsilon_minus_mu_391 = [-1.42],
  epsilon_minus_mu_392 = [-1.10],
  epsilon_minus_mu_393 = [-1.01],
  epsilon_minus_mu_394 = [-1.21],
  epsilon_minus_mu_395 = [-1.40],
  epsilon_minus_mu_401 = [-1.31],
  epsilon_minus_mu_402 = [-1.24],
  epsilon_minus_mu_403 = [-1.27],
  epsilon_minus_mu_404 = [-1.30],
  epsilon_minus_mu_405 = [-1.34],
]

Sigma + ¦Ó_{jk} = [
  sigma_plus_tau_11 = [2.86],
  sigma_plus_tau_12 = [2.55],
  sigma_plus_tau_13 = [2.63],
  sigma_plus_tau_14 = [2.57],
  sigma_plus_tau_15 = [2.32],
  sigma_plus_tau_21 = [2.75],
  sigma_plus_tau_22 = [2.98],
  sigma_plus_tau_23 = [2.77],
  sigma_plus_tau_24 = [3.03],
  sigma_plus_tau_25 = [2.71],
  sigma_plus_tau_31 = [2.81],
  sigma_plus_tau_32 = [2.65],
  sigma_plus_tau_33 = [2.49],
  sigma_plus_tau_34 = [2.70],
  sigma_plus_tau_35 = [2.55],
  sigma_plus_tau_41 = [5.86],
  sigma_plus_tau_42 = [5.35],
  sigma_plus_tau_43 = [5.03],
  sigma_plus_tau_44 = [5.05],
  sigma_plus_tau_45 = [5.29],
  sigma_plus_tau_51 = [4.70],
  sigma_plus_tau_52 = [4.57],
  sigma_plus_tau_53 = [4.11],
  sigma_plus_tau_54 = [4.03],
  sigma_plus_tau_55 = [4.16],
  sigma_plus_tau_61 = [2.83],
  sigma_plus_tau_62 = [3.18],
  sigma_plus_tau_63 = [2.60],
  sigma_plus_tau_64 = [2.61],
  sigma_plus_tau_65 = [2.90],
  sigma_plus_tau_71 = [4.47],
  sigma_plus_tau_72 = [4.18],
  sigma_plus_tau_73 = [4.98],
  sigma_plus_tau_74 = [5.04],
  sigma_plus_tau_75 = [4.61],
  sigma_plus_tau_81 = [2.59],
  sigma_plus_tau_82 = [2.56],
  sigma_plus_tau_83 = [2.42],
  sigma_plus_tau_84 = [2.38],
  sigma_plus_tau_85 = [2.79],
  sigma_plus_tau_91 = [4.35],
  sigma_plus_tau_92 = [5.73],
  sigma_plus_tau_93 = [5.92],
  sigma_plus_tau_94 = [5.48],
  sigma_plus_tau_95 = [5.24],
  sigma_plus_tau_101 = [2.15],
  sigma_plus_tau_102 = [2.80],
  sigma_plus_tau_103 = [2.87],
  sigma_plus_tau_104 = [2.55],
  sigma_plus_tau_105 = [2.87],
  sigma_plus_tau_111 = [6.07],
  sigma_plus_tau_112 = [5.82],
  sigma_plus_tau_113 = [5.83],
  sigma_plus_tau_114 = [6.44],
  sigma_plus_tau_115 = [6.60],
  sigma_plus_tau_121 = [4.76],
  sigma_plus_tau_122 = [4.68],
  sigma_plus_tau_123 = [4.68],
  sigma_plus_tau_124 = [3.89],
  sigma_plus_tau_125 = [5.08],
  sigma_plus_tau_131 = [5.66],
  sigma_plus_tau_132 = [5.33],
  sigma_plus_tau_133 = [6.48],
  sigma_plus_tau_134 = [5.48],
  sigma_plus_tau_135 = [5.63],
  sigma_plus_tau_141 = [5.32],
  sigma_plus_tau_142 = [6.24],
  sigma_plus_tau_143 = [6.00],
  sigma_plus_tau_144 = [5.43],
  sigma_plus_tau_145 = [5.40],
  sigma_plus_tau_151 = [5.62],
  sigma_plus_tau_152 = [5.60],
  sigma_plus_tau_153 = [5.14],
  sigma_plus_tau_154 = [5.33],
  sigma_plus_tau_155 = [5.87],
  sigma_plus_tau_161 = [2.44],
  sigma_plus_tau_162 = [2.58],
  sigma_plus_tau_163 = [2.40],
  sigma_plus_tau_164 = [2.75],
  sigma_plus_tau_165 = [2.68],
  sigma_plus_tau_171 = [3.18],
  sigma_plus_tau_172 = [2.42],
  sigma_plus_tau_173 = [2.84],
  sigma_plus_tau_174 = [2.39],
  sigma_plus_tau_175 = [2.59],
  sigma_plus_tau_181 = [5.87],
  sigma_plus_tau_182 = [5.12],
  sigma_plus_tau_183 = [5.98],
  sigma_plus_tau_184 = [4.16],
  sigma_plus_tau_185 = [5.40],
  sigma_plus_tau_191 = [5.97],
  sigma_plus_tau_192 = [5.44],
  sigma_plus_tau_193 = [5.75],
  sigma_plus_tau_194 = [5.25],
  sigma_plus_tau_195 = [6.07],
  sigma_plus_tau_201 = [4.09],
  sigma_plus_tau_202 = [3.92],
  sigma_plus_tau_203 = [5.35],
  sigma_plus_tau_204 = [4.78],
  sigma_plus_tau_205 = [5.14],
  sigma_plus_tau_211 = [4.66],
  sigma_plus_tau_212 = [5.12],
  sigma_plus_tau_213 = [5.17],
  sigma_plus_tau_214 = [4.45],
  sigma_plus_tau_215 = [5.43],
  sigma_plus_tau_221 = [5.62],
  sigma_plus_tau_222 = [6.38],
  sigma_plus_tau_223 = [6.59],
  sigma_plus_tau_224 = [5.04],
  sigma_plus_tau_225 = [5.59],
  sigma_plus_tau_231 = [6.25],
  sigma_plus_tau_232 = [6.28],
  sigma_plus_tau_233 = [5.96],
  sigma_plus_tau_234 = [6.18],
  sigma_plus_tau_235 = [5.20],
  sigma_plus_tau_241 = [2.48],
  sigma_plus_tau_242 = [3.03],
  sigma_plus_tau_243 = [2.76],
  sigma_plus_tau_244 = [2.51],
  sigma_plus_tau_245 = [2.57],
  sigma_plus_tau_251 = [2.27],
  sigma_plus_tau_252 = [2.81],
  sigma_plus_tau_253 = [2.26],
  sigma_plus_tau_254 = [2.56],
  sigma_plus_tau_255 = [2.52],
  sigma_plus_tau_261 = [5.54],
  sigma_plus_tau_262 = [5.52],
  sigma_plus_tau_263 = [5.94],
  sigma_plus_tau_264 = [5.81],
  sigma_plus_tau_265 = [6.04],
  sigma_plus_tau_271 = [3.31],
  sigma_plus_tau_272 = [2.46],
  sigma_plus_tau_273 = [2.52],
  sigma_plus_tau_274 = [2.21],
  sigma_plus_tau_275 = [2.98],
  sigma_plus_tau_281 = [5.52],
  sigma_plus_tau_282 = [5.78],
  sigma_plus_tau_283 = [6.04],
  sigma_plus_tau_284 = [6.40],
  sigma_plus_tau_285 = [5.74],
  sigma_plus_tau_291 = [2.71],
  sigma_plus_tau_292 = [2.58],
  sigma_plus_tau_293 = [2.43],
  sigma_plus_tau_294 = [2.47],
  sigma_plus_tau_295 = [2.45],
  sigma_plus_tau_301 = [5.64],
  sigma_plus_tau_302 = [5.88],
  sigma_plus_tau_303 = [5.63],
  sigma_plus_tau_304 = [5.65],
  sigma_plus_tau_305 = [5.92],
  sigma_plus_tau_311 = [6.15],
  sigma_plus_tau_312 = [6.07],
  sigma_plus_tau_313 = [6.14],
  sigma_plus_tau_314 = [5.64],
  sigma_plus_tau_315 = [5.33],
  sigma_plus_tau_321 = [6.22],
  sigma_plus_tau_322 = [5.80],
  sigma_plus_tau_323 = [5.36],
  sigma_plus_tau_324 = [5.94],
  sigma_plus_tau_325 = [5.68],
  sigma_plus_tau_331 = [6.60],
  sigma_plus_tau_332 = [5.54],
  sigma_plus_tau_333 = [4.89],
  sigma_plus_tau_334 = [6.44],
  sigma_plus_tau_335 = [5.12],
  sigma_plus_tau_341 = [4.45],
  sigma_plus_tau_342 = [4.27],
  sigma_plus_tau_343 = [4.21],
  sigma_plus_tau_344 = [4.09],
  sigma_plus_tau_345 = [4.78],
  sigma_plus_tau_351 = [4.55],
  sigma_plus_tau_352 = [4.71],
  sigma_plus_tau_353 = [4.08],
  sigma_plus_tau_354 = [4.07],
  sigma_plus_tau_355 = [4.85],
  sigma_plus_tau_361 = [4.87],
  sigma_plus_tau_362 = [4.53],
  sigma_plus_tau_363 = [4.44],
  sigma_plus_tau_364 = [4.55],
  sigma_plus_tau_365 = [4.94],
  sigma_plus_tau_371 = [4.89],
  sigma_plus_tau_372 = [3.96],
  sigma_plus_tau_373 = [4.05],
  sigma_plus_tau_374 = [4.82],
  sigma_plus_tau_375 = [4.65],
  sigma_plus_tau_381 = [6.14],
  sigma_plus_tau_382 = [5.43],
  sigma_plus_tau_383 = [5.88],
  sigma_plus_tau_384 = [4.91],
  sigma_plus_tau_385 = [5.50],
  sigma_plus_tau_391 = [4.53],
  sigma_plus_tau_392 = [4.13],
  sigma_plus_tau_393 = [5.17],
  sigma_plus_tau_394 = [4.55],
  sigma_plus_tau_395 = [4.09],
  sigma_plus_tau_401 = [4.47],
  sigma_plus_tau_402 = [4.46],
  sigma_plus_tau_403 = [5.07],
  sigma_plus_tau_404 = [4.87],
  sigma_plus_tau_405 = [4.34],
]

Sigma - ¦Ó_{jk} = [
  sigma_minus_tau_11 = [-0.95],
  sigma_minus_tau_12 = [-0.85],
  sigma_minus_tau_13 = [-0.88],
  sigma_minus_tau_14 = [-0.86],
  sigma_minus_tau_15 = [-0.77],
  sigma_minus_tau_21 = [-0.92],
  sigma_minus_tau_22 = [-0.99],
  sigma_minus_tau_23 = [-0.92],
  sigma_minus_tau_24 = [-1.01],
  sigma_minus_tau_25 = [-0.90],
  sigma_minus_tau_31 = [-0.94],
  sigma_minus_tau_32 = [-0.88],
  sigma_minus_tau_33 = [-0.83],
  sigma_minus_tau_34 = [-0.90],
  sigma_minus_tau_35 = [-0.85],
  sigma_minus_tau_41 = [-1.95],
  sigma_minus_tau_42 = [-1.78],
  sigma_minus_tau_43 = [-1.68],
  sigma_minus_tau_44 = [-1.68],
  sigma_minus_tau_45 = [-1.76],
  sigma_minus_tau_51 = [-1.57],
  sigma_minus_tau_52 = [-1.52],
  sigma_minus_tau_53 = [-1.37],
  sigma_minus_tau_54 = [-1.34],
  sigma_minus_tau_55 = [-1.39],
  sigma_minus_tau_61 = [-0.94],
  sigma_minus_tau_62 = [-1.06],
  sigma_minus_tau_63 = [-0.87],
  sigma_minus_tau_64 = [-0.87],
  sigma_minus_tau_65 = [-0.97],
  sigma_minus_tau_71 = [-1.49],
  sigma_minus_tau_72 = [-1.39],
  sigma_minus_tau_73 = [-1.66],
  sigma_minus_tau_74 = [-1.68],
  sigma_minus_tau_75 = [-1.54],
  sigma_minus_tau_81 = [-0.86],
  sigma_minus_tau_82 = [-0.85],
  sigma_minus_tau_83 = [-0.81],
  sigma_minus_tau_84 = [-0.79],
  sigma_minus_tau_85 = [-0.93],
  sigma_minus_tau_91 = [-1.45],
  sigma_minus_tau_92 = [-1.91],
  sigma_minus_tau_93 = [-1.97],
  sigma_minus_tau_94 = [-1.83],
  sigma_minus_tau_95 = [-1.75],
  sigma_minus_tau_101 = [-0.72],
  sigma_minus_tau_102 = [-0.93],
  sigma_minus_tau_103 = [-0.96],
  sigma_minus_tau_104 = [-0.85],
  sigma_minus_tau_105 = [-0.96],
  sigma_minus_tau_111 = [-2.02],
  sigma_minus_tau_112 = [-1.94],
  sigma_minus_tau_113 = [-1.94],
  sigma_minus_tau_114 = [-2.15],
  sigma_minus_tau_115 = [-2.20],
  sigma_minus_tau_121 = [-1.59],
  sigma_minus_tau_122 = [-1.56],
  sigma_minus_tau_123 = [-1.56],
  sigma_minus_tau_124 = [-1.30],
  sigma_minus_tau_125 = [-1.69],
  sigma_minus_tau_131 = [-1.89],
  sigma_minus_tau_132 = [-1.78],
  sigma_minus_tau_133 = [-2.16],
  sigma_minus_tau_134 = [-1.83],
  sigma_minus_tau_135 = [-1.88],
  sigma_minus_tau_141 = [-1.77],
  sigma_minus_tau_142 = [-2.08],
  sigma_minus_tau_143 = [-2.00],
  sigma_minus_tau_144 = [-1.81],
  sigma_minus_tau_145 = [-1.80],
  sigma_minus_tau_151 = [-1.87],
  sigma_minus_tau_152 = [-1.87],
  sigma_minus_tau_153 = [-1.71],
  sigma_minus_tau_154 = [-1.78],
  sigma_minus_tau_155 = [-1.96],
  sigma_minus_tau_161 = [-0.81],
  sigma_minus_tau_162 = [-0.86],
  sigma_minus_tau_163 = [-0.80],
  sigma_minus_tau_164 = [-0.92],
  sigma_minus_tau_165 = [-0.89],
  sigma_minus_tau_171 = [-1.06],
  sigma_minus_tau_172 = [-0.81],
  sigma_minus_tau_173 = [-0.95],
  sigma_minus_tau_174 = [-0.80],
  sigma_minus_tau_175 = [-0.86],
  sigma_minus_tau_181 = [-1.96],
  sigma_minus_tau_182 = [-1.71],
  sigma_minus_tau_183 = [-1.99],
  sigma_minus_tau_184 = [-1.39],
  sigma_minus_tau_185 = [-1.80],
  sigma_minus_tau_191 = [-1.99],
  sigma_minus_tau_192 = [-1.81],
  sigma_minus_tau_193 = [-1.92],
  sigma_minus_tau_194 = [-1.75],
  sigma_minus_tau_195 = [-2.02],
  sigma_minus_tau_201 = [-1.36],
  sigma_minus_tau_202 = [-1.31],
  sigma_minus_tau_203 = [-1.78],
  sigma_minus_tau_204 = [-1.59],
  sigma_minus_tau_205 = [-1.71],
  sigma_minus_tau_211 = [-1.55],
  sigma_minus_tau_212 = [-1.71],
  sigma_minus_tau_213 = [-1.72],
  sigma_minus_tau_214 = [-1.48],
  sigma_minus_tau_215 = [-1.81],
  sigma_minus_tau_221 = [-1.87],
  sigma_minus_tau_222 = [-2.13],
  sigma_minus_tau_223 = [-2.20],
  sigma_minus_tau_224 = [-1.68],
  sigma_minus_tau_225 = [-1.86],
  sigma_minus_tau_231 = [-2.08],
  sigma_minus_tau_232 = [-2.09],
  sigma_minus_tau_233 = [-1.99],
  sigma_minus_tau_234 = [-2.06],
  sigma_minus_tau_235 = [-1.73],
  sigma_minus_tau_241 = [-0.83],
  sigma_minus_tau_242 = [-1.01],
  sigma_minus_tau_243 = [-0.92],
  sigma_minus_tau_244 = [-0.84],
  sigma_minus_tau_245 = [-0.86],
  sigma_minus_tau_251 = [-0.76],
  sigma_minus_tau_252 = [-0.94],
  sigma_minus_tau_253 = [-0.75],
  sigma_minus_tau_254 = [-0.85],
  sigma_minus_tau_255 = [-0.84],
  sigma_minus_tau_261 = [-1.85],
  sigma_minus_tau_262 = [-1.84],
  sigma_minus_tau_263 = [-1.98],
  sigma_minus_tau_264 = [-1.94],
  sigma_minus_tau_265 = [-2.01],
  sigma_minus_tau_271 = [-1.10],
  sigma_minus_tau_272 = [-0.82],
  sigma_minus_tau_273 = [-0.84],
  sigma_minus_tau_274 = [-0.74],
  sigma_minus_tau_275 = [-0.99],
  sigma_minus_tau_281 = [-1.84],
  sigma_minus_tau_282 = [-1.93],
  sigma_minus_tau_283 = [-2.01],
  sigma_minus_tau_284 = [-2.13],
  sigma_minus_tau_285 = [-1.91],
  sigma_minus_tau_291 = [-0.90],
  sigma_minus_tau_292 = [-0.86],
  sigma_minus_tau_293 = [-0.81],
  sigma_minus_tau_294 = [-0.82],
  sigma_minus_tau_295 = [-0.82],
  sigma_minus_tau_301 = [-1.88],
  sigma_minus_tau_302 = [-1.96],
  sigma_minus_tau_303 = [-1.88],
  sigma_minus_tau_304 = [-1.88],
  sigma_minus_tau_305 = [-1.97],
  sigma_minus_tau_311 = [-2.05],
  sigma_minus_tau_312 = [-2.02],
  sigma_minus_tau_313 = [-2.05],
  sigma_minus_tau_314 = [-1.88],
  sigma_minus_tau_315 = [-1.78],
  sigma_minus_tau_321 = [-2.07],
  sigma_minus_tau_322 = [-1.93],
  sigma_minus_tau_323 = [-1.79],
  sigma_minus_tau_324 = [-1.98],
  sigma_minus_tau_325 = [-1.89],
  sigma_minus_tau_331 = [-2.20],
  sigma_minus_tau_332 = [-1.85],
  sigma_minus_tau_333 = [-1.63],
  sigma_minus_tau_334 = [-2.15],
  sigma_minus_tau_335 = [-1.71],
  sigma_minus_tau_341 = [-1.48],
  sigma_minus_tau_342 = [-1.42],
  sigma_minus_tau_343 = [-1.40],
  sigma_minus_tau_344 = [-1.36],
  sigma_minus_tau_345 = [-1.59],
  sigma_minus_tau_351 = [-1.52],
  sigma_minus_tau_352 = [-1.57],
  sigma_minus_tau_353 = [-1.36],
  sigma_minus_tau_354 = [-1.36],
  sigma_minus_tau_355 = [-1.62],
  sigma_minus_tau_361 = [-1.62],
  sigma_minus_tau_362 = [-1.51],
  sigma_minus_tau_363 = [-1.48],
  sigma_minus_tau_364 = [-1.52],
  sigma_minus_tau_365 = [-1.65],
  sigma_minus_tau_371 = [-1.63],
  sigma_minus_tau_372 = [-1.32],
  sigma_minus_tau_373 = [-1.35],
  sigma_minus_tau_374 = [-1.61],
  sigma_minus_tau_375 = [-1.55],
  sigma_minus_tau_381 = [-2.05],
  sigma_minus_tau_382 = [-1.81],
  sigma_minus_tau_383 = [-1.96],
  sigma_minus_tau_384 = [-1.64],
  sigma_minus_tau_385 = [-1.83],
  sigma_minus_tau_391 = [-1.51],
  sigma_minus_tau_392 = [-1.38],
  sigma_minus_tau_393 = [-1.72],
  sigma_minus_tau_394 = [-1.52],
  sigma_minus_tau_395 = [-1.36],
  sigma_minus_tau_401 = [-1.49],
  sigma_minus_tau_402 = [-1.49],
  sigma_minus_tau_403 = [-1.69],
  sigma_minus_tau_404 = [-1.62],
  sigma_minus_tau_405 = [-1.45],
]

Probabilities (p_s) = [
0.05, 0.05, 0.05, 0.05, 0.05, 0.05, 0.05, 0.05, 0.05, 0.05, 0.05, 0.05, 0.05, 0.05, 0.05, 0.05, 0.05, 0.05, 0.05, 0.05
]

c_bar = 5.39
